,COUNTY,VAP,NAME,WVAP,SEN16PD_CV,SEN16PD_DE,OVAP,TOT_VOTES,factor,WVAP_pct,OVAP_pct,SEN16PDNone,SEN16PD_CV_pct,SEN16PD_DE_pct,SEN16PDNone_pct
282,Harford,3035,Harford Precinct 03-023,2597,228,79,438,3035,1,0.8556836902800659,0.1443163097199341,2728,0.07512355848434926,0.026029654036243823,0.8988467874794069
283,Harford,3016,Harford Precinct 03-022,2720,146,62,296,3016,1,0.9018567639257294,0.09814323607427056,2808,0.04840848806366048,0.020557029177718834,0.9310344827586207
284,Harford,3085,Harford Precinct 04-001,2968,104,20,117,3085,1,0.9620745542949757,0.03792544570502431,2961,0.033711507293354946,0.006482982171799027,0.959805510534846
285,Harford,2129,Harford Precinct 04-006,2056,112,22,73,2129,1,0.9657116016909347,0.03428839830906529,1995,0.05260685767966181,0.010333489901362142,0.937059652418976
286,Harford,2731,Harford Precinct 04-003,2662,155,55,69,2731,1,0.9747345294763823,0.025265470523617724,2521,0.0567557671182717,0.020139143170999633,0.9231050897107287
287,Harford,2632,Harford Precinct 04-004,2493,130,50,139,2632,1,0.9471884498480243,0.05281155015197568,2452,0.04939209726443769,0.018996960486322188,0.9316109422492401
288,Harford,4062,Harford Precinct 03-005,3803,181,63,259,4062,1,0.9362383062530774,0.0637616937469227,3818,0.04455933037912359,0.0155096011816839,0.9399310684391925
289,Harford,2376,Harford Precinct 05-002,2261,116,39,115,2376,1,0.9515993265993266,0.0484006734006734,2221,0.04882154882154882,0.016414141414141416,0.9347643097643098
290,Harford,1712,Harford Precinct 03-004,1595,97,35,117,1712,1,0.9316588785046729,0.0683411214953271,1580,0.0566588785046729,0.02044392523364486,0.9228971962616822
291,Harford,2679,Harford Precinct 05-003,2566,152,44,113,2679,1,0.9578200821201941,0.0421799178798059,2483,0.05673758865248227,0.016424038820455393,0.9268383725270624
292,Harford,1922,Harford Precinct 01-003,1115,94,86,807,1922,1,0.5801248699271592,0.4198751300728408,1742,0.04890738813735692,0.044745057232049947,0.9063475546305931
293,Harford,2731,Harford Precinct 01-005,1671,123,143,1060,2731,1,0.6118637861589161,0.3881362138410839,2465,0.04503844745514463,0.05236177224459905,0.9025997803002563
294,Harford,3854,Harford Precinct 01-010,2529,205,234,1325,3854,1,0.656201349247535,0.34379865075246496,3415,0.05319148936170213,0.06071613907628438,0.8860923715620135
295,Harford,3035,Harford Precinct 01-019,1562,133,251,1473,3035,1,0.514662273476112,0.48533772652388796,2651,0.043822075782537065,0.08270181219110379,0.8734761120263591
296,Harford,1603,Harford Precinct 02-019,986,10,23,617,1603,1,0.6150966936993137,0.3849033063006862,1570,0.006238303181534623,0.014348097317529632,0.9794135995009358
297,Harford,2076,Harford Precinct 01-018,1562,120,106,514,2076,1,0.7524084778420038,0.24759152215799615,1850,0.057803468208092484,0.051059730250481696,0.8911368015414258
298,Harford,1794,Harford Precinct 01-017,1518,30,17,276,1794,1,0.8461538461538461,0.15384615384615385,1747,0.016722408026755852,0.00947603121516165,0.9738015607580826
299,Harford,3477,Harford Precinct 01-016,2382,187,209,1095,3477,1,0.6850733390854185,0.31492666091458155,3081,0.05378199597354041,0.060109289617486336,0.8861087144089732
300,Harford,3030,Harford Precinct 01-020,1753,168,254,1277,3030,1,0.5785478547854785,0.42145214521452146,2608,0.055445544554455446,0.08382838283828382,0.8607260726072608
301,Harford,2453,Harford Precinct 03-020,2282,152,51,171,2453,1,0.9302894415002039,0.06971055849979617,2250,0.06196494088870771,0.02079086832450061,0.9172441907867916
302,Harford,2703,Harford Precinct 03-002,2479,184,56,224,2703,1,0.9171291157972623,0.0828708842027377,2463,0.0680725120236774,0.020717721050684423,0.9112097669256382
303,Harford,1877,Harford Precinct 02-003,1397,106,80,480,1877,1,0.7442727757059137,0.2557272242940863,1691,0.05647309536494406,0.042621204049014386,0.9009057005860416
304,Harford,327,Harford Precinct 02-001,263,24,37,64,327,1,0.8042813455657493,0.19571865443425077,266,0.07339449541284404,0.11314984709480122,0.8134556574923547
305,Harford,2551,Harford Precinct 02-015,1517,143,175,1034,2551,1,0.5946687573500588,0.4053312426499412,2233,0.05605644845158761,0.06860054880439044,0.875343002744022
306,Harford,3443,Harford Precinct 02-010,1918,156,207,1525,3443,1,0.5570723206505954,0.4429276793494046,3080,0.04530932326459483,0.060121986639558526,0.8945686900958466
307,Harford,2679,Harford Precinct 02-014,1630,84,140,1049,2679,1,0.6084359835759612,0.3915640164240388,2455,0.03135498320268757,0.052258305337812616,0.9163867114594998
308,Harford,2411,Harford Precinct 02-011,1702,146,140,709,2411,1,0.705931148900871,0.294068851099129,2125,0.06055578598092078,0.05806719203649938,0.8813770219825798
309,Harford,264,Harford Precinct 02-004,242,12,10,22,264,1,0.9166666666666666,0.08333333333333333,242,0.045454545454545456,0.03787878787878788,0.9166666666666666
310,Harford,3615,Harford Precinct 02-002,3332,266,80,283,3615,1,0.9217150760719225,0.07828492392807745,3269,0.073582295988935,0.022130013831258646,0.9042876901798064
312,Harford,295,Harford Precinct 02-005,242,4,2,53,295,1,0.8203389830508474,0.17966101694915254,289,0.013559322033898305,0.006779661016949152,0.9796610169491525
313,Harford,137,Harford Precinct 06-005,57,12,29,80,137,1,0.41605839416058393,0.583941605839416,96,0.08759124087591241,0.2116788321167883,0.7007299270072993
314,Harford,794,Harford Precinct 06-007,641,22,3,153,794,1,0.8073047858942065,0.19269521410579346,769,0.027707808564231738,0.003778337531486146,0.9685138539042821
315,Harford,3367,Harford Precinct 06-006,2576,267,153,791,3367,1,0.7650727650727651,0.23492723492723494,2947,0.0792990792990793,0.04544104544104544,0.8752598752598753
316,Harford,2179,Harford Precinct 06-003,1655,184,90,524,2179,1,0.7595227168425883,0.24047728315741165,1905,0.08444240477283158,0.04130335016062414,0.8742542450665443
317,Harford,2603,Harford Precinct 06-001,1942,128,132,661,2603,1,0.746062235881675,0.253937764118325,2343,0.04917402996542451,0.050710718401844025,0.9001152516327314
318,Harford,340,Harford Precinct 06-004,310,23,3,30,340,1,0.9117647058823529,0.08823529411764706,314,0.06764705882352941,0.008823529411764706,0.9235294117647059
319,Harford,1986,Harford Precinct 06-002,1564,166,121,422,1986,1,0.7875125881168177,0.21248741188318226,1699,0.08358509566968782,0.06092648539778449,0.8554884189325277
320,Harford,1712,Harford Precinct 05-004,1537,99,42,175,1712,1,0.8977803738317757,0.1022196261682243,1571,0.05782710280373832,0.02453271028037383,0.9176401869158879
321,Harford,2884,Harford Precinct 05-001,2747,155,46,137,2884,1,0.95249653259362,0.04750346740638003,2683,0.053744798890429955,0.0159500693481276,0.9303051317614425
441,Harford,2560,Harford Precinct 04-002,2438,173,43,122,2560,1,0.95234375,0.04765625,2344,0.067578125,0.016796875,0.915625
443,Harford,2984,Harford Precinct 03-006,2861,238,48,123,2984,1,0.9587801608579088,0.04121983914209115,2698,0.07975871313672922,0.0160857908847185,0.9041554959785523
444,Harford,3240,Harford Precinct 04-005,3026,164,47,214,3240,1,0.9339506172839506,0.06604938271604938,3029,0.050617283950617285,0.014506172839506172,0.9348765432098766
451,Harford,2747,Harford Precinct 01-045,2393,191,75,354,2747,1,0.8711321441572625,0.12886785584273752,2481,0.06953039679650527,0.02730251183108846,0.9031670913724062
1738,Harford,2157,Harford Precinct 01-002,1667,147,109,490,2157,1,0.7728326379230412,0.22716736207695873,1901,0.06815020862308763,0.050533147890588784,0.8813166434863235
1739,Harford,2040,Harford Precinct 01-041,1629,154,97,411,2040,1,0.7985294117647059,0.20147058823529412,1789,0.07549019607843137,0.047549019607843135,0.8769607843137255
1740,Harford,3676,Harford Precinct 01-001,1714,135,244,1962,3676,1,0.4662676822633297,0.5337323177366703,3297,0.036724700761697496,0.06637649619151251,0.89689880304679
1741,Harford,3478,Harford Precinct 01-004,2572,205,146,906,3478,1,0.7395054629097182,0.26049453709028175,3127,0.0589419206440483,0.041978148361127086,0.8990799309948246
1742,Harford,3873,Harford Precinct 01-006,1543,103,174,2330,3873,1,0.3983991737671056,0.6016008262328943,3596,0.02659437128840692,0.044926413632842756,0.9284792150787503
1743,Harford,2164,Harford Precinct 03-007,1998,152,50,166,2164,1,0.9232902033271719,0.0767097966728281,1962,0.07024029574861368,0.02310536044362292,0.9066543438077634
1744,Harford,2054,Harford Precinct 03-014,1919,118,34,135,2054,1,0.9342745861733204,0.06572541382667965,1902,0.05744888023369036,0.016553067185978577,0.9259980525803311
1745,Harford,3462,Harford Precinct 03-003,3325,255,41,137,3462,1,0.9604274985557482,0.039572501444251874,3166,0.07365684575389948,0.011842865395725015,0.9145002888503755
1746,Harford,2794,Harford Precinct 03-008,2645,201,55,149,2794,1,0.9466714387974231,0.05332856120257695,2538,0.07193987115246958,0.01968503937007874,0.9083750894774517
1747,Harford,3241,Harford Precinct 03-009,2986,251,65,255,3241,1,0.9213205800678803,0.07867941993211972,2925,0.07744523295279235,0.02005553841406973,0.9024992286331379
1748,Harford,3003,Harford Precinct 03-013,2807,218,55,196,3003,1,0.9347319347319347,0.06526806526806526,2730,0.07259407259407259,0.018315018315018316,0.9090909090909091
1749,Harford,3352,Harford Precinct 03-010,2942,216,66,410,3352,1,0.8776849642004774,0.12231503579952267,3070,0.06443914081145585,0.019689737470167064,0.915871121718377
1750,Harford,2607,Harford Precinct 03-024,2426,122,36,181,2607,1,0.9305715381664749,0.06942846183352512,2449,0.04679708477176832,0.01380897583429229,0.9393939393939394
1751,Harford,2554,Harford Precinct 03-015,2121,96,58,433,2554,1,0.8304620203602192,0.16953797963978073,2400,0.037588097102584185,0.022709475332811275,0.9397024275646045
1752,Harford,2186,Harford Precinct 01-007,1978,109,38,208,2186,1,0.9048490393412626,0.09515096065873742,2039,0.049862763037511436,0.01738334858188472,0.9327538883806038
1753,Harford,3096,Harford Precinct 01-015,2442,167,124,654,3096,1,0.7887596899224806,0.21124031007751937,2805,0.0539405684754522,0.040051679586563305,0.9060077519379846
1754,Harford,2678,Harford Precinct 01-009,2194,149,87,484,2678,1,0.8192681105302465,0.18073188946975355,2442,0.05563853622106049,0.03248693054518297,0.9118745332337566
1755,Harford,3303,Harford Precinct 01-008,2689,209,117,614,3303,1,0.8141083863154708,0.18589161368452922,2977,0.06327580986981532,0.035422343324250684,0.901301846805934
1756,Harford,2527,Harford Precinct 03-016,2247,163,50,280,2527,1,0.889196675900277,0.11080332409972299,2314,0.06450336367233875,0.019786307874950535,0.9157103284527107
1757,Harford,1005,Harford Precinct 01-021,871,52,19,134,1005,1,0.8666666666666667,0.13333333333333333,934,0.051741293532338306,0.01890547263681592,0.9293532338308458
1758,Harford,3462,Harford Precinct 01-013,2644,63,54,818,3462,1,0.7637203928365107,0.2362796071634893,3345,0.018197573656845753,0.01559792027729636,0.9662045060658578
1759,Harford,2938,Harford Precinct 01-011,2628,218,70,310,2938,1,0.8944860449285228,0.10551395507147719,2650,0.0742001361470388,0.023825731790333562,0.9019741320626277
1760,Harford,2684,Harford Precinct 01-012,2311,195,94,373,2684,1,0.8610283159463488,0.13897168405365126,2395,0.0726527570789866,0.03502235469448584,0.8923248882265276
1761,Harford,3797,Harford Precinct 01-014,3420,265,93,377,3797,1,0.9007110877008164,0.09928891229918356,3439,0.06979194100605741,0.024493020805899393,0.9057150381880432
1762,Harford,2630,Harford Precinct 03-012,2339,155,51,291,2630,1,0.8893536121673004,0.11064638783269962,2424,0.058935361216730035,0.019391634980988594,0.9216730038022813
1763,Harford,1993,Harford Precinct 03-011,1840,150,51,153,1993,1,0.9232313095835424,0.0767686904164576,1792,0.07526342197691922,0.025589563472152535,0.8991470145509283
1764,Harford,2372,Harford Precinct 03-017,2236,185,49,136,2372,1,0.9426644182124789,0.05733558178752108,2138,0.07799325463743677,0.02065767284991568,0.9013490725126475
1765,Harford,2779,Harford Precinct 03-018,2379,127,47,400,2779,1,0.8560633321338611,0.1439366678661389,2605,0.0456998920474991,0.01691255847427132,0.9373875494782296
1766,Harford,2558,Harford Precinct 03-019,2363,165,70,195,2558,1,0.9237685691946833,0.07623143080531665,2323,0.06450351837372947,0.027365129007036748,0.9081313526192337
1767,Harford,2823,Harford Precinct 03-021,2432,152,70,391,2823,1,0.8614948636202622,0.13850513637973788,2601,0.053843428976266386,0.02479631597591215,0.9213602550478215
