,COUNTY,VAP,NAME,WVAP,AG14D,AG14R,OVAP,TOT_VOTES,factor,WVAP_pct,OVAP_pct,AG14None,AG14D_pct,AG14R_pct,AG14None_pct
388,Prince George's,1692,Prince George's Precinct 08-001,980,190,175,712,1692,1,0.5791962174940898,0.42080378250591016,1327,0.11229314420803782,0.10342789598108747,0.7842789598108747
389,Prince George's,2531,Prince George's Precinct 11-002,511,850,162,2020,2531,1,0.20189648360331885,0.7981035163966812,1519,0.3358356380877124,0.06400632161201106,0.6001580403002765
390,Prince George's,3507,Prince George's Precinct 15-001,574,1097,139,2933,3507,1,0.16367265469061876,0.8363273453093812,2271,0.3128029654975763,0.039635015682919876,0.6475620188195038
391,Prince George's,3267,Prince George's Precinct 15-004,469,931,129,2798,3267,1,0.1435567799204163,0.8564432200795837,2207,0.2849709213345577,0.03948576675849403,0.6755433119069483
392,Prince George's,2065,Prince George's Precinct 04-001,1341,371,347,724,2065,1,0.6493946731234866,0.3506053268765133,1347,0.17966101694915254,0.16803874092009685,0.6523002421307506
394,Prince George's,1133,Prince George's Precinct 03-001,419,257,105,714,1133,1,0.3698146513680494,0.6301853486319505,771,0.22683142100617829,0.09267431597528684,0.6804942630185349
400,Prince George's,1983,Prince George's Precinct 12-002,167,436,44,1816,1983,1,0.08421583459404942,0.9157841654059505,1503,0.21986888552697934,0.022188603126575897,0.7579425113464447
401,Prince George's,4528,Prince George's Precinct 12-009,53,508,6,4475,4528,1,0.011704946996466431,0.9882950530035336,4014,0.11219081272084806,0.001325088339222615,0.8864840989399293
402,Prince George's,4488,Prince George's Precinct 12-004,126,773,39,4362,4488,1,0.02807486631016043,0.9719251336898396,3676,0.17223707664884136,0.008689839572192513,0.8190730837789661
403,Prince George's,4072,Prince George's Precinct 12-006,80,658,27,3992,4072,1,0.019646365422396856,0.9803536345776032,3387,0.16159135559921414,0.006630648330058939,0.8317779960707269
404,Prince George's,3288,Prince George's Precinct 12-012,212,637,39,3076,3288,1,0.06447688564476886,0.9355231143552312,2612,0.19373479318734793,0.011861313868613138,0.7944038929440389
405,Prince George's,2724,Prince George's Precinct 12-016,113,399,17,2611,2724,1,0.041483113069016156,0.9585168869309838,2308,0.14647577092511013,0.006240822320117474,0.8472834067547724
406,Prince George's,3144,Prince George's Precinct 12-003,178,584,23,2966,3144,1,0.056615776081424936,0.943384223918575,2537,0.18575063613231552,0.007315521628498728,0.8069338422391857
407,Prince George's,1980,Prince George's Precinct 12-007,69,530,43,1911,1980,1,0.03484848484848485,0.9651515151515152,1407,0.2676767676767677,0.021717171717171718,0.7106060606060606
408,Prince George's,1110,Prince George's Precinct 12-017,127,133,7,983,1110,1,0.11441441441441441,0.8855855855855855,970,0.11981981981981982,0.006306306306306306,0.8738738738738738
409,Prince George's,3753,Prince George's Precinct 12-013,94,885,30,3659,3753,1,0.025046629363176125,0.9749533706368239,2838,0.23581135091926458,0.007993605115907274,0.7561950439648282
410,Prince George's,2131,Prince George's Precinct 06-008,57,514,12,2074,2131,1,0.02674800563115908,0.9732519943688409,1605,0.24120131393711872,0.005631159080244017,0.7531675269826372
411,Prince George's,4750,Prince George's Precinct 06-017,139,808,26,4611,4750,1,0.02926315789473684,0.9707368421052631,3916,0.17010526315789473,0.0054736842105263155,0.8244210526315789
412,Prince George's,2691,Prince George's Precinct 06-009,88,544,17,2603,2691,1,0.032701597918989224,0.9672984020810108,2130,0.2021553325901152,0.0063173541434411,0.7915273132664437
413,Prince George's,2205,Prince George's Precinct 06-012,55,437,25,2150,2205,1,0.024943310657596373,0.9750566893424036,1743,0.1981859410430839,0.011337868480725623,0.7904761904761904
452,Prince George's,2194,Prince George's Precinct 12-008,175,541,29,2019,2194,1,0.07976298997265269,0.9202370100273473,1624,0.24658158614402917,0.013217866909753875,0.740200546946217
453,Prince George's,2657,Prince George's Precinct 12-015,108,658,33,2549,2657,1,0.04064734663153933,0.9593526533684607,1966,0.24764772299586,0.012420022581859239,0.7399322544222807
470,Prince George's,3323,Prince George's Precinct 09-007,221,1091,92,3102,3323,1,0.06650616912428528,0.9334938308757147,2140,0.32831778513391513,0.027685826060788444,0.6439963888052964
471,Prince George's,2034,Prince George's Precinct 09-004,273,649,63,1761,2034,1,0.13421828908554573,0.8657817109144543,1322,0.3190757128810226,0.030973451327433628,0.6499508357915438
472,Prince George's,3032,Prince George's Precinct 09-005,266,871,63,2766,3032,1,0.08773087071240106,0.912269129287599,2098,0.28726912928759896,0.02077836411609499,0.691952506596306
473,Prince George's,3691,Prince George's Precinct 09-001,425,1115,95,3266,3691,1,0.11514494716878895,0.884855052831211,2481,0.302086155513411,0.02573828230831753,0.6721755621782715
474,Prince George's,2377,Prince George's Precinct 09-010,356,665,57,2021,2377,1,0.14976861590239798,0.850231384097602,1655,0.2797644089188052,0.023979806478754733,0.6962557846024401
475,Prince George's,3501,Prince George's Precinct 09-002,398,1009,72,3103,3501,1,0.11368180519851472,0.8863181948014853,2420,0.28820337046558125,0.02056555269922879,0.6912310768351899
476,Prince George's,4703,Prince George's Precinct 09-008,452,1464,96,4251,4703,1,0.09610886668084201,0.9038911333191579,3143,0.31129066553263873,0.02041250265787795,0.6682968318094833
477,Prince George's,2747,Prince George's Precinct 09-006,357,1095,67,2390,2747,1,0.12995995631598106,0.8700400436840189,1585,0.3986166727338915,0.024390243902439025,0.5769930833636695
478,Prince George's,2862,Prince George's Precinct 11-004,854,984,184,2008,2862,1,0.2983927323549965,0.7016072676450035,1694,0.3438155136268344,0.06429070580013976,0.5918937805730259
479,Prince George's,2840,Prince George's Precinct 11-001,589,771,101,2251,2840,1,0.2073943661971831,0.7926056338028169,1968,0.27147887323943665,0.03556338028169014,0.6929577464788732
480,Prince George's,4018,Prince George's Precinct 09-011,519,815,89,3499,4018,1,0.12916874066699852,0.8708312593330015,3114,0.20283723245395718,0.02215032354405177,0.775012444001991
481,Prince George's,1565,Prince George's Precinct 09-009,577,346,58,988,1565,1,0.36869009584664536,0.6313099041533546,1161,0.22108626198083067,0.03706070287539936,0.74185303514377
482,Prince George's,3439,Prince George's Precinct 11-003,484,1016,92,2955,3439,1,0.14073858679848794,0.8592614132015121,2331,0.295434719395173,0.02675196277987787,0.6778133178249491
483,Prince George's,2108,Prince George's Precinct 15-003,209,799,47,1899,2108,1,0.099146110056926,0.900853889943074,1262,0.3790322580645161,0.022296015180265655,0.5986717267552182
484,Prince George's,662,Prince George's Precinct 01-007,394,457,186,268,662,1,0.595166163141994,0.40483383685800606,19,0.6903323262839879,0.2809667673716012,0.028700906344410877
485,Prince George's,2108,Prince George's Precinct 06-014,231,488,37,1877,2108,1,0.10958254269449716,0.8904174573055028,1583,0.2314990512333966,0.017552182163187855,0.7509487666034156
486,Prince George's,1176,Prince George's Precinct 06-002,134,393,39,1042,1176,1,0.11394557823129252,0.8860544217687075,744,0.33418367346938777,0.03316326530612245,0.6326530612244898
487,Prince George's,2560,Prince George's Precinct 06-013,365,746,97,2195,2560,1,0.142578125,0.857421875,1717,0.29140625,0.037890625,0.670703125
488,Prince George's,3164,Prince George's Precinct 06-024,123,507,17,3041,3164,1,0.0388748419721871,0.9611251580278128,2640,0.1602402022756005,0.005372945638432364,0.8343868520859671
489,Prince George's,3700,Prince George's Precinct 06-015,61,695,12,3639,3700,1,0.016486486486486488,0.9835135135135135,2993,0.18783783783783783,0.003243243243243243,0.8089189189189189
490,Prince George's,576,Prince George's Precinct 06-021,41,141,7,535,576,1,0.07118055555555555,0.9288194444444444,428,0.24479166666666666,0.012152777777777778,0.7430555555555556
491,Prince George's,4119,Prince George's Precinct 06-004,104,591,17,4015,4119,1,0.02524884680747754,0.9747511531925225,3511,0.1434814275309541,0.004127215343529983,0.852391357125516
492,Prince George's,4084,Prince George's Precinct 06-022,93,694,21,3991,4084,1,0.02277179236043095,0.9772282076395691,3369,0.16993143976493633,0.00514201762977473,0.824926542605289
493,Prince George's,3744,Prince George's Precinct 06-006,97,600,18,3647,3744,1,0.02590811965811966,0.9740918803418803,3126,0.16025641025641027,0.004807692307692308,0.8349358974358975
494,Prince George's,2295,Prince George's Precinct 06-018,268,493,52,2027,2295,1,0.11677559912854031,0.8832244008714597,1750,0.21481481481481482,0.022657952069716776,0.7625272331154684
495,Prince George's,4108,Prince George's Precinct 06-007,492,991,75,3616,4108,1,0.11976630963972736,0.8802336903602727,3042,0.24123661148977604,0.0182570593962999,0.740506329113924
496,Prince George's,1925,Prince George's Precinct 09-003,1159,30,19,766,1925,1,0.6020779220779221,0.3979220779220779,1876,0.015584415584415584,0.009870129870129871,0.9745454545454545
497,Prince George's,3624,Prince George's Precinct 06-016,134,578,18,3490,3624,1,0.0369757174392936,0.9630242825607064,3028,0.15949227373068434,0.004966887417218543,0.8355408388520972
498,Prince George's,1985,Prince George's Precinct 06-005,102,480,23,1883,1985,1,0.05138539042821159,0.9486146095717884,1482,0.24181360201511334,0.011586901763224182,0.7465994962216624
499,Prince George's,3207,Prince George's Precinct 06-010,129,725,35,3078,3207,1,0.040224508886810104,0.9597754911131899,2447,0.22606797630183972,0.01091362644215778,0.7630183972560025
500,Prince George's,2204,Prince George's Precinct 06-011,132,693,40,2072,2204,1,0.05989110707803993,0.9401088929219601,1471,0.3144283121597096,0.018148820326678767,0.6674228675136116
501,Prince George's,3824,Prince George's Precinct 06-001,272,798,51,3552,3824,1,0.07112970711297072,0.9288702928870293,2975,0.20868200836820083,0.013336820083682008,0.7779811715481172
502,Prince George's,4367,Prince George's Precinct 06-003,124,884,27,4243,4367,1,0.028394779024501948,0.9716052209754981,3456,0.20242729562628806,0.006182734142431876,0.7913899702312801
503,Prince George's,2231,Prince George's Precinct 18-011,68,394,29,2163,2231,1,0.03047960555804572,0.9695203944419543,1808,0.1766024204392649,0.012998655311519497,0.8103989242492156
504,Prince George's,2252,Prince George's Precinct 18-004,81,328,15,2171,2252,1,0.03596802841918295,0.9640319715808171,1909,0.14564831261101244,0.0066607460035523975,0.8476909413854352
505,Prince George's,3235,Prince George's Precinct 18-001,86,788,17,3149,3235,1,0.026584234930448224,0.9734157650695517,2430,0.2435857805255023,0.005255023183925811,0.7511591962905718
506,Prince George's,1927,Prince George's Precinct 02-007,906,575,174,1021,1927,1,0.4701608718214842,0.5298391281785159,1178,0.2983912817851583,0.09029579657498703,0.6113129216398547
507,Prince George's,1859,Prince George's Precinct 18-005,22,386,7,1837,1859,1,0.011834319526627219,0.9881656804733728,1466,0.20763851533082303,0.0037654653039268424,0.7885960193652501
508,Prince George's,2460,Prince George's Precinct 18-003,23,551,17,2437,2460,1,0.00934959349593496,0.990650406504065,1892,0.22398373983739836,0.006910569105691057,0.7691056910569106
509,Prince George's,158,Prince George's Precinct 18-012,5,35,0,153,158,1,0.03164556962025317,0.9683544303797469,123,0.22151898734177214,0.0,0.7784810126582279
510,Prince George's,3010,Prince George's Precinct 02-003,624,728,93,2386,3010,1,0.20730897009966778,0.7926910299003322,2189,0.24186046511627907,0.030897009966777408,0.7272425249169435
511,Prince George's,1792,Prince George's Precinct 18-009,52,495,15,1740,1792,1,0.029017857142857144,0.9709821428571429,1282,0.27622767857142855,0.008370535714285714,0.7154017857142857
512,Prince George's,2682,Prince George's Precinct 06-019,56,538,12,2626,2682,1,0.020879940343027592,0.9791200596569725,2132,0.20059656972408652,0.0044742729306487695,0.7949291573452647
513,Prince George's,2589,Prince George's Precinct 18-007,40,678,19,2549,2589,1,0.01544998068752414,0.9845500193124759,1892,0.26187717265353416,0.007338740826573967,0.7307840865198918
514,Prince George's,1021,Prince George's Precinct 18-010,7,318,10,1014,1021,1,0.0068560235063663075,0.9931439764936337,693,0.31145935357492655,0.009794319294809012,0.6787463271302644
515,Prince George's,3626,Prince George's Precinct 18-006,28,907,15,3598,3626,1,0.007722007722007722,0.9922779922779923,2704,0.25013789299503586,0.004136789851075565,0.7457253171538886
516,Prince George's,2067,Prince George's Precinct 18-002,31,391,10,2036,2067,1,0.014997581035316884,0.9850024189646831,1666,0.189163038219642,0.004837929366231253,0.8059990324141267
517,Prince George's,1716,Prince George's Precinct 18-008,12,468,6,1704,1716,1,0.006993006993006993,0.993006993006993,1242,0.2727272727272727,0.0034965034965034965,0.7237762237762237
518,Prince George's,2019,Prince George's Precinct 13-017,34,484,12,1985,2019,1,0.016840019811788013,0.9831599801882119,1523,0.23972263496780585,0.005943536404160475,0.7543338286280337
519,Prince George's,3377,Prince George's Precinct 13-002,56,511,8,3321,3377,1,0.01658276576843352,0.9834172342315665,2858,0.15131773763695588,0.0023689665383476457,0.8463132958246965
520,Prince George's,3376,Prince George's Precinct 13-016,73,854,23,3303,3376,1,0.021623222748815167,0.9783767772511849,2499,0.25296208530805686,0.006812796208530806,0.7402251184834123
521,Prince George's,1837,Prince George's Precinct 06-023,120,490,18,1717,1837,1,0.065323897659227,0.934676102340773,1329,0.2667392487751769,0.00979858464888405,0.723462166575939
522,Prince George's,2581,Prince George's Precinct 15-006,524,698,100,2057,2581,1,0.2030220844633863,0.7969779155366137,1783,0.2704378148004649,0.03874467260751647,0.6908175125920186
523,Prince George's,1908,Prince George's Precinct 15-002,268,496,24,1640,1908,1,0.14046121593291405,0.859538784067086,1388,0.259958071278826,0.012578616352201259,0.7274633123689728
524,Prince George's,3547,Prince George's Precinct 06-020,113,956,28,3434,3547,1,0.0318579080913448,0.9681420919086552,2563,0.2695235410205808,0.007893994925288977,0.7225824640541303
525,Prince George's,3847,Prince George's Precinct 13-009,155,869,35,3692,3847,1,0.04029113595009098,0.9597088640499091,2943,0.22589030413309072,0.009097998440343124,0.7650116974265662
526,Prince George's,3713,Prince George's Precinct 13-007,71,945,20,3642,3713,1,0.019122003770535956,0.980877996229464,2748,0.2545111769458659,0.00538647993536224,0.7401023431187719
527,Prince George's,2328,Prince George's Precinct 13-001,22,372,15,2306,2328,1,0.009450171821305841,0.9905498281786942,1941,0.15979381443298968,0.006443298969072165,0.8337628865979382
528,Prince George's,3108,Prince George's Precinct 13-008,39,439,14,3069,3108,1,0.012548262548262547,0.9874517374517374,2655,0.14124839124839125,0.0045045045045045045,0.8542471042471043
529,Prince George's,2837,Prince George's Precinct 13-014,46,857,34,2791,2837,1,0.016214310891787098,0.9837856891082128,1946,0.3020796616143814,0.011984490659146986,0.6859358477264716
530,Prince George's,2601,Prince George's Precinct 13-006,72,867,26,2529,2601,1,0.02768166089965398,0.972318339100346,1708,0.3333333333333333,0.009996155324875048,0.6566705113417917
531,Prince George's,2331,Prince George's Precinct 13-004,111,640,23,2220,2331,1,0.047619047619047616,0.9523809523809523,1668,0.27456027456027454,0.009867009867009866,0.7155727155727156
532,Prince George's,3707,Prince George's Precinct 13-010,139,987,34,3568,3707,1,0.03749662800107904,0.962503371998921,2686,0.26625303479902884,0.009171837065012138,0.724575128135959
533,Prince George's,2929,Prince George's Precinct 13-012,55,1045,44,2874,2929,1,0.018777739842949812,0.9812222601570502,1840,0.35677705701604645,0.015022191874359849,0.6282007511095937
534,Prince George's,3609,Prince George's Precinct 13-011,78,1221,46,3531,3609,1,0.021612635078969242,0.9783873649210307,2342,0.33832086450540316,0.012745912995289554,0.6489332224993073
535,Prince George's,2772,Prince George's Precinct 02-001,146,330,17,2626,2772,1,0.05266955266955267,0.9473304473304474,2425,0.11904761904761904,0.006132756132756133,0.8748196248196248
538,Prince George's,5983,Prince George's Precinct 02-008,376,694,59,5607,5983,1,0.06284472672572289,0.9371552732742772,5230,0.1159953200735417,0.00986127360855758,0.8741434063179008
539,Prince George's,1018,Prince George's Precinct 16-001,194,142,23,824,1018,1,0.1905697445972495,0.8094302554027505,853,0.13948919449901767,0.022593320235756387,0.8379174852652259
540,Prince George's,21,Prince George's Precinct 02-098,3,0,0,18,21,1,0.14285714285714285,0.8571428571428571,21,0.0,0.0,1.0
541,Prince George's,2869,Prince George's Precinct 02-005,244,302,50,2625,2869,1,0.08504705472289996,0.9149529452771,2517,0.10526315789473684,0.01742767514813524,0.8773091669571279
542,Prince George's,28,Prince George's Precinct 19-005,8,1,0,20,28,1,0.2857142857142857,0.7142857142857143,27,0.03571428571428571,0.0,0.9642857142857143
543,Prince George's,3247,Prince George's Precinct 19-004,243,302,49,3004,3247,1,0.0748383122882661,0.9251616877117339,2896,0.09300893132121958,0.015090853095164768,0.8919002155836157
544,Prince George's,4769,Prince George's Precinct 19-001,1023,515,149,3746,4769,1,0.21451037953449362,0.7854896204655064,4105,0.10798909624659257,0.031243447263577268,0.8607674564898301
545,Prince George's,5173,Prince George's Precinct 21-002,4074,281,103,1099,5173,1,0.7875507442489851,0.2124492557510149,4789,0.05432051034216122,0.019911076744635606,0.9257684129132032
546,Prince George's,3965,Prince George's Precinct 21-001,2283,395,161,1682,3965,1,0.5757881462799496,0.42421185372005044,3409,0.09962168978562422,0.04060529634300126,0.8597730138713745
547,Prince George's,4029,Prince George's Precinct 19-002,566,422,92,3463,4029,1,0.14048150905931994,0.8595184909406801,3515,0.10474063042938694,0.022834450235790518,0.8724249193348226
642,Prince George's,2195,Prince George's Precinct 14-003,1525,340,307,670,2195,1,0.6947608200455581,0.3052391799544419,1548,0.1548974943052392,0.1398633257403189,0.705239179954442
643,Prince George's,3107,Prince George's Precinct 14-009,934,826,224,2173,3107,1,0.30061152236884453,0.6993884776311554,2057,0.2658513035082073,0.07209526874798841,0.6620534277438043
644,Prince George's,3658,Prince George's Precinct 14-011,1034,771,288,2624,3658,1,0.2826681246582832,0.7173318753417168,2599,0.21077091306724988,0.07873154729360306,0.7104975396391471
645,Prince George's,2812,Prince George's Precinct 14-005,1565,520,306,1247,2812,1,0.5565433854907539,0.44345661450924606,1986,0.18492176386913228,0.10881934566145092,0.7062588904694168
646,Prince George's,1482,Prince George's Precinct 07-017,301,448,55,1181,1482,1,0.20310391363022942,0.7968960863697706,979,0.30229419703103916,0.037112010796221326,0.6605937921727395
647,Prince George's,2094,Prince George's Precinct 07-003,1459,334,338,635,2094,1,0.6967526265520535,0.3032473734479465,1422,0.15950334288443171,0.16141356255969436,0.6790830945558739
648,Prince George's,3594,Prince George's Precinct 07-010,650,983,173,2944,3594,1,0.1808569838619922,0.8191430161380078,2438,0.27351140790205897,0.04813578185865331,0.6783528102392877
649,Prince George's,1540,Prince George's Precinct 07-002,1095,247,264,445,1540,1,0.711038961038961,0.288961038961039,1029,0.1603896103896104,0.17142857142857143,0.6681818181818182
650,Prince George's,2018,Prince George's Precinct 14-004,1357,326,309,661,2018,1,0.6724479682854311,0.32755203171456887,1383,0.16154608523290387,0.1531219028741328,0.6853320118929633
651,Prince George's,2095,Prince George's Precinct 07-004,1404,319,334,691,2095,1,0.6701670644391408,0.3298329355608592,1442,0.1522673031026253,0.1594272076372315,0.6883054892601432
652,Prince George's,1545,Prince George's Precinct 14-006,1146,226,286,399,1545,1,0.7417475728155339,0.258252427184466,1033,0.14627831715210357,0.18511326860841423,0.6686084142394823
653,Prince George's,2933,Prince George's Precinct 07-007,962,725,189,1971,2933,1,0.32799181725196047,0.6720081827480395,2019,0.24718718036140472,0.06443914081145585,0.6883736788271394
719,Prince George's,2532,Prince George's Precinct 05-012,333,883,108,2199,2532,1,0.13151658767772512,0.8684834123222749,1541,0.34873617693522907,0.04265402843601896,0.608609794628752
729,Prince George's,2131,Prince George's Precinct 05-008,1047,538,222,1084,2131,1,0.4913186297512905,0.5086813702487095,1371,0.25246363209760675,0.10417644298451431,0.643359924917879
730,Prince George's,3225,Prince George's Precinct 05-007,467,1059,177,2758,3225,1,0.1448062015503876,0.8551937984496124,1989,0.3283720930232558,0.05488372093023256,0.6167441860465116
731,Prince George's,1984,Prince George's Precinct 05-002,266,678,89,1718,1984,1,0.13407258064516128,0.8659274193548387,1217,0.34173387096774194,0.04485887096774194,0.6134072580645161
732,Prince George's,2501,Prince George's Precinct 12-014,295,687,105,2206,2501,1,0.11795281887245102,0.882047181127549,1709,0.2746901239504198,0.04198320671731307,0.683326669332267
733,Prince George's,3254,Prince George's Precinct 12-010,477,934,150,2777,3254,1,0.14658881376767055,0.8534111862323295,2170,0.28703134603564845,0.046097111247695145,0.6668715427166564
734,Prince George's,3255,Prince George's Precinct 05-005,506,1070,141,2749,3255,1,0.1554531490015361,0.8445468509984639,2044,0.32872503840245776,0.04331797235023042,0.6279569892473118
735,Prince George's,1334,Prince George's Precinct 05-010,244,312,69,1090,1334,1,0.18290854572713644,0.8170914542728636,953,0.23388305847076463,0.05172413793103448,0.7143928035982009
736,Prince George's,522,Prince George's Precinct 05-009,88,163,34,434,522,1,0.1685823754789272,0.8314176245210728,325,0.31226053639846746,0.06513409961685823,0.6226053639846744
737,Prince George's,3343,Prince George's Precinct 05-001,752,1165,173,2591,3343,1,0.2249476518097517,0.7750523481902483,2005,0.34848938079569247,0.05174992521687107,0.5997606939874365
738,Prince George's,2929,Prince George's Precinct 05-004,274,857,69,2655,2929,1,0.09354728576305907,0.906452714236941,2003,0.29259132809832705,0.023557528166609765,0.6838511437350632
739,Prince George's,2112,Prince George's Precinct 05-011,181,624,57,1931,2112,1,0.08570075757575757,0.9142992424242424,1431,0.29545454545454547,0.026988636363636364,0.6775568181818182
740,Prince George's,2992,Prince George's Precinct 05-006,233,793,83,2759,2992,1,0.07787433155080214,0.9221256684491979,2116,0.26504010695187163,0.027740641711229946,0.7072192513368984
741,Prince George's,3474,Prince George's Precinct 12-005,353,708,84,3121,3474,1,0.10161197466896948,0.8983880253310305,2682,0.20379965457685664,0.024179620034542316,0.772020725388601
742,Prince George's,2412,Prince George's Precinct 12-001,299,357,79,2113,2412,1,0.12396351575456054,0.8760364842454395,1976,0.1480099502487562,0.03275290215588723,0.8192371475953566
743,Prince George's,4027,Prince George's Precinct 12-011,258,923,71,3769,4027,1,0.06406754407747703,0.9359324559225229,3033,0.22920288055624535,0.01763099081201887,0.7531661286317358
744,Prince George's,2706,Prince George's Precinct 05-003,217,757,69,2489,2706,1,0.08019216555801921,0.9198078344419808,1880,0.27974870657797485,0.025498891352549888,0.6947524020694752
1420,Prince George's,6329,Prince George's Precinct 15-005,503,1543,100,5826,6329,1,0.07947543055775004,0.9205245694422499,4686,0.2437983883709907,0.015800284405119294,0.7404013272238901
1421,Prince George's,2130,Prince George's Precinct 03-004,136,663,43,1994,2130,1,0.06384976525821597,0.936150234741784,1424,0.3112676056338028,0.020187793427230045,0.6685446009389672
1422,Prince George's,2572,Prince George's Precinct 03-005,235,551,32,2337,2572,1,0.09136858475894245,0.9086314152410575,1989,0.21423017107309486,0.012441679626749611,0.7733281493001555
1423,Prince George's,3005,Prince George's Precinct 03-003,330,1059,93,2675,3005,1,0.10981697171381032,0.8901830282861897,1853,0.3524126455906822,0.030948419301164726,0.616638935108153
1424,Prince George's,2643,Prince George's Precinct 07-012,84,856,29,2559,2643,1,0.03178206583427923,0.9682179341657208,1758,0.32387438516836925,0.010972379871358306,0.6651532349602725
1425,Prince George's,1936,Prince George's Precinct 13-013,57,588,41,1879,1936,1,0.029442148760330578,0.9705578512396694,1307,0.3037190082644628,0.021177685950413222,0.675103305785124
1426,Prince George's,2052,Prince George's Precinct 07-013,142,674,55,1910,2052,1,0.06920077972709551,0.9307992202729045,1323,0.3284600389863548,0.026803118908382065,0.6447368421052632
1427,Prince George's,2806,Prince George's Precinct 03-006,90,1025,48,2716,2806,1,0.03207412687099073,0.9679258731290092,1733,0.36528866714183894,0.017106200997861726,0.6176051318602993
1428,Prince George's,2583,Prince George's Precinct 07-015,80,1271,66,2503,2583,1,0.03097173828881146,0.9690282617111885,1246,0.49206349206349204,0.025551684088269456,0.4823848238482385
1429,Prince George's,3410,Prince George's Precinct 07-011,119,1096,47,3291,3410,1,0.034897360703812316,0.9651026392961877,2267,0.3214076246334311,0.01378299120234604,0.6648093841642229
1430,Prince George's,3276,Prince George's Precinct 07-009,309,1105,101,2967,3276,1,0.09432234432234432,0.9056776556776557,2070,0.3373015873015873,0.030830280830280832,0.6318681318681318
1431,Prince George's,3105,Prince George's Precinct 03-002,469,844,88,2636,3105,1,0.15104669887278582,0.8489533011272141,2173,0.2718196457326892,0.028341384863123993,0.6998389694041868
1432,Prince George's,2246,Prince George's Precinct 07-006,744,596,168,1502,2246,1,0.3312555654496883,0.6687444345503116,1482,0.2653606411398041,0.07479964381121995,0.659839715048976
1433,Prince George's,2272,Prince George's Precinct 07-008,707,485,126,1565,2272,1,0.31117957746478875,0.6888204225352113,1661,0.21346830985915494,0.05545774647887324,0.7310739436619719
1434,Prince George's,1809,Prince George's Precinct 07-014,794,414,171,1015,1809,1,0.4389165284687673,0.5610834715312327,1224,0.22885572139303484,0.0945273631840796,0.6766169154228856
1435,Prince George's,5609,Prince George's Precinct 07-001,1105,1581,244,4504,5609,1,0.19700481369228026,0.8029951863077197,3784,0.28186842574433946,0.04350151542164379,0.6746300588340167
1436,Prince George's,2447,Prince George's Precinct 14-007,635,657,116,1812,2447,1,0.2595014303228443,0.7404985696771557,1674,0.2684920310584389,0.047404985696771554,0.6841029832447896
1437,Prince George's,2578,Prince George's Precinct 14-001,1082,688,194,1496,2578,1,0.4197051978277735,0.5802948021722265,1696,0.26687354538401864,0.07525213343677269,0.6578743211792087
1438,Prince George's,1468,Prince George's Precinct 07-016,687,297,165,781,1468,1,0.46798365122615804,0.532016348773842,1006,0.20231607629427792,0.11239782016348773,0.6852861035422343
1439,Prince George's,1951,Prince George's Precinct 14-010,641,487,134,1310,1951,1,0.3285494618144541,0.6714505381855459,1330,0.2496155817529472,0.06868272680676576,0.681701691440287
1440,Prince George's,2627,Prince George's Precinct 07-005,1543,422,320,1084,2627,1,0.5873620098972212,0.41263799010277885,1885,0.1606395127521888,0.12181195279786829,0.7175485344499429
1461,Prince George's,5205,Prince George's Precinct 17-007,218,755,37,4987,5205,1,0.04188280499519693,0.9581171950048031,4413,0.14505283381364073,0.007108549471661864,0.8478386167146974
1462,Prince George's,3271,Prince George's Precinct 17-006,182,253,33,3089,3271,1,0.05564047691837359,0.9443595230816264,2985,0.07734637725466219,0.010088657902782024,0.9125649648425558
1464,Prince George's,6128,Prince George's Precinct 17-011,159,642,24,5969,6128,1,0.025946475195822456,0.9740535248041775,5462,0.10476501305483028,0.0039164490861618795,0.8913185378590078
1465,Prince George's,1828,Prince George's Precinct 17-005,235,361,29,1593,1828,1,0.12855579868708972,0.8714442013129103,1438,0.1974835886214442,0.01586433260393873,0.7866520787746171
1466,Prince George's,11788,Prince George's Precinct 17-003,289,384,34,11499,11788,1,0.024516457414319646,0.9754835425856804,11370,0.032575500508992196,0.0028842891075670173,0.9645402103834407
1467,Prince George's,2108,Prince George's Precinct 20-004,210,543,56,1898,2108,1,0.09962049335863378,0.9003795066413662,1509,0.25759013282732446,0.026565464895635674,0.7158444022770398
1468,Prince George's,4017,Prince George's Precinct 13-015,398,900,75,3619,4017,1,0.0990789146128952,0.9009210853871048,3042,0.22404779686333084,0.018670649738610903,0.7572815533980582
1469,Prince George's,2880,Prince George's Precinct 20-008,292,774,62,2588,2880,1,0.10138888888888889,0.8986111111111111,2044,0.26875,0.021527777777777778,0.7097222222222223
1470,Prince George's,4069,Prince George's Precinct 14-002,436,894,82,3633,4069,1,0.10715163430818384,0.8928483656918161,3093,0.2197100024576063,0.020152371590071272,0.7601376259523225
1471,Prince George's,1627,Prince George's Precinct 20-009,352,564,65,1275,1627,1,0.21634910878918254,0.7836508912108174,998,0.3466502765826675,0.03995082974800246,0.6133988936693301
1472,Prince George's,3117,Prince George's Precinct 21-013,555,727,81,2562,3117,1,0.17805582290664101,0.821944177093359,2309,0.23323708694257297,0.02598652550529355,0.7407763875521335
1473,Prince George's,2475,Prince George's Precinct 10-011,490,482,102,1985,2475,1,0.19797979797979798,0.802020202020202,1891,0.19474747474747475,0.041212121212121214,0.7640404040404041
1474,Prince George's,3268,Prince George's Precinct 14-008,577,420,60,2691,3268,1,0.17656058751529988,0.8234394124847001,2788,0.12851897184822522,0.01835985312117503,0.8531211750305998
1475,Prince George's,1816,Prince George's Precinct 10-010,503,400,97,1313,1816,1,0.27698237885462557,0.7230176211453745,1319,0.22026431718061673,0.05341409691629956,0.7263215859030837
1503,Prince George's,4719,Prince George's Precinct 01-001,1090,792,241,3629,4719,1,0.23098114007204917,0.7690188599279508,3686,0.16783216783216784,0.05107014197923289,0.7810976901885993
1506,Prince George's,3119,Prince George's Precinct 01-004,1032,455,245,2087,3119,1,0.3308752805386342,0.6691247194613659,2419,0.14588008977236294,0.0785508175697339,0.7755690926579032
1507,Prince George's,3959,Prince George's Precinct 10-013,1179,753,211,2780,3959,1,0.2978024753725688,0.7021975246274311,2995,0.19019954533973227,0.053296286941146756,0.756504167719121
1508,Prince George's,3293,Prince George's Precinct 10-005,2310,624,532,983,3293,1,0.7014880048587914,0.29851199514120863,2137,0.18949286365016701,0.16155481324020649,0.6489523231096265
1515,Prince George's,3641,Prince George's Precinct 10-006,792,744,176,2849,3641,1,0.2175226586102719,0.7824773413897281,2721,0.20433946717934634,0.04833836858006042,0.7473221642405933
1516,Prince George's,5674,Prince George's Precinct 10-012,1116,1066,184,4558,5674,1,0.19668664081776524,0.8033133591822348,4424,0.18787451533309835,0.032428621783574196,0.7796968628833275
1517,Prince George's,2589,Prince George's Precinct 10-008,672,348,132,1917,2589,1,0.25955967555040554,0.7404403244495944,2109,0.13441483198146004,0.05098493626882966,0.8146002317497103
1518,Prince George's,2312,Prince George's Precinct 10-007,684,403,160,1628,2312,1,0.2958477508650519,0.7041522491349481,1749,0.17430795847750866,0.06920415224913495,0.7564878892733564
1541,Prince George's,4015,Prince George's Precinct 17-001,867,868,73,3148,4015,1,0.21594022415940226,0.7840597758405977,3074,0.2161892901618929,0.01818181818181818,0.7656288916562889
1542,Prince George's,4299,Prince George's Precinct 17-004,184,454,33,4115,4299,1,0.04280065131425913,0.9571993486857409,3812,0.10560595487322633,0.007676203768318213,0.8867178413584554
1543,Prince George's,4706,Prince George's Precinct 16-004,679,571,89,4027,4706,1,0.14428389290267743,0.8557161070973226,4046,0.12133446663833404,0.018912027199320017,0.8597535061623459
1544,Prince George's,2240,Prince George's Precinct 17-002,384,387,59,1856,2240,1,0.17142857142857143,0.8285714285714286,1794,0.17276785714285714,0.026339285714285714,0.8008928571428572
1545,Prince George's,2034,Prince George's Precinct 02-002,261,310,45,1773,2034,1,0.12831858407079647,0.8716814159292036,1679,0.15240904621435594,0.022123893805309734,0.8254670599803343
1547,Prince George's,951,Prince George's Precinct 16-002,359,219,64,592,951,1,0.3774973711882229,0.6225026288117771,668,0.2302839116719243,0.06729758149316509,0.7024185068349106
1548,Prince George's,4706,Prince George's Precinct 16-003,1856,1156,180,2850,4706,1,0.3943901402464938,0.6056098597535061,3370,0.2456438589035274,0.03824904377390565,0.7161070973225669
1549,Prince George's,154,Prince George's Precinct 16-005,43,24,9,111,154,1,0.2792207792207792,0.7207792207792207,121,0.15584415584415584,0.05844155844155844,0.7857142857142857
1550,Prince George's,6797,Prince George's Precinct 17-010,330,715,57,6467,6797,1,0.048550831249080474,0.9514491687509196,6025,0.10519346770634103,0.008386052670295718,0.8864204796233632
1551,Prince George's,5527,Prince George's Precinct 17-008,1048,482,79,4479,5527,1,0.1896146191423919,0.8103853808576081,4966,0.08720825040709246,0.014293468427718474,0.898498281165189
1552,Prince George's,3704,Prince George's Precinct 17-009,589,358,56,3115,3704,1,0.1590172786177106,0.8409827213822895,3290,0.09665226781857451,0.01511879049676026,0.8882289416846653
1553,Prince George's,1964,Prince George's Precinct 19-003,1471,688,171,493,1964,1,0.7489816700610998,0.2510183299389002,1105,0.35030549898167007,0.08706720977596741,0.5626272912423625
1554,Prince George's,465,Prince George's Precinct 21-012,342,151,71,123,465,1,0.7354838709677419,0.2645161290322581,243,0.3247311827956989,0.15268817204301074,0.5225806451612903
1555,Prince George's,10748,Prince George's Precinct 21-017,6779,248,65,3969,10748,1,0.6307219947897283,0.36927800521027165,10435,0.023074060290286566,0.006047636769631559,0.9708783029400819
1559,Prince George's,5990,Prince George's Precinct 17-012,431,517,48,5559,5990,1,0.07195325542570952,0.9280467445742905,5425,0.08631051752921536,0.008013355592654424,0.9056761268781303
1565,Prince George's,2857,Prince George's Precinct 21-005,441,385,97,2416,2857,1,0.1543577178858943,0.8456422821141057,2375,0.13475673783689185,0.033951697584879245,0.831291564578229
1566,Prince George's,2323,Prince George's Precinct 21-015,1101,283,112,1222,2323,1,0.47395609126130006,0.5260439087387,1928,0.12182522600086096,0.0482135170038743,0.8299612569952648
1567,Prince George's,1633,Prince George's Precinct 21-014,475,340,109,1158,1633,1,0.2908756889161053,0.7091243110838946,1184,0.2082057562767912,0.06674831598285365,0.7250459277403551
1568,Prince George's,5119,Prince George's Precinct 01-003,746,674,95,4373,5119,1,0.14573158820082047,0.8542684117991796,4350,0.13166634108224262,0.01855831217034577,0.8497753467474116
1634,Prince George's,2446,Prince George's Precinct 21-007,1279,469,214,1167,2446,1,0.5228945216680294,0.4771054783319706,1763,0.19174161896974654,0.0874897792313982,0.7207686017988553
1635,Prince George's,3916,Prince George's Precinct 02-009,227,691,43,3689,3916,1,0.057967313585291114,0.9420326864147089,3182,0.1764555669050051,0.010980592441266599,0.8125638406537283
1636,Prince George's,3022,Prince George's Precinct 02-010,285,407,62,2737,3022,1,0.0943084050297816,0.9056915949702184,2553,0.13467902051621441,0.020516214427531435,0.8448047650562541
1637,Prince George's,3459,Prince George's Precinct 02-006,329,627,84,3130,3459,1,0.09511419485400405,0.9048858051459959,2748,0.18126626192541198,0.024284475281873375,0.7944492627927147
1638,Prince George's,2119,Prince George's Precinct 02-004,309,350,74,1810,2119,1,0.1458235016517225,0.8541764983482775,1695,0.16517225106182162,0.034922133081642284,0.7999056158565361
1639,Prince George's,3067,Prince George's Precinct 20-007,21,501,10,3046,3067,1,0.006847081838930551,0.9931529181610694,2556,0.16335180958591458,0.0032605151613955006,0.83338767525269
1640,Prince George's,2332,Prince George's Precinct 20-012,113,343,12,2219,2332,1,0.04845626072041166,0.9515437392795884,1977,0.14708404802744426,0.005145797598627788,0.847770154373928
1641,Prince George's,1239,Prince George's Precinct 21-009,565,235,70,674,1239,1,0.45601291364003227,0.5439870863599677,934,0.18966908797417273,0.05649717514124294,0.7538337368845843
1642,Prince George's,2546,Prince George's Precinct 20-005,461,478,83,2085,2546,1,0.18106834249803613,0.8189316575019638,1985,0.18774548311076197,0.03260015710919089,0.7796543597800472
1643,Prince George's,2412,Prince George's Precinct 20-006,332,444,74,2080,2412,1,0.13764510779436154,0.8623548922056384,1894,0.18407960199004975,0.03067993366500829,0.785240464344942
1644,Prince George's,1798,Prince George's Precinct 21-016,304,511,73,1494,1798,1,0.16907675194660735,0.8309232480533927,1214,0.28420467185761955,0.040600667408231365,0.675194660734149
1645,Prince George's,3234,Prince George's Precinct 21-004,1237,357,141,1997,3234,1,0.38249845392702536,0.6175015460729747,2736,0.11038961038961038,0.04359925788497217,0.8460111317254174
1646,Prince George's,2721,Prince George's Precinct 21-010,1330,398,168,1391,2721,1,0.48879088570378537,0.5112091142962146,2155,0.14626975376699744,0.06174200661521499,0.7919882396177875
1647,Prince George's,850,Prince George's Precinct 01-008,369,143,27,481,850,1,0.43411764705882355,0.5658823529411765,680,0.16823529411764707,0.03176470588235294,0.8
1649,Prince George's,2859,Prince George's Precinct 01-005,1391,543,288,1468,2859,1,0.48653375306051067,0.5134662469394893,2028,0.18992654774396642,0.10073452256033578,0.7093389296956978
1650,Prince George's,4986,Prince George's Precinct 21-008,194,357,27,4792,4986,1,0.03890894504612916,0.9610910549538708,4602,0.07160048134777376,0.005415162454873646,0.9229843561973526
1652,Prince George's,3492,Prince George's Precinct 21-003,1976,896,190,1516,3492,1,0.565864833906071,0.434135166093929,2406,0.2565864833906071,0.05441008018327606,0.6890034364261168
1653,Prince George's,2659,Prince George's Precinct 21-006,1934,730,217,725,2659,1,0.7273411056788266,0.27265889432117335,1712,0.2745393004889056,0.08160962767957879,0.6438510718315156
1654,Prince George's,2024,Prince George's Precinct 01-002,921,265,109,1103,2024,1,0.4550395256916996,0.5449604743083004,1650,0.1309288537549407,0.053853754940711464,0.8152173913043478
1655,Prince George's,1731,Prince George's Precinct 01-006,330,439,56,1401,1731,1,0.19064124783362218,0.8093587521663779,1236,0.2536106296938186,0.032351242056614674,0.7140381282495667
1656,Prince George's,2436,Prince George's Precinct 13-003,24,622,16,2412,2436,1,0.009852216748768473,0.9901477832512315,1798,0.25533661740558294,0.006568144499178982,0.7380952380952381
1657,Prince George's,1716,Prince George's Precinct 20-002,186,240,19,1530,1716,1,0.10839160839160839,0.8916083916083916,1457,0.13986013986013987,0.011072261072261072,0.8490675990675991
1658,Prince George's,957,Prince George's Precinct 20-013,19,131,8,938,957,1,0.019853709508881923,0.9801462904911181,818,0.13688610240334378,0.008359456635318705,0.8547544409613375
1659,Prince George's,1875,Prince George's Precinct 20-003,26,574,11,1849,1875,1,0.013866666666666666,0.9861333333333333,1290,0.3061333333333333,0.005866666666666667,0.688
1660,Prince George's,2857,Prince George's Precinct 20-011,168,606,25,2689,2857,1,0.05880294014700735,0.9411970598529926,2226,0.21211060553027652,0.008750437521876094,0.7791389569478474
1661,Prince George's,3387,Prince George's Precinct 20-001,567,694,151,2820,3387,1,0.16740478299379982,0.8325952170062002,2542,0.20490109241216417,0.044582226158842636,0.7505166814289932
1662,Prince George's,3358,Prince George's Precinct 21-018,545,686,61,2813,3358,1,0.16229898749255509,0.8377010125074449,2611,0.20428826682549137,0.01816557474687314,0.7775461584276355
1663,Prince George's,3792,Prince George's Precinct 21-011,512,634,86,3280,3792,1,0.1350210970464135,0.8649789029535865,3072,0.16719409282700423,0.02267932489451477,0.810126582278481
1664,Prince George's,2484,Prince George's Precinct 20-010,566,415,113,1918,2484,1,0.2278582930756844,0.7721417069243156,1956,0.16706924315619967,0.045491143317230275,0.7874396135265701
1665,Prince George's,3859,Prince George's Precinct 13-005,536,1316,60,3323,3859,1,0.1388960870691889,0.8611039129308111,2483,0.34102098989375484,0.015548069448043534,0.6434309406582016
1666,Prince George's,3469,Prince George's Precinct 10-001,531,412,62,2938,3469,1,0.15307004900547708,0.846929950994523,2995,0.11876621504756414,0.017872585759584895,0.8633611991928509
1667,Prince George's,4592,Prince George's Precinct 10-002,1524,734,221,3068,4592,1,0.3318815331010453,0.6681184668989547,3637,0.15984320557491288,0.04812717770034843,0.7920296167247387
1668,Prince George's,3148,Prince George's Precinct 10-004,732,561,85,2416,3148,1,0.23252858958068615,0.7674714104193139,2502,0.17820838627700128,0.027001270648030495,0.7947903430749682
1670,Prince George's,2617,Prince George's Precinct 10-003,1178,337,168,1439,2617,1,0.45013374092472297,0.5498662590752771,2112,0.12877340466182652,0.06419564386702331,0.8070309514711502
1672,Prince George's,4448,Prince George's Precinct 10-009,845,489,87,3603,4448,1,0.18997302158273383,0.8100269784172662,3872,0.10993705035971223,0.01955935251798561,0.8705035971223022
