,COUNTY,VAP,NAME,WVAP,SEN16D,SEN16R,OVAP,TOT_VOTES,factor,WVAP_pct,OVAP_pct,SEN16None,SEN16D_pct,SEN16R_pct,SEN16None_pct
56,Anne Arundel,2236,Anne Arundel Precinct 07-025,1913,376,647,323,2236,1,0.8555456171735242,0.14445438282647585,1213,0.16815742397137745,0.2893559928443649,0.5424865831842576
57,Anne Arundel,1839,Anne Arundel Precinct 07-003,1501,412,384,338,1839,1,0.8162044589450789,0.18379554105492116,1043,0.2240348015225666,0.20880913539967375,0.5671560630777597
58,Anne Arundel,2418,Anne Arundel Precinct 07-010,2221,337,670,197,2418,1,0.9185277088502894,0.08147229114971051,1411,0.1393713813068652,0.2770885028949545,0.5835401157981803
59,Anne Arundel,2785,Anne Arundel Precinct 07-019,2513,166,338,272,2785,1,0.9023339317773789,0.09766606822262118,2281,0.05960502692998205,0.12136445242369838,0.8190305206463195
60,Anne Arundel,2923,Anne Arundel Precinct 07-006,2723,366,832,200,2923,1,0.9315771467670202,0.06842285323297982,1725,0.12521382141635307,0.28463906944919604,0.5901471091344509
340,Anne Arundel,3247,Anne Arundel Precinct 07-009,2512,410,499,735,3247,1,0.7736372035725285,0.2263627964274715,2338,0.12627040344933785,0.15368032029565754,0.7200492762550046
350,Anne Arundel,2407,Anne Arundel Precinct 07-021,2072,334,728,335,2407,1,0.8608226007478189,0.13917739925218114,1345,0.1387619443290403,0.30245118404653093,0.5587868716244287
351,Anne Arundel,2960,Anne Arundel Precinct 07-001,2718,460,833,242,2960,1,0.9182432432432432,0.08175675675675675,1667,0.1554054054054054,0.2814189189189189,0.5631756756756757
595,Anne Arundel,2234,Anne Arundel Precinct 03-013,2120,233,920,114,2234,1,0.9489704565801254,0.051029543419874666,1081,0.10429722470904208,0.41181736794986573,0.4838854073410922
596,Anne Arundel,2342,Anne Arundel Precinct 03-018,2095,287,884,247,2342,1,0.894534585824082,0.10546541417591802,1171,0.12254483347566182,0.3774551665243382,0.5
597,Anne Arundel,2290,Anne Arundel Precinct 03-016,2008,326,693,282,2290,1,0.8768558951965065,0.12314410480349346,1271,0.1423580786026201,0.3026200873362445,0.5550218340611354
598,Anne Arundel,2081,Anne Arundel Precinct 03-001,1849,301,728,232,2081,1,0.8885151369533878,0.1114848630466122,1052,0.1446419990389236,0.3498318116290245,0.5055261893320518
599,Anne Arundel,3428,Anne Arundel Precinct 03-003,2995,445,973,433,3428,1,0.8736872812135356,0.1263127187864644,2010,0.12981330221703619,0.2838389731621937,0.5863477246207701
600,Anne Arundel,2683,Anne Arundel Precinct 03-021,2255,416,747,428,2683,1,0.8404770778978755,0.1595229221021245,1520,0.15505031680954157,0.2784196794632874,0.5665300037271711
601,Anne Arundel,2353,Anne Arundel Precinct 03-007,2050,366,695,303,2353,1,0.8712282192945177,0.12877178070548237,1292,0.15554611134721633,0.29536761580960474,0.5490862728431789
602,Anne Arundel,1767,Anne Arundel Precinct 03-020,1677,246,646,90,1767,1,0.9490662139219015,0.050933786078098474,875,0.13921901528013583,0.3655913978494624,0.4951895868704018
603,Anne Arundel,2826,Anne Arundel Precinct 03-024,2556,379,805,270,2826,1,0.9044585987261147,0.09554140127388536,1642,0.13411181882519463,0.28485491861288037,0.581033262561925
604,Anne Arundel,2071,Anne Arundel Precinct 03-019,1963,218,799,108,2071,1,0.9478512795750845,0.0521487204249155,1054,0.10526315789473684,0.3858039594398841,0.5089328826653791
605,Anne Arundel,1896,Anne Arundel Precinct 03-014,1804,229,568,92,1896,1,0.9514767932489452,0.04852320675105485,1099,0.12078059071729957,0.29957805907172996,0.5796413502109705
606,Anne Arundel,1673,Anne Arundel Precinct 03-002,1598,213,437,75,1673,1,0.9551703526598924,0.04482964734010759,1023,0.12731619844590555,0.2612074118350269,0.6114763897190676
607,Anne Arundel,2247,Anne Arundel Precinct 03-010,2134,275,909,113,2247,1,0.94971072541166,0.05028927458834001,1063,0.12238540275923454,0.4045393858477971,0.4730752113929684
608,Anne Arundel,2451,Anne Arundel Precinct 03-011,2354,296,970,97,2451,1,0.9604243166054671,0.039575683394532844,1185,0.12076703386372908,0.39575683394532846,0.4834761321909425
609,Anne Arundel,1573,Anne Arundel Precinct 03-015,1519,212,629,54,1573,1,0.9656706929434202,0.034329307056579786,732,0.13477431659249842,0.39987285441830894,0.4653528289891926
610,Anne Arundel,2235,Anne Arundel Precinct 03-012,2128,279,887,107,2235,1,0.9521252796420582,0.04787472035794183,1069,0.12483221476510067,0.39686800894854585,0.47829977628635345
616,Anne Arundel,1837,Anne Arundel Precinct 05-014,1658,252,473,179,1837,1,0.9025585193249864,0.09744148067501361,1112,0.1371801850843767,0.25748502994011974,0.6053347849755035
617,Anne Arundel,1098,Anne Arundel Precinct 05-034,1013,196,345,85,1098,1,0.9225865209471766,0.07741347905282331,557,0.1785063752276867,0.31420765027322406,0.5072859744990893
618,Anne Arundel,1456,Anne Arundel Precinct 05-016,1317,220,328,139,1456,1,0.904532967032967,0.09546703296703296,908,0.1510989010989011,0.22527472527472528,0.6236263736263736
619,Anne Arundel,1144,Anne Arundel Precinct 05-009,1105,233,353,39,1144,1,0.9659090909090909,0.03409090909090909,558,0.20367132867132867,0.30856643356643354,0.48776223776223776
620,Anne Arundel,1735,Anne Arundel Precinct 03-023,1629,284,575,106,1735,1,0.9389048991354467,0.06109510086455332,876,0.16368876080691644,0.3314121037463977,0.5048991354466859
621,Anne Arundel,999,Anne Arundel Precinct 05-010,929,142,261,70,999,1,0.92992992992993,0.07007007007007007,596,0.14214214214214213,0.26126126126126126,0.5965965965965966
622,Anne Arundel,1854,Anne Arundel Precinct 03-022,1472,290,586,382,1854,1,0.7939590075512406,0.20604099244875945,978,0.15641855447680691,0.31607335490830635,0.5275080906148867
623,Anne Arundel,2079,Anne Arundel Precinct 03-017,1958,236,773,121,2079,1,0.9417989417989417,0.0582010582010582,1070,0.11351611351611351,0.3718133718133718,0.5146705146705147
624,Anne Arundel,1898,Anne Arundel Precinct 05-011,1645,316,501,253,1898,1,0.8667017913593256,0.1332982086406744,1081,0.16649104320337196,0.26396206533192834,0.5695468914646997
625,Anne Arundel,2039,Anne Arundel Precinct 05-004,1832,423,637,207,2039,1,0.8984796468857283,0.1015203531142717,979,0.2074546346248161,0.312408043158411,0.4801373222167729
626,Anne Arundel,1847,Anne Arundel Precinct 05-005,1625,372,479,222,1847,1,0.8798050893340552,0.12019491066594477,996,0.2014076881429345,0.2593394694098538,0.5392528424472117
627,Anne Arundel,1366,Anne Arundel Precinct 05-023,1291,246,283,75,1366,1,0.945095168374817,0.05490483162518302,837,0.1800878477306003,0.20717423133235724,0.6127379209370425
628,Anne Arundel,1716,Anne Arundel Precinct 05-003,1503,321,524,213,1716,1,0.8758741258741258,0.12412587412587413,871,0.18706293706293706,0.30536130536130535,0.5075757575757576
629,Anne Arundel,2381,Anne Arundel Precinct 05-026,1899,680,818,482,2381,1,0.7975640487190256,0.20243595128097439,883,0.2855942881142377,0.34355312893742124,0.37085258294834106
630,Anne Arundel,2632,Anne Arundel Precinct 05-021,2196,531,748,436,2632,1,0.8343465045592705,0.1656534954407295,1353,0.20174772036474165,0.28419452887537994,0.5140577507598785
631,Anne Arundel,1760,Anne Arundel Precinct 06-030,1534,409,391,226,1760,1,0.8715909090909091,0.12840909090909092,960,0.23238636363636364,0.22215909090909092,0.5454545454545454
632,Anne Arundel,1526,Anne Arundel Precinct 06-025,1416,368,478,110,1526,1,0.927916120576671,0.07208387942332896,680,0.24115334207077327,0.3132372214941022,0.4456094364351245
633,Anne Arundel,1818,Anne Arundel Precinct 05-020,1541,291,403,277,1818,1,0.8476347634763476,0.15236523652365236,1124,0.16006600660066006,0.22167216721672167,0.6182618261826183
634,Anne Arundel,1940,Anne Arundel Precinct 05-028,1748,189,245,192,1940,1,0.9010309278350516,0.09896907216494845,1506,0.09742268041237113,0.12628865979381443,0.7762886597938145
635,Anne Arundel,1531,Anne Arundel Precinct 05-027,1364,339,500,167,1531,1,0.8909209666884389,0.10907903331156107,692,0.22142390594382758,0.32658393207054215,0.4519921619856303
636,Anne Arundel,1702,Anne Arundel Precinct 05-013,1627,320,613,75,1702,1,0.9559341950646298,0.04406580493537015,769,0.18801410105757932,0.3601645123384254,0.4518213866039953
637,Anne Arundel,2718,Anne Arundel Precinct 05-018,2265,455,554,453,2718,1,0.8333333333333334,0.16666666666666666,1709,0.16740250183958794,0.20382634289919058,0.6287711552612215
638,Anne Arundel,2136,Anne Arundel Precinct 05-022,1936,493,617,200,2136,1,0.9063670411985019,0.09363295880149813,1026,0.2308052434456929,0.28885767790262173,0.4803370786516854
639,Anne Arundel,2178,Anne Arundel Precinct 05-001,1856,413,721,322,2178,1,0.852157943067034,0.14784205693296604,1044,0.189623507805326,0.3310376492194674,0.4793388429752066
640,Anne Arundel,2073,Anne Arundel Precinct 05-017,1891,522,651,182,2073,1,0.9122045344910757,0.08779546550892427,900,0.25180897250361794,0.3140376266280753,0.4341534008683068
641,Anne Arundel,2525,Anne Arundel Precinct 05-002,2062,514,588,463,2525,1,0.8166336633663366,0.18336633663366336,1423,0.20356435643564355,0.23287128712871288,0.5635643564356435
654,Anne Arundel,1620,Anne Arundel Precinct 07-026,1426,413,510,194,1620,1,0.8802469135802469,0.11975308641975309,697,0.25493827160493826,0.3148148148148148,0.4302469135802469
655,Anne Arundel,2128,Anne Arundel Precinct 04-010,1684,61,86,444,2128,1,0.7913533834586466,0.20864661654135339,1981,0.028665413533834585,0.040413533834586464,0.930921052631579
656,Anne Arundel,2733,Anne Arundel Precinct 04-016,2032,458,370,701,2733,1,0.743505305525064,0.25649469447493595,1905,0.16758141236736188,0.13538236370289058,0.6970362239297475
657,Anne Arundel,1530,Anne Arundel Precinct 07-014,1357,376,428,173,1530,1,0.8869281045751634,0.1130718954248366,726,0.2457516339869281,0.2797385620915033,0.4745098039215686
658,Anne Arundel,2243,Anne Arundel Precinct 07-016,1754,560,476,489,2243,1,0.7819884083816317,0.21801159161836825,1207,0.24966562639322337,0.21221578243423986,0.5381185911725368
659,Anne Arundel,1864,Anne Arundel Precinct 07-015,1650,415,549,214,1864,1,0.8851931330472103,0.1148068669527897,900,0.22263948497854077,0.29452789699570814,0.48283261802575106
660,Anne Arundel,2124,Anne Arundel Precinct 07-018,1735,438,579,389,2124,1,0.8168549905838042,0.18314500941619585,1107,0.2062146892655367,0.2725988700564972,0.5211864406779662
661,Anne Arundel,3122,Anne Arundel Precinct 04-023,2305,607,649,817,3122,1,0.7383087764253684,0.26169122357463165,1866,0.19442664958360026,0.20787956438180655,0.5976937860345932
662,Anne Arundel,2399,Anne Arundel Precinct 04-022,1498,543,360,901,2399,1,0.6244268445185494,0.3755731554814506,1496,0.22634431012922052,0.15006252605252188,0.6235931638182576
663,Anne Arundel,1929,Anne Arundel Precinct 04-008,1617,354,505,312,1929,1,0.838258164852255,0.16174183514774496,1070,0.18351477449455678,0.2617936754795231,0.5546915500259202
664,Anne Arundel,2249,Anne Arundel Precinct 07-008,1808,353,519,441,2249,1,0.8039128501556247,0.19608714984437528,1377,0.15695864828812806,0.23076923076923078,0.6122721209426412
665,Anne Arundel,2263,Anne Arundel Precinct 07-007,2076,352,692,187,2263,1,0.9173663278833407,0.0826336721166593,1219,0.15554573574900574,0.3057887759611136,0.5386654882898807
666,Anne Arundel,1835,Anne Arundel Precinct 07-004,1530,251,463,305,1835,1,0.8337874659400545,0.16621253405994552,1121,0.13678474114441416,0.25231607629427794,0.6108991825613079
667,Anne Arundel,2323,Anne Arundel Precinct 07-011,1990,79,199,333,2323,1,0.8566508824795523,0.14334911752044768,2045,0.03400774860094705,0.08566508824795523,0.8803271631510977
668,Anne Arundel,1203,Anne Arundel Precinct 07-027,977,333,646,226,1203,1,0.8121363258520365,0.18786367414796343,224,0.27680798004987534,0.5369908561928513,0.1862011637572735
669,Anne Arundel,2006,Anne Arundel Precinct 07-013,1841,374,680,165,2006,1,0.9177467597208375,0.08225324027916252,952,0.1864406779661017,0.3389830508474576,0.4745762711864407
670,Anne Arundel,2140,Anne Arundel Precinct 07-022,1966,245,555,174,2140,1,0.9186915887850468,0.08130841121495327,1340,0.11448598130841121,0.25934579439252337,0.6261682242990654
671,Anne Arundel,2009,Anne Arundel Precinct 07-017,1700,332,369,309,2009,1,0.8461921353907417,0.15380786460925833,1308,0.16525634644101542,0.1836734693877551,0.6510701841712294
672,Anne Arundel,1853,Anne Arundel Precinct 07-020,1435,401,379,418,1853,1,0.7744198596869941,0.22558014031300594,1073,0.21640582838640043,0.20453318942255802,0.5790609821910415
673,Anne Arundel,2151,Anne Arundel Precinct 07-024,1764,476,629,387,2151,1,0.8200836820083682,0.1799163179916318,1046,0.22129242212924222,0.29242212924221295,0.48628544862854484
674,Anne Arundel,2719,Anne Arundel Precinct 04-021,1999,632,672,720,2719,1,0.7351967635159985,0.26480323648400145,1415,0.23243839646929018,0.24714968738506804,0.5204119161456418
675,Anne Arundel,1631,Anne Arundel Precinct 06-028,1259,265,437,372,1631,1,0.7719190680564071,0.22808093194359289,929,0.16247700797057021,0.2679337829552422,0.5695892090741876
676,Anne Arundel,2014,Anne Arundel Precinct 04-004,1753,364,693,261,2014,1,0.8704071499503475,0.12959285004965243,957,0.1807348560079444,0.34409136047666333,0.47517378351539225
677,Anne Arundel,1699,Anne Arundel Precinct 07-023,1518,319,665,181,1699,1,0.8934667451442024,0.10653325485579752,715,0.1877575044143614,0.39140670982931136,0.42083578575632724
678,Anne Arundel,2203,Anne Arundel Precinct 07-012,2057,224,371,146,2203,1,0.9337267362687245,0.06627326373127554,1608,0.10167952791647752,0.1684067181116659,0.7299137539718565
679,Anne Arundel,1374,Anne Arundel Precinct 06-020,1317,223,276,57,1374,1,0.9585152838427947,0.04148471615720524,875,0.16229985443959244,0.20087336244541484,0.6368267831149927
680,Anne Arundel,2873,Anne Arundel Precinct 07-005,2447,456,758,426,2873,1,0.8517229376957883,0.14827706230421162,1659,0.1587191089453533,0.2638357117995127,0.5774451792551341
681,Anne Arundel,2103,Anne Arundel Precinct 06-019,1955,333,540,148,2103,1,0.9296243461721351,0.07037565382786495,1230,0.15834522111269614,0.25677603423680456,0.5848787446504993
682,Anne Arundel,1864,Anne Arundel Precinct 06-026,1752,353,605,112,1864,1,0.9399141630901288,0.060085836909871244,906,0.18937768240343347,0.32457081545064376,0.48605150214592274
683,Anne Arundel,1098,Anne Arundel Precinct 06-027,991,166,361,107,1098,1,0.9025500910746812,0.09744990892531877,571,0.151183970856102,0.32877959927140255,0.5200364298724954
684,Anne Arundel,2583,Anne Arundel Precinct 04-015,2338,470,849,245,2583,1,0.9051490514905149,0.0948509485094851,1264,0.18195896244676732,0.32868757259001163,0.4893534649632211
685,Anne Arundel,3191,Anne Arundel Precinct 06-021,2803,422,591,388,3191,1,0.8784080225634597,0.12159197743654027,2178,0.13224694453149483,0.1852083986211219,0.6825446568473833
686,Anne Arundel,1255,Anne Arundel Precinct 06-031,1182,231,414,73,1255,1,0.9418326693227091,0.05816733067729084,610,0.18406374501992032,0.3298804780876494,0.4860557768924303
687,Anne Arundel,3699,Anne Arundel Precinct 04-006,1002,1075,209,2697,3699,1,0.2708840227088402,0.7291159772911597,2415,0.2906190862395242,0.05650175723168424,0.6528791565287916
692,Anne Arundel,5212,Anne Arundel Precinct 01-023,1471,150,69,3741,5212,1,0.28223330775134303,0.717766692248657,4993,0.028779739063699156,0.013238679969301611,0.9579815809669993
693,Anne Arundel,5070,Anne Arundel Precinct 01-022,3022,1258,904,2048,5070,1,0.5960552268244576,0.4039447731755424,2908,0.24812623274161735,0.17830374753451678,0.5735700197238659
695,Anne Arundel,2020,Anne Arundel Precinct 04-020,1529,404,368,491,2020,1,0.7569306930693069,0.24306930693069306,1248,0.2,0.18217821782178217,0.6178217821782178
696,Anne Arundel,1510,Anne Arundel Precinct 04-005,1100,306,281,410,1510,1,0.7284768211920529,0.271523178807947,923,0.20264900662251656,0.18609271523178808,0.6112582781456953
697,Anne Arundel,1589,Anne Arundel Precinct 06-024,1066,409,285,523,1589,1,0.670862177470107,0.329137822529893,895,0.25739458779106356,0.17935808684707363,0.5632473253618628
698,Anne Arundel,1801,Anne Arundel Precinct 06-010,1437,206,239,364,1801,1,0.7978900610771793,0.20210993892282064,1356,0.11438089950027762,0.13270405330372015,0.7529150471960022
699,Anne Arundel,2354,Anne Arundel Precinct 06-003,448,429,93,1906,2354,1,0.1903143585386576,0.8096856414613424,1832,0.1822429906542056,0.0395072217502124,0.7782497875955819
700,Anne Arundel,3339,Anne Arundel Precinct 06-022,2543,429,457,796,3339,1,0.7616052710392333,0.2383947289607667,2453,0.12848158131176998,0.13686732554657083,0.7346510931416592
701,Anne Arundel,2337,Anne Arundel Precinct 06-014,603,666,173,1734,2337,1,0.25802310654685495,0.7419768934531451,1498,0.28498074454428757,0.0740265297389816,0.6409927257167308
702,Anne Arundel,1784,Anne Arundel Precinct 06-004,869,219,70,915,1784,1,0.48710762331838564,0.5128923766816144,1495,0.12275784753363228,0.03923766816143498,0.8380044843049327
703,Anne Arundel,1134,Anne Arundel Precinct 06-013,492,277,134,642,1134,1,0.43386243386243384,0.5661375661375662,723,0.24426807760141092,0.11816578483245149,0.6375661375661376
704,Anne Arundel,1646,Anne Arundel Precinct 06-002,1480,424,410,166,1646,1,0.8991494532199271,0.10085054678007291,812,0.25759416767922233,0.24908869987849333,0.4933171324422843
705,Anne Arundel,1709,Anne Arundel Precinct 06-009,1578,352,406,131,1709,1,0.9233469865418373,0.07665301345816267,951,0.20596840257460503,0.23756582796957285,0.5564657694558222
706,Anne Arundel,1407,Anne Arundel Precinct 06-005,1154,274,291,253,1407,1,0.820184790334044,0.17981520966595593,842,0.1947405828002843,0.2068230277185501,0.5984363894811656
707,Anne Arundel,1924,Anne Arundel Precinct 06-006,397,441,99,1527,1924,1,0.20634095634095634,0.7936590436590436,1384,0.2292099792099792,0.05145530145530146,0.7193347193347194
708,Anne Arundel,1590,Anne Arundel Precinct 06-023,1409,396,372,181,1590,1,0.8861635220125786,0.11383647798742139,822,0.2490566037735849,0.2339622641509434,0.5169811320754717
709,Anne Arundel,2555,Anne Arundel Precinct 06-017,1841,414,333,714,2555,1,0.7205479452054795,0.27945205479452057,1808,0.16203522504892368,0.13033268101761253,0.7076320939334638
710,Anne Arundel,1846,Anne Arundel Precinct 06-007,1193,306,154,653,1846,1,0.6462621885157096,0.35373781148429034,1386,0.1657638136511376,0.08342361863488625,0.7508125677139762
711,Anne Arundel,2292,Anne Arundel Precinct 06-015,921,397,191,1371,2292,1,0.4018324607329843,0.5981675392670157,1704,0.17321116928446773,0.08333333333333333,0.743455497382199
712,Anne Arundel,1228,Anne Arundel Precinct 06-016,525,333,97,703,1228,1,0.42752442996742673,0.5724755700325733,798,0.2711726384364821,0.07899022801302931,0.6498371335504886
713,Anne Arundel,2314,Anne Arundel Precinct 06-001,1951,497,418,363,2314,1,0.8431287813310285,0.15687121866897147,1399,0.21477960242005187,0.18063958513396716,0.6045808124459809
714,Anne Arundel,2135,Anne Arundel Precinct 06-012,1373,495,322,762,2135,1,0.6430913348946136,0.35690866510538644,1318,0.23185011709601874,0.15081967213114755,0.6173302107728337
715,Anne Arundel,1420,Anne Arundel Precinct 06-008,1092,440,312,328,1420,1,0.7690140845070422,0.23098591549295774,668,0.30985915492957744,0.21971830985915494,0.4704225352112676
716,Anne Arundel,2303,Anne Arundel Precinct 06-018,1977,448,412,326,2303,1,0.8584455058619193,0.14155449413808077,1443,0.1945288753799392,0.1788970907511941,0.6265740338688667
717,Anne Arundel,6313,Anne Arundel Precinct 06-011,4882,253,182,1431,6313,1,0.7733248851576113,0.22667511484238873,5878,0.04007603358149849,0.028829399651512752,0.9310945667669888
718,Anne Arundel,1104,Anne Arundel Precinct 06-029,958,229,333,146,1104,1,0.8677536231884058,0.1322463768115942,542,0.20742753623188406,0.3016304347826087,0.49094202898550726
768,Anne Arundel,1446,Anne Arundel Precinct 05-007,1323,252,452,123,1446,1,0.9149377593360996,0.08506224066390042,742,0.17427385892116182,0.31258644536652835,0.5131396957123098
769,Anne Arundel,1348,Anne Arundel Precinct 02-013,1068,267,407,280,1348,1,0.7922848664688428,0.20771513353115728,674,0.1980712166172107,0.30192878338278933,0.5
770,Anne Arundel,1465,Anne Arundel Precinct 05-024,1398,259,513,67,1465,1,0.9542662116040955,0.04573378839590444,693,0.17679180887372015,0.35017064846416385,0.47303754266211606
771,Anne Arundel,918,Anne Arundel Precinct 05-029,841,131,295,77,918,1,0.9161220043572985,0.08387799564270153,492,0.14270152505446623,0.3213507625272331,0.5359477124183006
772,Anne Arundel,1829,Anne Arundel Precinct 05-025,1691,257,468,138,1829,1,0.9245489338436303,0.0754510661563696,1104,0.14051394204483325,0.25587752870420993,0.6036085292509568
773,Anne Arundel,1771,Anne Arundel Precinct 05-008,1550,349,544,221,1771,1,0.8752117447769622,0.12478825522303783,878,0.19706380575945792,0.3071710897797854,0.4957651044607566
774,Anne Arundel,512,Anne Arundel Precinct 05-032,276,145,128,236,512,1,0.5390625,0.4609375,239,0.283203125,0.25,0.466796875
775,Anne Arundel,1378,Anne Arundel Precinct 05-006,1331,289,466,47,1378,1,0.9658925979680697,0.034107402031930335,623,0.20972423802612483,0.3381712626995646,0.4521044992743106
776,Anne Arundel,1402,Anne Arundel Precinct 05-012,1244,283,437,158,1402,1,0.8873038516405135,0.11269614835948645,682,0.20185449358059915,0.31169757489301,0.4864479315263909
777,Anne Arundel,956,Anne Arundel Precinct 05-030,750,158,285,206,956,1,0.7845188284518828,0.21548117154811716,513,0.16527196652719664,0.29811715481171547,0.5366108786610879
778,Anne Arundel,1159,Anne Arundel Precinct 03-009,1038,152,398,121,1159,1,0.8955996548748921,0.10440034512510785,609,0.13114754098360656,0.34339948231233824,0.5254529767040552
779,Anne Arundel,2203,Anne Arundel Precinct 03-005,1873,369,726,330,2203,1,0.8502042669087608,0.14979573309123922,1108,0.16749886518384022,0.3295506128007263,0.5029505220154336
780,Anne Arundel,584,Anne Arundel Precinct 05-031,419,83,138,165,584,1,0.7174657534246576,0.2825342465753425,363,0.1421232876712329,0.2363013698630137,0.6215753424657534
781,Anne Arundel,2474,Anne Arundel Precinct 02-020,1732,387,489,742,2474,1,0.7000808407437349,0.29991915925626517,1598,0.15642683912691996,0.19765561843168958,0.6459175424413904
782,Anne Arundel,1793,Anne Arundel Precinct 02-011,1380,244,346,413,1793,1,0.769659788064696,0.23034021193530396,1203,0.13608477412158393,0.19297267150027886,0.6709425543781372
783,Anne Arundel,2031,Anne Arundel Precinct 02-012,1669,221,355,362,2031,1,0.8217626784835057,0.17823732151649435,1455,0.10881339241752831,0.17479074347612014,0.7163958641063516
784,Anne Arundel,3219,Anne Arundel Precinct 02-019,1615,536,310,1604,3219,1,0.501708605156881,0.49829139484311896,2373,0.16651133892513204,0.09630319975147561,0.7371854613233924
785,Anne Arundel,3140,Anne Arundel Precinct 03-008,2252,524,522,888,3140,1,0.7171974522292993,0.28280254777070063,2094,0.16687898089171974,0.1662420382165605,0.6668789808917197
786,Anne Arundel,2930,Anne Arundel Precinct 02-010,2396,340,597,534,2930,1,0.8177474402730376,0.18225255972696247,1993,0.11604095563139932,0.20375426621160408,0.6802047781569965
787,Anne Arundel,3008,Anne Arundel Precinct 02-022,2642,442,690,366,3008,1,0.8783244680851063,0.12167553191489362,1876,0.14694148936170212,0.2293882978723404,0.6236702127659575
788,Anne Arundel,2034,Anne Arundel Precinct 03-025,1099,430,320,935,2034,1,0.54031465093412,0.45968534906588004,1284,0.21140609636184857,0.15732546705998032,0.6312684365781711
789,Anne Arundel,3117,Anne Arundel Precinct 03-004,2564,432,820,553,3117,1,0.8225858196984279,0.17741418030157202,1865,0.13859480269489893,0.2630734680782804,0.5983317292268207
790,Anne Arundel,3560,Anne Arundel Precinct 03-006,2742,1052,1463,818,3560,1,0.7702247191011236,0.22977528089887642,1045,0.2955056179775281,0.4109550561797753,0.29353932584269665
791,Anne Arundel,1490,Anne Arundel Precinct 01-002,1350,287,581,140,1490,1,0.9060402684563759,0.09395973154362416,622,0.19261744966442954,0.38993288590604025,0.4174496644295302
792,Anne Arundel,1231,Anne Arundel Precinct 01-011,1154,202,457,77,1231,1,0.9374492282696995,0.06255077173030058,572,0.16409423233143786,0.37124289195775795,0.4646628757108042
793,Anne Arundel,1787,Anne Arundel Precinct 01-007,1593,256,555,194,1787,1,0.8914381645215445,0.1085618354784555,976,0.14325685506435368,0.310576385002798,0.5461667599328484
794,Anne Arundel,1878,Anne Arundel Precinct 01-001,1569,301,631,309,1878,1,0.8354632587859425,0.1645367412140575,946,0.16027689030883918,0.3359957401490948,0.503727369542066
795,Anne Arundel,1406,Anne Arundel Precinct 01-010,1312,255,461,94,1406,1,0.9331436699857752,0.06685633001422475,690,0.1813655761024182,0.3278805120910384,0.4907539118065434
799,Anne Arundel,2426,Anne Arundel Precinct 01-008,2132,346,649,294,2426,1,0.8788128606760099,0.12118713932399011,1431,0.14262159934047816,0.26751854905193734,0.5898598516075845
800,Anne Arundel,2202,Anne Arundel Precinct 01-004,1450,479,350,752,2202,1,0.6584922797456857,0.34150772025431425,1373,0.21752951861943687,0.1589464123524069,0.6235240690281563
801,Anne Arundel,2201,Anne Arundel Precinct 01-014,1607,291,486,594,2201,1,0.7301226715129486,0.2698773284870513,1424,0.13221263062244434,0.22080872330758747,0.6469786460699682
802,Anne Arundel,4021,Anne Arundel Precinct 01-012,1909,721,286,2112,4021,1,0.4747575230042278,0.5252424769957722,3014,0.17930862969410594,0.07112658542651082,0.7495647848793833
803,Anne Arundel,2018,Anne Arundel Precinct 01-015,1685,349,497,333,2018,1,0.8349851337958375,0.16501486620416253,1172,0.17294350842418235,0.24628344895936571,0.5807730426164519
806,Anne Arundel,1443,Anne Arundel Precinct 01-013,1092,244,199,351,1443,1,0.7567567567567568,0.24324324324324326,1000,0.1690921690921691,0.1379071379071379,0.693000693000693
879,Anne Arundel,3468,Anne Arundel Precinct 01-018,2157,617,412,1311,3468,1,0.6219723183391004,0.3780276816608997,2439,0.1779123414071511,0.11880046136101499,0.7032871972318339
880,Anne Arundel,1823,Anne Arundel Precinct 01-017,1402,266,283,421,1823,1,0.7690619857377948,0.23093801426220514,1274,0.14591332967635764,0.15523861766319255,0.6988480526604498
881,Anne Arundel,2523,Anne Arundel Precinct 01-016,1828,392,435,695,2523,1,0.724534284581847,0.275465715418153,1696,0.15537059056678557,0.1724137931034483,0.6722156163297661
909,Anne Arundel,2629,Anne Arundel Precinct 07-002,2349,494,775,280,2629,1,0.893495625713199,0.10650437428680107,1360,0.18790414606314187,0.29478889311525297,0.5173069608216052
1328,Anne Arundel,1793,Anne Arundel Precinct 04-013,1507,249,485,286,1793,1,0.8404907975460123,0.15950920245398773,1059,0.1388733965421082,0.2704963747908533,0.5906302286670385
1329,Anne Arundel,2683,Anne Arundel Precinct 02-021,2136,437,910,547,2683,1,0.7961237420797614,0.20387625792023853,1336,0.1628773760715617,0.33917256802087214,0.49795005590756614
1330,Anne Arundel,1317,Anne Arundel Precinct 05-015,1236,205,328,81,1317,1,0.9384965831435079,0.06150341685649203,784,0.1556567957479119,0.24905087319665908,0.595292331055429
1331,Anne Arundel,1928,Anne Arundel Precinct 02-018,1261,430,325,667,1928,1,0.654045643153527,0.345954356846473,1173,0.22302904564315354,0.16856846473029047,0.608402489626556
1332,Anne Arundel,2386,Anne Arundel Precinct 02-015,1415,528,399,971,2386,1,0.5930427493713327,0.4069572506286672,1459,0.22129086336965634,0.1672254819782062,0.6114836546521375
1333,Anne Arundel,1151,Anne Arundel Precinct 05-033,988,254,577,163,1151,1,0.8583840139009556,0.1416159860990443,320,0.2206776715899218,0.5013032145960035,0.27801911381407474
1334,Anne Arundel,2500,Anne Arundel Precinct 02-004,1644,435,481,856,2500,1,0.6576,0.3424,1584,0.174,0.1924,0.6336
1335,Anne Arundel,2846,Anne Arundel Precinct 02-009,1587,580,362,1259,2846,1,0.5576247364722418,0.44237526352775824,1904,0.2037947997189037,0.12719606465214336,0.6690091356289529
1336,Anne Arundel,2844,Anne Arundel Precinct 02-007,2016,566,575,828,2844,1,0.7088607594936709,0.2911392405063291,1703,0.1990154711673699,0.20218002812939523,0.5988045007032349
1337,Anne Arundel,2177,Anne Arundel Precinct 01-009,1913,270,584,264,2177,1,0.8787322002756086,0.12126779972439136,1323,0.1240238860817639,0.26825907211759303,0.6077170418006431
1338,Anne Arundel,2304,Anne Arundel Precinct 02-003,1599,359,501,705,2304,1,0.6940104166666666,0.3059895833333333,1444,0.1558159722222222,0.21744791666666666,0.6267361111111112
1339,Anne Arundel,3752,Anne Arundel Precinct 02-017,1881,596,279,1871,3752,1,0.5013326226012793,0.4986673773987207,2877,0.15884861407249468,0.07436034115138593,0.7667910447761194
1340,Anne Arundel,4380,Anne Arundel Precinct 02-014,1844,849,262,2536,4380,1,0.42100456621004567,0.5789954337899543,3269,0.19383561643835617,0.059817351598173515,0.7463470319634703
1341,Anne Arundel,1399,Anne Arundel Precinct 02-002,1086,403,369,313,1399,1,0.7762687634024303,0.2237312365975697,627,0.28806290207290924,0.26375982844889206,0.4481772694781987
1342,Anne Arundel,3009,Anne Arundel Precinct 02-005,1892,443,409,1117,3009,1,0.6287803256895979,0.37121967431040215,2157,0.1472249916915919,0.1359255566633433,0.7168494516450648
1343,Anne Arundel,2023,Anne Arundel Precinct 02-006,1608,296,404,415,2023,1,0.7948591201186357,0.2051408798813643,1323,0.1463173504695996,0.19970341077607515,0.6539792387543253
1344,Anne Arundel,2540,Anne Arundel Precinct 01-003,2035,310,551,505,2540,1,0.8011811023622047,0.19881889763779528,1679,0.1220472440944882,0.2169291338582677,0.6610236220472441
1345,Anne Arundel,1582,Anne Arundel Precinct 02-016,1282,198,346,300,1582,1,0.8103666245259166,0.18963337547408343,1038,0.12515802781289506,0.21871049304677623,0.6561314791403287
1346,Anne Arundel,2689,Anne Arundel Precinct 02-008,2286,395,658,403,2689,1,0.8501301599107475,0.1498698400892525,1636,0.14689475641502417,0.24470063220528077,0.608404611379695
1347,Anne Arundel,1929,Anne Arundel Precinct 04-014,1789,305,535,140,1929,1,0.9274235355106273,0.07257646448937273,1089,0.15811301192327631,0.2773457750129601,0.5645412130637636
1348,Anne Arundel,1584,Anne Arundel Precinct 05-019,1501,216,488,83,1584,1,0.94760101010101,0.052398989898989896,880,0.13636363636363635,0.30808080808080807,0.5555555555555556
1602,Anne Arundel,6637,Anne Arundel Precinct 04-007,3576,599,263,3061,6637,1,0.5387976495404551,0.461202350459545,5775,0.09025161970769927,0.039626337200542414,0.8701220430917583
1603,Anne Arundel,2138,Anne Arundel Precinct 04-019,624,593,132,1514,2138,1,0.29186155285313375,0.7081384471468662,1413,0.27736202057998127,0.0617399438727783,0.6608980355472404
1604,Anne Arundel,1672,Anne Arundel Precinct 04-011,1012,421,290,660,1672,1,0.6052631578947368,0.39473684210526316,961,0.25179425837320574,0.173444976076555,0.5747607655502392
1605,Anne Arundel,1787,Anne Arundel Precinct 04-012,1244,330,343,543,1787,1,0.6961387800783436,0.30386121992165643,1114,0.1846670397313934,0.1919418019026301,0.6233911583659765
1606,Anne Arundel,1872,Anne Arundel Precinct 04-003,1469,326,500,403,1872,1,0.7847222222222222,0.2152777777777778,1046,0.17414529914529914,0.2670940170940171,0.5587606837606838
1607,Anne Arundel,2203,Anne Arundel Precinct 04-002,1531,545,483,672,2203,1,0.6949614162505674,0.3050385837494326,1175,0.24738992283250114,0.21924648206990469,0.5333635950975942
1608,Anne Arundel,3982,Anne Arundel Precinct 04-024,1617,791,282,2365,3982,1,0.40607734806629836,0.5939226519337016,2909,0.19864389753892517,0.07081868407835258,0.7305374183827222
1609,Anne Arundel,2792,Anne Arundel Precinct 04-018,453,1379,508,2339,2792,1,0.16224928366762179,0.8377507163323782,905,0.49391117478510027,0.1819484240687679,0.3241404011461318
1610,Anne Arundel,2335,Anne Arundel Precinct 02-023,1669,493,582,666,2335,1,0.7147751605995717,0.28522483940042825,1260,0.21113490364025697,0.24925053533190578,0.5396145610278372
1611,Anne Arundel,2103,Anne Arundel Precinct 02-024,1550,373,480,553,2103,1,0.7370423204945317,0.2629576795054684,1250,0.1773656680932002,0.2282453637660485,0.5943889681407513
1612,Anne Arundel,2435,Anne Arundel Precinct 01-020,1182,490,317,1253,2435,1,0.4854209445585216,0.5145790554414784,1628,0.20123203285420946,0.13018480492813142,0.6685831622176591
1613,Anne Arundel,2219,Anne Arundel Precinct 01-021,618,612,172,1601,2219,1,0.2785038305543037,0.7214961694456963,1435,0.2757999098693105,0.07751239296980622,0.6466876971608833
1614,Anne Arundel,2392,Anne Arundel Precinct 01-019,966,503,281,1426,2392,1,0.40384615384615385,0.5961538461538461,1608,0.21028428093645485,0.11747491638795987,0.6722408026755853
1615,Anne Arundel,1877,Anne Arundel Precinct 01-005,1116,380,304,761,1877,1,0.5945657964837506,0.4054342035162493,1193,0.20245071923281832,0.16196057538625466,0.635588705380927
1616,Anne Arundel,1391,Anne Arundel Precinct 01-024,699,358,210,692,1391,1,0.5025161754133717,0.4974838245866283,823,0.2573687994248742,0.1509705248023005,0.5916606757728253
1617,Anne Arundel,1706,Anne Arundel Precinct 02-001,1287,276,391,419,1706,1,0.7543962485345839,0.2456037514654162,1039,0.16178194607268465,0.22919109026963658,0.6090269636576788
1618,Anne Arundel,2031,Anne Arundel Precinct 01-006,1005,578,317,1026,2031,1,0.4948301329394387,0.5051698670605613,1136,0.2845888724766125,0.15608074839980304,0.5593303791235844
1673,Anne Arundel,3177,Anne Arundel Precinct 04-017,1534,648,255,1643,3177,1,0.4828454516839786,0.5171545483160214,2274,0.20396600566572237,0.08026440037771483,0.7157695939565628
1674,Anne Arundel,2642,Anne Arundel Precinct 04-001,1022,615,240,1620,2642,1,0.38682816048448143,0.6131718395155186,1787,0.232778198334595,0.09084027252081757,0.6763815291445874
1677,Anne Arundel,2646,Anne Arundel Precinct 04-009,961,990,246,1685,2646,1,0.36318972033257746,0.6368102796674225,1410,0.3741496598639456,0.09297052154195011,0.5328798185941043
