,COUNTY,VAP,NAME,WVAP,COMP18D,COMP18R,OVAP,TOT_VOTES,factor,WVAP_pct,OVAP_pct,COMP18None,COMP18D_pct,COMP18R_pct,COMP18None_pct
424,Baltimore County,2889,Baltimore County Precinct 11-019,2270,513,314,619,2889,1,0.7857390100380754,0.21426098996192455,2062,0.17757009345794392,0.10868812737971617,0.7137417791623399
425,Baltimore County,4130,Baltimore County Precinct 14-003,2875,777,344,1255,4130,1,0.6961259079903148,0.30387409200968524,3009,0.188135593220339,0.08329297820823245,0.7285714285714285
426,Baltimore County,1265,Baltimore County Precinct 11-013,891,202,106,374,1265,1,0.7043478260869566,0.2956521739130435,957,0.15968379446640316,0.08379446640316206,0.7565217391304347
427,Baltimore County,3157,Baltimore County Precinct 15-010,2444,560,306,713,3157,1,0.774152676591701,0.22584732340829902,2291,0.17738359201773837,0.09692746278112131,0.7256889452011404
428,Baltimore County,5523,Baltimore County Precinct 15-005,2822,1162,563,2701,5523,1,0.5109541915625566,0.48904580843744344,3798,0.21039290240811154,0.10193735288792323,0.6876697447039652
429,Baltimore County,1411,Baltimore County Precinct 15-009,1311,253,261,100,1411,1,0.9291282778171509,0.07087172218284904,897,0.1793054571226081,0.184975194897236,0.635719347980156
430,Baltimore County,6204,Baltimore County Precinct 15-004,4276,640,231,1928,6204,1,0.6892327530625403,0.3107672469374597,5333,0.1031592520954223,0.03723404255319149,0.8596067053513862
431,Baltimore County,3736,Baltimore County Precinct 11-012,3099,680,456,637,3736,1,0.8294967880085653,0.1705032119914347,2600,0.18201284796573874,0.12205567451820129,0.69593147751606
432,Baltimore County,2316,Baltimore County Precinct 11-007,1947,883,585,369,2316,1,0.8406735751295337,0.15932642487046633,848,0.3812607944732297,0.25259067357512954,0.36614853195164077
433,Baltimore County,2818,Baltimore County Precinct 11-014,2465,491,377,353,2818,1,0.8747338537970192,0.12526614620298085,1950,0.17423704755145494,0.13378282469836764,0.6919801277501775
434,Baltimore County,2037,Baltimore County Precinct 11-006,1892,413,335,145,2037,1,0.9288168875797742,0.07118311242022582,1289,0.2027491408934708,0.1644575355915562,0.632793323514973
435,Baltimore County,3470,Baltimore County Precinct 11-022,2749,706,527,721,3470,1,0.7922190201729107,0.20778097982708935,2237,0.20345821325648414,0.15187319884726225,0.6446685878962536
436,Baltimore County,2386,Baltimore County Precinct 11-005,1880,517,370,506,2386,1,0.787929589270746,0.21207041072925398,1499,0.21668063704945514,0.1550712489522213,0.6282481139983236
437,Baltimore County,4029,Baltimore County Precinct 11-003,3873,780,947,156,4029,1,0.9612807148175726,0.0387192851824274,2302,0.193596425912137,0.23504591710101763,0.5713576569868454
438,Baltimore County,2502,Baltimore County Precinct 11-001,2338,654,523,164,2502,1,0.9344524380495604,0.06554756195043965,1325,0.26139088729016785,0.2090327737809752,0.5295763389288569
439,Baltimore County,300,Baltimore County Precinct 10-005,276,101,69,24,300,1,0.92,0.08,130,0.33666666666666667,0.23,0.43333333333333335
440,Baltimore County,1364,Baltimore County Precinct 10-003,1284,291,240,80,1364,1,0.9413489736070382,0.05865102639296188,833,0.21334310850439883,0.17595307917888564,0.6107038123167156
442,Baltimore County,3090,Baltimore County Precinct 11-002,2978,525,574,112,3090,1,0.9637540453074434,0.036245954692556634,1991,0.16990291262135923,0.18576051779935276,0.644336569579288
445,Baltimore County,3678,Baltimore County Precinct 15-007,2778,563,374,900,3678,1,0.7553017944535073,0.24469820554649266,2741,0.15307232191408374,0.10168569874932028,0.745241979336596
446,Baltimore County,2060,Baltimore County Precinct 15-025,1956,605,534,104,2060,1,0.9495145631067962,0.05048543689320388,921,0.2936893203883495,0.25922330097087376,0.4470873786407767
447,Baltimore County,3091,Baltimore County Precinct 15-008,2496,572,399,595,3091,1,0.8075056615981883,0.1924943384018117,2120,0.18505338078291814,0.12908443869297961,0.6858621805241022
448,Baltimore County,2662,Baltimore County Precinct 15-006,2499,495,631,163,2662,1,0.9387678437265214,0.06123215627347859,1536,0.1859504132231405,0.2370398196844478,0.5770097670924117
449,Baltimore County,2544,Baltimore County Precinct 11-004,1999,579,430,545,2544,1,0.7857704402515723,0.21422955974842767,1535,0.2275943396226415,0.1690251572327044,0.6033805031446541
450,Baltimore County,86,Baltimore County Precinct 11-020,73,7,10,13,86,1,0.8488372093023255,0.1511627906976744,69,0.08139534883720931,0.11627906976744186,0.8023255813953488
560,Baltimore County,3508,Baltimore County Precinct 15-022,3315,558,693,193,3508,1,0.9449828962371721,0.05501710376282782,2257,0.15906499429874574,0.1975484606613455,0.6433865450399088
561,Baltimore County,4160,Baltimore County Precinct 15-021,3797,742,700,363,4160,1,0.9127403846153846,0.08725961538461538,2718,0.17836538461538462,0.16826923076923078,0.6533653846153846
562,Baltimore County,4692,Baltimore County Precinct 15-020,4264,676,633,428,4692,1,0.9087809036658141,0.09121909633418585,3383,0.14407502131287298,0.13491048593350383,0.7210144927536232
563,Baltimore County,2809,Baltimore County Precinct 15-015,2416,363,364,393,2809,1,0.8600925596297615,0.13990744037023853,2082,0.12922748309006765,0.12958348166607334,0.741189035243859
564,Baltimore County,1897,Baltimore County Precinct 15-013,1758,305,333,139,1897,1,0.926726410121244,0.07327358987875593,1259,0.16078017923036372,0.17554032683183976,0.6636794939377966
565,Baltimore County,2156,Baltimore County Precinct 15-012,1954,366,370,202,2156,1,0.9063079777365491,0.09369202226345083,1420,0.16975881261595546,0.17161410018552875,0.6586270871985158
566,Baltimore County,3144,Baltimore County Precinct 15-016,2489,404,330,655,3144,1,0.7916666666666666,0.20833333333333334,2410,0.12849872773536897,0.1049618320610687,0.7665394402035624
567,Baltimore County,3506,Baltimore County Precinct 15-017,1421,843,222,2085,3506,1,0.40530519110096974,0.5946948088990303,2441,0.24044495151169423,0.06332002281802625,0.6962350256702795
568,Baltimore County,5453,Baltimore County Precinct 15-023,1748,818,96,3705,5453,1,0.3205574912891986,0.6794425087108014,4539,0.150009169264625,0.017604988079955988,0.832385842655419
569,Baltimore County,975,Baltimore County Precinct 15-024,813,154,113,162,975,1,0.8338461538461538,0.16615384615384615,708,0.15794871794871795,0.1158974358974359,0.7261538461538461
570,Baltimore County,2919,Baltimore County Precinct 15-018,2086,520,385,833,2919,1,0.7146282973621103,0.2853717026378897,2014,0.17814319972593354,0.13189448441247004,0.6899623158615964
571,Baltimore County,3443,Baltimore County Precinct 15-019,3220,590,647,223,3443,1,0.9352309032820215,0.06476909671797851,2206,0.17136218414173685,0.18791751379610805,0.6407203020621551
572,Baltimore County,1739,Baltimore County Precinct 15-026,1696,400,459,43,1739,1,0.9752731454859115,0.024726854514088556,880,0.23001725129384704,0.2639447958596895,0.5060379528464635
573,Baltimore County,2441,Baltimore County Precinct 12-012,2188,404,335,253,2441,1,0.8963539532978287,0.10364604670217124,1702,0.16550594018844736,0.13723883654240066,0.697255223269152
577,Baltimore County,2668,Baltimore County Precinct 12-010,2310,473,272,358,2668,1,0.8658170914542729,0.13418290854572715,1923,0.1772863568215892,0.10194902548725637,0.7207646176911544
578,Baltimore County,2639,Baltimore County Precinct 12-008,2315,383,339,324,2639,1,0.8772262220538083,0.12277377794619174,1917,0.14513073133762788,0.12845774914740432,0.7264115195149677
579,Baltimore County,3982,Baltimore County Precinct 12-003,3387,557,430,595,3982,1,0.8505775991963838,0.14942240080361627,2995,0.13987945755901557,0.10798593671521849,0.752134605725766
580,Baltimore County,3256,Baltimore County Precinct 12-002,2763,444,297,493,3256,1,0.8485872235872236,0.15141277641277642,2515,0.13636363636363635,0.09121621621621621,0.7724201474201474
587,Baltimore County,2846,Baltimore County Precinct 12-001,2343,356,278,503,2846,1,0.8232607167955025,0.17673928320449753,2212,0.12508784258608574,0.09768095572733661,0.7772312016865777
588,Baltimore County,4204,Baltimore County Precinct 12-007,3764,681,486,440,4204,1,0.8953377735490009,0.10466222645099905,3037,0.161988582302569,0.11560418648905804,0.722407231208373
589,Baltimore County,3540,Baltimore County Precinct 12-006,2774,520,287,766,3540,1,0.7836158192090396,0.21638418079096045,2733,0.14689265536723164,0.08107344632768361,0.7720338983050847
590,Baltimore County,3308,Baltimore County Precinct 12-005,2994,521,397,314,3308,1,0.9050785973397824,0.09492140266021766,2390,0.15749697702539298,0.12001209189842806,0.722490931076179
591,Baltimore County,4898,Baltimore County Precinct 12-004,4398,606,529,500,4898,1,0.897917517354022,0.10208248264597795,3763,0.12372396896692528,0.10800326663944466,0.76827276439363
592,Baltimore County,2424,Baltimore County Precinct 15-001,1845,281,158,579,2424,1,0.7611386138613861,0.23886138613861385,1985,0.11592409240924093,0.06518151815181518,0.8188943894389439
593,Baltimore County,3263,Baltimore County Precinct 15-002,2829,520,403,434,3263,1,0.8669935642047196,0.1330064357952804,2340,0.1593625498007968,0.12350597609561753,0.7171314741035857
594,Baltimore County,1177,Baltimore County Precinct 15-014,1054,190,181,123,1177,1,0.8954970263381479,0.10450297366185217,806,0.16142735768903993,0.15378079864061173,0.6847918436703483
611,Baltimore County,1456,Baltimore County Precinct 12-009,1157,171,90,299,1456,1,0.7946428571428571,0.20535714285714285,1195,0.11744505494505494,0.061813186813186816,0.8207417582417582
612,Baltimore County,4122,Baltimore County Precinct 12-011,3270,526,325,852,4122,1,0.7933042212518195,0.2066957787481805,3271,0.12760795730228044,0.07884522076661815,0.7935468219311014
613,Baltimore County,1905,Baltimore County Precinct 12-013,167,307,10,1738,1905,1,0.08766404199475065,0.9123359580052494,1588,0.16115485564304463,0.005249343832020997,0.8335958005249344
796,Baltimore County,1239,Baltimore County Precinct 13-006,980,210,136,259,1239,1,0.7909604519774012,0.20903954802259886,893,0.1694915254237288,0.10976594027441484,0.7207425343018563
797,Baltimore County,2979,Baltimore County Precinct 13-007,1367,416,171,1612,2979,1,0.4588788183954347,0.5411211816045652,2392,0.13964417589795233,0.05740181268882175,0.8029540114132259
798,Baltimore County,5380,Baltimore County Precinct 13-009,3849,685,382,1531,5380,1,0.7154275092936803,0.2845724907063197,4313,0.12732342007434944,0.07100371747211896,0.8016728624535316
804,Baltimore County,2262,Baltimore County Precinct 13-008,1953,380,334,309,2262,1,0.863395225464191,0.13660477453580902,1548,0.16799292661361626,0.14765694076038904,0.6843501326259946
823,Baltimore County,2920,Baltimore County Precinct 14-011,1954,520,219,966,2920,1,0.6691780821917809,0.3308219178082192,2181,0.1780821917808219,0.075,0.7469178082191781
824,Baltimore County,2766,Baltimore County Precinct 14-007,2061,607,306,705,2766,1,0.745119305856833,0.25488069414316705,1853,0.21945046999276935,0.11062906724511931,0.6699204627621114
825,Baltimore County,3521,Baltimore County Precinct 14-008,1352,1005,184,2169,3521,1,0.38398182334564046,0.6160181766543595,2332,0.2854302754899176,0.052257881283726215,0.6623118432263562
829,Baltimore County,4086,Baltimore County Precinct 09-022,3162,985,388,924,4086,1,0.7738619676945668,0.2261380323054332,2713,0.241067058247675,0.09495839451786588,0.6639745472344591
830,Baltimore County,2181,Baltimore County Precinct 14-012,1973,531,349,208,2181,1,0.9046309032553874,0.09536909674461257,1301,0.24346629986244842,0.16001834021091244,0.5965153599266392
831,Baltimore County,723,Baltimore County Precinct 14-014,485,142,61,238,723,1,0.6708160442600276,0.32918395573997233,520,0.19640387275242047,0.08437067773167359,0.719225449515906
832,Baltimore County,3444,Baltimore County Precinct 14-006,2936,813,466,508,3444,1,0.8524970963995354,0.14750290360046459,2165,0.23606271777003485,0.13530778164924506,0.6286295005807201
833,Baltimore County,2262,Baltimore County Precinct 14-001,2044,575,390,218,2262,1,0.9036251105216623,0.09637488947833775,1297,0.2541998231653404,0.1724137931034483,0.5733863837312113
834,Baltimore County,2561,Baltimore County Precinct 14-010,1869,589,242,692,2561,1,0.7297930495900039,0.2702069504099961,1730,0.22998828582584926,0.09449433814916049,0.6755173760249903
835,Baltimore County,4471,Baltimore County Precinct 14-009,1738,1041,266,2733,4471,1,0.38872735405949455,0.6112726459405055,3164,0.2328338179378215,0.0594945202415567,0.7076716618206218
836,Baltimore County,1191,Baltimore County Precinct 14-005,540,144,52,651,1191,1,0.4534005037783375,0.5465994962216625,995,0.12090680100755667,0.0436607892527288,0.8354324097397146
837,Baltimore County,2619,Baltimore County Precinct 11-016,1527,413,157,1092,2619,1,0.5830469644902635,0.41695303550973656,2049,0.15769377625047729,0.05994654448262696,0.7823596792668958
838,Baltimore County,4063,Baltimore County Precinct 14-002,2593,719,386,1470,4063,1,0.6381983755845434,0.36180162441545655,2958,0.17696283534334237,0.09500369185331037,0.7280334728033473
839,Baltimore County,3933,Baltimore County Precinct 11-011,2948,677,448,985,3933,1,0.7495550470378846,0.25044495296211544,2808,0.17213323162979913,0.11390795830155098,0.7139588100686499
840,Baltimore County,3413,Baltimore County Precinct 09-023,2320,758,349,1093,3413,1,0.6797538822150601,0.32024611778493994,2306,0.22209200117198946,0.10225607969528275,0.6756519191327278
841,Baltimore County,2956,Baltimore County Precinct 09-025,2214,698,345,742,2956,1,0.7489851150202977,0.2510148849797023,1913,0.2361299052774019,0.11671177266576455,0.6471583220568335
842,Baltimore County,2895,Baltimore County Precinct 11-009,2192,661,388,703,2895,1,0.7571675302245251,0.24283246977547496,1846,0.22832469775474956,0.13402417962003454,0.6376511226252158
843,Baltimore County,3895,Baltimore County Precinct 09-024,3019,977,513,876,3895,1,0.7750962772785622,0.22490372272143774,2405,0.2508344030808729,0.13170731707317074,0.6174582798459564
844,Baltimore County,3694,Baltimore County Precinct 11-015,3631,677,364,63,3694,1,0.9829453167298322,0.01705468327016784,2653,0.18327016783974012,0.09853817000541419,0.7181916621548456
845,Baltimore County,731,Baltimore County Precinct 11-021,560,151,76,171,731,1,0.7660738714090287,0.23392612859097128,504,0.20656634746922026,0.1039671682626539,0.6894664842681258
846,Baltimore County,2824,Baltimore County Precinct 11-008,2388,455,383,436,2824,1,0.8456090651558074,0.15439093484419264,1986,0.16111898016997167,0.13562322946175637,0.703257790368272
847,Baltimore County,3720,Baltimore County Precinct 11-010,2780,676,345,940,3720,1,0.7473118279569892,0.25268817204301075,2699,0.1817204301075269,0.09274193548387097,0.7255376344086022
848,Baltimore County,1942,Baltimore County Precinct 11-018,1553,168,110,389,1942,1,0.7996910401647785,0.20030895983522143,1664,0.08650875386199794,0.05664263645726056,0.8568486096807415
849,Baltimore County,3460,Baltimore County Precinct 11-017,2820,747,496,640,3460,1,0.815028901734104,0.18497109826589594,2217,0.21589595375722542,0.14335260115606938,0.6407514450867052
850,Baltimore County,2630,Baltimore County Precinct 15-003,2325,334,344,305,2630,1,0.8840304182509505,0.11596958174904944,1952,0.1269961977186312,0.13079847908745248,0.7422053231939163
851,Baltimore County,3634,Baltimore County Precinct 14-013,1814,568,198,1820,3634,1,0.4991744634012108,0.5008255365987893,2868,0.15630159603742433,0.05448541552008806,0.7892129884424877
852,Baltimore County,3333,Baltimore County Precinct 15-011,2680,547,330,653,3333,1,0.804080408040804,0.19591959195919592,2456,0.1641164116411641,0.09900990099009901,0.7368736873687368
853,Baltimore County,343,Baltimore County Precinct 14-004,274,126,56,69,343,1,0.7988338192419825,0.20116618075801748,161,0.3673469387755102,0.16326530612244897,0.46938775510204084
965,Baltimore County,3555,Baltimore County Precinct 08-011,2068,405,203,1487,3555,1,0.5817158931082982,0.4182841068917018,2947,0.11392405063291139,0.05710267229254571,0.8289732770745429
966,Baltimore County,2505,Baltimore County Precinct 08-006,1379,1025,190,1126,2505,1,0.550499001996008,0.449500998003992,1290,0.4091816367265469,0.07584830339321358,0.5149700598802395
967,Baltimore County,1757,Baltimore County Precinct 08-003,1549,495,259,208,1757,1,0.8816163915765509,0.11838360842344905,1003,0.2817302219692658,0.14741035856573706,0.5708594194649972
968,Baltimore County,2017,Baltimore County Precinct 08-022,1757,563,283,260,2017,1,0.8710956866633615,0.12890431333663857,1171,0.27912741695587506,0.14030738720872582,0.5805651958353991
969,Baltimore County,2489,Baltimore County Precinct 08-001,2208,650,472,281,2489,1,0.8871032543190036,0.11289674568099639,1367,0.2611490558457212,0.189634391321816,0.5492165528324628
970,Baltimore County,1888,Baltimore County Precinct 08-025,1659,401,283,229,1888,1,0.878707627118644,0.12129237288135593,1204,0.21239406779661016,0.14989406779661016,0.6377118644067796
971,Baltimore County,2437,Baltimore County Precinct 08-004,2117,759,393,320,2437,1,0.8686910135412392,0.13130898645876077,1285,0.3114485022568732,0.16126384899466556,0.5272876487484612
972,Baltimore County,1477,Baltimore County Precinct 10-002,1372,349,269,105,1477,1,0.9289099526066351,0.07109004739336493,859,0.23628977657413677,0.18212593094109683,0.5815842924847664
973,Baltimore County,1876,Baltimore County Precinct 10-004,1797,399,362,79,1876,1,0.9578891257995735,0.04211087420042644,1115,0.2126865671641791,0.1929637526652452,0.5943496801705757
974,Baltimore County,3018,Baltimore County Precinct 10-001,2857,652,586,161,3018,1,0.9466534128561962,0.053346587143803845,1780,0.21603711066931744,0.1941683233929755,0.5897945659377071
975,Baltimore County,3508,Baltimore County Precinct 05-001,3315,864,747,193,3508,1,0.9449828962371721,0.05501710376282782,1897,0.24629418472063855,0.2129418472063854,0.5407639680729761
976,Baltimore County,1975,Baltimore County Precinct 06-001,1875,513,488,100,1975,1,0.9493670886075949,0.05063291139240506,974,0.25974683544303795,0.2470886075949367,0.4931645569620253
977,Baltimore County,2338,Baltimore County Precinct 06-002,2220,587,583,118,2338,1,0.9495295124037639,0.0504704875962361,1168,0.2510692899914457,0.24935842600513258,0.49957228400342174
978,Baltimore County,2472,Baltimore County Precinct 07-003,2274,685,533,198,2472,1,0.9199029126213593,0.08009708737864078,1254,0.2771035598705502,0.2156148867313916,0.5072815533980582
979,Baltimore County,1071,Baltimore County Precinct 07-002,1032,357,282,39,1071,1,0.9635854341736695,0.036414565826330535,432,0.3333333333333333,0.26330532212885155,0.40336134453781514
980,Baltimore County,3153,Baltimore County Precinct 07-001,2987,800,791,166,3153,1,0.9473517285125278,0.05264827148747225,1562,0.2537266095781795,0.250872185220425,0.4954012052013955
989,Baltimore County,3836,Baltimore County Precinct 09-020,464,922,62,3372,3836,1,0.12095933263816476,0.8790406673618353,2852,0.24035453597497394,0.01616266944734098,0.7434827945776851
990,Baltimore County,2342,Baltimore County Precinct 09-028,897,589,75,1445,2342,1,0.38300597779675494,0.6169940222032451,1678,0.2514944491887276,0.03202391118701964,0.7164816396242528
991,Baltimore County,2528,Baltimore County Precinct 09-019,1774,710,230,754,2528,1,0.7017405063291139,0.29825949367088606,1588,0.28085443037974683,0.09098101265822785,0.6281645569620253
996,Baltimore County,3661,Baltimore County Precinct 09-021,3095,899,505,566,3661,1,0.8453974323955203,0.15460256760447966,2257,0.24556132204315761,0.13794045342802513,0.6164982245288173
997,Baltimore County,2909,Baltimore County Precinct 09-029,2172,66,2,737,2909,1,0.7466483327603988,0.25335166723960123,2841,0.022688209006531453,0.0006875214850464077,0.9766242695084222
998,Baltimore County,2194,Baltimore County Precinct 09-012,1804,601,229,390,2194,1,0.8222424794895169,0.17775752051048313,1364,0.2739288969917958,0.10437556973564266,0.6216955332725616
999,Baltimore County,2160,Baltimore County Precinct 09-007,1829,689,401,331,2160,1,0.8467592592592592,0.15324074074074073,1070,0.3189814814814815,0.18564814814814815,0.49537037037037035
1000,Baltimore County,2993,Baltimore County Precinct 09-011,2118,673,201,875,2993,1,0.707651186100902,0.2923488138990979,2119,0.2248580020046776,0.06715669896424992,0.7079852990310725
1001,Baltimore County,5056,Baltimore County Precinct 09-010,3865,1249,383,1191,5056,1,0.7644382911392406,0.2355617088607595,3424,0.24703322784810128,0.07575158227848101,0.6772151898734177
1002,Baltimore County,1644,Baltimore County Precinct 08-015,1440,570,289,204,1644,1,0.8759124087591241,0.12408759124087591,785,0.3467153284671533,0.17579075425790755,0.4774939172749392
1003,Baltimore County,1925,Baltimore County Precinct 08-014,1650,432,260,275,1925,1,0.8571428571428571,0.14285714285714285,1233,0.22441558441558443,0.13506493506493505,0.6405194805194805
1004,Baltimore County,2163,Baltimore County Precinct 08-012,1905,778,396,258,2163,1,0.8807212205270458,0.11927877947295423,989,0.3596856218215442,0.18307905686546463,0.4572353213129912
1005,Baltimore County,5466,Baltimore County Precinct 08-005,3011,169,103,2455,5466,1,0.5508598609586535,0.44914013904134653,5194,0.030918404683497987,0.01884376143432126,0.9502378338821807
1006,Baltimore County,1075,Baltimore County Precinct 09-016,915,358,157,160,1075,1,0.8511627906976744,0.14883720930232558,560,0.3330232558139535,0.14604651162790697,0.5209302325581395
1007,Baltimore County,1627,Baltimore County Precinct 09-017,1118,462,148,509,1627,1,0.6871542716656422,0.3128457283343577,1017,0.28395820528580207,0.09096496619545175,0.6250768285187461
1008,Baltimore County,26,Baltimore County Precinct 09-027,20,4,2,6,26,1,0.7692307692307693,0.23076923076923078,20,0.15384615384615385,0.07692307692307693,0.7692307692307693
1009,Baltimore County,2576,Baltimore County Precinct 09-018,1975,700,249,601,2576,1,0.7666925465838509,0.23330745341614906,1627,0.2717391304347826,0.09666149068322981,0.6315993788819876
1010,Baltimore County,1631,Baltimore County Precinct 09-009,1412,620,339,219,1631,1,0.8657265481299816,0.1342734518700184,672,0.3801348865726548,0.20784794604537093,0.41201716738197425
1011,Baltimore County,1132,Baltimore County Precinct 09-026,975,390,205,157,1132,1,0.8613074204946997,0.13869257950530034,537,0.34452296819787986,0.18109540636042404,0.4743816254416961
1012,Baltimore County,1592,Baltimore County Precinct 09-008,1465,580,326,127,1592,1,0.9202261306532663,0.07977386934673367,686,0.36432160804020103,0.20477386934673367,0.43090452261306533
1013,Baltimore County,2194,Baltimore County Precinct 08-007,1336,619,221,858,2194,1,0.6089334548769371,0.3910665451230629,1354,0.2821330902461258,0.1007292616226071,0.6171376481312671
1021,Baltimore County,3216,Baltimore County Precinct 09-003,2807,1110,344,409,3216,1,0.8728233830845771,0.1271766169154229,1762,0.3451492537313433,0.10696517412935323,0.5478855721393034
1022,Baltimore County,3358,Baltimore County Precinct 03-008,2894,878,312,464,3358,1,0.8618225134008338,0.13817748659916618,2168,0.2614651578320429,0.09291244788564622,0.6456223942823109
1023,Baltimore County,2600,Baltimore County Precinct 09-001,2400,822,375,200,2600,1,0.9230769230769231,0.07692307692307693,1403,0.3161538461538462,0.14423076923076922,0.5396153846153846
1024,Baltimore County,2246,Baltimore County Precinct 08-017,2079,810,443,167,2246,1,0.9256455921638468,0.07435440783615316,993,0.3606411398040962,0.19723953695458593,0.4421193232413179
1025,Baltimore County,879,Baltimore County Precinct 08-018,784,320,168,95,879,1,0.8919226393629124,0.1080773606370876,391,0.3640500568828214,0.19112627986348124,0.4448236632536974
1026,Baltimore County,2530,Baltimore County Precinct 08-019,2247,648,455,283,2530,1,0.8881422924901186,0.11185770750988143,1427,0.25612648221343876,0.17984189723320157,0.5640316205533596
1027,Baltimore County,2751,Baltimore County Precinct 08-009,2153,803,559,598,2751,1,0.7826245001817521,0.2173754998182479,1389,0.291893856779353,0.20319883678662304,0.504907306434024
1028,Baltimore County,2173,Baltimore County Precinct 08-010,1965,680,371,208,2173,1,0.9042797975149562,0.09572020248504372,1122,0.31293143120110445,0.17073170731707318,0.5163368614818223
1029,Baltimore County,1707,Baltimore County Precinct 08-020,1487,385,214,220,1707,1,0.8711189220855302,0.12888107791446984,1108,0.2255418863503222,0.1253661394258934,0.6490919742237844
1030,Baltimore County,1541,Baltimore County Precinct 09-002,1463,549,318,78,1541,1,0.9493835171966256,0.050616482803374434,674,0.35626216742375083,0.2063595068137573,0.4373783257624919
1031,Baltimore County,4116,Baltimore County Precinct 09-004,3440,706,251,676,4116,1,0.8357628765792031,0.16423712342079688,3159,0.1715257531584062,0.06098153547133139,0.7674927113702624
1032,Baltimore County,3650,Baltimore County Precinct 09-005,3293,1045,411,357,3650,1,0.9021917808219178,0.09780821917808219,2194,0.2863013698630137,0.1126027397260274,0.6010958904109589
1033,Baltimore County,6430,Baltimore County Precinct 09-006,4497,362,101,1933,6430,1,0.6993779160186625,0.3006220839813375,5967,0.05629860031104199,0.015707620528771383,0.9279937791601867
1034,Baltimore County,621,Baltimore County Precinct 08-016,526,337,143,95,621,1,0.8470209339774557,0.1529790660225443,141,0.5426731078904992,0.23027375201288244,0.22705314009661837
1035,Baltimore County,2667,Baltimore County Precinct 08-013,2348,791,419,319,2667,1,0.880389951256093,0.11961004874390702,1457,0.29658792650918636,0.15710536182977128,0.5463067116610424
1058,Baltimore County,2581,Baltimore County Precinct 09-014,1807,940,170,774,2581,1,0.7001162340178225,0.2998837659821775,1471,0.3641999225106548,0.06586594343277799,0.5699341340565672
1059,Baltimore County,2145,Baltimore County Precinct 09-013,2025,958,301,120,2145,1,0.9440559440559441,0.055944055944055944,886,0.4466200466200466,0.14032634032634034,0.41305361305361304
1065,Baltimore County,3415,Baltimore County Precinct 09-015,1933,837,194,1482,3415,1,0.5660322108345535,0.43396778916544654,2384,0.24509516837481699,0.05680819912152269,0.6980966325036603
1093,Baltimore County,4060,Baltimore County Precinct 03-009,2908,1146,324,1152,4060,1,0.716256157635468,0.28374384236453204,2590,0.2822660098522167,0.07980295566502463,0.6379310344827587
1138,Baltimore County,2293,Baltimore County Precinct 02-005,122,741,26,2171,2293,1,0.053205407762756216,0.9467945922372438,1526,0.3231574356737898,0.0113388573920628,0.6655037069341474
1139,Baltimore County,2631,Baltimore County Precinct 02-009,196,630,37,2435,2631,1,0.07449638920562524,0.9255036107943747,1964,0.2394526795895097,0.014063093880653743,0.7464842265298366
1140,Baltimore County,3860,Baltimore County Precinct 02-014,432,1046,44,3428,3860,1,0.11191709844559586,0.8880829015544042,2770,0.2709844559585492,0.011398963730569948,0.7176165803108808
1141,Baltimore County,578,Baltimore County Precinct 02-025,458,330,64,120,578,1,0.7923875432525952,0.20761245674740483,184,0.5709342560553633,0.11072664359861592,0.31833910034602075
1142,Baltimore County,398,Baltimore County Precinct 02-028,16,85,3,382,398,1,0.04020100502512563,0.9597989949748744,310,0.2135678391959799,0.007537688442211055,0.7788944723618091
1143,Baltimore County,2934,Baltimore County Precinct 02-007,310,741,33,2624,2934,1,0.1056578050443081,0.8943421949556919,2160,0.25255623721881393,0.011247443762781187,0.7361963190184049
1144,Baltimore County,532,Baltimore County Precinct 02-023,170,169,18,362,532,1,0.31954887218045114,0.6804511278195489,345,0.3176691729323308,0.03383458646616541,0.6484962406015038
1145,Baltimore County,2750,Baltimore County Precinct 02-008,424,887,60,2326,2750,1,0.15418181818181817,0.8458181818181818,1803,0.3225454545454545,0.02181818181818182,0.6556363636363637
1146,Baltimore County,1761,Baltimore County Precinct 03-014,1271,418,94,490,1761,1,0.7217490062464509,0.2782509937535491,1249,0.23736513344690516,0.05337876206700738,0.7092561044860874
1147,Baltimore County,3988,Baltimore County Precinct 02-029,1361,749,95,2627,3988,1,0.34127382146439317,0.6587261785356068,3144,0.1878134403209629,0.023821464393179538,0.7883650952858575
1148,Baltimore County,2503,Baltimore County Precinct 02-026,1337,613,112,1166,2503,1,0.5341590091889732,0.46584099081102676,1778,0.24490611266480225,0.044746304434678384,0.7103475829005194
1149,Baltimore County,4357,Baltimore County Precinct 04-001,2178,842,173,2179,4357,1,0.4998852421390865,0.5001147578609135,3342,0.19325223777828782,0.03970621987606151,0.7670415423456507
1150,Baltimore County,4438,Baltimore County Precinct 02-015,1185,1193,120,3253,4438,1,0.26701216764308244,0.7329878323569176,3125,0.26881478143307797,0.027039206849932402,0.7041460117169897
1151,Baltimore County,4253,Baltimore County Precinct 04-002,1859,846,213,2394,4253,1,0.4371032212555843,0.5628967787444157,3194,0.1989184105337409,0.050082294850693626,0.7509992946155655
1152,Baltimore County,6218,Baltimore County Precinct 04-014,2105,667,90,4113,6218,1,0.3385332904470891,0.6614667095529109,5461,0.10726921839819878,0.014474107430041815,0.8782566741717595
1153,Baltimore County,2859,Baltimore County Precinct 03-012,1558,637,115,1301,2859,1,0.5449457852395942,0.45505421476040575,2107,0.22280517663518712,0.04022385449457853,0.7369709688702344
1154,Baltimore County,3010,Baltimore County Precinct 04-003,2691,706,291,319,3010,1,0.8940199335548172,0.10598006644518272,2013,0.2345514950166113,0.09667774086378737,0.6687707641196013
1155,Baltimore County,3867,Baltimore County Precinct 02-002,159,699,37,3708,3867,1,0.041117145073700546,0.9588828549262994,3131,0.18076027928626842,0.009568140677527799,0.8096715800362038
1156,Baltimore County,3676,Baltimore County Precinct 02-004,165,821,40,3511,3676,1,0.04488574537540805,0.955114254624592,2815,0.2233405875952122,0.01088139281828074,0.765778019586507
1157,Baltimore County,1730,Baltimore County Precinct 02-001,101,529,23,1629,1730,1,0.05838150289017341,0.9416184971098266,1178,0.30578034682080923,0.013294797687861272,0.6809248554913295
1158,Baltimore County,3654,Baltimore County Precinct 03-001,569,1037,88,3085,3654,1,0.15571975916803504,0.844280240831965,2529,0.2837985769020252,0.0240831964969896,0.6921182266009852
1159,Baltimore County,1886,Baltimore County Precinct 03-004,949,612,110,937,1886,1,0.5031813361611877,0.4968186638388123,1164,0.3244962884411453,0.05832449628844114,0.6171792152704135
1160,Baltimore County,2455,Baltimore County Precinct 03-003,535,886,58,1920,2455,1,0.21792260692464357,0.7820773930753564,1511,0.3608961303462322,0.023625254582484725,0.6154786150712831
1161,Baltimore County,3558,Baltimore County Precinct 03-005,2386,752,149,1172,3558,1,0.670601461495222,0.32939853850477796,2657,0.21135469364811693,0.04187745924676785,0.7467678471051152
1162,Baltimore County,2978,Baltimore County Precinct 03-002,1405,740,96,1573,2978,1,0.4717931497649429,0.5282068502350571,2142,0.24848891873740767,0.03223640026863667,0.7192746809939556
1171,Baltimore County,1541,Baltimore County Precinct 02-019,893,335,206,648,1541,1,0.5794938351719663,0.42050616482803377,1000,0.21739130434782608,0.1336794289422453,0.6489292667099286
1172,Baltimore County,1285,Baltimore County Precinct 02-018,223,437,64,1062,1285,1,0.1735408560311284,0.8264591439688715,784,0.34007782101167316,0.049805447470817124,0.6101167315175098
1173,Baltimore County,37,Baltimore County Precinct 02-022,11,19,4,26,37,1,0.2972972972972973,0.7027027027027027,14,0.5135135135135135,0.10810810810810811,0.3783783783783784
1174,Baltimore County,823,Baltimore County Precinct 02-020,304,278,52,519,823,1,0.36938031591737547,0.6306196840826246,493,0.3377885783718105,0.06318347509113001,0.5990279465370595
1175,Baltimore County,4946,Baltimore County Precinct 02-012,664,1027,86,4282,4946,1,0.13424989890820865,0.8657501010917914,3833,0.20764253942579863,0.017387788111605337,0.7749696724625961
1176,Baltimore County,2695,Baltimore County Precinct 02-024,283,829,53,2412,2695,1,0.10500927643784787,0.8949907235621521,1813,0.30760667903525046,0.019666048237476808,0.6727272727272727
1177,Baltimore County,1072,Baltimore County Precinct 02-021,779,297,215,293,1072,1,0.726679104477612,0.2733208955223881,560,0.27705223880597013,0.20055970149253732,0.5223880597014925
1178,Baltimore County,2206,Baltimore County Precinct 02-027,459,703,63,1747,2206,1,0.20806890299184044,0.7919310970081596,1440,0.31867633726201267,0.028558476881233003,0.6527651858567544
1179,Baltimore County,2794,Baltimore County Precinct 04-012,1642,1062,303,1152,2794,1,0.5876879026485325,0.41231209735146745,1429,0.380100214745884,0.10844667143879742,0.5114531138153185
1180,Baltimore County,3497,Baltimore County Precinct 04-006,2072,611,201,1425,3497,1,0.5925078638833285,0.40749213611667146,2685,0.17472118959107807,0.05747783814698313,0.7678009722619388
1183,Baltimore County,4554,Baltimore County Precinct 04-007,2661,946,373,1893,4554,1,0.5843214756258235,0.4156785243741766,3235,0.20772946859903382,0.08190601668862539,0.7103645147123407
1184,Baltimore County,2479,Baltimore County Precinct 04-010,1427,476,147,1052,2479,1,0.5756353368293666,0.4243646631706333,1856,0.1920129084308189,0.05929810407422348,0.7486889874949576
1185,Baltimore County,4026,Baltimore County Precinct 04-008,3005,749,382,1021,4026,1,0.7463984103328366,0.25360158966716345,2895,0.1860407352210631,0.09488325881768504,0.7190760059612519
1186,Baltimore County,1997,Baltimore County Precinct 04-009,1790,487,364,207,1997,1,0.8963445167751627,0.10365548322483725,1146,0.24386579869804706,0.18227341011517276,0.5738607911867801
1194,Baltimore County,5767,Baltimore County Precinct 02-011,1008,1208,129,4759,5767,1,0.17478758453268597,0.825212415467314,4430,0.20946766082885382,0.022368649211028265,0.7681636899601179
1195,Baltimore County,4341,Baltimore County Precinct 02-010,384,1125,50,3957,4341,1,0.0884588804422944,0.9115411195577056,3166,0.2591568762957844,0.01151808339092375,0.7293250403132918
1196,Baltimore County,3194,Baltimore County Precinct 02-017,337,868,48,2857,3194,1,0.10551033187226048,0.8944896681277396,2278,0.271759549154665,0.015028177833437696,0.7132122730118973
1197,Baltimore County,1512,Baltimore County Precinct 02-016,259,457,34,1253,1512,1,0.1712962962962963,0.8287037037037037,1021,0.30224867724867727,0.022486772486772486,0.6752645502645502
1198,Baltimore County,3573,Baltimore County Precinct 02-013,562,947,77,3011,3573,1,0.15729079205149735,0.8427092079485027,2549,0.26504338091239854,0.02155051777218024,0.7134061013154213
1199,Baltimore County,3132,Baltimore County Precinct 02-003,421,681,57,2711,3132,1,0.13441890166028098,0.8655810983397191,2394,0.21743295019157088,0.018199233716475097,0.764367816091954
1200,Baltimore County,3378,Baltimore County Precinct 02-006,350,948,57,3028,3378,1,0.10361160449970397,0.896388395500296,2373,0.28063943161634103,0.016873889875666074,0.7024866785079928
1350,Baltimore County,4946,Baltimore County Precinct 01-017,607,1181,94,4339,4946,1,0.12272543469470279,0.8772745653052972,3671,0.23877881116053376,0.01900525677315002,0.7422159320663162
1351,Baltimore County,3184,Baltimore County Precinct 01-012,2973,900,441,211,3184,1,0.9337311557788944,0.06626884422110553,1843,0.28266331658291455,0.13850502512562815,0.5788316582914573
1352,Baltimore County,2703,Baltimore County Precinct 01-011,2226,776,415,477,2703,1,0.8235294117647058,0.17647058823529413,1512,0.2870884202737699,0.15353311135775063,0.5593784683684795
1353,Baltimore County,2485,Baltimore County Precinct 01-013,2365,913,302,120,2485,1,0.9517102615694165,0.0482897384305835,1270,0.3674044265593561,0.12152917505030181,0.5110663983903421
1354,Baltimore County,3127,Baltimore County Precinct 01-010,2439,890,325,688,3127,1,0.7799808122801407,0.2200191877198593,1912,0.28461784457946915,0.10393348257115446,0.6114486728493764
1355,Baltimore County,3549,Baltimore County Precinct 01-003,1415,911,194,2134,3549,1,0.3987038602423218,0.6012961397576783,2444,0.25669202592279516,0.0546632854325162,0.6886446886446886
1356,Baltimore County,3716,Baltimore County Precinct 01-004,1339,977,208,2377,3716,1,0.36033369214208827,0.6396663078579118,2531,0.26291711517761035,0.05597416576964478,0.6811087190527448
1357,Baltimore County,2265,Baltimore County Precinct 01-002,437,528,46,1828,2265,1,0.19293598233995585,0.8070640176600441,1691,0.23311258278145697,0.020309050772626933,0.7465783664459161
1361,Baltimore County,5998,Baltimore County Precinct 01-014,3956,601,316,2042,5998,1,0.6595531843947983,0.34044681560520174,5081,0.1002000666888963,0.05268422807602534,0.8471157052350784
1362,Baltimore County,2893,Baltimore County Precinct 13-004,2610,555,417,283,2893,1,0.9021776702385067,0.09782232976149326,1921,0.19184237815416522,0.14414103007258902,0.6640165917732458
1363,Baltimore County,3240,Baltimore County Precinct 13-003,2835,541,344,405,3240,1,0.875,0.125,2355,0.1669753086419753,0.10617283950617284,0.7268518518518519
1364,Baltimore County,2641,Baltimore County Precinct 13-002,2319,387,264,322,2641,1,0.8780764861794774,0.12192351382052254,1990,0.1465354032563423,0.09996213555471413,0.7535024611889436
1365,Baltimore County,2840,Baltimore County Precinct 13-005,2397,566,385,443,2840,1,0.8440140845070423,0.15598591549295773,1889,0.19929577464788734,0.13556338028169015,0.6651408450704225
1366,Baltimore County,3604,Baltimore County Precinct 01-009,1703,692,219,1901,3604,1,0.47253052164261933,0.5274694783573807,2693,0.19200887902330743,0.06076581576026637,0.7472253052164262
1367,Baltimore County,3870,Baltimore County Precinct 01-015,2674,798,312,1196,3870,1,0.6909560723514212,0.3090439276485788,2760,0.2062015503875969,0.08062015503875969,0.7131782945736435
1368,Baltimore County,2349,Baltimore County Precinct 01-007,1200,604,145,1149,2349,1,0.5108556832694764,0.4891443167305236,1600,0.2571306939123031,0.06172839506172839,0.6811409110259685
1369,Baltimore County,4333,Baltimore County Precinct 01-008,3296,977,371,1037,4333,1,0.7606738979921532,0.23932610200784676,2985,0.2254788829909993,0.08562197092084006,0.6888991460881606
1370,Baltimore County,4435,Baltimore County Precinct 01-005,1415,1024,158,3020,4435,1,0.31905298759864714,0.6809470124013529,3253,0.23089064261555806,0.03562570462232244,0.7334836527621195
1371,Baltimore County,4619,Baltimore County Precinct 01-001,871,1017,72,3748,4619,1,0.1885689543191167,0.8114310456808833,3530,0.22017752760337736,0.015587789564840875,0.7642346828317818
1372,Baltimore County,4031,Baltimore County Precinct 01-006,733,1262,85,3298,4031,1,0.18184073430910444,0.8181592656908956,2684,0.3130736789878442,0.021086579012651947,0.6658397419995038
1373,Baltimore County,4012,Baltimore County Precinct 13-001,2036,486,220,1976,4012,1,0.5074775672981057,0.49252243270189433,3306,0.12113659022931206,0.054835493519441676,0.8240279162512463
1374,Baltimore County,2661,Baltimore County Precinct 01-016,2481,643,306,180,2661,1,0.9323562570462233,0.06764374295377677,1712,0.24163848177376926,0.11499436302142052,0.6433671552048102
1708,Baltimore County,2385,Baltimore County Precinct 03-006,2216,641,270,169,2385,1,0.929140461215933,0.07085953878406709,1474,0.26876310272536685,0.11320754716981132,0.6180293501048219
1713,Baltimore County,3977,Baltimore County Precinct 03-007,3337,1084,527,640,3977,1,0.8390746794065879,0.1609253205934121,2366,0.27256726175509177,0.1325119436761378,0.5949207945687705
1714,Baltimore County,3393,Baltimore County Precinct 03-011,2447,789,198,946,3393,1,0.7211906867079281,0.2788093132920719,2406,0.23253757736516356,0.058355437665782495,0.7091069849690539
1715,Baltimore County,2089,Baltimore County Precinct 03-013,1842,502,251,247,2089,1,0.8817616084250838,0.11823839157491622,1336,0.24030636668262326,0.12015318334131163,0.6395404499760651
1716,Baltimore County,2964,Baltimore County Precinct 03-010,2695,936,260,269,2964,1,0.9092442645074224,0.0907557354925776,1768,0.3157894736842105,0.08771929824561403,0.5964912280701754
1717,Baltimore County,1906,Baltimore County Precinct 08-008,1709,395,291,197,1906,1,0.8966421825813221,0.10335781741867786,1220,0.20724029380902415,0.15267576075550893,0.640083945435467
1718,Baltimore County,2959,Baltimore County Precinct 04-005,2071,624,196,888,2959,1,0.6998986143967557,0.30010138560324434,2139,0.21088205474822574,0.06623859411963501,0.7228793511321392
1719,Baltimore County,3908,Baltimore County Precinct 04-004,2966,1010,325,942,3908,1,0.7589559877175026,0.24104401228249744,2573,0.2584442169907881,0.08316274309109518,0.6583930399181167
1720,Baltimore County,533,Baltimore County Precinct 04-013,478,194,118,55,533,1,0.8968105065666041,0.10318949343339587,221,0.36397748592870544,0.22138836772983114,0.4146341463414634
1721,Baltimore County,433,Baltimore County Precinct 04-011,383,127,75,50,433,1,0.8845265588914549,0.11547344110854503,231,0.29330254041570436,0.17321016166281755,0.5334872979214781
1722,Baltimore County,685,Baltimore County Precinct 08-023,608,201,118,77,685,1,0.8875912408759125,0.11240875912408758,366,0.2934306569343066,0.17226277372262774,0.5343065693430656
1723,Baltimore County,510,Baltimore County Precinct 08-021,438,137,117,72,510,1,0.8588235294117647,0.1411764705882353,256,0.26862745098039215,0.22941176470588234,0.5019607843137255
1724,Baltimore County,994,Baltimore County Precinct 08-024,886,256,247,108,994,1,0.8913480885311871,0.10865191146881288,491,0.2575452716297787,0.24849094567404426,0.4939637826961771
1725,Baltimore County,3725,Baltimore County Precinct 08-002,3308,835,585,417,3725,1,0.8880536912751678,0.11194630872483222,2305,0.22416107382550335,0.15704697986577182,0.6187919463087248
