,COUNTY,VAP,NAME,WVAP,AG14PD_BFR,AG14PD_ABR,AG14PD_JCA,OVAP,TOT_VOTES,factor,WVAP_pct,OVAP_pct,AG14PDNone,AG14PD_BFR_pct,AG14PD_ABR_pct,AG14PD_JCA_pct,AG14PDNone_pct
424,Baltimore County,2889,Baltimore County Precinct 11-019,2270,102,20,65,619,2889,1,0.7857390100380754,0.21426098996192455,2702,0.035306334371754934,0.006922810661128418,0.02249913464866736,0.9352717203184493
425,Baltimore County,4130,Baltimore County Precinct 14-003,2875,121,24,69,1255,4130,1,0.6961259079903148,0.30387409200968524,3916,0.02929782082324455,0.005811138014527845,0.016707021791767553,0.94818401937046
426,Baltimore County,1265,Baltimore County Precinct 11-013,891,31,10,26,374,1265,1,0.7043478260869566,0.2956521739130435,1198,0.02450592885375494,0.007905138339920948,0.020553359683794466,0.9470355731225296
427,Baltimore County,3157,Baltimore County Precinct 15-010,2444,92,45,93,713,3157,1,0.774152676591701,0.22584732340829902,2927,0.029141590117199873,0.014254038644282548,0.029458346531517264,0.9271460247070004
428,Baltimore County,5523,Baltimore County Precinct 15-005,2822,201,91,137,2701,5523,1,0.5109541915625566,0.48904580843744344,5094,0.03639326453014666,0.016476552598225603,0.024805359406119862,0.9223248234655079
429,Baltimore County,1411,Baltimore County Precinct 15-009,1311,83,12,55,100,1411,1,0.9291282778171509,0.07087172218284904,1261,0.058823529411764705,0.008504606661941885,0.03897944720056697,0.8936924167257264
430,Baltimore County,6204,Baltimore County Precinct 15-004,4276,81,27,83,1928,6204,1,0.6892327530625403,0.3107672469374597,6013,0.013056092843326886,0.004352030947775629,0.01337846550612508,0.9692134107027724
431,Baltimore County,3736,Baltimore County Precinct 11-012,3099,164,33,89,637,3736,1,0.8294967880085653,0.1705032119914347,3450,0.043897216274089934,0.008832976445396146,0.023822269807280513,0.9234475374732334
432,Baltimore County,2316,Baltimore County Precinct 11-007,1947,223,28,105,369,2316,1,0.8406735751295337,0.15932642487046633,1960,0.096286701208981,0.012089810017271158,0.04533678756476684,0.846286701208981
433,Baltimore County,2818,Baltimore County Precinct 11-014,2465,134,9,68,353,2818,1,0.8747338537970192,0.12526614620298085,2607,0.047551454932576294,0.00319375443577005,0.0241305890702626,0.9251242015613911
434,Baltimore County,2037,Baltimore County Precinct 11-006,1892,116,10,63,145,2037,1,0.9288168875797742,0.07118311242022582,1848,0.05694648993618066,0.004909180166912126,0.030927835051546393,0.9072164948453608
435,Baltimore County,3470,Baltimore County Precinct 11-022,2749,90,20,55,721,3470,1,0.7922190201729107,0.20778097982708935,3305,0.025936599423631124,0.005763688760806916,0.01585014409221902,0.952449567723343
436,Baltimore County,2386,Baltimore County Precinct 11-005,1880,91,14,39,506,2386,1,0.787929589270746,0.21207041072925398,2242,0.038139145012573344,0.00586756077116513,0.016345347862531435,0.9396479463537301
437,Baltimore County,4029,Baltimore County Precinct 11-003,3873,197,26,71,156,4029,1,0.9612807148175726,0.0387192851824274,3735,0.04889550757011665,0.006453214197071234,0.017622238768925293,0.9270290394638868
438,Baltimore County,2502,Baltimore County Precinct 11-001,2338,126,7,33,164,2502,1,0.9344524380495604,0.06554756195043965,2336,0.050359712230215826,0.002797761790567546,0.013189448441247002,0.9336530775379697
439,Baltimore County,300,Baltimore County Precinct 10-005,276,20,3,13,24,300,1,0.92,0.08,264,0.06666666666666667,0.01,0.043333333333333335,0.88
440,Baltimore County,1364,Baltimore County Precinct 10-003,1284,102,13,28,80,1364,1,0.9413489736070382,0.05865102639296188,1221,0.0747800586510264,0.009530791788856305,0.020527859237536656,0.8951612903225806
442,Baltimore County,3090,Baltimore County Precinct 11-002,2978,156,19,57,112,3090,1,0.9637540453074434,0.036245954692556634,2858,0.05048543689320388,0.006148867313915857,0.018446601941747572,0.9249190938511327
445,Baltimore County,3678,Baltimore County Precinct 15-007,2778,100,32,116,900,3678,1,0.7553017944535073,0.24469820554649266,3430,0.027188689505165852,0.008700380641653072,0.031538879825992384,0.9325720500271887
446,Baltimore County,2060,Baltimore County Precinct 15-025,1956,97,27,74,104,2060,1,0.9495145631067962,0.05048543689320388,1862,0.0470873786407767,0.013106796116504855,0.035922330097087375,0.903883495145631
447,Baltimore County,3091,Baltimore County Precinct 15-008,2496,121,24,72,595,3091,1,0.8075056615981883,0.1924943384018117,2874,0.03914590747330961,0.007764477515367195,0.023293432546101587,0.9297961824652217
448,Baltimore County,2662,Baltimore County Precinct 15-006,2499,134,24,87,163,2662,1,0.9387678437265214,0.06123215627347859,2417,0.05033809166040571,0.009015777610818933,0.03268219383921863,0.9079639368895567
449,Baltimore County,2544,Baltimore County Precinct 11-004,1999,54,9,36,545,2544,1,0.7857704402515723,0.21422955974842767,2445,0.02122641509433962,0.003537735849056604,0.014150943396226415,0.9610849056603774
450,Baltimore County,86,Baltimore County Precinct 11-020,73,10,2,0,13,86,1,0.8488372093023255,0.1511627906976744,74,0.11627906976744186,0.023255813953488372,0.0,0.8604651162790697
560,Baltimore County,3508,Baltimore County Precinct 15-022,3315,199,51,142,193,3508,1,0.9449828962371721,0.05501710376282782,3116,0.05672748004561003,0.014538198403648802,0.04047890535917902,0.8882554161915621
561,Baltimore County,4160,Baltimore County Precinct 15-021,3797,209,39,152,363,4160,1,0.9127403846153846,0.08725961538461538,3760,0.05024038461538462,0.009375,0.03653846153846154,0.9038461538461539
562,Baltimore County,4692,Baltimore County Precinct 15-020,4264,204,44,126,428,4692,1,0.9087809036658141,0.09121909633418585,4318,0.043478260869565216,0.00937766410912191,0.026854219948849106,0.9202898550724637
563,Baltimore County,2809,Baltimore County Precinct 15-015,2416,72,24,63,393,2809,1,0.8600925596297615,0.13990744037023853,2650,0.025631897472410112,0.008543965824136704,0.022427910288358846,0.9433962264150944
564,Baltimore County,1897,Baltimore County Precinct 15-013,1758,89,13,72,139,1897,1,0.926726410121244,0.07327358987875593,1723,0.04691618344754876,0.006852925672113864,0.037954665260938325,0.908276225619399
565,Baltimore County,2156,Baltimore County Precinct 15-012,1954,108,16,86,202,2156,1,0.9063079777365491,0.09369202226345083,1946,0.05009276437847866,0.0074211502782931356,0.039888682745825604,0.9025974025974026
566,Baltimore County,3144,Baltimore County Precinct 15-016,2489,80,17,73,655,3144,1,0.7916666666666666,0.20833333333333334,2974,0.02544529262086514,0.005407124681933842,0.02321882951653944,0.9459287531806616
567,Baltimore County,3506,Baltimore County Precinct 15-017,1421,95,60,100,2085,3506,1,0.40530519110096974,0.5946948088990303,3251,0.027096406160867084,0.017113519680547633,0.02852253280091272,0.9272675413576725
568,Baltimore County,5453,Baltimore County Precinct 15-023,1748,71,49,90,3705,5453,1,0.3205574912891986,0.6794425087108014,5243,0.01302035576746745,0.008985879332477536,0.01650467632495874,0.9614890885750963
569,Baltimore County,975,Baltimore County Precinct 15-024,813,45,10,22,162,975,1,0.8338461538461538,0.16615384615384615,898,0.046153846153846156,0.010256410256410256,0.022564102564102566,0.921025641025641
570,Baltimore County,2919,Baltimore County Precinct 15-018,2086,114,26,55,833,2919,1,0.7146282973621103,0.2853717026378897,2724,0.03905447070914697,0.008907159986296678,0.01884206920178143,0.9331963001027749
571,Baltimore County,3443,Baltimore County Precinct 15-019,3220,173,27,88,223,3443,1,0.9352309032820215,0.06476909671797851,3155,0.05024687772291606,0.007841998257333721,0.025559105431309903,0.9163520185884403
572,Baltimore County,1739,Baltimore County Precinct 15-026,1696,130,11,51,43,1739,1,0.9752731454859115,0.024726854514088556,1547,0.07475560667050028,0.0063254744105807935,0.029327199539965498,0.8895917193789534
573,Baltimore County,2441,Baltimore County Precinct 12-012,2188,94,16,67,253,2441,1,0.8963539532978287,0.10364604670217124,2264,0.03850880786562884,0.006554690700532569,0.02744776730848013,0.9274887341253585
577,Baltimore County,2668,Baltimore County Precinct 12-010,2310,96,38,84,358,2668,1,0.8658170914542729,0.13418290854572715,2450,0.035982008995502246,0.01424287856071964,0.031484257871064465,0.9182908545727136
578,Baltimore County,2639,Baltimore County Precinct 12-008,2315,93,10,84,324,2639,1,0.8772262220538083,0.12277377794619174,2452,0.035240621447518,0.0037893141341417205,0.03183023872679045,0.9291398256915498
579,Baltimore County,3982,Baltimore County Precinct 12-003,3387,137,30,96,595,3982,1,0.8505775991963838,0.14942240080361627,3719,0.03440482169763938,0.007533902561526871,0.024108488196885988,0.9339527875439477
580,Baltimore County,3256,Baltimore County Precinct 12-002,2763,123,21,69,493,3256,1,0.8485872235872236,0.15141277641277642,3043,0.03777641277641278,0.006449631449631449,0.02119164619164619,0.9345823095823096
587,Baltimore County,2846,Baltimore County Precinct 12-001,2343,88,18,67,503,2846,1,0.8232607167955025,0.17673928320449753,2673,0.030920590302178495,0.006324666198172874,0.02354181307097681,0.9392129304286718
588,Baltimore County,4204,Baltimore County Precinct 12-007,3764,168,32,96,440,4204,1,0.8953377735490009,0.10466222645099905,3908,0.039961941008563276,0.007611798287345386,0.022835394862036156,0.9295908658420552
589,Baltimore County,3540,Baltimore County Precinct 12-006,2774,83,38,80,766,3540,1,0.7836158192090396,0.21638418079096045,3339,0.02344632768361582,0.010734463276836158,0.022598870056497175,0.9432203389830508
590,Baltimore County,3308,Baltimore County Precinct 12-005,2994,118,21,100,314,3308,1,0.9050785973397824,0.09492140266021766,3069,0.035671100362756954,0.0063482466747279325,0.030229746070133012,0.9277509068923822
591,Baltimore County,4898,Baltimore County Precinct 12-004,4398,169,42,110,500,4898,1,0.897917517354022,0.10208248264597795,4577,0.03450387913434055,0.008574928542262147,0.022458146182115148,0.9344630461412822
592,Baltimore County,2424,Baltimore County Precinct 15-001,1845,52,18,57,579,2424,1,0.7611386138613861,0.23886138613861385,2297,0.02145214521452145,0.007425742574257425,0.023514851485148515,0.9476072607260726
593,Baltimore County,3263,Baltimore County Precinct 15-002,2829,99,33,73,434,3263,1,0.8669935642047196,0.1330064357952804,3058,0.030340177750536317,0.010113392583512106,0.022372050260496476,0.9371743794054551
594,Baltimore County,1177,Baltimore County Precinct 15-014,1054,32,10,20,123,1177,1,0.8954970263381479,0.10450297366185217,1115,0.027187765505522515,0.008496176720475786,0.016992353440951572,0.9473237043330501
611,Baltimore County,1456,Baltimore County Precinct 12-009,1157,34,11,28,299,1456,1,0.7946428571428571,0.20535714285714285,1383,0.023351648351648352,0.007554945054945055,0.019230769230769232,0.9498626373626373
612,Baltimore County,4122,Baltimore County Precinct 12-011,3270,140,30,78,852,4122,1,0.7933042212518195,0.2066957787481805,3874,0.033964095099466275,0.00727802037845706,0.018922852983988356,0.9398350315380883
613,Baltimore County,1905,Baltimore County Precinct 12-013,167,63,36,102,1738,1905,1,0.08766404199475065,0.9123359580052494,1704,0.03307086614173228,0.01889763779527559,0.05354330708661417,0.8944881889763779
796,Baltimore County,1239,Baltimore County Precinct 13-006,980,30,11,22,259,1239,1,0.7909604519774012,0.20903954802259886,1176,0.024213075060532687,0.00887812752219532,0.01775625504439064,0.9491525423728814
797,Baltimore County,2979,Baltimore County Precinct 13-007,1367,51,21,48,1612,2979,1,0.4588788183954347,0.5411211816045652,2859,0.017119838872104734,0.007049345417925478,0.016112789526686808,0.959718026183283
798,Baltimore County,5380,Baltimore County Precinct 13-009,3849,112,33,104,1531,5380,1,0.7154275092936803,0.2845724907063197,5131,0.020817843866171002,0.006133828996282528,0.019330855018587362,0.9537174721189591
804,Baltimore County,2262,Baltimore County Precinct 13-008,1953,74,15,59,309,2262,1,0.863395225464191,0.13660477453580902,2114,0.032714412024756855,0.006631299734748011,0.026083112290008842,0.9345711759504863
823,Baltimore County,2920,Baltimore County Precinct 14-011,1954,86,33,89,966,2920,1,0.6691780821917809,0.3308219178082192,2712,0.02945205479452055,0.011301369863013699,0.03047945205479452,0.9287671232876712
824,Baltimore County,2766,Baltimore County Precinct 14-007,2061,117,31,80,705,2766,1,0.745119305856833,0.25488069414316705,2538,0.04229934924078091,0.011207519884309472,0.028922631959508314,0.9175704989154013
825,Baltimore County,3521,Baltimore County Precinct 14-008,1352,172,77,127,2169,3521,1,0.38398182334564046,0.6160181766543595,3145,0.048849758591309286,0.02186878727634195,0.03606929849474581,0.8932121556376029
829,Baltimore County,4086,Baltimore County Precinct 09-022,3162,192,42,111,924,4086,1,0.7738619676945668,0.2261380323054332,3741,0.04698972099853157,0.010279001468428781,0.027165932452276064,0.9155653450807636
830,Baltimore County,2181,Baltimore County Precinct 14-012,1973,151,19,66,208,2181,1,0.9046309032553874,0.09536909674461257,1945,0.06923429619440624,0.00871160018340211,0.030261348005502064,0.8917927556166896
831,Baltimore County,723,Baltimore County Precinct 14-014,485,33,8,18,238,723,1,0.6708160442600276,0.32918395573997233,664,0.04564315352697095,0.011065006915629323,0.024896265560165973,0.9183955739972337
832,Baltimore County,3444,Baltimore County Precinct 14-006,2936,195,40,157,508,3444,1,0.8524970963995354,0.14750290360046459,3052,0.05662020905923345,0.011614401858304297,0.04558652729384437,0.8861788617886179
833,Baltimore County,2262,Baltimore County Precinct 14-001,2044,148,21,80,218,2262,1,0.9036251105216623,0.09637488947833775,2013,0.06542882404951371,0.009283819628647215,0.03536693191865606,0.889920424403183
834,Baltimore County,2561,Baltimore County Precinct 14-010,1869,153,52,87,692,2561,1,0.7297930495900039,0.2702069504099961,2269,0.059742288168684106,0.02030456852791878,0.033971105037094884,0.8859820382663022
835,Baltimore County,4471,Baltimore County Precinct 14-009,1738,148,63,113,2733,4471,1,0.38872735405949455,0.6112726459405055,4147,0.03310221426973831,0.01409080742563185,0.025273987922165064,0.9275329903824647
836,Baltimore County,1191,Baltimore County Precinct 14-005,540,14,9,15,651,1191,1,0.4534005037783375,0.5465994962216625,1153,0.011754827875734676,0.007556675062972292,0.012594458438287154,0.9680940386230059
837,Baltimore County,2619,Baltimore County Precinct 11-016,1527,23,16,31,1092,2619,1,0.5830469644902635,0.41695303550973656,2549,0.008781977854142803,0.0061092019854906456,0.011836578846888126,0.9732722413134784
838,Baltimore County,4063,Baltimore County Precinct 14-002,2593,167,47,130,1470,4063,1,0.6381983755845434,0.36180162441545655,3719,0.04110263352202806,0.011567807039133645,0.03199606202313562,0.9153334974157027
839,Baltimore County,3933,Baltimore County Precinct 11-011,2948,148,29,82,985,3933,1,0.7495550470378846,0.25044495296211544,3674,0.03763030765319095,0.00737350622934147,0.020849224510551743,0.9341469616069158
840,Baltimore County,3413,Baltimore County Precinct 09-023,2320,173,37,80,1093,3413,1,0.6797538822150601,0.32024611778493994,3123,0.05068854380310577,0.010840902431878113,0.023439789041898623,0.9150307647231175
841,Baltimore County,2956,Baltimore County Precinct 09-025,2214,137,21,71,742,2956,1,0.7489851150202977,0.2510148849797023,2727,0.04634641407307172,0.007104194857916103,0.02401894451962111,0.9225304465493911
842,Baltimore County,2895,Baltimore County Precinct 11-009,2192,86,23,83,703,2895,1,0.7571675302245251,0.24283246977547496,2703,0.029706390328151987,0.007944732297063902,0.028670120898100174,0.933678756476684
843,Baltimore County,3895,Baltimore County Precinct 09-024,3019,283,27,93,876,3895,1,0.7750962772785622,0.22490372272143774,3492,0.07265725288831835,0.00693196405648267,0.023876765083440308,0.8965340179717587
844,Baltimore County,3694,Baltimore County Precinct 11-015,3631,269,17,98,63,3694,1,0.9829453167298322,0.01705468327016784,3310,0.07282079047103411,0.0046020573903627505,0.026529507309149974,0.8960476448294532
845,Baltimore County,731,Baltimore County Precinct 11-021,560,22,4,19,171,731,1,0.7660738714090287,0.23392612859097128,686,0.030095759233926128,0.005471956224350205,0.025991792065663474,0.9384404924760602
846,Baltimore County,2824,Baltimore County Precinct 11-008,2388,97,20,45,436,2824,1,0.8456090651558074,0.15439093484419264,2662,0.03434844192634561,0.007082152974504249,0.01593484419263456,0.9426345609065155
847,Baltimore County,3720,Baltimore County Precinct 11-010,2780,112,29,86,940,3720,1,0.7473118279569892,0.25268817204301075,3493,0.030107526881720432,0.0077956989247311825,0.023118279569892472,0.9389784946236559
848,Baltimore County,1942,Baltimore County Precinct 11-018,1553,30,4,14,389,1942,1,0.7996910401647785,0.20030895983522143,1894,0.015447991761071062,0.0020597322348094747,0.007209062821833162,0.9752832131822863
849,Baltimore County,3460,Baltimore County Precinct 11-017,2820,161,26,75,640,3460,1,0.815028901734104,0.18497109826589594,3198,0.04653179190751445,0.007514450867052023,0.02167630057803468,0.9242774566473988
850,Baltimore County,2630,Baltimore County Precinct 15-003,2325,115,20,73,305,2630,1,0.8840304182509505,0.11596958174904944,2422,0.043726235741444866,0.0076045627376425855,0.027756653992395436,0.9209125475285171
851,Baltimore County,3634,Baltimore County Precinct 14-013,1814,67,19,49,1820,3634,1,0.4991744634012108,0.5008255365987893,3499,0.018436984039625758,0.005228398458998349,0.013483764446890478,0.9628508530544854
852,Baltimore County,3333,Baltimore County Precinct 15-011,2680,85,38,82,653,3333,1,0.804080408040804,0.19591959195919592,3128,0.025502550255025503,0.011401140114011402,0.024602460246024603,0.9384938493849385
853,Baltimore County,343,Baltimore County Precinct 14-004,274,21,1,7,69,343,1,0.7988338192419825,0.20116618075801748,314,0.061224489795918366,0.0029154518950437317,0.02040816326530612,0.9154518950437318
965,Baltimore County,3555,Baltimore County Precinct 08-011,2068,85,11,24,1487,3555,1,0.5817158931082982,0.4182841068917018,3435,0.02390998593530239,0.0030942334739803095,0.006751054852320675,0.9662447257383966
966,Baltimore County,2505,Baltimore County Precinct 08-006,1379,106,53,92,1126,2505,1,0.550499001996008,0.449500998003992,2254,0.04231536926147705,0.021157684630738523,0.036726546906187624,0.8998003992015968
967,Baltimore County,1757,Baltimore County Precinct 08-003,1549,114,16,41,208,1757,1,0.8816163915765509,0.11838360842344905,1586,0.06488332384746727,0.00910643141718839,0.02333523050654525,0.9026750142287991
968,Baltimore County,2017,Baltimore County Precinct 08-022,1757,179,8,47,260,2017,1,0.8710956866633615,0.12890431333663857,1783,0.0887456618740704,0.0039662865642042635,0.02330193356470005,0.8839861179970253
969,Baltimore County,2489,Baltimore County Precinct 08-001,2208,142,9,49,281,2489,1,0.8871032543190036,0.11289674568099639,2289,0.057051024507834475,0.0036159100040176776,0.019686621132985135,0.9196464443551627
970,Baltimore County,1888,Baltimore County Precinct 08-025,1659,78,10,34,229,1888,1,0.878707627118644,0.12129237288135593,1766,0.0413135593220339,0.005296610169491525,0.018008474576271187,0.9353813559322034
971,Baltimore County,2437,Baltimore County Precinct 08-004,2117,172,24,62,320,2437,1,0.8686910135412392,0.13130898645876077,2179,0.07057858022158392,0.009848173984407058,0.0254411161263849,0.8941321296676241
972,Baltimore County,1477,Baltimore County Precinct 10-002,1372,83,7,34,105,1477,1,0.9289099526066351,0.07109004739336493,1353,0.056194989844278946,0.004739336492890996,0.023019634394041977,0.9160460392687881
973,Baltimore County,1876,Baltimore County Precinct 10-004,1797,104,13,31,79,1876,1,0.9578891257995735,0.04211087420042644,1728,0.05543710021321962,0.006929637526652452,0.01652452025586354,0.9211087420042644
974,Baltimore County,3018,Baltimore County Precinct 10-001,2857,143,12,43,161,3018,1,0.9466534128561962,0.053346587143803845,2820,0.04738237243207422,0.003976143141153081,0.014247846255798542,0.9343936381709742
975,Baltimore County,3508,Baltimore County Precinct 05-001,3315,119,29,48,193,3508,1,0.9449828962371721,0.05501710376282782,3312,0.033922462941847205,0.008266818700114024,0.013683010262257697,0.9441277080957811
976,Baltimore County,1975,Baltimore County Precinct 06-001,1875,70,23,28,100,1975,1,0.9493670886075949,0.05063291139240506,1854,0.035443037974683546,0.011645569620253165,0.014177215189873417,0.9387341772151899
977,Baltimore County,2338,Baltimore County Precinct 06-002,2220,108,14,47,118,2338,1,0.9495295124037639,0.0504704875962361,2169,0.046193327630453376,0.005988023952095809,0.020102651839178785,0.927715996578272
978,Baltimore County,2472,Baltimore County Precinct 07-003,2274,143,13,49,198,2472,1,0.9199029126213593,0.08009708737864078,2267,0.05784789644012945,0.0052588996763754045,0.01982200647249191,0.9170711974110033
979,Baltimore County,1071,Baltimore County Precinct 07-002,1032,64,4,22,39,1071,1,0.9635854341736695,0.036414565826330535,981,0.059757236227824466,0.003734827264239029,0.02054154995331466,0.9159663865546218
980,Baltimore County,3153,Baltimore County Precinct 07-001,2987,122,23,65,166,3153,1,0.9473517285125278,0.05264827148747225,2943,0.03869330796067238,0.007294640025372661,0.020615287028227087,0.9333967649857279
989,Baltimore County,3836,Baltimore County Precinct 09-020,464,138,81,108,3372,3836,1,0.12095933263816476,0.8790406673618353,3509,0.03597497393117831,0.02111574556830031,0.028154327424400417,0.914754953076121
990,Baltimore County,2342,Baltimore County Precinct 09-028,897,90,44,82,1445,2342,1,0.38300597779675494,0.6169940222032451,2126,0.03842869342442357,0.018787361229718188,0.035012809564474806,0.9077711357813835
991,Baltimore County,2528,Baltimore County Precinct 09-019,1774,122,39,77,754,2528,1,0.7017405063291139,0.29825949367088606,2290,0.048259493670886076,0.015427215189873418,0.03045886075949367,0.9058544303797469
996,Baltimore County,3661,Baltimore County Precinct 09-021,3095,172,41,128,566,3661,1,0.8453974323955203,0.15460256760447966,3320,0.046981698989347176,0.011199125921879268,0.034963124829281614,0.9068560502594919
997,Baltimore County,2909,Baltimore County Precinct 09-029,2172,2,0,1,737,2909,1,0.7466483327603988,0.25335166723960123,2906,0.0006875214850464077,0.0,0.00034376074252320387,0.9989687177724303
998,Baltimore County,2194,Baltimore County Precinct 09-012,1804,161,12,49,390,2194,1,0.8222424794895169,0.17775752051048313,1972,0.07338195077484047,0.0054694621695533276,0.022333637192342753,0.8988149498632635
999,Baltimore County,2160,Baltimore County Precinct 09-007,1829,155,24,66,331,2160,1,0.8467592592592592,0.15324074074074073,1915,0.07175925925925926,0.011111111111111112,0.030555555555555555,0.8865740740740741
1000,Baltimore County,2993,Baltimore County Precinct 09-011,2118,152,24,85,875,2993,1,0.707651186100902,0.2923488138990979,2732,0.05078516538590044,0.008018710324089542,0.028399599064483794,0.9127965252255262
1001,Baltimore County,5056,Baltimore County Precinct 09-010,3865,320,37,122,1191,5056,1,0.7644382911392406,0.2355617088607595,4577,0.06329113924050633,0.007318037974683544,0.024129746835443038,0.9052610759493671
1002,Baltimore County,1644,Baltimore County Precinct 08-015,1440,154,8,58,204,1644,1,0.8759124087591241,0.12408759124087591,1424,0.09367396593673966,0.004866180048661801,0.03527980535279805,0.8661800486618005
1003,Baltimore County,1925,Baltimore County Precinct 08-014,1650,122,17,29,275,1925,1,0.8571428571428571,0.14285714285714285,1757,0.06337662337662338,0.008831168831168832,0.015064935064935066,0.9127272727272727
1004,Baltimore County,2163,Baltimore County Precinct 08-012,1905,235,15,67,258,2163,1,0.8807212205270458,0.11927877947295423,1846,0.10864539990753583,0.006934812760055479,0.030975496994914472,0.8534442903374942
1005,Baltimore County,5466,Baltimore County Precinct 08-005,3011,67,2,14,2455,5466,1,0.5508598609586535,0.44914013904134653,5383,0.01225759238931577,0.00036589828027808267,0.002561287961946579,0.9848152213684596
1006,Baltimore County,1075,Baltimore County Precinct 09-016,915,84,16,37,160,1075,1,0.8511627906976744,0.14883720930232558,938,0.07813953488372093,0.014883720930232559,0.03441860465116279,0.8725581395348837
1007,Baltimore County,1627,Baltimore County Precinct 09-017,1118,72,20,40,509,1627,1,0.6871542716656422,0.3128457283343577,1495,0.044253226797787336,0.012292562999385371,0.024585125998770743,0.9188690842040566
1008,Baltimore County,26,Baltimore County Precinct 09-027,20,2,0,0,6,26,1,0.7692307692307693,0.23076923076923078,24,0.07692307692307693,0.0,0.0,0.9230769230769231
1009,Baltimore County,2576,Baltimore County Precinct 09-018,1975,101,37,68,601,2576,1,0.7666925465838509,0.23330745341614906,2370,0.03920807453416149,0.01436335403726708,0.026397515527950312,0.9200310559006211
1010,Baltimore County,1631,Baltimore County Precinct 09-009,1412,177,7,42,219,1631,1,0.8657265481299816,0.1342734518700184,1405,0.10852237890864501,0.004291845493562232,0.02575107296137339,0.8614347026364194
1011,Baltimore County,1132,Baltimore County Precinct 09-026,975,87,17,23,157,1132,1,0.8613074204946997,0.13869257950530034,1005,0.07685512367491167,0.015017667844522967,0.020318021201413426,0.8878091872791519
1012,Baltimore County,1592,Baltimore County Precinct 09-008,1465,179,13,40,127,1592,1,0.9202261306532663,0.07977386934673367,1360,0.11243718592964824,0.008165829145728644,0.02512562814070352,0.8542713567839196
1013,Baltimore County,2194,Baltimore County Precinct 08-007,1336,91,27,59,858,2194,1,0.6089334548769371,0.3910665451230629,2017,0.0414767547857794,0.012306289881494986,0.026891522333637192,0.9193254329990884
1021,Baltimore County,3216,Baltimore County Precinct 09-003,2807,334,26,100,409,3216,1,0.8728233830845771,0.1271766169154229,2756,0.10385572139303482,0.00808457711442786,0.03109452736318408,0.8569651741293532
1022,Baltimore County,3358,Baltimore County Precinct 03-008,2894,387,19,190,464,3358,1,0.8618225134008338,0.13817748659916618,2762,0.11524717093508041,0.005658129839189994,0.05658129839189994,0.8225134008338296
1023,Baltimore County,2600,Baltimore County Precinct 09-001,2400,251,19,68,200,2600,1,0.9230769230769231,0.07692307692307693,2262,0.09653846153846155,0.007307692307692308,0.026153846153846153,0.87
1024,Baltimore County,2246,Baltimore County Precinct 08-017,2079,183,12,61,167,2246,1,0.9256455921638468,0.07435440783615316,1990,0.08147818343722173,0.005342831700801425,0.02715939447907391,0.8860195903829029
1025,Baltimore County,879,Baltimore County Precinct 08-018,784,90,4,39,95,879,1,0.8919226393629124,0.1080773606370876,746,0.10238907849829351,0.004550625711035267,0.04436860068259386,0.8486916951080774
1026,Baltimore County,2530,Baltimore County Precinct 08-019,2247,175,15,63,283,2530,1,0.8881422924901186,0.11185770750988143,2277,0.0691699604743083,0.005928853754940711,0.024901185770750987,0.9
1027,Baltimore County,2751,Baltimore County Precinct 08-009,2153,209,15,80,598,2751,1,0.7826245001817521,0.2173754998182479,2447,0.07597237368229735,0.0054525627044711015,0.029080334423845874,0.8894947291893857
1028,Baltimore County,2173,Baltimore County Precinct 08-010,1965,166,12,45,208,2173,1,0.9042797975149562,0.09572020248504372,1950,0.07639208467556374,0.005522319374137137,0.020708697653014266,0.8973768982972848
1029,Baltimore County,1707,Baltimore County Precinct 08-020,1487,87,8,28,220,1707,1,0.8711189220855302,0.12888107791446984,1584,0.050966608084358524,0.0046865846514352666,0.016403046280023433,0.9279437609841827
1030,Baltimore County,1541,Baltimore County Precinct 09-002,1463,142,9,36,78,1541,1,0.9493835171966256,0.050616482803374434,1354,0.09214795587280987,0.005840363400389357,0.02336145360155743,0.8786502271252433
1031,Baltimore County,4116,Baltimore County Precinct 09-004,3440,136,10,57,676,4116,1,0.8357628765792031,0.16423712342079688,3913,0.03304178814382896,0.0024295432458697765,0.013848396501457727,0.9506802721088435
1032,Baltimore County,3650,Baltimore County Precinct 09-005,3293,324,14,72,357,3650,1,0.9021917808219178,0.09780821917808219,3240,0.08876712328767124,0.0038356164383561643,0.019726027397260273,0.8876712328767123
1033,Baltimore County,6430,Baltimore County Precinct 09-006,4497,56,10,27,1933,6430,1,0.6993779160186625,0.3006220839813375,6337,0.008709175738724729,0.0015552099533437014,0.004199066874027994,0.9855365474339036
1034,Baltimore County,621,Baltimore County Precinct 08-016,526,77,17,24,95,621,1,0.8470209339774557,0.1529790660225443,503,0.12399355877616747,0.027375201288244767,0.03864734299516908,0.8099838969404187
1035,Baltimore County,2667,Baltimore County Precinct 08-013,2348,183,32,88,319,2667,1,0.880389951256093,0.11961004874390702,2364,0.0686164229471316,0.011998500187476566,0.032995875515560553,0.8863892013498312
1058,Baltimore County,2581,Baltimore County Precinct 09-014,1807,239,25,101,774,2581,1,0.7001162340178225,0.2998837659821775,2216,0.09259976753196436,0.009686168151879117,0.03913211933359163,0.8585819449825649
1059,Baltimore County,2145,Baltimore County Precinct 09-013,2025,298,17,57,120,2145,1,0.9440559440559441,0.055944055944055944,1773,0.13892773892773894,0.007925407925407926,0.026573426573426574,0.8265734265734266
1065,Baltimore County,3415,Baltimore County Precinct 09-015,1933,197,45,70,1482,3415,1,0.5660322108345535,0.43396778916544654,3103,0.057686676427525625,0.013177159590043924,0.020497803806734993,0.9086383601756954
1093,Baltimore County,4060,Baltimore County Precinct 03-009,2908,334,30,206,1152,4060,1,0.716256157635468,0.28374384236453204,3490,0.08226600985221674,0.007389162561576354,0.05073891625615764,0.8596059113300493
1138,Baltimore County,2293,Baltimore County Precinct 02-005,122,134,82,129,2171,2293,1,0.053205407762756216,0.9467945922372438,1948,0.05843872655909289,0.035761011774967294,0.05625817706061927,0.8495420846053205
1139,Baltimore County,2631,Baltimore County Precinct 02-009,196,86,81,89,2435,2631,1,0.07449638920562524,0.9255036107943747,2375,0.03268719118206005,0.03078677309007982,0.0338274420372482,0.9026985936906119
1140,Baltimore County,3860,Baltimore County Precinct 02-014,432,165,122,170,3428,3860,1,0.11191709844559586,0.8880829015544042,3403,0.042746113989637305,0.031606217616580314,0.04404145077720207,0.8816062176165803
1141,Baltimore County,578,Baltimore County Precinct 02-025,458,154,16,55,120,578,1,0.7923875432525952,0.20761245674740483,353,0.2664359861591695,0.02768166089965398,0.09515570934256055,0.610726643598616
1142,Baltimore County,398,Baltimore County Precinct 02-028,16,9,10,10,382,398,1,0.04020100502512563,0.9597989949748744,369,0.022613065326633167,0.02512562814070352,0.02512562814070352,0.9271356783919598
1143,Baltimore County,2934,Baltimore County Precinct 02-007,310,87,72,145,2624,2934,1,0.1056578050443081,0.8943421949556919,2630,0.02965235173824131,0.024539877300613498,0.04942058623040218,0.896387184730743
1144,Baltimore County,532,Baltimore County Precinct 02-023,170,35,15,37,362,532,1,0.31954887218045114,0.6804511278195489,445,0.06578947368421052,0.02819548872180451,0.06954887218045112,0.8364661654135338
1145,Baltimore County,2750,Baltimore County Precinct 02-008,424,181,121,188,2326,2750,1,0.15418181818181817,0.8458181818181818,2260,0.06581818181818182,0.044,0.06836363636363636,0.8218181818181818
1146,Baltimore County,1761,Baltimore County Precinct 03-014,1271,100,10,154,490,1761,1,0.7217490062464509,0.2782509937535491,1497,0.05678591709256105,0.0056785917092561046,0.08745031232254401,0.8500851788756388
1147,Baltimore County,3988,Baltimore County Precinct 02-029,1361,111,57,116,2627,3988,1,0.34127382146439317,0.6587261785356068,3704,0.027833500501504512,0.014292878635907722,0.029087261785356068,0.9287863590772317
1148,Baltimore County,2503,Baltimore County Precinct 02-026,1337,120,40,113,1166,2503,1,0.5341590091889732,0.46584099081102676,2230,0.04794246903715541,0.015980823012385136,0.04514582500998801,0.8909308829404714
1149,Baltimore County,4357,Baltimore County Precinct 04-001,2178,104,59,122,2179,4357,1,0.4998852421390865,0.5001147578609135,4072,0.023869635070002296,0.013541427587789763,0.028000918062887306,0.9345880192793207
1150,Baltimore County,4438,Baltimore County Precinct 02-015,1185,131,130,170,3253,4438,1,0.26701216764308244,0.7329878323569176,4007,0.029517800811176206,0.02929247408742677,0.03830554303740424,0.9028841820639928
1151,Baltimore County,4253,Baltimore County Precinct 04-002,1859,141,66,154,2394,4253,1,0.4371032212555843,0.5628967787444157,3892,0.03315306842229015,0.015518457559369857,0.036209734305196334,0.9151187397131436
1152,Baltimore County,6218,Baltimore County Precinct 04-014,2105,74,41,91,4113,6218,1,0.3385332904470891,0.6614667095529109,6012,0.011900932775812159,0.006593760051463493,0.014634930845931168,0.9668703763267932
1153,Baltimore County,2859,Baltimore County Precinct 03-012,1558,95,24,89,1301,2859,1,0.5449457852395942,0.45505421476040575,2651,0.03322840153899965,0.008394543546694649,0.03112976565232599,0.9272472892619797
1154,Baltimore County,3010,Baltimore County Precinct 04-003,2691,288,16,247,319,3010,1,0.8940199335548172,0.10598006644518272,2459,0.09568106312292358,0.0053156146179402,0.08205980066445183,0.8169435215946844
1155,Baltimore County,3867,Baltimore County Precinct 02-002,159,195,113,120,3708,3867,1,0.041117145073700546,0.9588828549262994,3439,0.0504266873545384,0.029221618825963278,0.031031807602792862,0.8893198862167054
1156,Baltimore County,3676,Baltimore County Precinct 02-004,165,176,92,138,3511,3676,1,0.04488574537540805,0.955114254624592,3270,0.04787812840043525,0.025027203482045703,0.03754080522306855,0.8895538628944505
1157,Baltimore County,1730,Baltimore County Precinct 02-001,101,138,89,107,1629,1730,1,0.05838150289017341,0.9416184971098266,1396,0.07976878612716763,0.051445086705202314,0.061849710982658956,0.8069364161849711
1158,Baltimore County,3654,Baltimore County Precinct 03-001,569,250,132,172,3085,3654,1,0.15571975916803504,0.844280240831965,3100,0.06841817186644773,0.0361247947454844,0.04707170224411604,0.8483853311439519
1159,Baltimore County,1886,Baltimore County Precinct 03-004,949,125,51,97,937,1886,1,0.5031813361611877,0.4968186638388123,1613,0.0662778366914104,0.02704135737009544,0.05143160127253447,0.8552492046659597
1160,Baltimore County,2455,Baltimore County Precinct 03-003,535,191,100,140,1920,2455,1,0.21792260692464357,0.7820773930753564,2024,0.07780040733197556,0.04073319755600815,0.05702647657841141,0.8244399185336049
1161,Baltimore County,3558,Baltimore County Precinct 03-005,2386,252,43,207,1172,3558,1,0.670601461495222,0.32939853850477796,3056,0.07082630691399663,0.012085441259134345,0.0581787521079258,0.8589094997189433
1162,Baltimore County,2978,Baltimore County Precinct 03-002,1405,185,56,215,1573,2978,1,0.4717931497649429,0.5282068502350571,2522,0.062122229684351916,0.01880456682337139,0.07219610476830088,0.8468770987239759
1171,Baltimore County,1541,Baltimore County Precinct 02-019,893,52,40,34,648,1541,1,0.5794938351719663,0.42050616482803377,1415,0.03374432186891629,0.025957170668397145,0.022063595068137574,0.918234912394549
1172,Baltimore County,1285,Baltimore County Precinct 02-018,223,90,77,72,1062,1285,1,0.1735408560311284,0.8264591439688715,1046,0.07003891050583658,0.05992217898832685,0.05603112840466926,0.8140077821011673
1173,Baltimore County,37,Baltimore County Precinct 02-022,11,4,1,2,26,37,1,0.2972972972972973,0.7027027027027027,30,0.10810810810810811,0.02702702702702703,0.05405405405405406,0.8108108108108109
1174,Baltimore County,823,Baltimore County Precinct 02-020,304,49,46,26,519,823,1,0.36938031591737547,0.6306196840826246,702,0.05953827460510328,0.05589307411907655,0.031591737545565005,0.8529769137302552
1175,Baltimore County,4946,Baltimore County Precinct 02-012,664,140,157,143,4282,4946,1,0.13424989890820865,0.8657501010917914,4506,0.028305701577031946,0.031742822482814397,0.0289122523251112,0.9110392236150424
1176,Baltimore County,2695,Baltimore County Precinct 02-024,283,115,112,114,2412,2695,1,0.10500927643784787,0.8949907235621521,2354,0.04267161410018553,0.04155844155844156,0.042300556586270875,0.8734693877551021
1177,Baltimore County,1072,Baltimore County Precinct 02-021,779,52,17,42,293,1072,1,0.726679104477612,0.2733208955223881,961,0.048507462686567165,0.01585820895522388,0.03917910447761194,0.8964552238805971
1178,Baltimore County,2206,Baltimore County Precinct 02-027,459,101,99,114,1747,2206,1,0.20806890299184044,0.7919310970081596,1892,0.04578422484134179,0.04487760652765186,0.051677243880326386,0.85766092475068
1179,Baltimore County,2794,Baltimore County Precinct 04-012,1642,207,79,185,1152,2794,1,0.5876879026485325,0.41231209735146745,2323,0.0740873299928418,0.028274874731567645,0.0662133142448103,0.8314244810307803
1180,Baltimore County,3497,Baltimore County Precinct 04-006,2072,76,28,104,1425,3497,1,0.5925078638833285,0.40749213611667146,3289,0.021732913926222477,0.008006863025450386,0.02973977695167286,0.9405204460966543
1183,Baltimore County,4554,Baltimore County Precinct 04-007,2661,163,44,119,1893,4554,1,0.5843214756258235,0.4156785243741766,4228,0.035792709705753184,0.00966183574879227,0.026130873956960912,0.9284145805884936
1184,Baltimore County,2479,Baltimore County Precinct 04-010,1427,65,25,65,1052,2479,1,0.5756353368293666,0.4243646631706333,2324,0.026220250100847116,0.01008471157724889,0.026220250100847116,0.9374747882210569
1185,Baltimore County,4026,Baltimore County Precinct 04-008,3005,216,32,129,1021,4026,1,0.7463984103328366,0.25360158966716345,3649,0.05365126676602087,0.007948335817188276,0.03204172876304024,0.9063586686537506
1186,Baltimore County,1997,Baltimore County Precinct 04-009,1790,99,13,35,207,1997,1,0.8963445167751627,0.10365548322483725,1850,0.04957436154231347,0.006509764646970456,0.017526289434151226,0.9263895843765648
1194,Baltimore County,5767,Baltimore County Precinct 02-011,1008,125,100,134,4759,5767,1,0.17478758453268597,0.825212415467314,5408,0.021675047685104906,0.017340038148083926,0.02323565111843246,0.9377492630483787
1195,Baltimore County,4341,Baltimore County Precinct 02-010,384,139,141,218,3957,4341,1,0.0884588804422944,0.9115411195577056,3843,0.032020271826768025,0.03248099516240498,0.050218843584427554,0.8852798894263995
1196,Baltimore County,3194,Baltimore County Precinct 02-017,337,106,106,124,2857,3194,1,0.10551033187226048,0.8944896681277396,2858,0.03318722604884158,0.03318722604884158,0.038822792736380715,0.8948027551659361
1197,Baltimore County,1512,Baltimore County Precinct 02-016,259,81,68,79,1253,1512,1,0.1712962962962963,0.8287037037037037,1284,0.05357142857142857,0.04497354497354497,0.052248677248677246,0.8492063492063492
1198,Baltimore County,3573,Baltimore County Precinct 02-013,562,167,125,173,3011,3573,1,0.15729079205149735,0.8427092079485027,3108,0.046739434648754546,0.03498460677301987,0.0484186957738595,0.869857262804366
1199,Baltimore County,3132,Baltimore County Precinct 02-003,421,22,23,11,2711,3132,1,0.13441890166028098,0.8655810983397191,3076,0.0070242656449553,0.007343550446998723,0.00351213282247765,0.9821200510855683
1200,Baltimore County,3378,Baltimore County Precinct 02-006,350,151,88,170,3028,3378,1,0.10361160449970397,0.896388395500296,2969,0.04470100651272942,0.02605091770278271,0.05032563647128478,0.8789224393132031
1350,Baltimore County,4946,Baltimore County Precinct 01-017,607,156,135,151,4339,4946,1,0.12272543469470279,0.8772745653052972,4504,0.031540638900121314,0.027294783663566517,0.030529720986655885,0.9106348564496562
1351,Baltimore County,3184,Baltimore County Precinct 01-012,2973,247,26,47,211,3184,1,0.9337311557788944,0.06626884422110553,2864,0.0775753768844221,0.008165829145728644,0.014761306532663316,0.8994974874371859
1352,Baltimore County,2703,Baltimore County Precinct 01-011,2226,189,22,66,477,2703,1,0.8235294117647058,0.17647058823529413,2426,0.06992230854605994,0.008139104698483167,0.0244173140954495,0.8975212726600074
1353,Baltimore County,2485,Baltimore County Precinct 01-013,2365,238,37,101,120,2485,1,0.9517102615694165,0.0482897384305835,2109,0.09577464788732394,0.01488933601609658,0.040643863179074445,0.848692152917505
1354,Baltimore County,3127,Baltimore County Precinct 01-010,2439,221,30,102,688,3127,1,0.7799808122801407,0.2200191877198593,2774,0.07067476814838504,0.009593859929645027,0.032619123760793095,0.8871122481611768
1355,Baltimore County,3549,Baltimore County Precinct 01-003,1415,263,72,98,2134,3549,1,0.3987038602423218,0.6012961397576783,3116,0.0741053817976895,0.02028740490278952,0.027613412228796843,0.8779938010707241
1356,Baltimore County,3716,Baltimore County Precinct 01-004,1339,233,71,150,2377,3716,1,0.36033369214208827,0.6396663078579118,3262,0.06270182992465016,0.019106566200215284,0.040365984930032295,0.8778256189451022
1357,Baltimore County,2265,Baltimore County Precinct 01-002,437,97,39,66,1828,2265,1,0.19293598233995585,0.8070640176600441,2063,0.04282560706401766,0.017218543046357615,0.02913907284768212,0.9108167770419426
1361,Baltimore County,5998,Baltimore County Precinct 01-014,3956,152,14,63,2042,5998,1,0.6595531843947983,0.34044681560520174,5769,0.025341780593531177,0.002334111370456819,0.010503501167055685,0.9618206068689563
1362,Baltimore County,2893,Baltimore County Precinct 13-004,2610,141,32,77,283,2893,1,0.9021776702385067,0.09782232976149326,2643,0.04873833390943657,0.01106118216384376,0.026615969581749048,0.9135845143449706
1363,Baltimore County,3240,Baltimore County Precinct 13-003,2835,118,28,73,405,3240,1,0.875,0.125,3021,0.03641975308641975,0.008641975308641974,0.022530864197530864,0.9324074074074075
1364,Baltimore County,2641,Baltimore County Precinct 13-002,2319,102,10,55,322,2641,1,0.8780764861794774,0.12192351382052254,2474,0.03862173419159409,0.003786444528587656,0.020825444907232107,0.9367663763725862
1365,Baltimore County,2840,Baltimore County Precinct 13-005,2397,137,22,87,443,2840,1,0.8440140845070423,0.15598591549295773,2594,0.04823943661971831,0.007746478873239437,0.03063380281690141,0.9133802816901408
1366,Baltimore County,3604,Baltimore County Precinct 01-009,1703,134,37,75,1901,3604,1,0.47253052164261933,0.5274694783573807,3358,0.03718091009988901,0.010266370699223086,0.020810210876803552,0.9317425083240843
1367,Baltimore County,3870,Baltimore County Precinct 01-015,2674,189,27,68,1196,3870,1,0.6909560723514212,0.3090439276485788,3586,0.04883720930232558,0.0069767441860465115,0.01757105943152455,0.9266149870801034
1368,Baltimore County,2349,Baltimore County Precinct 01-007,1200,88,45,54,1149,2349,1,0.5108556832694764,0.4891443167305236,2162,0.037462750106428265,0.019157088122605363,0.022988505747126436,0.9203916560238399
1369,Baltimore County,4333,Baltimore County Precinct 01-008,3296,188,36,80,1037,4333,1,0.7606738979921532,0.23932610200784676,4029,0.043387952919455346,0.00830833141010847,0.018462958689129932,0.9298407569813063
1370,Baltimore County,4435,Baltimore County Precinct 01-005,1415,185,80,137,3020,4435,1,0.31905298759864714,0.6809470124013529,4033,0.04171364148816235,0.018038331454340473,0.030890642615558062,0.9093573844419391
1371,Baltimore County,4619,Baltimore County Precinct 01-001,871,214,112,137,3748,4619,1,0.1885689543191167,0.8114310456808833,4156,0.04633037453994371,0.02424767265641914,0.029660099588655554,0.8997618532149816
1372,Baltimore County,4031,Baltimore County Precinct 01-006,733,216,113,174,3298,4031,1,0.18184073430910444,0.8181592656908956,3528,0.05358471843215083,0.028032746216819646,0.04316546762589928,0.8752170677251302
1373,Baltimore County,4012,Baltimore County Precinct 13-001,2036,114,28,76,1976,4012,1,0.5074775672981057,0.49252243270189433,3794,0.028414755732801594,0.006979062811565304,0.018943170488534396,0.9456630109670987
1374,Baltimore County,2661,Baltimore County Precinct 01-016,2481,239,25,75,180,2661,1,0.9323562570462233,0.06764374295377677,2322,0.08981585869973695,0.009394964299135663,0.02818489289740699,0.8726042841037204
1708,Baltimore County,2385,Baltimore County Precinct 03-006,2216,389,15,241,169,2385,1,0.929140461215933,0.07085953878406709,1740,0.1631027253668763,0.006289308176100629,0.1010482180293501,0.7295597484276729
1713,Baltimore County,3977,Baltimore County Precinct 03-007,3337,448,21,324,640,3977,1,0.8390746794065879,0.1609253205934121,3184,0.11264772441538848,0.005280362081971335,0.08146844355041488,0.8006034699522253
1714,Baltimore County,3393,Baltimore County Precinct 03-011,2447,338,22,210,946,3393,1,0.7211906867079281,0.2788093132920719,2823,0.09961685823754789,0.006483937518420277,0.0618921308576481,0.8320070733863837
1715,Baltimore County,2089,Baltimore County Precinct 03-013,1842,227,16,128,247,2089,1,0.8817616084250838,0.11823839157491622,1718,0.1086644327429392,0.007659167065581618,0.061273336524652944,0.8224030636668263
1716,Baltimore County,2964,Baltimore County Precinct 03-010,2695,474,21,320,269,2964,1,0.9092442645074224,0.0907557354925776,2149,0.15991902834008098,0.00708502024291498,0.10796221322537113,0.725033738191633
1717,Baltimore County,1906,Baltimore County Precinct 08-008,1709,135,11,74,197,1906,1,0.8966421825813221,0.10335781741867786,1686,0.0708289611752361,0.005771248688352571,0.03882476390346275,0.8845750262329486
1718,Baltimore County,2959,Baltimore County Precinct 04-005,2071,109,32,82,888,2959,1,0.6998986143967557,0.30010138560324434,2736,0.03683676917877662,0.010814464346062858,0.027712064886786077,0.9246367015883744
1719,Baltimore County,3908,Baltimore County Precinct 04-004,2966,266,32,196,942,3908,1,0.7589559877175026,0.24104401228249744,3414,0.06806550665301944,0.008188331627430911,0.05015353121801433,0.8735926305015353
1720,Baltimore County,533,Baltimore County Precinct 04-013,478,40,5,35,55,533,1,0.8968105065666041,0.10318949343339587,453,0.075046904315197,0.009380863039399626,0.06566604127579738,0.849906191369606
1721,Baltimore County,433,Baltimore County Precinct 04-011,383,13,2,11,50,433,1,0.8845265588914549,0.11547344110854503,407,0.03002309468822171,0.004618937644341801,0.025404157043879907,0.9399538106235565
1722,Baltimore County,685,Baltimore County Precinct 08-023,608,62,4,33,77,685,1,0.8875912408759125,0.11240875912408758,586,0.0905109489051095,0.00583941605839416,0.04817518248175182,0.8554744525547445
1723,Baltimore County,510,Baltimore County Precinct 08-021,438,23,6,9,72,510,1,0.8588235294117647,0.1411764705882353,472,0.045098039215686274,0.011764705882352941,0.01764705882352941,0.9254901960784314
1724,Baltimore County,994,Baltimore County Precinct 08-024,886,73,10,22,108,994,1,0.8913480885311871,0.10865191146881288,889,0.07344064386317907,0.01006036217303823,0.022132796780684104,0.8943661971830986
1725,Baltimore County,3725,Baltimore County Precinct 08-002,3308,154,10,48,417,3725,1,0.8880536912751678,0.11194630872483222,3513,0.04134228187919463,0.0026845637583892616,0.012885906040268456,0.9430872483221476
