,COUNTY,VAP,NAME,WVAP,SEN18D,SEN18R,OVAP,TOT_VOTES,factor,WVAP_pct,OVAP_pct,SEN18None,SEN18D_pct,SEN18R_pct,SEN18None_pct
556,Baltimore City,1090,Baltimore City Precinct 26-028,142,411,15,948,1090,1.0,0.13027522935779817,0.8697247706422019,664,0.37706422018348623,0.013761467889908258,0.6091743119266055
557,Baltimore City,1429,Baltimore City Precinct 26-027,322,525,47,1107,1429,1.0,0.22533240027991602,0.7746675997200839,857,0.36738978306508047,0.032890132960111965,0.5997200839748076
558,Baltimore City,1467,Baltimore City Precinct 27-007,472,473,32,995,1467,1.0,0.321745057941377,0.678254942058623,962,0.3224267211997273,0.021813224267211998,0.6557600545330606
559,Baltimore City,985,Baltimore City Precinct 26-030,419,418,38,566,985,1.0,0.42538071065989846,0.5746192893401015,529,0.4243654822335025,0.03857868020304569,0.5370558375634518
574,Baltimore City,502,Baltimore City Precinct 26-001,417,70,43,85,502,1.0,0.8306772908366534,0.1693227091633466,389,0.1394422310756972,0.08565737051792828,0.7749003984063745
575,Baltimore City,2426,Baltimore City Precinct 26-002,1008,377,73,1418,2426,1.0,0.4154987633965375,0.5845012366034625,1976,0.15539983511953834,0.030090684253915912,0.8145094806265457
576,Baltimore City,2095,Baltimore City Precinct 26-003,1404,318,171,691,2095,1.0,0.6701670644391408,0.3298329355608592,1606,0.15178997613365156,0.08162291169451073,0.7665871121718377
581,Baltimore City,782,Baltimore City Precinct 26-005,514,156,55,268,782,1.0,0.6572890025575447,0.34271099744245526,571,0.19948849104859334,0.07033248081841433,0.7301790281329923
582,Baltimore City,1623,Baltimore City Precinct 26-004,1098,228,81,525,1623,1.0,0.6765249537892791,0.3234750462107209,1314,0.14048059149722736,0.04990757855822551,0.8096118299445472
583,Baltimore City,1434,Baltimore City Precinct 26-007,799,374,140,635,1434,1.0,0.5571827057182706,0.44281729428172945,920,0.2608089260808926,0.09762900976290098,0.6415620641562064
584,Baltimore City,1562,Baltimore City Precinct 26-014,1050,167,87,512,1562,1.0,0.6722151088348272,0.32778489116517284,1308,0.10691421254801536,0.05569782330345711,0.8373879641485276
585,Baltimore City,1463,Baltimore City Precinct 26-015,116,572,21,1347,1463,1.0,0.07928913192071087,0.9207108680792891,870,0.39097744360902253,0.014354066985645933,0.5946684894053315
586,Baltimore City,4697,Baltimore City Precinct 26-029,597,1336,55,4100,4697,1.0,0.12710240579093038,0.8728975942090696,3306,0.284436874600809,0.0117096018735363,0.7038535235256547
805,Baltimore City,3265,Baltimore City Precinct 25-005,822,667,80,2443,3265,1.0,0.2517611026033691,0.748238897396631,2518,0.20428790199081165,0.02450229709035222,0.7712098009188362
807,Baltimore City,2660,Baltimore City Precinct 25-008,74,563,17,2586,2660,1.0,0.027819548872180452,0.9721804511278196,2080,0.21165413533834587,0.006390977443609023,0.7819548872180451
808,Baltimore City,1089,Baltimore City Precinct 25-009,9,382,6,1080,1089,1.0,0.008264462809917356,0.9917355371900827,701,0.3507805325987144,0.005509641873278237,0.6437098255280074
809,Baltimore City,1595,Baltimore City Precinct 25-010,46,433,7,1549,1595,1.0,0.02884012539184953,0.9711598746081505,1155,0.27147335423197494,0.00438871473354232,0.7241379310344828
810,Baltimore City,3555,Baltimore City Precinct 25-003,2570,628,270,985,3555,1.0,0.7229254571026723,0.2770745428973277,2657,0.17665260196905766,0.0759493670886076,0.7473980309423347
811,Baltimore City,929,Baltimore City Precinct 20-009,527,163,31,402,929,1.0,0.5672766415500539,0.4327233584499462,735,0.17545748116254037,0.03336921420882669,0.7911733046286329
812,Baltimore City,1049,Baltimore City Precinct 20-005,28,357,5,1021,1049,1.0,0.02669208770257388,0.9733079122974261,687,0.340324118207817,0.004766444232602479,0.6549094375595805
813,Baltimore City,3568,Baltimore City Precinct 25-004,2774,465,283,794,3568,1.0,0.7774663677130045,0.22253363228699552,2820,0.13032511210762332,0.07931614349775785,0.7903587443946188
814,Baltimore City,756,Baltimore City Precinct 20-010,333,73,14,423,756,1.0,0.44047619047619047,0.5595238095238095,669,0.09656084656084656,0.018518518518518517,0.8849206349206349
815,Baltimore City,2322,Baltimore City Precinct 20-003,54,391,8,2268,2322,1.0,0.023255813953488372,0.9767441860465116,1923,0.16838931955211026,0.0034453057708871662,0.8281653746770026
816,Baltimore City,2303,Baltimore City Precinct 20-011,848,300,43,1455,2303,1.0,0.36821537125488496,0.6317846287451151,1960,0.13026487190620928,0.018671298306556665,0.851063829787234
817,Baltimore City,950,Baltimore City Precinct 20-002,70,180,4,880,950,1.0,0.07368421052631578,0.9263157894736842,766,0.18947368421052632,0.004210526315789474,0.8063157894736842
818,Baltimore City,1760,Baltimore City Precinct 16-013,14,526,13,1746,1760,1.0,0.007954545454545454,0.9920454545454546,1221,0.2988636363636364,0.007386363636363636,0.69375
819,Baltimore City,1950,Baltimore City Precinct 16-012,10,659,19,1940,1950,1.0,0.005128205128205128,0.9948717948717949,1272,0.33794871794871795,0.009743589743589744,0.6523076923076923
820,Baltimore City,240,Baltimore City Precinct 20-004,4,94,4,236,240,1.0,0.016666666666666666,0.9833333333333333,142,0.39166666666666666,0.016666666666666666,0.5916666666666667
821,Baltimore City,1495,Baltimore City Precinct 16-008,24,326,2,1471,1495,1.0,0.016053511705685617,0.9839464882943144,1167,0.2180602006688963,0.0013377926421404682,0.7806020066889632
822,Baltimore City,901,Baltimore City Precinct 26-031,516,270,73,385,901,1.0,0.5726970033296337,0.42730299667036625,558,0.29966703662597116,0.08102108768035517,0.6193118756936737
826,Baltimore City,2719,Baltimore City Precinct 27-008,1192,1037,148,1527,2719,1.0,0.4383964692901802,0.5616035307098198,1534,0.381390216991541,0.05443177638837808,0.5641780066200809
827,Baltimore City,2670,Baltimore City Precinct 27-011,1688,999,321,982,2670,1.0,0.6322097378277154,0.36779026217228467,1350,0.3741573033707865,0.12022471910112359,0.5056179775280899
828,Baltimore City,842,Baltimore City Precinct 27-010,645,285,123,197,842,1.0,0.7660332541567696,0.2339667458432304,434,0.33847980997624705,0.14608076009501186,0.5154394299287411
876,Baltimore City,1038,Baltimore City Precinct 12-011,130,396,6,908,1038,1.0,0.1252408477842004,0.8747591522157996,636,0.3815028901734104,0.005780346820809248,0.6127167630057804
877,Baltimore City,1718,Baltimore City Precinct 12-008,988,841,41,730,1718,1.0,0.5750873108265425,0.42491268917345754,836,0.48952270081490107,0.023864959254947613,0.48661233993015135
878,Baltimore City,1916,Baltimore City Precinct 12-010,382,575,16,1534,1916,1.0,0.19937369519832984,0.8006263048016702,1325,0.3001043841336117,0.008350730688935281,0.691544885177453
882,Baltimore City,1139,Baltimore City Precinct 25-011,672,163,71,467,1139,1.0,0.5899912203687445,0.4100087796312555,905,0.1431079894644425,0.06233538191395961,0.7945566286215979
883,Baltimore City,2273,Baltimore City Precinct 25-012,1279,294,114,994,2273,1.0,0.5626924769027717,0.4373075230972283,1865,0.1293444786625605,0.05015398152221733,0.8205015398152222
884,Baltimore City,1483,Baltimore City Precinct 25-014,468,275,33,1015,1483,1.0,0.3155765340525961,0.6844234659474039,1175,0.18543492919757248,0.022252191503708697,0.7923128792987189
885,Baltimore City,1262,Baltimore City Precinct 25-013,750,159,55,512,1262,1.0,0.5942947702060222,0.40570522979397783,1048,0.1259904912836767,0.043581616481774964,0.8304278922345484
886,Baltimore City,1628,Baltimore City Precinct 25-015,701,253,47,927,1628,1.0,0.4305896805896806,0.5694103194103194,1328,0.1554054054054054,0.02886977886977887,0.8157248157248157
887,Baltimore City,2415,Baltimore City Precinct 25-016,1616,315,122,799,2415,1.0,0.6691511387163561,0.3308488612836439,1978,0.13043478260869565,0.0505175983436853,0.819047619047619
888,Baltimore City,2673,Baltimore City Precinct 24-004,2448,1138,321,225,2673,1.0,0.9158249158249159,0.08417508417508418,1214,0.42573887018331463,0.12008978675645342,0.45417134306023194
889,Baltimore City,878,Baltimore City Precinct 24-002,775,398,121,103,878,1.0,0.8826879271070615,0.11731207289293849,359,0.4533029612756264,0.1378132118451025,0.40888382687927105
890,Baltimore City,722,Baltimore City Precinct 24-001,632,338,98,90,722,1.0,0.8753462603878116,0.12465373961218837,286,0.46814404432132967,0.13573407202216067,0.3961218836565097
891,Baltimore City,1728,Baltimore City Precinct 24-003,1531,792,255,197,1728,1.0,0.8859953703703703,0.11400462962962964,681,0.4583333333333333,0.14756944444444445,0.3940972222222222
892,Baltimore City,1994,Baltimore City Precinct 03-003,1421,640,184,573,1994,1.0,0.7126379137412236,0.28736208625877635,1170,0.320962888665998,0.09227683049147442,0.5867602808425276
893,Baltimore City,3017,Baltimore City Precinct 24-005,2786,1634,582,231,3017,1.0,0.9234338747099768,0.0765661252900232,801,0.5415976135233675,0.19290686112031818,0.2654955253563142
894,Baltimore City,2635,Baltimore City Precinct 02-003,2167,1029,226,468,2635,1.0,0.8223908918406072,0.1776091081593928,1380,0.3905123339658444,0.0857685009487666,0.523719165085389
895,Baltimore City,2074,Baltimore City Precinct 02-002,1402,736,120,672,2074,1.0,0.6759884281581485,0.3240115718418515,1218,0.3548698167791707,0.05785920925747348,0.5872709739633558
896,Baltimore City,2117,Baltimore City Precinct 01-002,1706,889,118,411,2117,1.0,0.8058573452999528,0.19414265470004724,1110,0.4199338686820973,0.055739253660840815,0.5243268776570619
897,Baltimore City,1947,Baltimore City Precinct 01-003,1710,664,220,237,1947,1.0,0.8782742681047766,0.12172573189522343,1063,0.34103749357986646,0.11299435028248588,0.5459681561376477
898,Baltimore City,2617,Baltimore City Precinct 05-001,202,368,9,2415,2617,1.0,0.07718761941153993,0.92281238058846,2240,0.14061902942300344,0.003439052350019106,0.8559419182269774
899,Baltimore City,658,Baltimore City Precinct 10-004,17,211,3,641,658,1.0,0.025835866261398176,0.9741641337386018,444,0.32066869300911854,0.004559270516717325,0.6747720364741642
900,Baltimore City,5665,Baltimore City Precinct 10-003,789,122,4,4876,5665,1.0,0.13927625772285968,0.8607237422771403,5539,0.02153574580759047,0.000706090026478376,0.9777581641659312
901,Baltimore City,836,Baltimore City Precinct 03-002,231,204,18,605,836,1.0,0.27631578947368424,0.7236842105263158,614,0.24401913875598086,0.0215311004784689,0.7344497607655502
913,Baltimore City,2765,Baltimore City Precinct 07-004,124,578,17,2641,2765,1.0,0.04484629294755877,0.9551537070524412,2170,0.20904159132007233,0.006148282097649186,0.7848101265822784
914,Baltimore City,3497,Baltimore City Precinct 26-010,1389,678,146,2108,3497,1.0,0.3971975979410924,0.6028024020589077,2673,0.19388046897340577,0.04175007148984844,0.7643694595367457
915,Baltimore City,923,Baltimore City Precinct 26-012,85,168,12,838,923,1.0,0.09209100758396534,0.9079089924160346,743,0.1820151679306609,0.013001083423618635,0.8049837486457205
916,Baltimore City,3245,Baltimore City Precinct 08-010,18,1095,18,3227,3245,1.0,0.005546995377503852,0.9944530046224962,2132,0.337442218798151,0.005546995377503852,0.6570107858243451
917,Baltimore City,577,Baltimore City Precinct 08-011,13,205,2,564,577,1.0,0.022530329289428077,0.9774696707105719,370,0.35528596187175043,0.0034662045060658577,0.6412478336221837
918,Baltimore City,1998,Baltimore City Precinct 08-003,70,543,18,1928,1998,1.0,0.035035035035035036,0.964964964964965,1437,0.27177177177177175,0.009009009009009009,0.7192192192192193
919,Baltimore City,1675,Baltimore City Precinct 26-019,143,653,12,1532,1675,1.0,0.0853731343283582,0.9146268656716418,1010,0.38985074626865673,0.007164179104477612,0.6029850746268657
920,Baltimore City,783,Baltimore City Precinct 26-020,50,293,7,733,783,1.0,0.06385696040868455,0.9361430395913155,483,0.37420178799489145,0.008939974457215836,0.6168582375478927
921,Baltimore City,1709,Baltimore City Precinct 26-011,785,203,50,924,1709,1.0,0.4593329432416618,0.5406670567583383,1456,0.11878291398478642,0.029256875365710942,0.8519602106495027
922,Baltimore City,1355,Baltimore City Precinct 26-013,1074,188,128,281,1355,1.0,0.792619926199262,0.207380073800738,1039,0.13874538745387455,0.09446494464944649,0.766789667896679
923,Baltimore City,339,Baltimore City Precinct 26-017,33,230,7,306,339,1.0,0.09734513274336283,0.9026548672566371,102,0.6784660766961652,0.02064896755162242,0.3008849557522124
924,Baltimore City,2928,Baltimore City Precinct 26-018,256,902,26,2672,2928,1.0,0.08743169398907104,0.912568306010929,2000,0.30806010928961747,0.008879781420765027,0.6830601092896175
925,Baltimore City,1249,Baltimore City Precinct 26-016,74,521,8,1175,1249,1.0,0.059247397918334666,0.9407526020816653,720,0.41713370696557245,0.006405124099279423,0.5764611689351481
982,Baltimore City,2683,Baltimore City Precinct 26-024,242,750,17,2441,2683,1.0,0.09019754006708908,0.9098024599329109,1916,0.2795378307864331,0.00633619083115915,0.7141259783824078
983,Baltimore City,2299,Baltimore City Precinct 26-025,146,529,21,2153,2299,1.0,0.06350587211831231,0.9364941278816877,1749,0.2301000434971727,0.009134406263592866,0.7607655502392344
984,Baltimore City,1812,Baltimore City Precinct 26-026,482,646,49,1330,1812,1.0,0.26600441501103755,0.7339955849889624,1117,0.3565121412803532,0.02704194260485651,0.6164459161147903
985,Baltimore City,2585,Baltimore City Precinct 27-005,1273,1049,148,1312,2585,1.0,0.49245647969052225,0.5075435203094778,1388,0.4058027079303675,0.05725338491295938,0.5369439071566731
986,Baltimore City,3355,Baltimore City Precinct 27-006,959,1209,93,2396,3355,1.0,0.28584202682563337,0.7141579731743666,2053,0.36035767511177347,0.027719821162444112,0.6119225037257824
987,Baltimore City,780,Baltimore City Precinct 27-019,33,280,9,747,780,1.0,0.04230769230769231,0.9576923076923077,491,0.358974358974359,0.011538461538461539,0.6294871794871795
988,Baltimore City,2289,Baltimore City Precinct 27-015,400,890,51,1889,2289,1.0,0.17474879860200962,0.8252512013979904,1348,0.3888160768894714,0.022280471821756225,0.5889034512887724
992,Baltimore City,2647,Baltimore City Precinct 27-014,1453,1111,233,1194,2647,1.0,0.5489233094068757,0.4510766905931243,1303,0.4197204382319607,0.08802417831507367,0.4922553834529656
993,Baltimore City,3409,Baltimore City Precinct 27-013,915,995,134,2494,3409,1.0,0.26840715752420063,0.7315928424757994,2280,0.29187444998533296,0.0393077148723966,0.6688178351422704
994,Baltimore City,1492,Baltimore City Precinct 27-009,843,703,128,649,1492,1.0,0.5650134048257373,0.43498659517426275,661,0.47117962466487934,0.08579088471849866,0.443029490616622
995,Baltimore City,762,Baltimore City Precinct 27-012,550,237,89,212,762,1.0,0.7217847769028871,0.2782152230971129,436,0.3110236220472441,0.1167979002624672,0.5721784776902887
1014,Baltimore City,751,Baltimore City Precinct 27-037,547,313,70,204,751,1.0,0.7283621837549934,0.27163781624500666,368,0.4167776298268975,0.09320905459387484,0.49001331557922767
1015,Baltimore City,1727,Baltimore City Precinct 27-038,993,581,55,734,1727,1.0,0.57498552403011,0.42501447596989,1091,0.3364215402431963,0.03184713375796178,0.631731325998842
1016,Baltimore City,1669,Baltimore City Precinct 27-042,1261,884,185,408,1669,1.0,0.7555422408627921,0.2444577591372079,600,0.5296584781306172,0.11084481725584182,0.35949670461354105
1017,Baltimore City,1155,Baltimore City Precinct 27-044,1034,809,116,121,1155,1.0,0.8952380952380953,0.10476190476190476,230,0.7004329004329004,0.10043290043290043,0.19913419913419914
1018,Baltimore City,1487,Baltimore City Precinct 27-040,1289,818,221,198,1487,1.0,0.8668459986550101,0.13315400134498992,448,0.5501008742434432,0.14862138533960995,0.3012777404169469
1019,Baltimore City,742,Baltimore City Precinct 27-039,645,502,94,97,742,1.0,0.8692722371967655,0.1307277628032345,146,0.6765498652291105,0.12668463611859837,0.1967654986522911
1020,Baltimore City,1929,Baltimore City Precinct 27-041,1446,965,207,483,1929,1.0,0.749611197511664,0.25038880248833595,757,0.5002592016588906,0.10730948678071539,0.392431311560394
1036,Baltimore City,1338,Baltimore City Precinct 09-010,254,494,12,1084,1338,1.0,0.1898355754857997,0.8101644245142003,832,0.3692077727952167,0.008968609865470852,0.6218236173393124
1037,Baltimore City,1402,Baltimore City Precinct 09-003,246,619,21,1156,1402,1.0,0.1754636233951498,0.8245363766048502,762,0.44151212553495006,0.014978601997146932,0.543509272467903
1038,Baltimore City,1166,Baltimore City Precinct 09-002,133,385,11,1033,1166,1.0,0.11406518010291596,0.885934819897084,770,0.330188679245283,0.009433962264150943,0.660377358490566
1039,Baltimore City,1002,Baltimore City Precinct 09-009,76,324,17,926,1002,1.0,0.07584830339321358,0.9241516966067864,661,0.32335329341317365,0.016966067864271458,0.6596806387225549
1040,Baltimore City,1958,Baltimore City Precinct 09-004,484,1036,43,1474,1958,1.0,0.24719101123595505,0.7528089887640449,879,0.5291113381001021,0.021961184882533197,0.4489274770173647
1041,Baltimore City,1717,Baltimore City Precinct 09-005,367,728,38,1350,1717,1.0,0.21374490390215492,0.786255096097845,951,0.4239953407105416,0.0221316249271986,0.5538730343622598
1042,Baltimore City,782,Baltimore City Precinct 09-001,41,234,3,741,782,1.0,0.052429667519181586,0.9475703324808185,545,0.29923273657289,0.0038363171355498722,0.69693094629156
1043,Baltimore City,970,Baltimore City Precinct 27-036,32,331,7,938,970,1.0,0.032989690721649485,0.9670103092783505,632,0.34123711340206186,0.007216494845360825,0.6515463917525773
1044,Baltimore City,3261,Baltimore City Precinct 27-035,98,819,22,3163,3261,1.0,0.03005213124808341,0.9699478687519166,2420,0.2511499540018399,0.006746396810794235,0.7421036491873658
1045,Baltimore City,1481,Baltimore City Precinct 27-026,265,403,16,1216,1481,1.0,0.17893315327481432,0.8210668467251857,1062,0.27211343686698175,0.010803511141120865,0.7170830519918974
1046,Baltimore City,1722,Baltimore City Precinct 27-027,33,669,10,1689,1722,1.0,0.01916376306620209,0.980836236933798,1043,0.3885017421602787,0.005807200929152149,0.6056910569105691
1047,Baltimore City,1372,Baltimore City Precinct 27-028,32,505,10,1340,1372,1.0,0.023323615160349854,0.9766763848396501,857,0.3680758017492711,0.007288629737609329,0.6246355685131195
1048,Baltimore City,858,Baltimore City Precinct 27-029,10,325,14,848,858,1.0,0.011655011655011656,0.9883449883449883,519,0.3787878787878788,0.016317016317016316,0.6048951048951049
1049,Baltimore City,1643,Baltimore City Precinct 09-008,18,373,4,1625,1643,1.0,0.010955569080949483,0.9890444309190505,1266,0.22702373706634205,0.002434570906877663,0.7705416920267802
1050,Baltimore City,1933,Baltimore City Precinct 09-006,142,964,22,1791,1933,1.0,0.0734609415416451,0.9265390584583549,947,0.4987066735644077,0.011381272633212623,0.48991205380237973
1051,Baltimore City,1819,Baltimore City Precinct 09-007,152,723,20,1667,1819,1.0,0.08356239692138538,0.9164376030786147,1076,0.39747113798790545,0.010995052226498075,0.5915338097855964
1052,Baltimore City,1296,Baltimore City Precinct 27-025,35,554,11,1261,1296,1.0,0.02700617283950617,0.9729938271604939,731,0.42746913580246915,0.008487654320987654,0.5640432098765432
1053,Baltimore City,1047,Baltimore City Precinct 27-024,138,234,5,909,1047,1.0,0.1318051575931232,0.8681948424068768,808,0.22349570200573066,0.004775549188156638,0.7717287488061128
1054,Baltimore City,588,Baltimore City Precinct 27-023,30,334,10,558,588,1.0,0.05102040816326531,0.9489795918367347,244,0.5680272108843537,0.017006802721088437,0.41496598639455784
1055,Baltimore City,1632,Baltimore City Precinct 27-034,121,615,15,1511,1632,1.0,0.0741421568627451,0.9258578431372549,1002,0.37683823529411764,0.009191176470588236,0.6139705882352942
1056,Baltimore City,2316,Baltimore City Precinct 27-033,564,1022,55,1752,2316,1.0,0.24352331606217617,0.7564766839378239,1239,0.44127806563039723,0.023747841105354058,0.5349740932642487
1057,Baltimore City,2778,Baltimore City Precinct 27-032,1010,1135,83,1768,2778,1.0,0.36357091432685384,0.6364290856731462,1560,0.4085673146148308,0.029877609791216703,0.5615550755939525
1060,Baltimore City,1703,Baltimore City Precinct 27-030,58,586,5,1645,1703,1.0,0.03405754550792719,0.9659424544920728,1112,0.3440986494421609,0.002935995302407516,0.6529653552554316
1061,Baltimore City,2334,Baltimore City Precinct 27-031,141,988,28,2193,2334,1.0,0.060411311053984576,0.9395886889460154,1318,0.4233076263924593,0.011996572407883462,0.5646958011996572
1062,Baltimore City,2547,Baltimore City Precinct 27-022,207,1178,21,2340,2547,1.0,0.0812720848056537,0.9187279151943463,1348,0.4625049077345897,0.008244994110718492,0.5292500981546918
1063,Baltimore City,2765,Baltimore City Precinct 27-021,234,1075,32,2531,2765,1.0,0.08462929475587704,0.915370705244123,1658,0.3887884267631103,0.011573236889692586,0.5996383363471971
1064,Baltimore City,2623,Baltimore City Precinct 27-020,377,990,39,2246,2623,1.0,0.14372855508959206,0.856271444910408,1594,0.3774304231795654,0.014868471216164697,0.6077011056042699
1066,Baltimore City,1108,Baltimore City Precinct 08-001,657,46,4,451,1108,1.0,0.5929602888086642,0.40703971119133575,1058,0.04151624548736462,0.0036101083032490976,0.9548736462093863
1067,Baltimore City,1540,Baltimore City Precinct 08-002,183,533,27,1357,1540,1.0,0.11883116883116883,0.8811688311688312,980,0.3461038961038961,0.01753246753246753,0.6363636363636364
1068,Baltimore City,2756,Baltimore City Precinct 26-021,263,844,23,2493,2756,1.0,0.09542815674891146,0.9045718432510885,1889,0.3062409288824383,0.008345428156748911,0.6854136429608128
1069,Baltimore City,813,Baltimore City Precinct 26-022,102,305,11,711,813,1.0,0.12546125461254612,0.8745387453874539,497,0.3751537515375154,0.013530135301353014,0.6113161131611317
1070,Baltimore City,586,Baltimore City Precinct 27-002,406,398,57,180,586,1.0,0.6928327645051194,0.30716723549488056,131,0.6791808873720137,0.09726962457337884,0.2235494880546075
1071,Baltimore City,2370,Baltimore City Precinct 27-001,734,880,87,1636,2370,1.0,0.309704641350211,0.6902953586497891,1403,0.37130801687763715,0.03670886075949367,0.5919831223628692
1072,Baltimore City,3583,Baltimore City Precinct 27-018,801,811,74,2782,3583,1.0,0.22355567959810216,0.7764443204018978,2698,0.22634663689645548,0.02065308400781468,0.7530002790957299
1073,Baltimore City,1263,Baltimore City Precinct 27-017,466,581,42,797,1263,1.0,0.36896278701504354,0.6310372129849564,640,0.4600158353127474,0.0332541567695962,0.5067300079176563
1074,Baltimore City,642,Baltimore City Precinct 27-003,342,332,34,300,642,1.0,0.5327102803738317,0.4672897196261682,276,0.5171339563862928,0.0529595015576324,0.42990654205607476
1075,Baltimore City,676,Baltimore City Precinct 27-004,338,264,44,338,676,1.0,0.5,0.5,368,0.3905325443786982,0.0650887573964497,0.5443786982248521
1076,Baltimore City,796,Baltimore City Precinct 27-016,371,328,43,425,796,1.0,0.46608040201005024,0.5339195979899497,425,0.4120603015075377,0.05402010050251256,0.5339195979899497
1077,Baltimore City,1296,Baltimore City Precinct 26-023,120,430,17,1176,1296,1.0,0.09259259259259259,0.9074074074074074,849,0.3317901234567901,0.013117283950617283,0.6550925925925926
1078,Baltimore City,1224,Baltimore City Precinct 15-022,11,442,16,1213,1224,1.0,0.008986928104575163,0.9910130718954249,766,0.3611111111111111,0.013071895424836602,0.6258169934640523
1079,Baltimore City,2136,Baltimore City Precinct 15-024,9,549,16,2127,2136,1.0,0.004213483146067416,0.9957865168539326,1571,0.25702247191011235,0.00749063670411985,0.7354868913857678
1080,Baltimore City,964,Baltimore City Precinct 27-055,16,243,5,948,964,1.0,0.016597510373443983,0.983402489626556,716,0.2520746887966805,0.005186721991701245,0.7427385892116183
1081,Baltimore City,951,Baltimore City Precinct 15-025,20,191,4,931,951,1.0,0.02103049421661409,0.9789695057833859,756,0.20084121976866456,0.004206098843322818,0.7949526813880127
1082,Baltimore City,614,Baltimore City Precinct 27-054,17,184,4,597,614,1.0,0.02768729641693811,0.9723127035830619,426,0.2996742671009772,0.006514657980456026,0.6938110749185668
1083,Baltimore City,804,Baltimore City Precinct 27-058,10,188,5,794,804,1.0,0.012437810945273632,0.9875621890547264,611,0.23383084577114427,0.006218905472636816,0.7599502487562189
1084,Baltimore City,1983,Baltimore City Precinct 27-053,65,526,8,1918,1983,1.0,0.03277861825516894,0.9672213817448311,1449,0.2652546646495209,0.004034291477559254,0.7307110438729199
1085,Baltimore City,3199,Baltimore City Precinct 27-052,85,863,12,3114,3199,1.0,0.026570803376055017,0.973429196623945,2324,0.2697718036886527,0.003751172241325414,0.7264770240700219
1086,Baltimore City,2203,Baltimore City Precinct 15-023,61,549,11,2142,2203,1.0,0.027689514298683614,0.9723104857013164,1643,0.24920562868815252,0.004993191103041307,0.7458011802088061
1087,Baltimore City,1066,Baltimore City Precinct 13-005,806,455,72,260,1066,1.0,0.7560975609756098,0.24390243902439024,539,0.4268292682926829,0.0675422138836773,0.5056285178236398
1088,Baltimore City,1038,Baltimore City Precinct 27-048,156,459,22,882,1038,1.0,0.15028901734104047,0.8497109826589595,557,0.4421965317919075,0.02119460500963391,0.5366088631984586
1089,Baltimore City,827,Baltimore City Precinct 27-043,692,485,63,135,827,1.0,0.8367593712212817,0.16324062877871826,279,0.5864570737605804,0.0761789600967352,0.3373639661426844
1090,Baltimore City,1140,Baltimore City Precinct 27-050,691,755,43,449,1140,1.0,0.606140350877193,0.393859649122807,342,0.6622807017543859,0.037719298245614034,0.3
1091,Baltimore City,390,Baltimore City Precinct 27-051,146,122,4,244,390,1.0,0.37435897435897436,0.6256410256410256,264,0.3128205128205128,0.010256410256410256,0.676923076923077
1092,Baltimore City,2674,Baltimore City Precinct 27-049,2164,1561,178,510,2674,1.0,0.8092744951383695,0.1907255048616305,935,0.5837696335078534,0.06656694091249066,0.34966342557965596
1094,Baltimore City,777,Baltimore City Precinct 13-006,30,264,8,747,777,1.0,0.03861003861003861,0.9613899613899614,505,0.33976833976833976,0.010296010296010296,0.6499356499356499
1095,Baltimore City,1244,Baltimore City Precinct 13-004,1098,569,151,146,1244,1.0,0.882636655948553,0.11736334405144695,524,0.45739549839228294,0.12138263665594855,0.4212218649517685
1096,Baltimore City,2273,Baltimore City Precinct 13-003,1980,1139,167,293,2273,1.0,0.8710954685437747,0.12890453145622524,967,0.5010998680158381,0.07347118345798505,0.42542894852617685
1097,Baltimore City,2199,Baltimore City Precinct 13-011,1953,1185,126,246,2199,1.0,0.888130968622101,0.11186903137789904,888,0.538881309686221,0.0572987721691678,0.4038199181446112
1098,Baltimore City,1290,Baltimore City Precinct 13-012,1174,1036,128,116,1290,1.0,0.9100775193798449,0.08992248062015504,126,0.8031007751937984,0.09922480620155039,0.09767441860465116
1099,Baltimore City,2558,Baltimore City Precinct 13-001,1793,755,59,765,2558,1.0,0.700938232994527,0.29906176700547304,1744,0.2951524628616106,0.023064894448788117,0.6817826426896012
1100,Baltimore City,1628,Baltimore City Precinct 27-047,1104,567,90,524,1628,1.0,0.6781326781326781,0.32186732186732187,971,0.34828009828009826,0.05528255528255528,0.5964373464373465
1101,Baltimore City,1385,Baltimore City Precinct 13-002,1103,643,84,282,1385,1.0,0.7963898916967509,0.2036101083032491,658,0.4642599277978339,0.06064981949458484,0.4750902527075812
1102,Baltimore City,802,Baltimore City Precinct 27-046,669,549,67,133,802,1.0,0.8341645885286783,0.1658354114713217,186,0.6845386533665836,0.08354114713216958,0.23192019950124687
1103,Baltimore City,4732,Baltimore City Precinct 27-045,3995,1066,134,737,4732,1.0,0.8442519019442096,0.15574809805579037,3532,0.22527472527472528,0.0283178360101437,0.746407438715131
1104,Baltimore City,1486,Baltimore City Precinct 12-003,862,507,31,624,1486,1.0,0.5800807537012113,0.4199192462987887,948,0.3411843876177658,0.02086137281292059,0.6379542395693136
1105,Baltimore City,1587,Baltimore City Precinct 12-006,1031,499,28,556,1587,1.0,0.649653434152489,0.350346565847511,1060,0.3144297416509137,0.017643352236925015,0.6679269061121613
1106,Baltimore City,1914,Baltimore City Precinct 12-005,1218,661,26,696,1914,1.0,0.6363636363636364,0.36363636363636365,1227,0.345350052246604,0.013584117032392894,0.6410658307210031
1107,Baltimore City,3814,Baltimore City Precinct 12-004,2068,643,35,1746,3814,1.0,0.5422128998426848,0.45778710015731516,3136,0.16858940744625064,0.009176717357105402,0.8222338751966439
1108,Baltimore City,2306,Baltimore City Precinct 12-002,1529,126,31,777,2306,1.0,0.663052905464007,0.3369470945359931,2149,0.05464006938421509,0.013443191673894189,0.9319167389418908
1109,Baltimore City,2090,Baltimore City Precinct 12-001,1535,1478,193,555,2090,1.0,0.7344497607655502,0.26555023923444976,419,0.707177033492823,0.0923444976076555,0.20047846889952153
1163,Baltimore City,2988,Baltimore City Precinct 28-006,115,1001,20,2873,2988,1.0,0.03848728246318608,0.9615127175368139,1967,0.3350066934404284,0.006693440428380187,0.6582998661311914
1164,Baltimore City,1374,Baltimore City Precinct 28-007,38,447,11,1336,1374,1.0,0.027656477438136828,0.9723435225618632,916,0.32532751091703055,0.008005822416302766,0.6666666666666666
1165,Baltimore City,1808,Baltimore City Precinct 28-005,29,662,16,1779,1808,1.0,0.016039823008849558,0.9839601769911505,1130,0.3661504424778761,0.008849557522123894,0.625
1166,Baltimore City,2470,Baltimore City Precinct 28-002,50,841,20,2420,2470,1.0,0.020242914979757085,0.979757085020243,1609,0.34048582995951415,0.008097165991902834,0.651417004048583
1167,Baltimore City,882,Baltimore City Precinct 28-004,11,276,9,871,882,1.0,0.012471655328798186,0.9875283446712018,597,0.3129251700680272,0.01020408163265306,0.6768707482993197
1168,Baltimore City,1074,Baltimore City Precinct 15-002,22,337,4,1052,1074,1.0,0.020484171322160148,0.9795158286778398,733,0.313780260707635,0.0037243947858473,0.6824953445065177
1169,Baltimore City,2856,Baltimore City Precinct 15-009,38,933,18,2818,2856,1.0,0.01330532212885154,0.9866946778711485,1905,0.32668067226890757,0.0063025210084033615,0.667016806722689
1201,Baltimore City,1822,Baltimore City Precinct 03-001,235,462,10,1587,1822,1.0,0.12897914379802414,0.8710208562019759,1350,0.2535675082327113,0.005488474204171241,0.7409440175631175
1202,Baltimore City,356,Baltimore City Precinct 05-002,41,42,1,315,356,1.0,0.1151685393258427,0.8848314606741573,313,0.11797752808988764,0.0028089887640449437,0.8792134831460674
1203,Baltimore City,1273,Baltimore City Precinct 10-002,8,495,2,1265,1273,1.0,0.006284367635506678,0.9937156323644933,776,0.38884524744697563,0.0015710919088766694,0.6095836606441477
1204,Baltimore City,987,Baltimore City Precinct 10-001,13,476,11,974,987,1.0,0.013171225937183385,0.9868287740628167,500,0.48226950354609927,0.011144883485309016,0.5065856129685917
1205,Baltimore City,1789,Baltimore City Precinct 09-015,22,547,9,1767,1789,1.0,0.012297372833985467,0.9877026271660145,1233,0.305757406372275,0.005030743432084964,0.68921185019564
1206,Baltimore City,1316,Baltimore City Precinct 12-007,363,761,16,953,1316,1.0,0.27583586626139817,0.7241641337386018,539,0.5782674772036475,0.0121580547112462,0.4095744680851064
1207,Baltimore City,1357,Baltimore City Precinct 09-014,18,516,17,1339,1357,1.0,0.013264554163596167,0.9867354458364038,824,0.3802505526897568,0.012527634487840826,0.6072218128224024
1208,Baltimore City,364,Baltimore City Precinct 09-011,6,64,1,358,364,1.0,0.016483516483516484,0.9835164835164835,299,0.17582417582417584,0.0027472527472527475,0.8214285714285714
1209,Baltimore City,917,Baltimore City Precinct 09-013,12,164,7,905,917,1.0,0.013086150490730643,0.9869138495092693,746,0.17884405670665213,0.007633587786259542,0.8135223555070883
1210,Baltimore City,1609,Baltimore City Precinct 09-012,36,506,8,1573,1609,1.0,0.022374145431945307,0.9776258545680547,1095,0.31448104412678685,0.004972032318210068,0.6805469235550031
1211,Baltimore City,1368,Baltimore City Precinct 02-001,706,503,58,662,1368,1.0,0.5160818713450293,0.48391812865497075,807,0.3676900584795322,0.04239766081871345,0.5899122807017544
1212,Baltimore City,1117,Baltimore City Precinct 06-004,528,550,27,589,1117,1.0,0.4726947179946285,0.5273052820053715,540,0.4923903312444047,0.024171888988361683,0.4834377797672337
1213,Baltimore City,475,Baltimore City Precinct 06-003,44,172,3,431,475,1.0,0.09263157894736843,0.9073684210526316,300,0.36210526315789476,0.00631578947368421,0.631578947368421
1214,Baltimore City,1050,Baltimore City Precinct 07-001,14,365,12,1036,1050,1.0,0.013333333333333334,0.9866666666666667,673,0.3476190476190476,0.011428571428571429,0.6409523809523809
1215,Baltimore City,499,Baltimore City Precinct 08-007,13,490,8,486,499,1.129251700680272,0.026052104208416832,0.9739478957915831,1,0.9819639278557114,0.01603206412825651,0.002004008016032064
1216,Baltimore City,250,Baltimore City Precinct 07-002,11,88,0,239,250,1.0,0.044,0.956,162,0.352,0.0,0.648
1217,Baltimore City,819,Baltimore City Precinct 06-002,107,241,7,712,819,1.0,0.13064713064713065,0.8693528693528694,571,0.29426129426129427,0.008547008547008548,0.6971916971916972
1218,Baltimore City,2445,Baltimore City Precinct 07-003,84,690,17,2361,2445,1.0,0.0343558282208589,0.9656441717791411,1738,0.2822085889570552,0.006952965235173824,0.710838445807771
1219,Baltimore City,986,Baltimore City Precinct 08-008,30,550,81,956,986,1.0,0.030425963488843813,0.9695740365111561,355,0.5578093306288032,0.0821501014198783,0.36004056795131845
1220,Baltimore City,1928,Baltimore City Precinct 08-006,31,810,23,1897,1928,1.0,0.016078838174273857,0.9839211618257261,1095,0.42012448132780084,0.011929460580912862,0.5679460580912863
1221,Baltimore City,1774,Baltimore City Precinct 08-005,22,534,10,1752,1774,1.0,0.012401352874859075,0.9875986471251409,1230,0.30101465614430667,0.005636978579481398,0.6933483652762119
1222,Baltimore City,1071,Baltimore City Precinct 08-009,21,30,2,1050,1071,1.0,0.0196078431372549,0.9803921568627451,1039,0.028011204481792718,0.0018674136321195146,0.9701213818860878
1223,Baltimore City,473,Baltimore City Precinct 08-004,8,126,3,465,473,1.0,0.016913319238900635,0.9830866807610994,344,0.266384778012685,0.006342494714587738,0.7272727272727273
1224,Baltimore City,951,Baltimore City Precinct 26-008,818,557,205,133,951,1.0,0.8601472134595163,0.1398527865404837,189,0.5856992639327024,0.21556256572029442,0.19873817034700317
1225,Baltimore City,2859,Baltimore City Precinct 01-004,2482,862,339,377,2859,1.0,0.8681357117873383,0.13186428821266177,1658,0.30150402238544943,0.11857292759706191,0.5799230500174887
1226,Baltimore City,3180,Baltimore City Precinct 01-005,2843,1216,481,337,3180,1.0,0.8940251572327044,0.1059748427672956,1483,0.38238993710691827,0.15125786163522012,0.46635220125786164
1227,Baltimore City,3113,Baltimore City Precinct 26-009,2667,963,346,446,3113,1.0,0.856729842595567,0.14327015740443302,1804,0.30934789592033407,0.11114680372630903,0.5795053003533569
1228,Baltimore City,1478,Baltimore City Precinct 26-006,963,226,83,515,1478,1.0,0.6515561569688768,0.34844384303112313,1169,0.15290933694181327,0.05615696887686062,0.7909336941813261
1229,Baltimore City,1558,Baltimore City Precinct 01-001,1017,582,129,541,1558,1.0,0.6527599486521181,0.3472400513478819,847,0.3735558408215661,0.08279845956354301,0.5436456996148908
1230,Baltimore City,3120,Baltimore City Precinct 06-005,1381,1119,98,1739,3120,1.0,0.4426282051282051,0.5573717948717949,1903,0.35865384615384616,0.03141025641025641,0.6099358974358975
1231,Baltimore City,1744,Baltimore City Precinct 06-001,198,430,18,1546,1744,1.0,0.11353211009174312,0.8864678899082569,1296,0.24655963302752293,0.010321100917431193,0.7431192660550459
1232,Baltimore City,1555,Baltimore City Precinct 23-001,1384,560,160,171,1555,1.0,0.890032154340836,0.10996784565916398,835,0.36012861736334406,0.10289389067524116,0.5369774919614148
1233,Baltimore City,1449,Baltimore City Precinct 22-002,1253,764,162,196,1449,1.0,0.8647342995169082,0.13526570048309178,523,0.5272601794340924,0.11180124223602485,0.3609385783298827
1234,Baltimore City,1095,Baltimore City Precinct 22-001,797,491,111,298,1095,1.0,0.7278538812785388,0.27214611872146116,493,0.4484018264840183,0.10136986301369863,0.4502283105022831
1235,Baltimore City,1382,Baltimore City Precinct 19-001,24,480,9,1358,1382,1.0,0.017366136034732273,0.9826338639652678,893,0.3473227206946454,0.006512301013024602,0.64616497829233
1236,Baltimore City,1137,Baltimore City Precinct 16-003,9,250,4,1128,1137,1.0,0.0079155672823219,0.9920844327176781,883,0.2198768689533861,0.003518029903254178,0.7766051011433597
1237,Baltimore City,1737,Baltimore City Precinct 16-002,27,370,6,1710,1737,1.0,0.015544041450777202,0.9844559585492227,1361,0.21301093839953944,0.0034542314335060447,0.7835348301669545
1238,Baltimore City,985,Baltimore City Precinct 16-001,18,253,2,967,985,1.0,0.018274111675126905,0.9817258883248731,730,0.2568527918781726,0.0020304568527918783,0.7411167512690355
1239,Baltimore City,1226,Baltimore City Precinct 18-001,14,285,8,1212,1226,1.0,0.011419249592169658,0.9885807504078303,933,0.23246329526916804,0.0065252854812398045,0.7610114192495921
1240,Baltimore City,1367,Baltimore City Precinct 17-002,16,837,20,1351,1367,1.0,0.011704462326261888,0.9882955376737381,510,0.612289685442575,0.014630577907827359,0.37307973664959765
1241,Baltimore City,1008,Baltimore City Precinct 14-003,24,271,6,984,1008,1.0,0.023809523809523808,0.9761904761904762,731,0.26884920634920634,0.005952380952380952,0.7251984126984127
1242,Baltimore City,1794,Baltimore City Precinct 15-019,31,37,1,1763,1794,1.0,0.017279821627647716,0.9827201783723523,1756,0.020624303232998884,0.0005574136008918618,0.9788182831661093
1243,Baltimore City,529,Baltimore City Precinct 14-005,4,167,9,525,529,1.0,0.007561436672967864,0.9924385633270322,353,0.31568998109640833,0.017013232514177693,0.667296786389414
1244,Baltimore City,1897,Baltimore City Precinct 13-008,110,776,16,1787,1897,1.0,0.05798629414865577,0.9420137058513443,1105,0.40906694781233527,0.008434370057986295,0.5824986821296785
1245,Baltimore City,1483,Baltimore City Precinct 13-007,15,507,11,1468,1483,1.0,0.010114632501685773,0.9898853674983142,965,0.3418745785569791,0.007417397167902899,0.650708024275118
1246,Baltimore City,2314,Baltimore City Precinct 14-004,223,993,28,2091,2314,1.0,0.09636992221261884,0.9036300777873811,1293,0.42912705272255836,0.012100259291270527,0.5587726879861711
1247,Baltimore City,1277,Baltimore City Precinct 13-009,88,451,9,1189,1277,1.0,0.06891151135473766,0.9310884886452623,817,0.3531714956930305,0.007047768206734534,0.6397807361002349
1248,Baltimore City,1887,Baltimore City Precinct 13-010,272,689,22,1615,1887,1.0,0.14414414414414414,0.8558558558558559,1176,0.365129835718071,0.011658717541070483,0.6232114467408585
1249,Baltimore City,588,Baltimore City Precinct 04-003,33,225,3,555,588,1.0,0.05612244897959184,0.9438775510204082,360,0.3826530612244898,0.00510204081632653,0.6122448979591837
1250,Baltimore City,2521,Baltimore City Precinct 04-002,1231,921,85,1290,2521,1.0,0.48829829432764776,0.5117017056723523,1515,0.3653312177707259,0.033716779055930186,0.600952003173344
1251,Baltimore City,1979,Baltimore City Precinct 17-001,162,62,1,1817,1979,1.0,0.08185952501263265,0.9181404749873674,1916,0.031328954017180395,0.0005053057099545225,0.9681657402728651
1252,Baltimore City,1028,Baltimore City Precinct 11-004,115,22,0,913,1028,1.0,0.11186770428015565,0.8881322957198443,1006,0.021400778210116732,0.0,0.9785992217898832
1253,Baltimore City,1704,Baltimore City Precinct 11-003,892,844,42,812,1704,1.0,0.5234741784037559,0.4765258215962441,818,0.4953051643192488,0.02464788732394366,0.4800469483568075
1254,Baltimore City,2097,Baltimore City Precinct 04-001,924,472,53,1173,2097,1.0,0.4406294706723891,0.5593705293276109,1572,0.22508345255126372,0.025274201239866477,0.7496423462088698
1255,Baltimore City,2967,Baltimore City Precinct 11-006,1600,1164,82,1367,2967,1.0,0.5392652510953826,0.46073474890461746,1721,0.3923154701718908,0.027637344118638354,0.5800471857094709
1256,Baltimore City,870,Baltimore City Precinct 11-005,547,611,21,323,870,1.0,0.628735632183908,0.37126436781609196,238,0.7022988505747126,0.02413793103448276,0.2735632183908046
1257,Baltimore City,645,Baltimore City Precinct 11-002,302,251,16,343,645,1.0,0.4682170542635659,0.5317829457364341,378,0.3891472868217054,0.024806201550387597,0.586046511627907
1258,Baltimore City,1818,Baltimore City Precinct 11-007,1109,823,44,709,1818,1.0,0.61001100110011,0.38998899889988997,951,0.4526952695269527,0.0242024202420242,0.523102310231023
1259,Baltimore City,1899,Baltimore City Precinct 11-001,1177,844,61,722,1899,1.0,0.6197998946814113,0.3802001053185887,994,0.4444444444444444,0.032122169562927856,0.5234333859926277
1260,Baltimore City,1670,Baltimore City Precinct 14-002,830,394,17,840,1670,1.0,0.49700598802395207,0.5029940119760479,1259,0.23592814371257484,0.010179640718562874,0.7538922155688623
1261,Baltimore City,1524,Baltimore City Precinct 14-001,930,546,22,594,1524,1.0,0.610236220472441,0.38976377952755903,956,0.35826771653543305,0.014435695538057743,0.6272965879265092
1262,Baltimore City,2304,Baltimore City Precinct 12-009,1078,778,78,1226,2304,1.0,0.4678819444444444,0.5321180555555556,1448,0.3376736111111111,0.033854166666666664,0.6284722222222222
1263,Baltimore City,1485,Baltimore City Precinct 12-012,447,778,15,1038,1485,1.0,0.301010101010101,0.6989898989898989,692,0.5239057239057239,0.010101010101010102,0.465993265993266
1289,Baltimore City,1691,Baltimore City Precinct 16-009,6,514,6,1685,1691,1.0,0.0035481963335304554,0.9964518036664696,1171,0.30396215257244236,0.0035481963335304554,0.6924896510940272
1290,Baltimore City,1025,Baltimore City Precinct 16-010,10,295,4,1015,1025,1.0,0.00975609756097561,0.9902439024390244,726,0.28780487804878047,0.003902439024390244,0.7082926829268292
1291,Baltimore City,936,Baltimore City Precinct 16-011,6,254,3,930,936,1.0,0.00641025641025641,0.9935897435897436,679,0.27136752136752135,0.003205128205128205,0.7254273504273504
1292,Baltimore City,365,Baltimore City Precinct 15-012,13,78,0,352,365,1.0,0.03561643835616438,0.9643835616438357,287,0.2136986301369863,0.0,0.7863013698630137
1293,Baltimore City,1645,Baltimore City Precinct 15-007,21,578,6,1624,1645,1.0,0.01276595744680851,0.9872340425531915,1061,0.3513677811550152,0.00364741641337386,0.6449848024316109
1294,Baltimore City,754,Baltimore City Precinct 15-013,5,249,6,749,754,1.0,0.006631299734748011,0.993368700265252,499,0.3302387267904509,0.007957559681697613,0.6618037135278515
1295,Baltimore City,813,Baltimore City Precinct 15-015,5,220,3,808,813,1.0,0.006150061500615006,0.993849938499385,590,0.27060270602706027,0.0036900369003690036,0.7257072570725708
1296,Baltimore City,1295,Baltimore City Precinct 15-014,10,550,7,1285,1295,1.0,0.007722007722007722,0.9922779922779923,738,0.4247104247104247,0.005405405405405406,0.5698841698841699
1297,Baltimore City,1699,Baltimore City Precinct 15-006,17,780,11,1682,1699,1.0,0.010005885815185403,0.9899941141848146,908,0.45909358446144793,0.006474396703943496,0.5344320188346086
1298,Baltimore City,964,Baltimore City Precinct 16-007,6,521,6,958,964,1.0,0.006224066390041493,0.9937759336099585,437,0.5404564315352697,0.006224066390041493,0.4533195020746888
1299,Baltimore City,1884,Baltimore City Precinct 16-006,7,585,18,1877,1884,1.0,0.0037154989384288748,0.9962845010615711,1281,0.3105095541401274,0.009554140127388535,0.6799363057324841
1300,Baltimore City,1791,Baltimore City Precinct 20-001,30,530,9,1761,1791,1.0,0.01675041876046901,0.983249581239531,1252,0.29592406476828587,0.005025125628140704,0.6990508096035735
1301,Baltimore City,764,Baltimore City Precinct 16-004,12,165,3,752,764,1.0,0.015706806282722512,0.9842931937172775,596,0.21596858638743455,0.003926701570680628,0.7801047120418848
1302,Baltimore City,2126,Baltimore City Precinct 16-005,27,554,13,2099,2126,1.0,0.012699905926622766,0.9873000940733773,1559,0.2605832549388523,0.0061147695202257765,0.7333019755409219
1303,Baltimore City,1404,Baltimore City Precinct 15-018,4,849,12,1400,1404,1.0,0.002849002849002849,0.9971509971509972,543,0.6047008547008547,0.008547008547008548,0.38675213675213677
1304,Baltimore City,1040,Baltimore City Precinct 15-016,9,273,8,1031,1040,1.0,0.008653846153846154,0.9913461538461539,759,0.2625,0.007692307692307693,0.7298076923076923
1305,Baltimore City,2987,Baltimore City Precinct 15-020,37,848,10,2950,2987,1.0,0.012387010378305993,0.987612989621694,2129,0.2838968865082022,0.0033478406427854034,0.7127552728490124
1306,Baltimore City,1237,Baltimore City Precinct 15-021,14,386,5,1223,1237,1.0,0.01131770412287793,0.9886822958771221,846,0.3120452708164915,0.004042037186742118,0.6839126919967664
1307,Baltimore City,1807,Baltimore City Precinct 15-017,23,608,8,1784,1807,1.0,0.012728278915329275,0.9872717210846708,1191,0.3364692861095739,0.004427227448810182,0.659103486441616
1308,Baltimore City,1062,Baltimore City Precinct 25-006,24,383,5,1038,1062,1.0,0.022598870056497175,0.9774011299435028,674,0.3606403013182674,0.004708097928436911,0.6346516007532956
1309,Baltimore City,596,Baltimore City Precinct 25-007,133,185,13,463,596,1.0,0.2231543624161074,0.7768456375838926,398,0.3104026845637584,0.02181208053691275,0.6677852348993288
1310,Baltimore City,2234,Baltimore City Precinct 21-003,992,670,82,1242,2234,1.0,0.4440465532676813,0.5559534467323187,1482,0.2999104744852283,0.03670546105640107,0.6633840644583706
1311,Baltimore City,3343,Baltimore City Precinct 19-002,1090,486,51,2253,3343,1.0,0.3260544421178582,0.6739455578821418,2806,0.14537840263236615,0.01525575830092731,0.8393658390667066
1312,Baltimore City,489,Baltimore City Precinct 21-004,246,239,22,243,489,1.0,0.5030674846625767,0.49693251533742333,228,0.4887525562372188,0.044989775051124746,0.4662576687116564
1313,Baltimore City,1952,Baltimore City Precinct 18-002,558,521,39,1394,1952,1.0,0.2858606557377049,0.7141393442622951,1392,0.26690573770491804,0.019979508196721313,0.7131147540983607
1314,Baltimore City,1673,Baltimore City Precinct 21-002,672,670,52,1001,1673,1.0,0.401673640167364,0.5983263598326359,951,0.4004781829049611,0.031081888822474597,0.5684399282725643
1315,Baltimore City,2033,Baltimore City Precinct 23-003,1802,798,259,231,2033,1.0,0.8863748155435317,0.11362518445646827,976,0.3925233644859813,0.12739793408755534,0.48007870142646336
1316,Baltimore City,1153,Baltimore City Precinct 21-001,755,361,45,398,1153,1.0,0.6548135299219427,0.34518647007805725,747,0.31309627059843886,0.03902862098872507,0.6478751084128361
1317,Baltimore City,1038,Baltimore City Precinct 23-002,584,518,82,454,1038,1.0,0.5626204238921002,0.4373795761078998,438,0.49903660886319845,0.0789980732177264,0.42196531791907516
1318,Baltimore City,2506,Baltimore City Precinct 20-007,148,731,24,2358,2506,1.0,0.05905826017557861,0.9409417398244214,1751,0.2916999201915403,0.009577015163607342,0.6987230646448523
1319,Baltimore City,2106,Baltimore City Precinct 28-010,255,852,45,1851,2106,1.0,0.12108262108262108,0.8789173789173789,1209,0.4045584045584046,0.021367521367521368,0.5740740740740741
1320,Baltimore City,593,Baltimore City Precinct 28-012,72,546,46,521,593,1.2925764192139737,0.12141652613827993,0.8785834738617201,1,0.9207419898819561,0.0775716694772344,0.0016863406408094434
1321,Baltimore City,2423,Baltimore City Precinct 28-009,274,774,26,2149,2423,1.0,0.1130829550144449,0.8869170449855551,1623,0.3194387123400743,0.010730499380932727,0.669830788278993
1322,Baltimore City,1962,Baltimore City Precinct 28-011,173,802,36,1789,1962,1.0,0.08817533129459736,0.9118246687054027,1124,0.4087665647298675,0.01834862385321101,0.5728848114169215
1323,Baltimore City,3079,Baltimore City Precinct 20-006,15,1057,11,3064,3079,1.0,0.004871711594673595,0.9951282884053264,2011,0.34329327703799933,0.0035725885027606367,0.6531341344592401
1324,Baltimore City,3001,Baltimore City Precinct 16-014,29,1013,17,2972,3001,1.0,0.009663445518160613,0.9903365544818394,1971,0.3375541486171276,0.005664778407197601,0.6567810729756748
1325,Baltimore City,1740,Baltimore City Precinct 28-008,83,586,8,1657,1740,1.0,0.04770114942528736,0.9522988505747126,1146,0.3367816091954023,0.004597701149425287,0.6586206896551724
1326,Baltimore City,1451,Baltimore City Precinct 15-011,43,488,9,1408,1451,1.0,0.029634734665747762,0.9703652653342523,954,0.3363197794624397,0.006202618883528601,0.6574776016540317
1327,Baltimore City,1492,Baltimore City Precinct 15-010,39,582,17,1453,1492,1.0,0.02613941018766756,0.9738605898123325,893,0.3900804289544236,0.011394101876675604,0.5985254691689008
1375,Baltimore City,2932,Baltimore City Precinct 28-015,976,766,88,1956,2932,1.0,0.3328785811732606,0.6671214188267395,2078,0.26125511596180084,0.030013642564802184,0.708731241473397
1376,Baltimore City,2794,Baltimore City Precinct 25-001,329,1157,58,2465,2794,1.0,0.11775232641374374,0.8822476735862562,1579,0.41410164638511093,0.020758768790264854,0.5651395848246242
1377,Baltimore City,742,Baltimore City Precinct 28-014,55,242,9,687,742,1.0,0.07412398921832884,0.9258760107816711,491,0.3261455525606469,0.012129380053908356,0.6617250673854448
1378,Baltimore City,2138,Baltimore City Precinct 25-002,205,709,32,1933,2138,1.0,0.09588400374181479,0.9041159962581852,1397,0.3316183348924228,0.014967259120673527,0.6534144059869037
1379,Baltimore City,1494,Baltimore City Precinct 28-013,105,549,16,1389,1494,1.0,0.07028112449799197,0.929718875502008,929,0.3674698795180723,0.0107095046854083,0.6218206157965194
1380,Baltimore City,714,Baltimore City Precinct 20-008,104,200,9,610,714,1.0,0.14565826330532214,0.8543417366946778,505,0.2801120448179272,0.012605042016806723,0.7072829131652661
1698,Baltimore City,1766,Baltimore City Precinct 15-001,42,577,13,1724,1766,1.0,0.02378255945639864,0.9762174405436014,1176,0.32672706681766706,0.007361268403171008,0.665911664779162
1699,Baltimore City,571,Baltimore City Precinct 28-003,5,206,5,566,571,1.0,0.008756567425569177,0.9912434325744308,360,0.3607705779334501,0.008756567425569177,0.6304728546409807
1700,Baltimore City,1228,Baltimore City Precinct 27-061,324,237,25,904,1228,1.0,0.26384364820846906,0.7361563517915309,966,0.19299674267100977,0.02035830618892508,0.7866449511400652
1701,Baltimore City,1238,Baltimore City Precinct 27-056,13,305,7,1225,1238,1.0,0.01050080775444265,0.9894991922455574,926,0.24636510500807754,0.005654281098546042,0.7479806138933764
1702,Baltimore City,2460,Baltimore City Precinct 27-057,36,576,6,2424,2460,1.0,0.014634146341463415,0.9853658536585366,1878,0.23414634146341465,0.0024390243902439024,0.7634146341463415
1703,Baltimore City,1163,Baltimore City Precinct 27-059,32,310,4,1131,1163,1.0,0.027515047291487533,0.9724849527085124,849,0.26655202063628547,0.0034393809114359416,0.7300085984522786
1704,Baltimore City,1669,Baltimore City Precinct 28-001,105,532,21,1564,1669,1.0,0.06291192330736968,0.9370880766926303,1116,0.31875374475733975,0.012582384661473937,0.6686638705811864
1705,Baltimore City,3062,Baltimore City Precinct 27-067,1028,816,95,2034,3062,1.0,0.3357282821685173,0.6642717178314826,2151,0.26649248856956237,0.0310254735467015,0.7024820378837361
1706,Baltimore City,2688,Baltimore City Precinct 27-062,1151,532,128,1537,2688,1.0,0.42819940476190477,0.5718005952380952,2028,0.19791666666666666,0.047619047619047616,0.7544642857142857
1707,Baltimore City,2392,Baltimore City Precinct 27-066,1756,785,218,636,2392,1.0,0.7341137123745819,0.26588628762541805,1389,0.3281772575250836,0.09113712374581939,0.580685618729097
1709,Baltimore City,1675,Baltimore City Precinct 27-063,770,637,124,905,1675,1.0,0.4597014925373134,0.5402985074626866,914,0.38029850746268656,0.07402985074626865,0.5456716417910448
1710,Baltimore City,3698,Baltimore City Precinct 27-065,2866,1013,285,832,3698,1.0,0.775013520822066,0.22498647917793402,2400,0.27393185505678747,0.07706868577609519,0.6489994591671173
1711,Baltimore City,997,Baltimore City Precinct 27-060,171,577,43,826,997,1.0,0.1715145436308927,0.8284854563691073,377,0.5787362086258776,0.04312938816449348,0.3781344032096289
1712,Baltimore City,1689,Baltimore City Precinct 27-064,1206,670,186,483,1689,1.0,0.7140319715808171,0.28596802841918295,833,0.39668442865600945,0.11012433392539965,0.4931912374185909
1726,Baltimore City,818,Baltimore City Precinct 15-008,13,351,8,805,818,1.0,0.01589242053789731,0.9841075794621027,459,0.4290953545232274,0.009779951100244499,0.5611246943765281
1727,Baltimore City,2394,Baltimore City Precinct 15-003,33,1008,16,2361,2394,1.0,0.013784461152882205,0.9862155388471178,1370,0.42105263157894735,0.006683375104427736,0.5722639933166249
1728,Baltimore City,1024,Baltimore City Precinct 15-004,8,352,11,1016,1024,1.0,0.0078125,0.9921875,661,0.34375,0.0107421875,0.6455078125
1729,Baltimore City,1372,Baltimore City Precinct 15-005,11,621,15,1361,1372,1.0,0.008017492711370262,0.9919825072886297,736,0.45262390670553937,0.010932944606413994,0.5364431486880467
