,COUNTY,VAP,NAME,WVAP,SEN16PD_CV,SEN16PD_DE,OVAP,TOT_VOTES,factor,WVAP_pct,OVAP_pct,SEN16PDNone,SEN16PD_CV_pct,SEN16PD_DE_pct,SEN16PDNone_pct
556,Baltimore City,1090,Baltimore City Precinct 26-028,142,96,231,948,1090,1,0.13027522935779817,0.8697247706422019,763,0.08807339449541285,0.21192660550458717,0.7
557,Baltimore City,1429,Baltimore City Precinct 26-027,322,149,247,1107,1429,1,0.22533240027991602,0.7746675997200839,1033,0.10426871938418475,0.1728481455563331,0.7228831350594822
558,Baltimore City,1467,Baltimore City Precinct 27-007,472,165,210,995,1467,1,0.321745057941377,0.678254942058623,1092,0.11247443762781185,0.14314928425357873,0.7443762781186094
559,Baltimore City,985,Baltimore City Precinct 26-030,419,148,159,566,985,1,0.42538071065989846,0.5746192893401015,678,0.150253807106599,0.16142131979695432,0.6883248730964467
574,Baltimore City,502,Baltimore City Precinct 26-001,417,28,20,85,502,1,0.8306772908366534,0.1693227091633466,454,0.055776892430278883,0.0398406374501992,0.9043824701195219
575,Baltimore City,2426,Baltimore City Precinct 26-002,1008,125,171,1418,2426,1,0.4154987633965375,0.5845012366034625,2130,0.05152514427040396,0.07048639736191262,0.8779884583676835
576,Baltimore City,2095,Baltimore City Precinct 26-003,1404,151,82,691,2095,1,0.6701670644391408,0.3298329355608592,1862,0.0720763723150358,0.03914081145584725,0.8887828162291169
581,Baltimore City,782,Baltimore City Precinct 26-005,514,89,42,268,782,1,0.6572890025575447,0.34271099744245526,651,0.11381074168797954,0.05370843989769821,0.8324808184143222
582,Baltimore City,1623,Baltimore City Precinct 26-004,1098,126,61,525,1623,1,0.6765249537892791,0.3234750462107209,1436,0.07763401109057301,0.03758471965495995,0.884781269254467
583,Baltimore City,1434,Baltimore City Precinct 26-007,799,120,70,635,1434,1,0.5571827057182706,0.44281729428172945,1244,0.08368200836820083,0.04881450488145049,0.8675034867503487
584,Baltimore City,1562,Baltimore City Precinct 26-014,1050,69,47,512,1562,1,0.6722151088348272,0.32778489116517284,1446,0.0441741357234315,0.030089628681177975,0.9257362355953905
585,Baltimore City,1463,Baltimore City Precinct 26-015,116,129,310,1347,1463,1,0.07928913192071087,0.9207108680792891,1024,0.08817498291182502,0.21189336978810663,0.6999316473000684
586,Baltimore City,4697,Baltimore City Precinct 26-029,597,331,725,4100,4697,1,0.12710240579093038,0.8728975942090696,3641,0.07047051309346392,0.15435384287843304,0.775175644028103
805,Baltimore City,3265,Baltimore City Precinct 25-005,822,174,311,2443,3265,1,0.2517611026033691,0.748238897396631,2780,0.05329249617151608,0.09525267993874426,0.8514548238897397
807,Baltimore City,2660,Baltimore City Precinct 25-008,74,144,411,2586,2660,1,0.027819548872180452,0.9721804511278196,2105,0.05413533834586466,0.1545112781954887,0.7913533834586466
808,Baltimore City,1089,Baltimore City Precinct 25-009,9,105,231,1080,1089,1,0.008264462809917356,0.9917355371900827,753,0.09641873278236915,0.21212121212121213,0.6914600550964187
809,Baltimore City,1595,Baltimore City Precinct 25-010,46,105,283,1549,1595,1,0.02884012539184953,0.9711598746081505,1207,0.06583072100313479,0.1774294670846395,0.7567398119122257
810,Baltimore City,3555,Baltimore City Precinct 25-003,2570,213,155,985,3555,1,0.7229254571026723,0.2770745428973277,3187,0.059915611814345994,0.04360056258790436,0.8964838255977496
811,Baltimore City,929,Baltimore City Precinct 20-009,527,56,71,402,929,1,0.5672766415500539,0.4327233584499462,802,0.060279870828848225,0.07642626480086114,0.8632938643702907
812,Baltimore City,1049,Baltimore City Precinct 20-005,28,87,214,1021,1049,1,0.02669208770257388,0.9733079122974261,748,0.08293612964728313,0.20400381315538607,0.7130600571973308
813,Baltimore City,3568,Baltimore City Precinct 25-004,2774,224,135,794,3568,1,0.7774663677130045,0.22253363228699552,3209,0.06278026905829596,0.037836322869955155,0.8993834080717489
814,Baltimore City,756,Baltimore City Precinct 20-010,333,20,44,423,756,1,0.44047619047619047,0.5595238095238095,692,0.026455026455026454,0.0582010582010582,0.9153439153439153
815,Baltimore City,2322,Baltimore City Precinct 20-003,54,100,247,2268,2322,1,0.023255813953488372,0.9767441860465116,1975,0.04306632213608958,0.10637381567614125,0.8505598621877691
816,Baltimore City,2303,Baltimore City Precinct 20-011,848,105,144,1455,2303,1,0.36821537125488496,0.6317846287451151,2054,0.04559270516717325,0.06252713851498046,0.8918801563178463
817,Baltimore City,950,Baltimore City Precinct 20-002,70,37,101,880,950,1,0.07368421052631578,0.9263157894736842,812,0.03894736842105263,0.10631578947368421,0.8547368421052631
818,Baltimore City,1760,Baltimore City Precinct 16-013,14,133,330,1746,1760,1,0.007954545454545454,0.9920454545454546,1297,0.07556818181818181,0.1875,0.7369318181818182
819,Baltimore City,1950,Baltimore City Precinct 16-012,10,166,358,1940,1950,1,0.005128205128205128,0.9948717948717949,1426,0.08512820512820513,0.1835897435897436,0.7312820512820513
820,Baltimore City,240,Baltimore City Precinct 20-004,4,18,70,236,240,1,0.016666666666666666,0.9833333333333333,152,0.075,0.2916666666666667,0.6333333333333333
821,Baltimore City,1495,Baltimore City Precinct 16-008,24,83,190,1471,1495,1,0.016053511705685617,0.9839464882943144,1222,0.05551839464882943,0.12709030100334448,0.8173913043478261
822,Baltimore City,901,Baltimore City Precinct 26-031,516,93,104,385,901,1,0.5726970033296337,0.42730299667036625,704,0.10321864594894561,0.11542730299667037,0.781354051054384
826,Baltimore City,2719,Baltimore City Precinct 27-008,1192,315,441,1527,2719,1,0.4383964692901802,0.5616035307098198,1963,0.11585141596175064,0.1621919823464509,0.7219566016917984
827,Baltimore City,2670,Baltimore City Precinct 27-011,1688,378,342,982,2670,1,0.6322097378277154,0.36779026217228467,1950,0.14157303370786517,0.12808988764044943,0.7303370786516854
828,Baltimore City,842,Baltimore City Precinct 27-010,645,125,91,197,842,1,0.7660332541567696,0.2339667458432304,626,0.14845605700712589,0.10807600950118765,0.7434679334916865
876,Baltimore City,1038,Baltimore City Precinct 12-011,130,104,175,908,1038,1,0.1252408477842004,0.8747591522157996,759,0.1001926782273603,0.16859344894026976,0.7312138728323699
877,Baltimore City,1718,Baltimore City Precinct 12-008,988,307,328,730,1718,1,0.5750873108265425,0.42491268917345754,1083,0.17869615832363214,0.1909196740395809,0.630384167636787
878,Baltimore City,1916,Baltimore City Precinct 12-010,382,161,262,1534,1916,1,0.19937369519832984,0.8006263048016702,1493,0.08402922755741127,0.13674321503131523,0.7792275574112735
882,Baltimore City,1139,Baltimore City Precinct 25-011,672,67,56,467,1139,1,0.5899912203687445,0.4100087796312555,1016,0.058823529411764705,0.04916593503072871,0.8920105355575065
883,Baltimore City,2273,Baltimore City Precinct 25-012,1279,108,104,994,2273,1,0.5626924769027717,0.4373075230972283,2061,0.0475142982842059,0.04575450945886494,0.9067311922569292
884,Baltimore City,1483,Baltimore City Precinct 25-014,468,61,112,1015,1483,1,0.3155765340525961,0.6844234659474039,1310,0.041132838840188805,0.07552258934592043,0.8833445718138908
885,Baltimore City,1262,Baltimore City Precinct 25-013,750,53,63,512,1262,1,0.5942947702060222,0.40570522979397783,1146,0.041996830427892234,0.04992076069730586,0.9080824088748018
886,Baltimore City,1628,Baltimore City Precinct 25-015,701,94,92,927,1628,1,0.4305896805896806,0.5694103194103194,1442,0.05773955773955774,0.056511056511056514,0.8857493857493858
887,Baltimore City,2415,Baltimore City Precinct 25-016,1616,123,118,799,2415,1,0.6691511387163561,0.3308488612836439,2174,0.05093167701863354,0.04886128364389234,0.9002070393374741
888,Baltimore City,2673,Baltimore City Precinct 24-004,2448,508,223,225,2673,1,0.9158249158249159,0.08417508417508418,1942,0.19004863449307893,0.08342686120463898,0.7265245043022821
889,Baltimore City,878,Baltimore City Precinct 24-002,775,184,67,103,878,1,0.8826879271070615,0.11731207289293849,627,0.20956719817767655,0.07630979498861047,0.714123006833713
890,Baltimore City,722,Baltimore City Precinct 24-001,632,169,77,90,722,1,0.8753462603878116,0.12465373961218837,476,0.23407202216066483,0.10664819944598337,0.6592797783933518
891,Baltimore City,1728,Baltimore City Precinct 24-003,1531,383,152,197,1728,1,0.8859953703703703,0.11400462962962964,1193,0.22164351851851852,0.08796296296296297,0.6903935185185185
892,Baltimore City,1994,Baltimore City Precinct 03-003,1421,263,159,573,1994,1,0.7126379137412236,0.28736208625877635,1572,0.13189568706118354,0.07973921765295888,0.7883650952858575
893,Baltimore City,3017,Baltimore City Precinct 24-005,2786,707,299,231,3017,1,0.9234338747099768,0.0765661252900232,2011,0.23433874709976799,0.09910507126284389,0.6665561816373882
894,Baltimore City,2635,Baltimore City Precinct 02-003,2167,424,251,468,2635,1,0.8223908918406072,0.1776091081593928,1960,0.16091081593927894,0.0952561669829222,0.7438330170777988
895,Baltimore City,2074,Baltimore City Precinct 02-002,1402,288,170,672,2074,1,0.6759884281581485,0.3240115718418515,1616,0.13886210221793635,0.08196721311475409,0.7791706846673095
896,Baltimore City,2117,Baltimore City Precinct 01-002,1706,350,210,411,2117,1,0.8058573452999528,0.19414265470004724,1557,0.16532829475673122,0.09919697685403873,0.73547472838923
897,Baltimore City,1947,Baltimore City Precinct 01-003,1710,225,147,237,1947,1,0.8782742681047766,0.12172573189522343,1575,0.11556240369799692,0.07550077041602465,0.8089368258859785
898,Baltimore City,2617,Baltimore City Precinct 05-001,202,72,201,2415,2617,1,0.07718761941153993,0.92281238058846,2344,0.027512418800152847,0.07680550248376003,0.8956820787160871
899,Baltimore City,658,Baltimore City Precinct 10-004,17,61,129,641,658,1,0.025835866261398176,0.9741641337386018,468,0.09270516717325228,0.196048632218845,0.7112462006079028
900,Baltimore City,5665,Baltimore City Precinct 10-003,789,16,40,4876,5665,1,0.13927625772285968,0.8607237422771403,5609,0.002824360105913504,0.00706090026478376,0.9901147396293027
901,Baltimore City,836,Baltimore City Precinct 03-002,231,53,99,605,836,1,0.27631578947368424,0.7236842105263158,684,0.06339712918660287,0.11842105263157894,0.8181818181818182
913,Baltimore City,2765,Baltimore City Precinct 07-004,124,135,308,2641,2765,1,0.04484629294755877,0.9551537070524412,2322,0.048824593128390596,0.11139240506329114,0.8397830018083182
914,Baltimore City,3497,Baltimore City Precinct 26-010,1389,269,196,2108,3497,1,0.3971975979410924,0.6028024020589077,3032,0.07692307692307693,0.0560480411781527,0.8670288818987704
915,Baltimore City,923,Baltimore City Precinct 26-012,85,39,81,838,923,1,0.09209100758396534,0.9079089924160346,803,0.04225352112676056,0.08775731310942579,0.8699891657638137
916,Baltimore City,3245,Baltimore City Precinct 08-010,18,259,577,3227,3245,1,0.005546995377503852,0.9944530046224962,2409,0.0798151001540832,0.1778120184899846,0.7423728813559322
917,Baltimore City,577,Baltimore City Precinct 08-011,13,50,95,564,577,1,0.022530329289428077,0.9774696707105719,432,0.08665511265164645,0.16464471403812825,0.7487001733102253
918,Baltimore City,1998,Baltimore City Precinct 08-003,70,127,317,1928,1998,1,0.035035035035035036,0.964964964964965,1554,0.06356356356356356,0.15865865865865866,0.7777777777777778
919,Baltimore City,1675,Baltimore City Precinct 26-019,143,151,329,1532,1675,1,0.0853731343283582,0.9146268656716418,1195,0.09014925373134329,0.1964179104477612,0.7134328358208956
920,Baltimore City,783,Baltimore City Precinct 26-020,50,70,140,733,783,1,0.06385696040868455,0.9361430395913155,573,0.08939974457215837,0.17879948914431673,0.7318007662835249
921,Baltimore City,1709,Baltimore City Precinct 26-011,785,92,68,924,1709,1,0.4593329432416618,0.5406670567583383,1549,0.053832650672908135,0.03978935049736688,0.906377998829725
922,Baltimore City,1355,Baltimore City Precinct 26-013,1074,102,48,281,1355,1,0.792619926199262,0.207380073800738,1205,0.07527675276752767,0.035424354243542434,0.8892988929889298
923,Baltimore City,339,Baltimore City Precinct 26-017,33,46,102,306,339,1,0.09734513274336283,0.9026548672566371,191,0.13569321533923304,0.3008849557522124,0.5634218289085545
924,Baltimore City,2928,Baltimore City Precinct 26-018,256,116,262,2672,2928,1,0.08743169398907104,0.912568306010929,2550,0.03961748633879782,0.08948087431693989,0.8709016393442623
925,Baltimore City,1249,Baltimore City Precinct 26-016,74,127,244,1175,1249,1,0.059247397918334666,0.9407526020816653,878,0.10168134507606084,0.1953562850280224,0.7029623698959168
982,Baltimore City,2683,Baltimore City Precinct 26-024,242,189,388,2441,2683,1,0.09019754006708908,0.9098024599329109,2106,0.07044353335818114,0.14461423779351473,0.7849422288483041
983,Baltimore City,2299,Baltimore City Precinct 26-025,146,112,233,2153,2299,1,0.06350587211831231,0.9364941278816877,1954,0.04871683340582862,0.10134841235319704,0.8499347542409743
984,Baltimore City,1812,Baltimore City Precinct 26-026,482,162,292,1330,1812,1,0.26600441501103755,0.7339955849889624,1358,0.08940397350993377,0.16114790286975716,0.7494481236203091
985,Baltimore City,2585,Baltimore City Precinct 27-005,1273,380,386,1312,2585,1,0.49245647969052225,0.5075435203094778,1819,0.1470019342359768,0.1493230174081238,0.7036750483558994
986,Baltimore City,3355,Baltimore City Precinct 27-006,959,332,602,2396,3355,1,0.28584202682563337,0.7141579731743666,2421,0.09895678092399404,0.17943368107302535,0.7216095380029807
987,Baltimore City,780,Baltimore City Precinct 27-019,33,81,153,747,780,1,0.04230769230769231,0.9576923076923077,546,0.10384615384615385,0.19615384615384615,0.7
988,Baltimore City,2289,Baltimore City Precinct 27-015,400,263,409,1889,2289,1,0.17474879860200962,0.8252512013979904,1617,0.11489733508082133,0.17868064657055482,0.7064220183486238
992,Baltimore City,2647,Baltimore City Precinct 27-014,1453,414,448,1194,2647,1,0.5489233094068757,0.4510766905931243,1785,0.15640347563279183,0.16924820551567812,0.67434831885153
993,Baltimore City,3409,Baltimore City Precinct 27-013,915,283,399,2494,3409,1,0.26840715752420063,0.7315928424757994,2727,0.0830155470812555,0.11704312114989733,0.7999413317688472
994,Baltimore City,1492,Baltimore City Precinct 27-009,843,259,235,649,1492,1,0.5650134048257373,0.43498659517426275,998,0.17359249329758714,0.15750670241286863,0.6689008042895442
995,Baltimore City,762,Baltimore City Precinct 27-012,550,100,69,212,762,1,0.7217847769028871,0.2782152230971129,593,0.13123359580052493,0.09055118110236221,0.7782152230971129
1014,Baltimore City,751,Baltimore City Precinct 27-037,547,190,80,204,751,1,0.7283621837549934,0.27163781624500666,481,0.2529960053262317,0.10652463382157124,0.640479360852197
1015,Baltimore City,1727,Baltimore City Precinct 27-038,993,267,223,734,1727,1,0.57498552403011,0.42501447596989,1237,0.15460335842501446,0.12912565141864504,0.7162709901563404
1016,Baltimore City,1669,Baltimore City Precinct 27-042,1261,538,193,408,1669,1,0.7555422408627921,0.2444577591372079,938,0.32234871180347513,0.11563810665068903,0.5620131815458358
1017,Baltimore City,1155,Baltimore City Precinct 27-044,1034,484,161,121,1155,1,0.8952380952380953,0.10476190476190476,510,0.41904761904761906,0.1393939393939394,0.44155844155844154
1018,Baltimore City,1487,Baltimore City Precinct 27-040,1289,472,173,198,1487,1,0.8668459986550101,0.13315400134498992,842,0.31741761936785473,0.11634162743779422,0.5662407531943511
1019,Baltimore City,742,Baltimore City Precinct 27-039,645,309,97,97,742,1,0.8692722371967655,0.1307277628032345,336,0.4164420485175202,0.1307277628032345,0.4528301886792453
1020,Baltimore City,1929,Baltimore City Precinct 27-041,1446,515,237,483,1929,1,0.749611197511664,0.25038880248833595,1177,0.2669777086573354,0.12286158631415241,0.6101607050285122
1036,Baltimore City,1338,Baltimore City Precinct 09-010,254,150,246,1084,1338,1,0.1898355754857997,0.8101644245142003,942,0.11210762331838565,0.18385650224215247,0.7040358744394619
1037,Baltimore City,1402,Baltimore City Precinct 09-003,246,167,294,1156,1402,1,0.1754636233951498,0.8245363766048502,941,0.11911554921540657,0.20970042796005706,0.6711840228245364
1038,Baltimore City,1166,Baltimore City Precinct 09-002,133,89,178,1033,1166,1,0.11406518010291596,0.885934819897084,899,0.07632933104631218,0.15265866209262435,0.7710120068610634
1039,Baltimore City,1002,Baltimore City Precinct 09-009,76,103,159,926,1002,1,0.07584830339321358,0.9241516966067864,740,0.1027944111776447,0.15868263473053892,0.7385229540918163
1040,Baltimore City,1958,Baltimore City Precinct 09-004,484,330,466,1474,1958,1,0.24719101123595505,0.7528089887640449,1162,0.16853932584269662,0.2379979570990807,0.5934627170582226
1041,Baltimore City,1717,Baltimore City Precinct 09-005,367,251,327,1350,1717,1,0.21374490390215492,0.786255096097845,1139,0.14618520675596972,0.1904484566103669,0.6633663366336634
1042,Baltimore City,782,Baltimore City Precinct 09-001,41,49,128,741,782,1,0.052429667519181586,0.9475703324808185,605,0.06265984654731457,0.1636828644501279,0.7736572890025576
1043,Baltimore City,970,Baltimore City Precinct 27-036,32,82,169,938,970,1,0.032989690721649485,0.9670103092783505,719,0.08453608247422681,0.17422680412371133,0.7412371134020619
1044,Baltimore City,3261,Baltimore City Precinct 27-035,98,202,429,3163,3261,1,0.03005213124808341,0.9699478687519166,2630,0.0619441888991107,0.13155473781048757,0.8065010732904018
1045,Baltimore City,1481,Baltimore City Precinct 27-026,265,142,158,1216,1481,1,0.17893315327481432,0.8210668467251857,1181,0.09588116137744768,0.10668467251856853,0.7974341661039838
1046,Baltimore City,1722,Baltimore City Precinct 27-027,33,158,339,1689,1722,1,0.01916376306620209,0.980836236933798,1225,0.09175377468060394,0.19686411149825783,0.7113821138211383
1047,Baltimore City,1372,Baltimore City Precinct 27-028,32,129,231,1340,1372,1,0.023323615160349854,0.9766763848396501,1012,0.09402332361516035,0.1683673469387755,0.7376093294460642
1048,Baltimore City,858,Baltimore City Precinct 27-029,10,72,201,848,858,1,0.011655011655011656,0.9883449883449883,585,0.08391608391608392,0.23426573426573427,0.6818181818181818
1049,Baltimore City,1643,Baltimore City Precinct 09-008,18,106,241,1625,1643,1,0.010955569080949483,0.9890444309190505,1296,0.06451612903225806,0.14668289713937918,0.7888009738283628
1050,Baltimore City,1933,Baltimore City Precinct 09-006,142,259,450,1791,1933,1,0.0734609415416451,0.9265390584583549,1224,0.13398861872736678,0.23279875840662184,0.6332126228660114
1051,Baltimore City,1819,Baltimore City Precinct 09-007,152,188,376,1667,1819,1,0.08356239692138538,0.9164376030786147,1255,0.10335349092908191,0.20670698185816383,0.6899395272127543
1052,Baltimore City,1296,Baltimore City Precinct 27-025,35,125,262,1261,1296,1,0.02700617283950617,0.9729938271604939,909,0.09645061728395062,0.2021604938271605,0.7013888888888888
1053,Baltimore City,1047,Baltimore City Precinct 27-024,138,59,108,909,1047,1,0.1318051575931232,0.8681948424068768,880,0.05635148042024833,0.10315186246418338,0.8404966571155683
1054,Baltimore City,588,Baltimore City Precinct 27-023,30,83,162,558,588,1,0.05102040816326531,0.9489795918367347,343,0.141156462585034,0.2755102040816326,0.5833333333333334
1055,Baltimore City,1632,Baltimore City Precinct 27-034,121,138,326,1511,1632,1,0.0741421568627451,0.9258578431372549,1168,0.08455882352941177,0.19975490196078433,0.7156862745098039
1056,Baltimore City,2316,Baltimore City Precinct 27-033,564,309,468,1752,2316,1,0.24352331606217617,0.7564766839378239,1539,0.133419689119171,0.20207253886010362,0.6645077720207254
1057,Baltimore City,2778,Baltimore City Precinct 27-032,1010,372,431,1768,2778,1,0.36357091432685384,0.6364290856731462,1975,0.13390928725701945,0.15514758819294455,0.7109431245500359
1060,Baltimore City,1703,Baltimore City Precinct 27-030,58,145,314,1645,1703,1,0.03405754550792719,0.9659424544920728,1244,0.08514386376981797,0.18438050499119202,0.7304756312389901
1061,Baltimore City,2334,Baltimore City Precinct 27-031,141,256,470,2193,2334,1,0.060411311053984576,0.9395886889460154,1608,0.10968294772922023,0.20137103684661525,0.6889460154241646
1062,Baltimore City,2547,Baltimore City Precinct 27-022,207,288,606,2340,2547,1,0.0812720848056537,0.9187279151943463,1653,0.11307420494699646,0.23792697290930506,0.6489988221436984
1063,Baltimore City,2765,Baltimore City Precinct 27-021,234,271,533,2531,2765,1,0.08462929475587704,0.915370705244123,1961,0.09801084990958409,0.19276672694394215,0.7092224231464738
1064,Baltimore City,2623,Baltimore City Precinct 27-020,377,237,467,2246,2623,1,0.14372855508959206,0.856271444910408,1919,0.09035455585207777,0.17804041174227983,0.7316050324056423
1066,Baltimore City,1108,Baltimore City Precinct 08-001,657,23,13,451,1108,1,0.5929602888086642,0.40703971119133575,1072,0.02075812274368231,0.011732851985559567,0.9675090252707581
1067,Baltimore City,1540,Baltimore City Precinct 08-002,183,141,236,1357,1540,1,0.11883116883116883,0.8811688311688312,1163,0.09155844155844156,0.15324675324675324,0.7551948051948052
1068,Baltimore City,2756,Baltimore City Precinct 26-021,263,74,175,2493,2756,1,0.09542815674891146,0.9045718432510885,2507,0.026850507982583455,0.0634978229317852,0.9096516690856313
1069,Baltimore City,813,Baltimore City Precinct 26-022,102,87,146,711,813,1,0.12546125461254612,0.8745387453874539,580,0.1070110701107011,0.1795817958179582,0.7134071340713407
1070,Baltimore City,586,Baltimore City Precinct 27-002,406,199,118,180,586,1,0.6928327645051194,0.30716723549488056,269,0.3395904436860068,0.20136518771331058,0.4590443686006826
1071,Baltimore City,2370,Baltimore City Precinct 27-001,734,275,391,1636,2370,1,0.309704641350211,0.6902953586497891,1704,0.1160337552742616,0.1649789029535865,0.7189873417721518
1072,Baltimore City,3583,Baltimore City Precinct 27-018,801,294,336,2782,3583,1,0.22355567959810216,0.7764443204018978,2953,0.08205414457158805,0.09377616522467207,0.8241696902037399
1073,Baltimore City,1263,Baltimore City Precinct 27-017,466,194,240,797,1263,1,0.36896278701504354,0.6310372129849564,829,0.1536025336500396,0.19002375296912113,0.6563737133808393
1074,Baltimore City,642,Baltimore City Precinct 27-003,342,130,111,300,642,1,0.5327102803738317,0.4672897196261682,401,0.20249221183800623,0.17289719626168223,0.6246105919003115
1075,Baltimore City,676,Baltimore City Precinct 27-004,338,91,100,338,676,1,0.5,0.5,485,0.1346153846153846,0.14792899408284024,0.7174556213017751
1076,Baltimore City,796,Baltimore City Precinct 27-016,371,127,132,425,796,1,0.46608040201005024,0.5339195979899497,537,0.15954773869346733,0.1658291457286432,0.6746231155778895
1077,Baltimore City,1296,Baltimore City Precinct 26-023,120,95,224,1176,1296,1,0.09259259259259259,0.9074074074074074,977,0.07330246913580248,0.1728395061728395,0.753858024691358
1078,Baltimore City,1224,Baltimore City Precinct 15-022,11,100,255,1213,1224,1,0.008986928104575163,0.9910130718954249,869,0.08169934640522876,0.20833333333333334,0.7099673202614379
1079,Baltimore City,2136,Baltimore City Precinct 15-024,9,126,312,2127,2136,1,0.004213483146067416,0.9957865168539326,1698,0.05898876404494382,0.14606741573033707,0.7949438202247191
1080,Baltimore City,964,Baltimore City Precinct 27-055,16,58,142,948,964,1,0.016597510373443983,0.983402489626556,764,0.06016597510373444,0.14730290456431536,0.7925311203319502
1081,Baltimore City,951,Baltimore City Precinct 15-025,20,47,127,931,951,1,0.02103049421661409,0.9789695057833859,777,0.04942166140904311,0.13354363827549948,0.8170347003154574
1082,Baltimore City,614,Baltimore City Precinct 27-054,17,30,81,597,614,1,0.02768729641693811,0.9723127035830619,503,0.048859934853420196,0.13192182410423453,0.8192182410423453
1083,Baltimore City,804,Baltimore City Precinct 27-058,10,43,124,794,804,1,0.012437810945273632,0.9875621890547264,637,0.053482587064676616,0.15422885572139303,0.7922885572139303
1084,Baltimore City,1983,Baltimore City Precinct 27-053,65,123,316,1918,1983,1,0.03277861825516894,0.9672213817448311,1544,0.06202723146747353,0.15935451336359052,0.7786182551689359
1085,Baltimore City,3199,Baltimore City Precinct 27-052,85,196,545,3114,3199,1,0.026570803376055017,0.973429196623945,2458,0.061269146608315096,0.17036573929352922,0.7683651140981557
1086,Baltimore City,2203,Baltimore City Precinct 15-023,61,118,321,2142,2203,1,0.027689514298683614,0.9723104857013164,1764,0.053563322741715845,0.1457103949160236,0.8007262823422605
1087,Baltimore City,1066,Baltimore City Precinct 13-005,806,169,132,260,1066,1,0.7560975609756098,0.24390243902439024,765,0.15853658536585366,0.12382739212007504,0.7176360225140713
1088,Baltimore City,1038,Baltimore City Precinct 27-048,156,155,222,882,1038,1,0.15028901734104047,0.8497109826589595,661,0.14932562620423892,0.2138728323699422,0.6368015414258189
1089,Baltimore City,827,Baltimore City Precinct 27-043,692,280,101,135,827,1,0.8367593712212817,0.16324062877871826,446,0.3385731559854897,0.12212817412333736,0.5392986698911729
1090,Baltimore City,1140,Baltimore City Precinct 27-050,691,364,252,449,1140,1,0.606140350877193,0.393859649122807,524,0.3192982456140351,0.22105263157894736,0.45964912280701753
1091,Baltimore City,390,Baltimore City Precinct 27-051,146,52,75,244,390,1,0.37435897435897436,0.6256410256410256,263,0.13333333333333333,0.19230769230769232,0.6743589743589744
1092,Baltimore City,2674,Baltimore City Precinct 27-049,2164,871,396,510,2674,1,0.8092744951383695,0.1907255048616305,1407,0.3257292445774121,0.1480927449513837,0.5261780104712042
1094,Baltimore City,777,Baltimore City Precinct 13-006,30,59,177,747,777,1,0.03861003861003861,0.9613899613899614,541,0.07593307593307594,0.2277992277992278,0.6962676962676962
1095,Baltimore City,1244,Baltimore City Precinct 13-004,1098,267,141,146,1244,1,0.882636655948553,0.11736334405144695,836,0.21463022508038584,0.11334405144694534,0.6720257234726688
1096,Baltimore City,2273,Baltimore City Precinct 13-003,1980,437,330,293,2273,1,0.8710954685437747,0.12890453145622524,1506,0.1922569291684998,0.14518257809062912,0.6625604927408711
1097,Baltimore City,2199,Baltimore City Precinct 13-011,1953,497,324,246,2199,1,0.888130968622101,0.11186903137789904,1378,0.2260118235561619,0.14733969986357434,0.6266484765802638
1098,Baltimore City,1290,Baltimore City Precinct 13-012,1174,465,256,116,1290,1,0.9100775193798449,0.08992248062015504,569,0.36046511627906974,0.19844961240310077,0.44108527131782943
1099,Baltimore City,2558,Baltimore City Precinct 13-001,1793,341,174,765,2558,1,0.700938232994527,0.29906176700547304,2043,0.13330727130570758,0.06802189210320563,0.7986708365910868
1100,Baltimore City,1628,Baltimore City Precinct 27-047,1104,250,167,524,1628,1,0.6781326781326781,0.32186732186732187,1211,0.15356265356265356,0.10257985257985258,0.7438574938574939
1101,Baltimore City,1385,Baltimore City Precinct 13-002,1103,291,181,282,1385,1,0.7963898916967509,0.2036101083032491,913,0.21010830324909746,0.13068592057761733,0.6592057761732852
1102,Baltimore City,802,Baltimore City Precinct 27-046,669,343,122,133,802,1,0.8341645885286783,0.1658354114713217,337,0.42768079800498754,0.15211970074812967,0.42019950124688277
1103,Baltimore City,4732,Baltimore City Precinct 27-045,3995,640,239,737,4732,1,0.8442519019442096,0.15574809805579037,3853,0.1352493660185968,0.050507185122569735,0.8142434488588335
1104,Baltimore City,1486,Baltimore City Precinct 12-003,862,173,129,624,1486,1,0.5800807537012113,0.4199192462987887,1184,0.11641991924629878,0.08681022880215343,0.7967698519515478
1105,Baltimore City,1587,Baltimore City Precinct 12-006,1031,185,171,556,1587,1,0.649653434152489,0.350346565847511,1231,0.11657214870825457,0.10775047258979206,0.7756773787019534
1106,Baltimore City,1914,Baltimore City Precinct 12-005,1218,257,232,696,1914,1,0.6363636363636364,0.36363636363636365,1425,0.13427377220480669,0.12121212121212122,0.7445141065830722
1107,Baltimore City,3814,Baltimore City Precinct 12-004,2068,262,180,1746,3814,1,0.5422128998426848,0.45778710015731516,3372,0.06869428421604615,0.04719454640797063,0.8841111693759832
1108,Baltimore City,2306,Baltimore City Precinct 12-002,1529,62,37,777,2306,1,0.663052905464007,0.3369470945359931,2207,0.026886383347788378,0.016045099739809193,0.9570685169124025
1109,Baltimore City,2090,Baltimore City Precinct 12-001,1535,840,346,555,2090,1,0.7344497607655502,0.26555023923444976,904,0.4019138755980861,0.16555023923444975,0.4325358851674641
1163,Baltimore City,2988,Baltimore City Precinct 28-006,115,238,522,2873,2988,1,0.03848728246318608,0.9615127175368139,2228,0.07965194109772424,0.1746987951807229,0.7456492637215528
1164,Baltimore City,1374,Baltimore City Precinct 28-007,38,124,279,1336,1374,1,0.027656477438136828,0.9723435225618632,971,0.09024745269286755,0.20305676855895197,0.7066957787481805
1165,Baltimore City,1808,Baltimore City Precinct 28-005,29,148,367,1779,1808,1,0.016039823008849558,0.9839601769911505,1293,0.08185840707964602,0.2029867256637168,0.7151548672566371
1166,Baltimore City,2470,Baltimore City Precinct 28-002,50,203,476,2420,2470,1,0.020242914979757085,0.979757085020243,1791,0.08218623481781377,0.19271255060728745,0.7251012145748987
1167,Baltimore City,882,Baltimore City Precinct 28-004,11,59,154,871,882,1,0.012471655328798186,0.9875283446712018,669,0.06689342403628118,0.1746031746031746,0.7585034013605442
1168,Baltimore City,1074,Baltimore City Precinct 15-002,22,83,181,1052,1074,1,0.020484171322160148,0.9795158286778398,810,0.07728119180633147,0.1685288640595903,0.7541899441340782
1169,Baltimore City,2856,Baltimore City Precinct 15-009,38,224,520,2818,2856,1,0.01330532212885154,0.9866946778711485,2112,0.0784313725490196,0.18207282913165265,0.7394957983193278
1201,Baltimore City,1822,Baltimore City Precinct 03-001,235,110,247,1587,1822,1,0.12897914379802414,0.8710208562019759,1465,0.06037321624588365,0.13556531284302964,0.8040614709110867
1202,Baltimore City,356,Baltimore City Precinct 05-002,41,12,34,315,356,1,0.1151685393258427,0.8848314606741573,310,0.033707865168539325,0.09550561797752809,0.8707865168539326
1203,Baltimore City,1273,Baltimore City Precinct 10-002,8,122,271,1265,1273,1,0.006284367635506678,0.9937156323644933,880,0.09583660644147683,0.2128829536527887,0.6912804399057345
1204,Baltimore City,987,Baltimore City Precinct 10-001,13,117,250,974,987,1,0.013171225937183385,0.9868287740628167,620,0.11854103343465046,0.25329280648429586,0.6281661600810537
1205,Baltimore City,1789,Baltimore City Precinct 09-015,22,124,329,1767,1789,1,0.012297372833985467,0.9877026271660145,1336,0.06931246506428172,0.18390162101732813,0.7467859139183901
1206,Baltimore City,1316,Baltimore City Precinct 12-007,363,205,326,953,1316,1,0.27583586626139817,0.7241641337386018,785,0.15577507598784193,0.24772036474164133,0.5965045592705167
1207,Baltimore City,1357,Baltimore City Precinct 09-014,18,137,294,1339,1357,1,0.013264554163596167,0.9867354458364038,926,0.10095799557848195,0.21665438467207074,0.6823876197494473
1208,Baltimore City,364,Baltimore City Precinct 09-011,6,14,41,358,364,1,0.016483516483516484,0.9835164835164835,309,0.038461538461538464,0.11263736263736264,0.8489010989010989
1209,Baltimore City,917,Baltimore City Precinct 09-013,12,53,77,905,917,1,0.013086150490730643,0.9869138495092693,787,0.05779716466739367,0.08396946564885496,0.8582333696837514
1210,Baltimore City,1609,Baltimore City Precinct 09-012,36,114,296,1573,1609,1,0.022374145431945307,0.9776258545680547,1199,0.07085146053449347,0.18396519577377252,0.745183343691734
1211,Baltimore City,1368,Baltimore City Precinct 02-001,706,159,147,662,1368,1,0.5160818713450293,0.48391812865497075,1062,0.1162280701754386,0.1074561403508772,0.7763157894736842
1212,Baltimore City,1117,Baltimore City Precinct 06-004,528,175,209,589,1117,1,0.4726947179946285,0.5273052820053715,733,0.1566696508504924,0.18710832587287377,0.6562220232766338
1213,Baltimore City,475,Baltimore City Precinct 06-003,44,51,96,431,475,1,0.09263157894736843,0.9073684210526316,328,0.10736842105263159,0.20210526315789473,0.6905263157894737
1214,Baltimore City,1050,Baltimore City Precinct 07-001,14,75,159,1036,1050,1,0.013333333333333334,0.9866666666666667,816,0.07142857142857142,0.15142857142857144,0.7771428571428571
1215,Baltimore City,441,Baltimore City Precinct 08-007,11,117,298,430,441,1,0.024943310657596373,0.9750566893424036,26,0.2653061224489796,0.6757369614512472,0.05895691609977324
1216,Baltimore City,250,Baltimore City Precinct 07-002,11,30,40,239,250,1,0.044,0.956,180,0.12,0.16,0.72
1217,Baltimore City,819,Baltimore City Precinct 06-002,107,61,101,712,819,1,0.13064713064713065,0.8693528693528694,657,0.07448107448107448,0.12332112332112333,0.8021978021978022
1218,Baltimore City,2445,Baltimore City Precinct 07-003,84,168,339,2361,2445,1,0.0343558282208589,0.9656441717791411,1938,0.0687116564417178,0.13865030674846626,0.7926380368098159
1219,Baltimore City,986,Baltimore City Precinct 08-008,30,269,174,956,986,1,0.030425963488843813,0.9695740365111561,543,0.27281947261663286,0.17647058823529413,0.550709939148073
1220,Baltimore City,1928,Baltimore City Precinct 08-006,31,192,435,1897,1928,1,0.016078838174273857,0.9839211618257261,1301,0.0995850622406639,0.22562240663900415,0.674792531120332
1221,Baltimore City,1774,Baltimore City Precinct 08-005,22,140,310,1752,1774,1,0.012401352874859075,0.9875986471251409,1324,0.07891770011273957,0.17474633596392333,0.7463359639233371
1222,Baltimore City,1071,Baltimore City Precinct 08-009,21,9,12,1050,1071,1,0.0196078431372549,0.9803921568627451,1050,0.008403361344537815,0.011204481792717087,0.9803921568627451
1223,Baltimore City,473,Baltimore City Precinct 08-004,8,31,74,465,473,1,0.016913319238900635,0.9830866807610994,368,0.06553911205073996,0.15644820295983086,0.7780126849894292
1224,Baltimore City,951,Baltimore City Precinct 26-008,818,189,113,133,951,1,0.8601472134595163,0.1398527865404837,649,0.19873817034700317,0.11882229232386961,0.6824395373291272
1225,Baltimore City,2859,Baltimore City Precinct 01-004,2482,374,201,377,2859,1,0.8681357117873383,0.13186428821266177,2284,0.13081497026932493,0.07030430220356768,0.7988807275271074
1226,Baltimore City,3180,Baltimore City Precinct 01-005,2843,510,247,337,3180,1,0.8940251572327044,0.1059748427672956,2423,0.16037735849056603,0.07767295597484276,0.7619496855345912
1227,Baltimore City,3113,Baltimore City Precinct 26-009,2667,432,249,446,3113,1,0.856729842595567,0.14327015740443302,2432,0.13877288788949566,0.07998715065852875,0.7812399614519756
1228,Baltimore City,1478,Baltimore City Precinct 26-006,963,110,67,515,1478,1,0.6515561569688768,0.34844384303112313,1301,0.07442489851150202,0.04533152909336942,0.8802435723951285
1229,Baltimore City,1558,Baltimore City Precinct 01-001,1017,246,165,541,1558,1,0.6527599486521181,0.3472400513478819,1147,0.15789473684210525,0.10590500641848524,0.7362002567394095
1230,Baltimore City,3120,Baltimore City Precinct 06-005,1381,381,337,1739,3120,1,0.4426282051282051,0.5573717948717949,2402,0.12211538461538461,0.10801282051282052,0.7698717948717949
1231,Baltimore City,1744,Baltimore City Precinct 06-001,198,88,197,1546,1744,1,0.11353211009174312,0.8864678899082569,1459,0.05045871559633028,0.11295871559633028,0.8365825688073395
1232,Baltimore City,1555,Baltimore City Precinct 23-001,1384,238,110,171,1555,1,0.890032154340836,0.10996784565916398,1207,0.15305466237942122,0.0707395498392283,0.7762057877813505
1233,Baltimore City,1449,Baltimore City Precinct 22-002,1253,439,150,196,1449,1,0.8647342995169082,0.13526570048309178,860,0.30296756383712903,0.10351966873706005,0.5935127674258109
1234,Baltimore City,1095,Baltimore City Precinct 22-001,797,207,133,298,1095,1,0.7278538812785388,0.27214611872146116,755,0.18904109589041096,0.12146118721461187,0.6894977168949772
1235,Baltimore City,1382,Baltimore City Precinct 19-001,24,111,269,1358,1382,1,0.017366136034732273,0.9826338639652678,1002,0.08031837916063676,0.19464544138929088,0.7250361794500724
1236,Baltimore City,1137,Baltimore City Precinct 16-003,9,61,161,1128,1137,1,0.0079155672823219,0.9920844327176781,915,0.05364995602462621,0.14160070360598065,0.8047493403693932
1237,Baltimore City,1737,Baltimore City Precinct 16-002,27,97,219,1710,1737,1,0.015544041450777202,0.9844559585492227,1421,0.055843408175014396,0.12607944732297063,0.818077144502015
1238,Baltimore City,985,Baltimore City Precinct 16-001,18,67,140,967,985,1,0.018274111675126905,0.9817258883248731,778,0.06802030456852792,0.14213197969543148,0.7898477157360406
1239,Baltimore City,1226,Baltimore City Precinct 18-001,14,75,180,1212,1226,1,0.011419249592169658,0.9885807504078303,971,0.061174551386623165,0.1468189233278956,0.7920065252854812
1240,Baltimore City,1367,Baltimore City Precinct 17-002,16,201,480,1351,1367,1,0.011704462326261888,0.9882955376737381,686,0.14703730797366496,0.3511338697878566,0.5018288222384785
1241,Baltimore City,1008,Baltimore City Precinct 14-003,24,55,154,984,1008,1,0.023809523809523808,0.9761904761904762,799,0.054563492063492064,0.1527777777777778,0.7926587301587301
1242,Baltimore City,1794,Baltimore City Precinct 15-019,31,3,24,1763,1794,1,0.017279821627647716,0.9827201783723523,1767,0.0016722408026755853,0.013377926421404682,0.9849498327759197
1243,Baltimore City,529,Baltimore City Precinct 14-005,4,47,88,525,529,1,0.007561436672967864,0.9924385633270322,394,0.0888468809073724,0.166351606805293,0.7448015122873346
1244,Baltimore City,1897,Baltimore City Precinct 13-008,110,186,430,1787,1897,1,0.05798629414865577,0.9420137058513443,1281,0.09804955192409066,0.22667369530838166,0.6752767527675276
1245,Baltimore City,1483,Baltimore City Precinct 13-007,15,119,283,1468,1483,1,0.010114632501685773,0.9898853674983142,1081,0.08024275118004046,0.19082939986513822,0.7289278489548213
1246,Baltimore City,2314,Baltimore City Precinct 14-004,223,306,487,2091,2314,1,0.09636992221261884,0.9036300777873811,1521,0.13223854796888504,0.2104580812445981,0.6573033707865169
1247,Baltimore City,1277,Baltimore City Precinct 13-009,88,103,177,1189,1277,1,0.06891151135473766,0.9310884886452623,997,0.08065779169929523,0.13860610806577917,0.7807361002349256
1248,Baltimore City,1887,Baltimore City Precinct 13-010,272,195,368,1615,1887,1,0.14414414414414414,0.8558558558558559,1324,0.10333863275039745,0.19501854795972443,0.7016428192898782
1249,Baltimore City,588,Baltimore City Precinct 04-003,33,45,131,555,588,1,0.05612244897959184,0.9438775510204082,412,0.07653061224489796,0.2227891156462585,0.7006802721088435
1250,Baltimore City,2521,Baltimore City Precinct 04-002,1231,240,254,1290,2521,1,0.48829829432764776,0.5117017056723523,2027,0.09520031733439112,0.10075366917889726,0.8040460134867117
1251,Baltimore City,1979,Baltimore City Precinct 17-001,162,11,36,1817,1979,1,0.08185952501263265,0.9181404749873674,1932,0.0055583628094997475,0.01819100555836281,0.9762506316321374
1252,Baltimore City,1028,Baltimore City Precinct 11-004,115,2,17,913,1028,1,0.11186770428015565,0.8881322957198443,1009,0.0019455252918287938,0.016536964980544747,0.9815175097276264
1253,Baltimore City,1704,Baltimore City Precinct 11-003,892,364,282,812,1704,1,0.5234741784037559,0.4765258215962441,1058,0.2136150234741784,0.16549295774647887,0.6208920187793427
1254,Baltimore City,2097,Baltimore City Precinct 04-001,924,87,100,1173,2097,1,0.4406294706723891,0.5593705293276109,1910,0.04148783977110158,0.047687172150691466,0.910824988078207
1255,Baltimore City,2967,Baltimore City Precinct 11-006,1600,383,450,1367,2967,1,0.5392652510953826,0.46073474890461746,2134,0.1290866194809572,0.15166835187057634,0.7192450286484665
1256,Baltimore City,870,Baltimore City Precinct 11-005,547,185,233,323,870,1,0.628735632183908,0.37126436781609196,452,0.21264367816091953,0.267816091954023,0.5195402298850574
1257,Baltimore City,645,Baltimore City Precinct 11-002,302,90,90,343,645,1,0.4682170542635659,0.5317829457364341,465,0.13953488372093023,0.13953488372093023,0.7209302325581395
1258,Baltimore City,1818,Baltimore City Precinct 11-007,1109,294,278,709,1818,1,0.61001100110011,0.38998899889988997,1246,0.1617161716171617,0.15291529152915292,0.6853685368536854
1259,Baltimore City,1899,Baltimore City Precinct 11-001,1177,304,286,722,1899,1,0.6197998946814113,0.3802001053185887,1309,0.16008425487098474,0.15060558188520273,0.6893101632438126
1260,Baltimore City,1670,Baltimore City Precinct 14-002,830,145,148,840,1670,1,0.49700598802395207,0.5029940119760479,1377,0.08682634730538923,0.08862275449101796,0.8245508982035928
1261,Baltimore City,1524,Baltimore City Precinct 14-001,930,219,188,594,1524,1,0.610236220472441,0.38976377952755903,1117,0.1437007874015748,0.12335958005249344,0.7329396325459318
1262,Baltimore City,2304,Baltimore City Precinct 12-009,1078,264,280,1226,2304,1,0.4678819444444444,0.5321180555555556,1760,0.11458333333333333,0.12152777777777778,0.7638888888888888
1263,Baltimore City,1485,Baltimore City Precinct 12-012,447,162,298,1038,1485,1,0.301010101010101,0.6989898989898989,1025,0.10909090909090909,0.20067340067340067,0.6902356902356902
1289,Baltimore City,1691,Baltimore City Precinct 16-009,6,138,315,1685,1691,1,0.0035481963335304554,0.9964518036664696,1238,0.08160851567120048,0.1862803075103489,0.7321111768184506
1290,Baltimore City,1025,Baltimore City Precinct 16-010,10,62,197,1015,1025,1,0.00975609756097561,0.9902439024390244,766,0.06048780487804878,0.19219512195121952,0.7473170731707317
1291,Baltimore City,936,Baltimore City Precinct 16-011,6,56,169,930,936,1,0.00641025641025641,0.9935897435897436,711,0.05982905982905983,0.18055555555555555,0.7596153846153846
1292,Baltimore City,365,Baltimore City Precinct 15-012,13,20,39,352,365,1,0.03561643835616438,0.9643835616438357,306,0.0547945205479452,0.10684931506849316,0.8383561643835616
1293,Baltimore City,1645,Baltimore City Precinct 15-007,21,131,316,1624,1645,1,0.01276595744680851,0.9872340425531915,1198,0.07963525835866261,0.19209726443768996,0.7282674772036474
1294,Baltimore City,754,Baltimore City Precinct 15-013,5,55,131,749,754,1,0.006631299734748011,0.993368700265252,568,0.07294429708222812,0.17374005305039789,0.753315649867374
1295,Baltimore City,813,Baltimore City Precinct 15-015,5,51,124,808,813,1,0.006150061500615006,0.993849938499385,638,0.06273062730627306,0.15252152521525214,0.7847478474784748
1296,Baltimore City,1295,Baltimore City Precinct 15-014,10,143,285,1285,1295,1,0.007722007722007722,0.9922779922779923,867,0.11042471042471043,0.22007722007722008,0.6694980694980694
1297,Baltimore City,1699,Baltimore City Precinct 15-006,17,171,458,1682,1699,1,0.010005885815185403,0.9899941141848146,1070,0.10064743967039436,0.2695703354914656,0.6297822248381401
1298,Baltimore City,964,Baltimore City Precinct 16-007,6,118,313,958,964,1,0.006224066390041493,0.9937759336099585,533,0.12240663900414937,0.32468879668049794,0.5529045643153527
1299,Baltimore City,1884,Baltimore City Precinct 16-006,7,126,346,1877,1884,1,0.0037154989384288748,0.9962845010615711,1412,0.06687898089171974,0.18365180467091294,0.7494692144373672
1300,Baltimore City,1791,Baltimore City Precinct 20-001,30,120,301,1761,1791,1,0.01675041876046901,0.983249581239531,1370,0.06700167504187604,0.16806253489670575,0.7649357900614182
1301,Baltimore City,764,Baltimore City Precinct 16-004,12,37,92,752,764,1,0.015706806282722512,0.9842931937172775,635,0.04842931937172775,0.12041884816753927,0.831151832460733
1302,Baltimore City,2126,Baltimore City Precinct 16-005,27,132,341,2099,2126,1,0.012699905926622766,0.9873000940733773,1653,0.062088428974600186,0.16039510818438382,0.7775164628410159
1303,Baltimore City,1404,Baltimore City Precinct 15-018,4,168,524,1400,1404,1,0.002849002849002849,0.9971509971509972,712,0.11965811965811966,0.3732193732193732,0.5071225071225072
1304,Baltimore City,1040,Baltimore City Precinct 15-016,9,55,165,1031,1040,1,0.008653846153846154,0.9913461538461539,820,0.052884615384615384,0.15865384615384615,0.7884615384615384
1305,Baltimore City,2987,Baltimore City Precinct 15-020,37,178,469,2950,2987,1,0.012387010378305993,0.987612989621694,2340,0.05959156344158018,0.15701372614663542,0.7833947104117844
1306,Baltimore City,1237,Baltimore City Precinct 15-021,14,78,216,1223,1237,1,0.01131770412287793,0.9886822958771221,943,0.06305578011317704,0.1746160064672595,0.7623282134195635
1307,Baltimore City,1807,Baltimore City Precinct 15-017,23,129,390,1784,1807,1,0.012728278915329275,0.9872717210846708,1288,0.07138904261206419,0.2158273381294964,0.7127836192584394
1308,Baltimore City,1062,Baltimore City Precinct 25-006,24,102,199,1038,1062,1,0.022598870056497175,0.9774011299435028,761,0.096045197740113,0.1873822975517891,0.716572504708098
1309,Baltimore City,596,Baltimore City Precinct 25-007,133,47,73,463,596,1,0.2231543624161074,0.7768456375838926,476,0.07885906040268456,0.12248322147651007,0.7986577181208053
1310,Baltimore City,2234,Baltimore City Precinct 21-003,992,194,239,1242,2234,1,0.4440465532676813,0.5559534467323187,1801,0.08683974932855863,0.10698299015219337,0.806177260519248
1311,Baltimore City,3343,Baltimore City Precinct 19-002,1090,164,252,2253,3343,1,0.3260544421178582,0.6739455578821418,2927,0.04905773257553096,0.07538139395752318,0.8755608734669459
1312,Baltimore City,489,Baltimore City Precinct 21-004,246,60,80,243,489,1,0.5030674846625767,0.49693251533742333,349,0.12269938650306748,0.16359918200409,0.7137014314928425
1313,Baltimore City,1952,Baltimore City Precinct 18-002,558,157,231,1394,1952,1,0.2858606557377049,0.7141393442622951,1564,0.08043032786885246,0.11834016393442623,0.8012295081967213
1314,Baltimore City,1673,Baltimore City Precinct 21-002,672,219,275,1001,1673,1,0.401673640167364,0.5983263598326359,1179,0.13090257023311416,0.1643753735803945,0.7047220561864913
1315,Baltimore City,2033,Baltimore City Precinct 23-003,1802,292,172,231,2033,1,0.8863748155435317,0.11362518445646827,1569,0.14363010329562223,0.08460403344810624,0.7717658632562715
1316,Baltimore City,1153,Baltimore City Precinct 21-001,755,143,106,398,1153,1,0.6548135299219427,0.34518647007805725,904,0.12402428447528187,0.09193408499566348,0.7840416305290546
1317,Baltimore City,1038,Baltimore City Precinct 23-002,584,159,142,454,1038,1,0.5626204238921002,0.4373795761078998,737,0.1531791907514451,0.13680154142581888,0.710019267822736
1318,Baltimore City,2506,Baltimore City Precinct 20-007,148,170,359,2358,2506,1,0.05905826017557861,0.9409417398244214,1977,0.06783719074221868,0.1432561851556265,0.7889066241021548
1319,Baltimore City,2106,Baltimore City Precinct 28-010,255,228,432,1851,2106,1,0.12108262108262108,0.8789173789173789,1446,0.10826210826210826,0.20512820512820512,0.6866096866096866
1320,Baltimore City,458,Baltimore City Precinct 28-012,55,191,216,403,458,1,0.12008733624454149,0.8799126637554585,51,0.4170305676855895,0.47161572052401746,0.11135371179039301
1321,Baltimore City,2423,Baltimore City Precinct 28-009,274,212,377,2149,2423,1,0.1130829550144449,0.8869170449855551,1834,0.08749484110606685,0.15559224102352456,0.7569129178704086
1322,Baltimore City,1962,Baltimore City Precinct 28-011,173,227,396,1789,1962,1,0.08817533129459736,0.9118246687054027,1339,0.11569826707441386,0.2018348623853211,0.682466870540265
1323,Baltimore City,3079,Baltimore City Precinct 20-006,15,258,599,3064,3079,1,0.004871711594673595,0.9951282884053264,2222,0.08379343942838584,0.19454368301396557,0.7216628775576486
1324,Baltimore City,3001,Baltimore City Precinct 16-014,29,260,634,2972,3001,1,0.009663445518160613,0.9903365544818394,2107,0.0866377874041986,0.21126291236254582,0.7020993002332556
1325,Baltimore City,1740,Baltimore City Precinct 28-008,83,130,289,1657,1740,1,0.04770114942528736,0.9522988505747126,1321,0.07471264367816093,0.1660919540229885,0.7591954022988506
1326,Baltimore City,1451,Baltimore City Precinct 15-011,43,100,277,1408,1451,1,0.029634734665747762,0.9703652653342523,1074,0.06891798759476224,0.1909028256374914,0.7401791867677464
1327,Baltimore City,1492,Baltimore City Precinct 15-010,39,147,332,1453,1492,1,0.02613941018766756,0.9738605898123325,1013,0.0985254691689008,0.2225201072386059,0.6789544235924933
1375,Baltimore City,2932,Baltimore City Precinct 28-015,976,226,324,1956,2932,1,0.3328785811732606,0.6671214188267395,2382,0.07708049113233288,0.11050477489768076,0.8124147339699863
1376,Baltimore City,2794,Baltimore City Precinct 25-001,329,293,556,2465,2794,1,0.11775232641374374,0.8822476735862562,1945,0.10486757337151038,0.19899785254115962,0.69613457408733
1377,Baltimore City,742,Baltimore City Precinct 28-014,55,61,136,687,742,1,0.07412398921832884,0.9258760107816711,545,0.08221024258760108,0.18328840970350405,0.7345013477088949
1378,Baltimore City,2138,Baltimore City Precinct 25-002,205,168,365,1933,2138,1,0.09588400374181479,0.9041159962581852,1605,0.07857811038353602,0.1707202993451824,0.7507015902712816
1379,Baltimore City,1494,Baltimore City Precinct 28-013,105,115,261,1389,1494,1,0.07028112449799197,0.929718875502008,1118,0.07697456492637215,0.1746987951807229,0.7483266398929049
1380,Baltimore City,714,Baltimore City Precinct 20-008,104,40,101,610,714,1,0.14565826330532214,0.8543417366946778,573,0.056022408963585436,0.14145658263305322,0.8025210084033614
1698,Baltimore City,1766,Baltimore City Precinct 15-001,42,136,313,1724,1766,1,0.02378255945639864,0.9762174405436014,1317,0.07701019252548132,0.17723669309173273,0.7457531143827859
1699,Baltimore City,571,Baltimore City Precinct 28-003,5,35,103,566,571,1,0.008756567425569177,0.9912434325744308,433,0.06129597197898424,0.18038528896672504,0.7583187390542907
1700,Baltimore City,1228,Baltimore City Precinct 27-061,324,67,123,904,1228,1,0.26384364820846906,0.7361563517915309,1038,0.05456026058631922,0.1001628664495114,0.8452768729641694
1701,Baltimore City,1238,Baltimore City Precinct 27-056,13,72,180,1225,1238,1,0.01050080775444265,0.9894991922455574,986,0.05815831987075929,0.14539579967689822,0.7964458804523424
1702,Baltimore City,2460,Baltimore City Precinct 27-057,36,126,338,2424,2460,1,0.014634146341463415,0.9853658536585366,1996,0.05121951219512195,0.13739837398373983,0.8113821138211382
1703,Baltimore City,1163,Baltimore City Precinct 27-059,32,79,156,1131,1163,1,0.027515047291487533,0.9724849527085124,928,0.06792777300085985,0.13413585554600171,0.7979363714531384
1704,Baltimore City,1669,Baltimore City Precinct 28-001,105,130,257,1564,1669,1,0.06291192330736968,0.9370880766926303,1282,0.07789095266626722,0.15398442180946675,0.7681246255242661
1705,Baltimore City,3062,Baltimore City Precinct 27-067,1028,231,309,2034,3062,1,0.3357282821685173,0.6642717178314826,2522,0.07544088830829523,0.10091443500979752,0.8236446766819072
1706,Baltimore City,2688,Baltimore City Precinct 27-062,1151,173,213,1537,2688,1,0.42819940476190477,0.5718005952380952,2302,0.06436011904761904,0.07924107142857142,0.8563988095238095
1707,Baltimore City,2392,Baltimore City Precinct 27-066,1756,296,192,636,2392,1,0.7341137123745819,0.26588628762541805,1904,0.12374581939799331,0.0802675585284281,0.7959866220735786
1709,Baltimore City,1675,Baltimore City Precinct 27-063,770,187,231,905,1675,1,0.4597014925373134,0.5402985074626866,1257,0.11164179104477612,0.13791044776119402,0.7504477611940299
1710,Baltimore City,3698,Baltimore City Precinct 27-065,2866,449,232,832,3698,1,0.775013520822066,0.22498647917793402,3017,0.12141698215251487,0.06273661438615467,0.8158464034613304
1711,Baltimore City,997,Baltimore City Precinct 27-060,171,178,284,826,997,1,0.1715145436308927,0.8284854563691073,535,0.17853560682046138,0.2848545636910732,0.5366098294884654
1712,Baltimore City,1689,Baltimore City Precinct 27-064,1206,279,173,483,1689,1,0.7140319715808171,0.28596802841918295,1237,0.16518650088809947,0.10242747187685021,0.7323860272350503
1726,Baltimore City,818,Baltimore City Precinct 15-008,13,90,203,805,818,1,0.01589242053789731,0.9841075794621027,525,0.1100244498777506,0.24816625916870416,0.6418092909535452
1727,Baltimore City,2394,Baltimore City Precinct 15-003,33,206,558,2361,2394,1,0.013784461152882205,0.9862155388471178,1630,0.0860484544695071,0.23308270676691728,0.6808688387635756
1728,Baltimore City,1024,Baltimore City Precinct 15-004,8,84,175,1016,1024,1,0.0078125,0.9921875,765,0.08203125,0.1708984375,0.7470703125
1729,Baltimore City,1372,Baltimore City Precinct 15-005,11,150,316,1361,1372,1,0.008017492711370262,0.9919825072886297,906,0.10932944606413994,0.2303206997084548,0.6603498542274052
