,COUNTY,VAP,NAME,WVAP,SEN12D,SEN12R,OVAP,TOT_VOTES,factor,WVAP_pct,OVAP_pct,SEN12None,SEN12D_pct,SEN12R_pct,SEN12None_pct
556,Baltimore City,1090,Baltimore City Precinct 26-028,142,516,16,948,1090,1,0.13027522935779817,0.8697247706422019,558,0.47339449541284406,0.014678899082568808,0.5119266055045871
557,Baltimore City,1429,Baltimore City Precinct 26-027,322,629,44,1107,1429,1,0.22533240027991602,0.7746675997200839,756,0.44016794961511546,0.03079076277116865,0.5290412876137159
558,Baltimore City,1467,Baltimore City Precinct 27-007,472,578,52,995,1467,1,0.321745057941377,0.678254942058623,837,0.3940013633265167,0.0354464894342195,0.5705521472392638
559,Baltimore City,985,Baltimore City Precinct 26-030,419,417,47,566,985,1,0.42538071065989846,0.5746192893401015,521,0.4233502538071066,0.047715736040609136,0.5289340101522843
574,Baltimore City,502,Baltimore City Precinct 26-001,417,94,29,85,502,1,0.8306772908366534,0.1693227091633466,379,0.18725099601593626,0.05776892430278884,0.7549800796812749
575,Baltimore City,2426,Baltimore City Precinct 26-002,1008,593,60,1418,2426,1,0.4154987633965375,0.5845012366034625,1773,0.24443528441879636,0.0247320692497939,0.7308326463314098
576,Baltimore City,2095,Baltimore City Precinct 26-003,1404,352,137,691,2095,1,0.6701670644391408,0.3298329355608592,1606,0.16801909307875895,0.06539379474940334,0.7665871121718377
581,Baltimore City,782,Baltimore City Precinct 26-005,514,149,55,268,782,1,0.6572890025575447,0.34271099744245526,578,0.19053708439897699,0.07033248081841433,0.7391304347826086
582,Baltimore City,1623,Baltimore City Precinct 26-004,1098,280,85,525,1623,1,0.6765249537892791,0.3234750462107209,1258,0.1725200246457178,0.05237215033887862,0.7751078250154035
583,Baltimore City,1434,Baltimore City Precinct 26-007,799,276,76,635,1434,1,0.5571827057182706,0.44281729428172945,1082,0.19246861924686193,0.05299860529986053,0.7545327754532776
584,Baltimore City,1562,Baltimore City Precinct 26-014,1050,202,60,512,1562,1,0.6722151088348272,0.32778489116517284,1300,0.1293213828425096,0.03841229193341869,0.8322663252240717
585,Baltimore City,1463,Baltimore City Precinct 26-015,116,702,20,1347,1463,1,0.07928913192071087,0.9207108680792891,741,0.47983595352016406,0.01367053998632946,0.5064935064935064
586,Baltimore City,4697,Baltimore City Precinct 26-029,597,1760,50,4100,4697,1,0.12710240579093038,0.8728975942090696,2887,0.3747072599531616,0.010645092612305727,0.6146476474345327
805,Baltimore City,3265,Baltimore City Precinct 25-005,822,902,87,2443,3265,1,0.2517611026033691,0.748238897396631,2276,0.27626339969372127,0.02664624808575804,0.6970903522205206
807,Baltimore City,2660,Baltimore City Precinct 25-008,74,1067,26,2586,2660,1,0.027819548872180452,0.9721804511278196,1567,0.40112781954887217,0.009774436090225564,0.5890977443609022
808,Baltimore City,1089,Baltimore City Precinct 25-009,9,663,9,1080,1089,1,0.008264462809917356,0.9917355371900827,417,0.6088154269972452,0.008264462809917356,0.38292011019283745
809,Baltimore City,1595,Baltimore City Precinct 25-010,46,727,10,1549,1595,1,0.02884012539184953,0.9711598746081505,858,0.45579937304075235,0.006269592476489028,0.5379310344827586
810,Baltimore City,3555,Baltimore City Precinct 25-003,2570,647,248,985,3555,1,0.7229254571026723,0.2770745428973277,2660,0.1819971870604782,0.06976090014064698,0.7482419127988749
811,Baltimore City,929,Baltimore City Precinct 20-009,527,222,34,402,929,1,0.5672766415500539,0.4327233584499462,673,0.23896663078579117,0.03659849300322928,0.7244348762109796
812,Baltimore City,1049,Baltimore City Precinct 20-005,28,524,10,1021,1049,1,0.02669208770257388,0.9733079122974261,515,0.49952335557673977,0.009532888465204958,0.4909437559580553
813,Baltimore City,3568,Baltimore City Precinct 25-004,2774,602,234,794,3568,1,0.7774663677130045,0.22253363228699552,2732,0.1687219730941704,0.0655829596412556,0.765695067264574
814,Baltimore City,756,Baltimore City Precinct 20-010,333,146,27,423,756,1,0.44047619047619047,0.5595238095238095,583,0.1931216931216931,0.03571428571428571,0.7711640211640212
815,Baltimore City,2322,Baltimore City Precinct 20-003,54,914,13,2268,2322,1,0.023255813953488372,0.9767441860465116,1395,0.39362618432385876,0.005598621877691645,0.6007751937984496
816,Baltimore City,2303,Baltimore City Precinct 20-011,848,569,48,1455,2303,1,0.36821537125488496,0.6317846287451151,1686,0.24706904038211028,0.020842379504993486,0.7320885801128962
817,Baltimore City,950,Baltimore City Precinct 20-002,70,301,9,880,950,1,0.07368421052631578,0.9263157894736842,640,0.31684210526315787,0.009473684210526316,0.6736842105263158
818,Baltimore City,1760,Baltimore City Precinct 16-013,14,814,11,1746,1760,1,0.007954545454545454,0.9920454545454546,935,0.4625,0.00625,0.53125
819,Baltimore City,1950,Baltimore City Precinct 16-012,10,909,11,1940,1950,1,0.005128205128205128,0.9948717948717949,1030,0.46615384615384614,0.0056410256410256415,0.5282051282051282
820,Baltimore City,240,Baltimore City Precinct 20-004,4,143,5,236,240,1,0.016666666666666666,0.9833333333333333,92,0.5958333333333333,0.020833333333333332,0.38333333333333336
821,Baltimore City,1495,Baltimore City Precinct 16-008,24,661,5,1471,1495,1,0.016053511705685617,0.9839464882943144,829,0.44214046822742475,0.0033444816053511705,0.5545150501672241
822,Baltimore City,901,Baltimore City Precinct 26-031,516,293,75,385,901,1,0.5726970033296337,0.42730299667036625,533,0.32519422863485015,0.08324084350721421,0.5915649278579356
826,Baltimore City,2719,Baltimore City Precinct 27-008,1192,1060,145,1527,2719,1,0.4383964692901802,0.5616035307098198,1514,0.3898492092681133,0.05332842956969474,0.556822361162192
827,Baltimore City,2670,Baltimore City Precinct 27-011,1688,993,286,982,2670,1,0.6322097378277154,0.36779026217228467,1391,0.37191011235955057,0.10711610486891386,0.5209737827715356
828,Baltimore City,842,Baltimore City Precinct 27-010,645,247,116,197,842,1,0.7660332541567696,0.2339667458432304,479,0.29334916864608074,0.1377672209026128,0.5688836104513064
876,Baltimore City,1038,Baltimore City Precinct 12-011,130,445,11,908,1038,1,0.1252408477842004,0.8747591522157996,582,0.42870905587668595,0.010597302504816955,0.5606936416184971
877,Baltimore City,1718,Baltimore City Precinct 12-008,988,752,44,730,1718,1,0.5750873108265425,0.42491268917345754,922,0.43771827706635624,0.025611175785797437,0.5366705471478463
878,Baltimore City,1916,Baltimore City Precinct 12-010,382,703,17,1534,1916,1,0.19937369519832984,0.8006263048016702,1196,0.36691022964509395,0.008872651356993737,0.6242171189979123
882,Baltimore City,1139,Baltimore City Precinct 25-011,672,187,68,467,1139,1,0.5899912203687445,0.4100087796312555,884,0.16417910447761194,0.05970149253731343,0.7761194029850746
883,Baltimore City,2273,Baltimore City Precinct 25-012,1279,382,97,994,2273,1,0.5626924769027717,0.4373075230972283,1794,0.1680598328200616,0.04267487901451826,0.7892652881654202
884,Baltimore City,1483,Baltimore City Precinct 25-014,468,401,34,1015,1483,1,0.3155765340525961,0.6844234659474039,1048,0.27039784221173296,0.022926500337154418,0.7066756574511126
885,Baltimore City,1262,Baltimore City Precinct 25-013,750,189,52,512,1262,1,0.5942947702060222,0.40570522979397783,1021,0.14976228209191758,0.04120443740095087,0.8090332805071315
886,Baltimore City,1628,Baltimore City Precinct 25-015,701,413,45,927,1628,1,0.4305896805896806,0.5694103194103194,1170,0.2536855036855037,0.02764127764127764,0.7186732186732187
887,Baltimore City,2415,Baltimore City Precinct 25-016,1616,398,95,799,2415,1,0.6691511387163561,0.3308488612836439,1922,0.1648033126293996,0.039337474120082816,0.7958592132505176
888,Baltimore City,2673,Baltimore City Precinct 24-004,2448,944,342,225,2673,1,0.9158249158249159,0.08417508417508418,1387,0.35316124205013094,0.12794612794612795,0.5188926300037411
889,Baltimore City,878,Baltimore City Precinct 24-002,775,314,133,103,878,1,0.8826879271070615,0.11731207289293849,431,0.357630979498861,0.15148063781321183,0.4908883826879271
890,Baltimore City,722,Baltimore City Precinct 24-001,632,310,103,90,722,1,0.8753462603878116,0.12465373961218837,309,0.4293628808864266,0.14265927977839335,0.4279778393351801
891,Baltimore City,1728,Baltimore City Precinct 24-003,1531,688,270,197,1728,1,0.8859953703703703,0.11400462962962964,770,0.39814814814814814,0.15625,0.44560185185185186
892,Baltimore City,1994,Baltimore City Precinct 03-003,1421,615,171,573,1994,1,0.7126379137412236,0.28736208625877635,1208,0.30842527582748247,0.08575727181544635,0.6058174523570712
893,Baltimore City,3017,Baltimore City Precinct 24-005,2786,1182,525,231,3017,1,0.9234338747099768,0.0765661252900232,1310,0.39177991382167715,0.1740139211136891,0.4342061650646337
894,Baltimore City,2635,Baltimore City Precinct 02-003,2167,910,232,468,2635,1,0.8223908918406072,0.1776091081593928,1493,0.34535104364326374,0.08804554079696394,0.5666034155597723
895,Baltimore City,2074,Baltimore City Precinct 02-002,1402,679,127,672,2074,1,0.6759884281581485,0.3240115718418515,1268,0.3273866923818708,0.06123432979749277,0.6113789778206364
896,Baltimore City,2117,Baltimore City Precinct 01-002,1706,810,144,411,2117,1,0.8058573452999528,0.19414265470004724,1163,0.3826169107227208,0.0680207841284837,0.5493623051487955
897,Baltimore City,1947,Baltimore City Precinct 01-003,1710,550,232,237,1947,1,0.8782742681047766,0.12172573189522343,1165,0.2824858757062147,0.11915767847971238,0.5983564458140729
898,Baltimore City,2617,Baltimore City Precinct 05-001,202,673,15,2415,2617,1,0.07718761941153993,0.92281238058846,1929,0.25716469239587314,0.00573175391669851,0.7371035536874283
899,Baltimore City,658,Baltimore City Precinct 10-004,17,295,4,641,658,1,0.025835866261398176,0.9741641337386018,359,0.44832826747720367,0.0060790273556231,0.5455927051671733
900,Baltimore City,5665,Baltimore City Precinct 10-003,789,228,6,4876,5665,1,0.13927625772285968,0.8607237422771403,5431,0.04024713150926743,0.001059135039717564,0.958693733451015
901,Baltimore City,836,Baltimore City Precinct 03-002,231,290,21,605,836,1,0.27631578947368424,0.7236842105263158,525,0.34688995215311,0.025119617224880382,0.6279904306220095
913,Baltimore City,2765,Baltimore City Precinct 07-004,124,956,27,2641,2765,1,0.04484629294755877,0.9551537070524412,1782,0.345750452079566,0.00976491862567812,0.6444846292947559
914,Baltimore City,3497,Baltimore City Precinct 26-010,1389,749,127,2108,3497,1,0.3971975979410924,0.6028024020589077,2621,0.21418358593079784,0.03631684300829282,0.7494995710609094
915,Baltimore City,923,Baltimore City Precinct 26-012,85,266,8,838,923,1,0.09209100758396534,0.9079089924160346,649,0.28819068255687974,0.00866738894907909,0.7031419284940412
916,Baltimore City,3245,Baltimore City Precinct 08-010,18,1613,19,3227,3245,1,0.005546995377503852,0.9944530046224962,1613,0.4970724191063174,0.005855161787365178,0.4970724191063174
917,Baltimore City,577,Baltimore City Precinct 08-011,13,282,4,564,577,1,0.022530329289428077,0.9774696707105719,291,0.48873483535528595,0.006932409012131715,0.5043327556325823
918,Baltimore City,1998,Baltimore City Precinct 08-003,70,801,20,1928,1998,1,0.035035035035035036,0.964964964964965,1177,0.4009009009009009,0.01001001001001001,0.5890890890890891
919,Baltimore City,1675,Baltimore City Precinct 26-019,143,756,23,1532,1675,1,0.0853731343283582,0.9146268656716418,896,0.4513432835820895,0.01373134328358209,0.5349253731343283
920,Baltimore City,783,Baltimore City Precinct 26-020,50,367,19,733,783,1,0.06385696040868455,0.9361430395913155,397,0.46871008939974457,0.024265644955300127,0.5070242656449553
921,Baltimore City,1709,Baltimore City Precinct 26-011,785,258,51,924,1709,1,0.4593329432416618,0.5406670567583383,1400,0.15096547688706846,0.02984201287302516,0.8191925102399064
922,Baltimore City,1355,Baltimore City Precinct 26-013,1074,210,78,281,1355,1,0.792619926199262,0.207380073800738,1067,0.15498154981549817,0.057564575645756455,0.7874538745387454
923,Baltimore City,339,Baltimore City Precinct 26-017,33,211,4,306,339,1,0.09734513274336283,0.9026548672566371,124,0.6224188790560472,0.011799410029498525,0.36578171091445427
924,Baltimore City,2928,Baltimore City Precinct 26-018,256,1143,36,2672,2928,1,0.08743169398907104,0.912568306010929,1749,0.39036885245901637,0.012295081967213115,0.5973360655737705
925,Baltimore City,1249,Baltimore City Precinct 26-016,74,565,8,1175,1249,1,0.059247397918334666,0.9407526020816653,676,0.45236188951160927,0.006405124099279423,0.5412329863891113
982,Baltimore City,2683,Baltimore City Precinct 26-024,242,984,18,2441,2683,1,0.09019754006708908,0.9098024599329109,1681,0.3667536339918002,0.006708907938874394,0.6265374580693254
983,Baltimore City,2299,Baltimore City Precinct 26-025,146,636,19,2153,2299,1,0.06350587211831231,0.9364941278816877,1644,0.2766420182688125,0.008264462809917356,0.7150935189212702
984,Baltimore City,1812,Baltimore City Precinct 26-026,482,712,68,1330,1812,1,0.26600441501103755,0.7339955849889624,1032,0.39293598233995586,0.037527593818984545,0.5695364238410596
985,Baltimore City,2585,Baltimore City Precinct 27-005,1273,1072,150,1312,2585,1,0.49245647969052225,0.5075435203094778,1363,0.41470019342359765,0.058027079303675046,0.5272727272727272
986,Baltimore City,3355,Baltimore City Precinct 27-006,959,1364,112,2396,3355,1,0.28584202682563337,0.7141579731743666,1879,0.4065573770491803,0.03338301043219076,0.5600596125186289
987,Baltimore City,780,Baltimore City Precinct 27-019,33,382,10,747,780,1,0.04230769230769231,0.9576923076923077,388,0.4897435897435897,0.01282051282051282,0.49743589743589745
988,Baltimore City,2289,Baltimore City Precinct 27-015,400,989,60,1889,2289,1,0.17474879860200962,0.8252512013979904,1240,0.4320664045434688,0.02621231979030144,0.5417212756662297
992,Baltimore City,2647,Baltimore City Precinct 27-014,1453,1086,210,1194,2647,1,0.5489233094068757,0.4510766905931243,1351,0.41027578390630903,0.07933509633547413,0.5103891197582169
993,Baltimore City,3409,Baltimore City Precinct 27-013,915,1216,148,2494,3409,1,0.26840715752420063,0.7315928424757994,2045,0.35670284540921093,0.04341449105309475,0.5998826635376944
994,Baltimore City,1492,Baltimore City Precinct 27-009,843,703,142,649,1492,1,0.5650134048257373,0.43498659517426275,647,0.47117962466487934,0.09517426273458444,0.4336461126005362
995,Baltimore City,762,Baltimore City Precinct 27-012,550,219,68,212,762,1,0.7217847769028871,0.2782152230971129,475,0.2874015748031496,0.08923884514435695,0.6233595800524935
1014,Baltimore City,751,Baltimore City Precinct 27-037,547,349,89,204,751,1,0.7283621837549934,0.27163781624500666,313,0.4647137150466045,0.118508655126498,0.4167776298268975
1015,Baltimore City,1727,Baltimore City Precinct 27-038,993,711,69,734,1727,1,0.57498552403011,0.42501447596989,947,0.41169658367110595,0.039953676896352056,0.548349739432542
1016,Baltimore City,1669,Baltimore City Precinct 27-042,1261,886,203,408,1669,1,0.7555422408627921,0.2444577591372079,580,0.5308568004793289,0.12162971839424805,0.347513481126423
1017,Baltimore City,1155,Baltimore City Precinct 27-044,1034,719,117,121,1155,1,0.8952380952380953,0.10476190476190476,319,0.6225108225108225,0.1012987012987013,0.2761904761904762
1018,Baltimore City,1487,Baltimore City Precinct 27-040,1289,738,248,198,1487,1,0.8668459986550101,0.13315400134498992,501,0.49630127774041694,0.16677874915938132,0.3369199731002018
1019,Baltimore City,742,Baltimore City Precinct 27-039,645,479,103,97,742,1,0.8692722371967655,0.1307277628032345,160,0.6455525606469003,0.13881401617250674,0.215633423180593
1020,Baltimore City,1929,Baltimore City Precinct 27-041,1446,959,194,483,1929,1,0.749611197511664,0.25038880248833595,776,0.49714878175220323,0.10057024364955935,0.4022809745982374
1036,Baltimore City,1338,Baltimore City Precinct 09-010,254,656,15,1084,1338,1,0.1898355754857997,0.8101644245142003,667,0.49028400597907323,0.011210762331838564,0.49850523168908817
1037,Baltimore City,1402,Baltimore City Precinct 09-003,246,739,21,1156,1402,1,0.1754636233951498,0.8245363766048502,642,0.5271041369472182,0.014978601997146932,0.4579172610556348
1038,Baltimore City,1166,Baltimore City Precinct 09-002,133,467,11,1033,1166,1,0.11406518010291596,0.885934819897084,688,0.40051457975986277,0.009433962264150943,0.5900514579759862
1039,Baltimore City,1002,Baltimore City Precinct 09-009,76,457,10,926,1002,1,0.07584830339321358,0.9241516966067864,535,0.4560878243512974,0.00998003992015968,0.5339321357285429
1040,Baltimore City,1958,Baltimore City Precinct 09-004,484,1072,46,1474,1958,1,0.24719101123595505,0.7528089887640449,840,0.5474974463738509,0.02349336057201226,0.4290091930541369
1041,Baltimore City,1717,Baltimore City Precinct 09-005,367,814,27,1350,1717,1,0.21374490390215492,0.786255096097845,876,0.47408270238788586,0.0157251019219569,0.5101921956901573
1042,Baltimore City,782,Baltimore City Precinct 09-001,41,342,10,741,782,1,0.052429667519181586,0.9475703324808185,430,0.4373401534526854,0.01278772378516624,0.5498721227621484
1043,Baltimore City,970,Baltimore City Precinct 27-036,32,491,11,938,970,1,0.032989690721649485,0.9670103092783505,468,0.5061855670103093,0.01134020618556701,0.4824742268041237
1044,Baltimore City,3261,Baltimore City Precinct 27-035,98,1329,19,3163,3261,1,0.03005213124808341,0.9699478687519166,1913,0.40754369825206993,0.005826433609322294,0.5866298681386077
1045,Baltimore City,1481,Baltimore City Precinct 27-026,265,479,20,1216,1481,1,0.17893315327481432,0.8210668467251857,982,0.3234301147873059,0.01350438892640108,0.6630654962862931
1046,Baltimore City,1722,Baltimore City Precinct 27-027,33,838,10,1689,1722,1,0.01916376306620209,0.980836236933798,874,0.48664343786295006,0.005807200929152149,0.5075493612078978
1047,Baltimore City,1372,Baltimore City Precinct 27-028,32,636,10,1340,1372,1,0.023323615160349854,0.9766763848396501,726,0.46355685131195334,0.007288629737609329,0.5291545189504373
1048,Baltimore City,858,Baltimore City Precinct 27-029,10,447,5,848,858,1,0.011655011655011656,0.9883449883449883,406,0.5209790209790209,0.005827505827505828,0.4731934731934732
1049,Baltimore City,1643,Baltimore City Precinct 09-008,18,624,8,1625,1643,1,0.010955569080949483,0.9890444309190505,1011,0.3797930614729154,0.004869141813755326,0.6153377967133292
1050,Baltimore City,1933,Baltimore City Precinct 09-006,142,1080,22,1791,1933,1,0.0734609415416451,0.9265390584583549,831,0.5587170201758924,0.011381272633212623,0.429901707190895
1051,Baltimore City,1819,Baltimore City Precinct 09-007,152,905,19,1667,1819,1,0.08356239692138538,0.9164376030786147,895,0.49752611324903795,0.010445299615173173,0.4920285871357889
1052,Baltimore City,1296,Baltimore City Precinct 27-025,35,633,13,1261,1296,1,0.02700617283950617,0.9729938271604939,650,0.48842592592592593,0.010030864197530864,0.5015432098765432
1053,Baltimore City,1047,Baltimore City Precinct 27-024,138,283,5,909,1047,1,0.1318051575931232,0.8681948424068768,759,0.2702960840496657,0.004775549188156638,0.7249283667621776
1054,Baltimore City,588,Baltimore City Precinct 27-023,30,336,8,558,588,1,0.05102040816326531,0.9489795918367347,244,0.5714285714285714,0.013605442176870748,0.41496598639455784
1055,Baltimore City,1632,Baltimore City Precinct 27-034,121,783,18,1511,1632,1,0.0741421568627451,0.9258578431372549,831,0.4797794117647059,0.011029411764705883,0.5091911764705882
1056,Baltimore City,2316,Baltimore City Precinct 27-033,564,1153,59,1752,2316,1,0.24352331606217617,0.7564766839378239,1104,0.49784110535405873,0.02547495682210708,0.47668393782383417
1057,Baltimore City,2778,Baltimore City Precinct 27-032,1010,1188,86,1768,2778,1,0.36357091432685384,0.6364290856731462,1504,0.42764578833693306,0.03095752339812815,0.5413966882649388
1060,Baltimore City,1703,Baltimore City Precinct 27-030,58,724,8,1645,1703,1,0.03405754550792719,0.9659424544920728,971,0.4251321197886083,0.004697592483852026,0.5701702877275396
1061,Baltimore City,2334,Baltimore City Precinct 27-031,141,1139,18,2193,2334,1,0.060411311053984576,0.9395886889460154,1177,0.4880034275921165,0.007712082262210797,0.5042844901456727
1062,Baltimore City,2547,Baltimore City Precinct 27-022,207,1289,22,2340,2547,1,0.0812720848056537,0.9187279151943463,1236,0.5060855908912446,0.008637612877895563,0.48527679623085984
1063,Baltimore City,2765,Baltimore City Precinct 27-021,234,1226,32,2531,2765,1,0.08462929475587704,0.915370705244123,1507,0.4433996383363472,0.011573236889692586,0.5450271247739602
1064,Baltimore City,2623,Baltimore City Precinct 27-020,377,1098,42,2246,2623,1,0.14372855508959206,0.856271444910408,1483,0.4186046511627907,0.016012199771254287,0.565383149065955
1066,Baltimore City,1108,Baltimore City Precinct 08-001,657,443,94,451,1108,1,0.5929602888086642,0.40703971119133575,571,0.39981949458483756,0.08483754512635379,0.5153429602888087
1067,Baltimore City,1540,Baltimore City Precinct 08-002,183,700,26,1357,1540,1,0.11883116883116883,0.8811688311688312,814,0.45454545454545453,0.016883116883116882,0.5285714285714286
1068,Baltimore City,2756,Baltimore City Precinct 26-021,263,1117,31,2493,2756,1,0.09542815674891146,0.9045718432510885,1608,0.4052975326560232,0.011248185776487663,0.5834542815674891
1069,Baltimore City,813,Baltimore City Precinct 26-022,102,341,16,711,813,1,0.12546125461254612,0.8745387453874539,456,0.4194341943419434,0.01968019680196802,0.5608856088560885
1070,Baltimore City,586,Baltimore City Precinct 27-002,406,381,47,180,586,1,0.6928327645051194,0.30716723549488056,158,0.6501706484641638,0.08020477815699659,0.2696245733788396
1071,Baltimore City,2370,Baltimore City Precinct 27-001,734,1016,88,1636,2370,1,0.309704641350211,0.6902953586497891,1266,0.4286919831223629,0.03713080168776371,0.5341772151898734
1072,Baltimore City,3583,Baltimore City Precinct 27-018,801,920,58,2782,3583,1,0.22355567959810216,0.7764443204018978,2605,0.25676807144850683,0.016187552330449346,0.7270443762210438
1073,Baltimore City,1263,Baltimore City Precinct 27-017,466,632,51,797,1263,1,0.36896278701504354,0.6310372129849564,580,0.5003958828186856,0.040380047505938245,0.4592240696753761
1074,Baltimore City,642,Baltimore City Precinct 27-003,342,316,44,300,642,1,0.5327102803738317,0.4672897196261682,282,0.49221183800623053,0.06853582554517133,0.4392523364485981
1075,Baltimore City,676,Baltimore City Precinct 27-004,338,271,51,338,676,1,0.5,0.5,354,0.40088757396449703,0.07544378698224852,0.5236686390532544
1076,Baltimore City,796,Baltimore City Precinct 27-016,371,358,35,425,796,1,0.46608040201005024,0.5339195979899497,403,0.44974874371859297,0.04396984924623116,0.5062814070351759
1077,Baltimore City,1296,Baltimore City Precinct 26-023,120,543,19,1176,1296,1,0.09259259259259259,0.9074074074074074,734,0.41898148148148145,0.014660493827160493,0.566358024691358
1078,Baltimore City,1224,Baltimore City Precinct 15-022,11,639,13,1213,1224,1,0.008986928104575163,0.9910130718954249,572,0.5220588235294118,0.010620915032679739,0.4673202614379085
1079,Baltimore City,2136,Baltimore City Precinct 15-024,9,898,15,2127,2136,1,0.004213483146067416,0.9957865168539326,1223,0.4204119850187266,0.007022471910112359,0.572565543071161
1080,Baltimore City,964,Baltimore City Precinct 27-055,16,412,5,948,964,1,0.016597510373443983,0.983402489626556,547,0.42738589211618255,0.005186721991701245,0.5674273858921162
1081,Baltimore City,951,Baltimore City Precinct 15-025,20,345,2,931,951,1,0.02103049421661409,0.9789695057833859,604,0.3627760252365931,0.002103049421661409,0.6351209253417456
1082,Baltimore City,614,Baltimore City Precinct 27-054,17,238,6,597,614,1,0.02768729641693811,0.9723127035830619,370,0.38762214983713356,0.009771986970684038,0.6026058631921825
1083,Baltimore City,804,Baltimore City Precinct 27-058,10,301,6,794,804,1,0.012437810945273632,0.9875621890547264,497,0.3743781094527363,0.007462686567164179,0.6181592039800995
1084,Baltimore City,1983,Baltimore City Precinct 27-053,65,784,10,1918,1983,1,0.03277861825516894,0.9672213817448311,1189,0.39536056480080684,0.005042864346949067,0.599596570852244
1085,Baltimore City,3199,Baltimore City Precinct 27-052,85,1251,20,3114,3199,1,0.026570803376055017,0.973429196623945,1928,0.3910597061581744,0.006251953735542357,0.6026883401062832
1086,Baltimore City,2203,Baltimore City Precinct 15-023,61,858,12,2142,2203,1,0.027689514298683614,0.9723104857013164,1333,0.38946890603722195,0.005447117566954153,0.6050839763958239
1087,Baltimore City,1066,Baltimore City Precinct 13-005,806,403,64,260,1066,1,0.7560975609756098,0.24390243902439024,599,0.3780487804878049,0.0600375234521576,0.5619136960600375
1088,Baltimore City,1038,Baltimore City Precinct 27-048,156,511,28,882,1038,1,0.15028901734104047,0.8497109826589595,499,0.49229287090558765,0.02697495183044316,0.48073217726396916
1089,Baltimore City,827,Baltimore City Precinct 27-043,692,485,52,135,827,1,0.8367593712212817,0.16324062877871826,290,0.5864570737605804,0.06287787182587666,0.35066505441354295
1090,Baltimore City,1140,Baltimore City Precinct 27-050,691,773,46,449,1140,1,0.606140350877193,0.393859649122807,321,0.6780701754385965,0.04035087719298246,0.28157894736842104
1091,Baltimore City,390,Baltimore City Precinct 27-051,146,145,3,244,390,1,0.37435897435897436,0.6256410256410256,242,0.3717948717948718,0.007692307692307693,0.6205128205128205
1092,Baltimore City,2674,Baltimore City Precinct 27-049,2164,1660,201,510,2674,1,0.8092744951383695,0.1907255048616305,813,0.6207928197456993,0.07516828721017203,0.3040388930441286
1094,Baltimore City,777,Baltimore City Precinct 13-006,30,363,4,747,777,1,0.03861003861003861,0.9613899613899614,410,0.4671814671814672,0.005148005148005148,0.5276705276705277
1095,Baltimore City,1244,Baltimore City Precinct 13-004,1098,523,116,146,1244,1,0.882636655948553,0.11736334405144695,605,0.4204180064308682,0.0932475884244373,0.48633440514469456
1096,Baltimore City,2273,Baltimore City Precinct 13-003,1980,988,137,293,2273,1,0.8710954685437747,0.12890453145622524,1148,0.4346678398592169,0.06027276726792785,0.5050593928728553
1097,Baltimore City,2199,Baltimore City Precinct 13-011,1953,1081,138,246,2199,1,0.888130968622101,0.11186903137789904,980,0.49158708503865395,0.06275579809004093,0.44565711687130516
1098,Baltimore City,1290,Baltimore City Precinct 13-012,1174,703,83,116,1290,1,0.9100775193798449,0.08992248062015504,504,0.5449612403100775,0.06434108527131784,0.39069767441860465
1099,Baltimore City,2558,Baltimore City Precinct 13-001,1793,835,96,765,2558,1,0.700938232994527,0.29906176700547304,1627,0.3264268960125098,0.03752931978107897,0.6360437842064113
1100,Baltimore City,1628,Baltimore City Precinct 27-047,1104,505,81,524,1628,1,0.6781326781326781,0.32186732186732187,1042,0.3101965601965602,0.049754299754299756,0.64004914004914
1101,Baltimore City,1385,Baltimore City Precinct 13-002,1103,583,77,282,1385,1,0.7963898916967509,0.2036101083032491,725,0.42093862815884475,0.0555956678700361,0.5234657039711191
1102,Baltimore City,802,Baltimore City Precinct 27-046,669,523,74,133,802,1,0.8341645885286783,0.1658354114713217,205,0.6521197007481296,0.09226932668329177,0.25561097256857856
1103,Baltimore City,4732,Baltimore City Precinct 27-045,3995,1041,146,737,4732,1,0.8442519019442096,0.15574809805579037,3545,0.21999154691462383,0.03085376162299239,0.7491546914623838
1104,Baltimore City,1486,Baltimore City Precinct 12-003,862,436,37,624,1486,1,0.5800807537012113,0.4199192462987887,1013,0.2934051144010767,0.02489905787348587,0.6816958277254375
1105,Baltimore City,1587,Baltimore City Precinct 12-006,1031,470,26,556,1587,1,0.649653434152489,0.350346565847511,1091,0.2961562696912413,0.01638311279143037,0.6874606175173283
1106,Baltimore City,1914,Baltimore City Precinct 12-005,1218,655,45,696,1914,1,0.6363636363636364,0.36363636363636365,1214,0.34221525600835945,0.023510971786833857,0.6342737722048067
1107,Baltimore City,3814,Baltimore City Precinct 12-004,2068,725,58,1746,3814,1,0.5422128998426848,0.45778710015731516,3031,0.19008914525432616,0.015207131620346093,0.7947037231253278
1108,Baltimore City,2306,Baltimore City Precinct 12-002,1529,126,36,777,2306,1,0.663052905464007,0.3369470945359931,2144,0.05464006938421509,0.015611448395490026,0.9297484822202949
1109,Baltimore City,2090,Baltimore City Precinct 12-001,1535,1504,200,555,2090,1,0.7344497607655502,0.26555023923444976,386,0.7196172248803828,0.09569377990430622,0.184688995215311
1163,Baltimore City,2988,Baltimore City Precinct 28-006,115,1137,28,2873,2988,1,0.03848728246318608,0.9615127175368139,1823,0.38052208835341367,0.009370816599732263,0.6101070950468541
1164,Baltimore City,1374,Baltimore City Precinct 28-007,38,590,10,1336,1374,1,0.027656477438136828,0.9723435225618632,774,0.4294032023289665,0.00727802037845706,0.5633187772925764
1165,Baltimore City,1808,Baltimore City Precinct 28-005,29,776,15,1779,1808,1,0.016039823008849558,0.9839601769911505,1017,0.42920353982300885,0.008296460176991151,0.5625
1166,Baltimore City,2470,Baltimore City Precinct 28-002,50,1073,20,2420,2470,1,0.020242914979757085,0.979757085020243,1377,0.43441295546558706,0.008097165991902834,0.5574898785425101
1167,Baltimore City,882,Baltimore City Precinct 28-004,11,327,8,871,882,1,0.012471655328798186,0.9875283446712018,547,0.3707482993197279,0.009070294784580499,0.6201814058956916
1168,Baltimore City,1074,Baltimore City Precinct 15-002,22,446,6,1052,1074,1,0.020484171322160148,0.9795158286778398,622,0.41527001862197394,0.00558659217877095,0.5791433891992551
1169,Baltimore City,2856,Baltimore City Precinct 15-009,38,1219,23,2818,2856,1,0.01330532212885154,0.9866946778711485,1614,0.4268207282913165,0.008053221288515405,0.5651260504201681
1201,Baltimore City,1822,Baltimore City Precinct 03-001,235,718,17,1587,1822,1,0.12897914379802414,0.8710208562019759,1087,0.3940724478594951,0.009330406147091108,0.5965971459934138
1202,Baltimore City,356,Baltimore City Precinct 05-002,41,96,2,315,356,1,0.1151685393258427,0.8848314606741573,258,0.2696629213483146,0.0056179775280898875,0.7247191011235955
1203,Baltimore City,1273,Baltimore City Precinct 10-002,8,681,11,1265,1273,1,0.006284367635506678,0.9937156323644933,581,0.5349567949725059,0.00864100549882168,0.45640219952867245
1204,Baltimore City,987,Baltimore City Precinct 10-001,13,620,6,974,987,1,0.013171225937183385,0.9868287740628167,361,0.6281661600810537,0.0060790273556231,0.3657548125633232
1205,Baltimore City,1789,Baltimore City Precinct 09-015,22,837,15,1767,1789,1,0.012297372833985467,0.9877026271660145,937,0.4678591391839016,0.008384572386808273,0.5237562884292901
1206,Baltimore City,1316,Baltimore City Precinct 12-007,363,764,15,953,1316,1,0.27583586626139817,0.7241641337386018,537,0.5805471124620061,0.011398176291793313,0.40805471124620063
1207,Baltimore City,1357,Baltimore City Precinct 09-014,18,724,14,1339,1357,1,0.013264554163596167,0.9867354458364038,619,0.5335298452468681,0.010316875460574797,0.4561532792925571
1208,Baltimore City,364,Baltimore City Precinct 09-011,6,108,2,358,364,1,0.016483516483516484,0.9835164835164835,254,0.2967032967032967,0.005494505494505495,0.6978021978021978
1209,Baltimore City,917,Baltimore City Precinct 09-013,12,398,7,905,917,1,0.013086150490730643,0.9869138495092693,512,0.4340239912758997,0.007633587786259542,0.5583424209378408
1210,Baltimore City,1609,Baltimore City Precinct 09-012,36,743,14,1573,1609,1,0.022374145431945307,0.9776258545680547,852,0.4617775015537601,0.00870105655686762,0.5295214418893723
1211,Baltimore City,1368,Baltimore City Precinct 02-001,706,448,60,662,1368,1,0.5160818713450293,0.48391812865497075,860,0.32748538011695905,0.043859649122807015,0.6286549707602339
1212,Baltimore City,1117,Baltimore City Precinct 06-004,528,542,46,589,1117,1,0.4726947179946285,0.5273052820053715,529,0.4852282900626679,0.04118173679498657,0.4735899731423456
1213,Baltimore City,475,Baltimore City Precinct 06-003,44,204,5,431,475,1,0.09263157894736843,0.9073684210526316,266,0.42947368421052634,0.010526315789473684,0.56
1214,Baltimore City,1050,Baltimore City Precinct 07-001,14,508,5,1036,1050,1,0.013333333333333334,0.9866666666666667,537,0.4838095238095238,0.004761904761904762,0.5114285714285715
1215,Baltimore City,441,Baltimore City Precinct 08-007,11,305,7,430,441,1,0.024943310657596373,0.9750566893424036,129,0.691609977324263,0.015873015873015872,0.2925170068027211
1216,Baltimore City,250,Baltimore City Precinct 07-002,11,121,8,239,250,1,0.044,0.956,121,0.484,0.032,0.484
1217,Baltimore City,819,Baltimore City Precinct 06-002,107,287,7,712,819,1,0.13064713064713065,0.8693528693528694,525,0.3504273504273504,0.008547008547008548,0.6410256410256411
1218,Baltimore City,2445,Baltimore City Precinct 07-003,84,1008,20,2361,2445,1,0.0343558282208589,0.9656441717791411,1417,0.41226993865030676,0.0081799591002045,0.5795501022494888
1219,Baltimore City,986,Baltimore City Precinct 08-008,30,501,22,956,986,1,0.030425963488843813,0.9695740365111561,463,0.5081135902636917,0.02231237322515213,0.4695740365111562
1220,Baltimore City,1928,Baltimore City Precinct 08-006,31,922,14,1897,1928,1,0.016078838174273857,0.9839211618257261,992,0.4782157676348548,0.007261410788381743,0.5145228215767634
1221,Baltimore City,1774,Baltimore City Precinct 08-005,22,871,10,1752,1774,1,0.012401352874859075,0.9875986471251409,893,0.49098083427282974,0.005636978579481398,0.5033821871476888
1222,Baltimore City,1071,Baltimore City Precinct 08-009,21,396,10,1050,1071,1,0.0196078431372549,0.9803921568627451,665,0.3697478991596639,0.009337068160597572,0.6209150326797386
1223,Baltimore City,473,Baltimore City Precinct 08-004,8,219,3,465,473,1,0.016913319238900635,0.9830866807610994,251,0.4630021141649049,0.006342494714587738,0.5306553911205074
1224,Baltimore City,951,Baltimore City Precinct 26-008,818,318,139,133,951,1,0.8601472134595163,0.1398527865404837,494,0.334384858044164,0.14616193480546794,0.519453207150368
1225,Baltimore City,2859,Baltimore City Precinct 01-004,2482,709,299,377,2859,1,0.8681357117873383,0.13186428821266177,1851,0.24798880727527106,0.10458202168590416,0.6474291710388248
1226,Baltimore City,3180,Baltimore City Precinct 01-005,2843,933,422,337,3180,1,0.8940251572327044,0.1059748427672956,1825,0.29339622641509433,0.13270440251572327,0.5738993710691824
1227,Baltimore City,3113,Baltimore City Precinct 26-009,2667,865,328,446,3113,1,0.856729842595567,0.14327015740443302,1920,0.2778670093157726,0.10536460006424671,0.6167683906199807
1228,Baltimore City,1478,Baltimore City Precinct 26-006,963,283,62,515,1478,1,0.6515561569688768,0.34844384303112313,1133,0.19147496617050067,0.04194857916102842,0.7665764546684709
1229,Baltimore City,1558,Baltimore City Precinct 01-001,1017,468,95,541,1558,1,0.6527599486521181,0.3472400513478819,995,0.30038510911424904,0.06097560975609756,0.6386392811296534
1230,Baltimore City,3120,Baltimore City Precinct 06-005,1381,1111,114,1739,3120,1,0.4426282051282051,0.5573717948717949,1895,0.3560897435897436,0.03653846153846154,0.6073717948717948
1231,Baltimore City,1744,Baltimore City Precinct 06-001,198,591,22,1546,1744,1,0.11353211009174312,0.8864678899082569,1131,0.3388761467889908,0.01261467889908257,0.6485091743119266
1232,Baltimore City,1555,Baltimore City Precinct 23-001,1384,502,195,171,1555,1,0.890032154340836,0.10996784565916398,858,0.32282958199356915,0.12540192926045016,0.5517684887459807
1233,Baltimore City,1449,Baltimore City Precinct 22-002,1253,688,184,196,1449,1,0.8647342995169082,0.13526570048309178,577,0.4748102139406487,0.12698412698412698,0.3982056590752243
1234,Baltimore City,1095,Baltimore City Precinct 22-001,797,439,112,298,1095,1,0.7278538812785388,0.27214611872146116,544,0.4009132420091324,0.10228310502283106,0.4968036529680365
1235,Baltimore City,1382,Baltimore City Precinct 19-001,24,686,8,1358,1382,1,0.017366136034732273,0.9826338639652678,688,0.4963820549927641,0.005788712011577424,0.49782923299565845
1236,Baltimore City,1137,Baltimore City Precinct 16-003,9,433,6,1128,1137,1,0.0079155672823219,0.9920844327176781,698,0.3808267370272647,0.005277044854881266,0.613896218117854
1237,Baltimore City,1737,Baltimore City Precinct 16-002,27,612,11,1710,1737,1,0.015544041450777202,0.9844559585492227,1114,0.35233160621761656,0.0063327576280944155,0.641335636154289
1238,Baltimore City,985,Baltimore City Precinct 16-001,18,431,6,967,985,1,0.018274111675126905,0.9817258883248731,548,0.43756345177664974,0.006091370558375634,0.5563451776649746
1239,Baltimore City,1226,Baltimore City Precinct 18-001,14,509,10,1212,1226,1,0.011419249592169658,0.9885807504078303,707,0.41517128874388254,0.008156606851549755,0.5766721044045677
1240,Baltimore City,1367,Baltimore City Precinct 17-002,16,788,13,1351,1367,1,0.011704462326261888,0.9882955376737381,566,0.576444769568398,0.009509875640087784,0.4140453547915143
1241,Baltimore City,1008,Baltimore City Precinct 14-003,24,426,11,984,1008,1,0.023809523809523808,0.9761904761904762,571,0.4226190476190476,0.010912698412698412,0.566468253968254
1242,Baltimore City,1794,Baltimore City Precinct 15-019,31,736,12,1763,1794,1,0.017279821627647716,0.9827201783723523,1046,0.41025641025641024,0.006688963210702341,0.5830546265328874
1243,Baltimore City,529,Baltimore City Precinct 14-005,4,255,3,525,529,1,0.007561436672967864,0.9924385633270322,271,0.4820415879017013,0.005671077504725898,0.5122873345935728
1244,Baltimore City,1897,Baltimore City Precinct 13-008,110,920,14,1787,1897,1,0.05798629414865577,0.9420137058513443,963,0.4849762783342119,0.007380073800738007,0.5076436478650501
1245,Baltimore City,1483,Baltimore City Precinct 13-007,15,761,13,1468,1483,1,0.010114632501685773,0.9898853674983142,709,0.5131490222521915,0.008766014834794335,0.47808496291301417
1246,Baltimore City,2314,Baltimore City Precinct 14-004,223,1051,26,2091,2314,1,0.09636992221261884,0.9036300777873811,1237,0.45419187554019014,0.011235955056179775,0.5345721694036301
1247,Baltimore City,1277,Baltimore City Precinct 13-009,88,563,14,1189,1277,1,0.06891151135473766,0.9310884886452623,700,0.4408770555990603,0.01096319498825372,0.548159749412686
1248,Baltimore City,1887,Baltimore City Precinct 13-010,272,880,24,1615,1887,1,0.14414414414414414,0.8558558558558559,983,0.4663487016428193,0.012718600953895072,0.5209326974032856
1249,Baltimore City,588,Baltimore City Precinct 04-003,33,312,9,555,588,1,0.05612244897959184,0.9438775510204082,267,0.5306122448979592,0.015306122448979591,0.45408163265306123
1250,Baltimore City,2521,Baltimore City Precinct 04-002,1231,715,102,1290,2521,1,0.48829829432764776,0.5117017056723523,1704,0.28361761205870684,0.04046013486711622,0.6759222530741769
1251,Baltimore City,1979,Baltimore City Precinct 17-001,162,632,15,1817,1979,1,0.08185952501263265,0.9181404749873674,1332,0.3193532086912582,0.007579585649317837,0.6730672056594239
1252,Baltimore City,1028,Baltimore City Precinct 11-004,115,357,10,913,1028,1,0.11186770428015565,0.8881322957198443,661,0.3472762645914397,0.009727626459143969,0.6429961089494164
1253,Baltimore City,1704,Baltimore City Precinct 11-003,892,877,75,812,1704,1,0.5234741784037559,0.4765258215962441,752,0.5146713615023474,0.04401408450704225,0.4413145539906103
1254,Baltimore City,2097,Baltimore City Precinct 04-001,924,518,86,1173,2097,1,0.4406294706723891,0.5593705293276109,1493,0.2470195517405818,0.04101096804959466,0.7119694802098235
1255,Baltimore City,2967,Baltimore City Precinct 11-006,1600,1108,76,1367,2967,1,0.5392652510953826,0.46073474890461746,1783,0.3734411863835524,0.02561509942703067,0.6009437141894169
1256,Baltimore City,870,Baltimore City Precinct 11-005,547,470,23,323,870,1,0.628735632183908,0.37126436781609196,377,0.5402298850574713,0.026436781609195402,0.43333333333333335
1257,Baltimore City,645,Baltimore City Precinct 11-002,302,295,31,343,645,1,0.4682170542635659,0.5317829457364341,319,0.4573643410852713,0.04806201550387597,0.4945736434108527
1258,Baltimore City,1818,Baltimore City Precinct 11-007,1109,796,60,709,1818,1,0.61001100110011,0.38998899889988997,962,0.43784378437843785,0.033003300330033,0.5291529152915292
1259,Baltimore City,1899,Baltimore City Precinct 11-001,1177,817,70,722,1899,1,0.6197998946814113,0.3802001053185887,1012,0.43022643496577145,0.03686150605581885,0.5329120589784097
1260,Baltimore City,1670,Baltimore City Precinct 14-002,830,712,29,840,1670,1,0.49700598802395207,0.5029940119760479,929,0.42634730538922155,0.017365269461077845,0.5562874251497006
1261,Baltimore City,1524,Baltimore City Precinct 14-001,930,468,18,594,1524,1,0.610236220472441,0.38976377952755903,1038,0.30708661417322836,0.011811023622047244,0.6811023622047244
1262,Baltimore City,2304,Baltimore City Precinct 12-009,1078,739,76,1226,2304,1,0.4678819444444444,0.5321180555555556,1489,0.3207465277777778,0.03298611111111111,0.6462673611111112
1263,Baltimore City,1485,Baltimore City Precinct 12-012,447,682,17,1038,1485,1,0.301010101010101,0.6989898989898989,786,0.45925925925925926,0.011447811447811448,0.5292929292929293
1289,Baltimore City,1691,Baltimore City Precinct 16-009,6,760,11,1685,1691,1,0.0035481963335304554,0.9964518036664696,920,0.449438202247191,0.006505026611472502,0.5440567711413364
1290,Baltimore City,1025,Baltimore City Precinct 16-010,10,461,6,1015,1025,1,0.00975609756097561,0.9902439024390244,558,0.4497560975609756,0.005853658536585366,0.5443902439024391
1291,Baltimore City,936,Baltimore City Precinct 16-011,6,348,6,930,936,1,0.00641025641025641,0.9935897435897436,582,0.3717948717948718,0.00641025641025641,0.6217948717948718
1292,Baltimore City,365,Baltimore City Precinct 15-012,13,129,0,352,365,1,0.03561643835616438,0.9643835616438357,236,0.35342465753424657,0.0,0.6465753424657534
1293,Baltimore City,1645,Baltimore City Precinct 15-007,21,705,9,1624,1645,1,0.01276595744680851,0.9872340425531915,931,0.42857142857142855,0.00547112462006079,0.5659574468085107
1294,Baltimore City,754,Baltimore City Precinct 15-013,5,382,2,749,754,1,0.006631299734748011,0.993368700265252,370,0.506631299734748,0.002652519893899204,0.4907161803713528
1295,Baltimore City,813,Baltimore City Precinct 15-015,5,366,3,808,813,1,0.006150061500615006,0.993849938499385,444,0.45018450184501846,0.0036900369003690036,0.5461254612546126
1296,Baltimore City,1295,Baltimore City Precinct 15-014,10,697,6,1285,1295,1,0.007722007722007722,0.9922779922779923,592,0.5382239382239382,0.004633204633204633,0.45714285714285713
1297,Baltimore City,1699,Baltimore City Precinct 15-006,17,961,7,1682,1699,1,0.010005885815185403,0.9899941141848146,731,0.5656268393172454,0.004120070629782225,0.43025309005297235
1298,Baltimore City,964,Baltimore City Precinct 16-007,6,561,6,958,964,1,0.006224066390041493,0.9937759336099585,397,0.5819502074688797,0.006224066390041493,0.4118257261410788
1299,Baltimore City,1884,Baltimore City Precinct 16-006,7,815,16,1877,1884,1,0.0037154989384288748,0.9962845010615711,1053,0.4325902335456476,0.008492569002123142,0.5589171974522293
1300,Baltimore City,1791,Baltimore City Precinct 20-001,30,799,8,1761,1791,1,0.01675041876046901,0.983249581239531,984,0.44611948632049137,0.00446677833612507,0.5494137353433836
1301,Baltimore City,764,Baltimore City Precinct 16-004,12,287,4,752,764,1,0.015706806282722512,0.9842931937172775,473,0.3756544502617801,0.005235602094240838,0.6191099476439791
1302,Baltimore City,2126,Baltimore City Precinct 16-005,27,861,15,2099,2126,1,0.012699905926622766,0.9873000940733773,1250,0.40498588899341487,0.0070555032925682035,0.587958607714017
1303,Baltimore City,1404,Baltimore City Precinct 15-018,4,744,12,1400,1404,1,0.002849002849002849,0.9971509971509972,648,0.5299145299145299,0.008547008547008548,0.46153846153846156
1304,Baltimore City,1040,Baltimore City Precinct 15-016,9,402,4,1031,1040,1,0.008653846153846154,0.9913461538461539,634,0.38653846153846155,0.0038461538461538464,0.6096153846153847
1305,Baltimore City,2987,Baltimore City Precinct 15-020,37,1166,17,2950,2987,1,0.012387010378305993,0.987612989621694,1804,0.39035821894877804,0.005691329092735186,0.6039504519584867
1306,Baltimore City,1237,Baltimore City Precinct 15-021,14,506,5,1223,1237,1,0.01131770412287793,0.9886822958771221,726,0.40905416329830235,0.004042037186742118,0.5869037995149555
1307,Baltimore City,1807,Baltimore City Precinct 15-017,23,878,11,1784,1807,1,0.012728278915329275,0.9872717210846708,918,0.48588821250691755,0.006087437742114001,0.5080243497509684
1308,Baltimore City,1062,Baltimore City Precinct 25-006,24,537,8,1038,1062,1,0.022598870056497175,0.9774011299435028,517,0.5056497175141242,0.007532956685499058,0.4868173258003766
1309,Baltimore City,596,Baltimore City Precinct 25-007,133,244,16,463,596,1,0.2231543624161074,0.7768456375838926,336,0.40939597315436244,0.026845637583892617,0.5637583892617449
1310,Baltimore City,2234,Baltimore City Precinct 21-003,992,754,74,1242,2234,1,0.4440465532676813,0.5559534467323187,1406,0.3375111906893465,0.03312444046553268,0.6293643688451208
1311,Baltimore City,3343,Baltimore City Precinct 19-002,1090,732,64,2253,3343,1,0.3260544421178582,0.6739455578821418,2547,0.2189650014956626,0.019144481005085253,0.7618905174992522
1312,Baltimore City,489,Baltimore City Precinct 21-004,246,225,24,243,489,1,0.5030674846625767,0.49693251533742333,240,0.4601226993865031,0.049079754601226995,0.49079754601226994
1313,Baltimore City,1952,Baltimore City Precinct 18-002,558,739,54,1394,1952,1,0.2858606557377049,0.7141393442622951,1159,0.3785860655737705,0.027663934426229508,0.59375
1314,Baltimore City,1673,Baltimore City Precinct 21-002,672,688,51,1001,1673,1,0.401673640167364,0.5983263598326359,934,0.41123729826658695,0.030484160191273164,0.5582785415421399
1315,Baltimore City,2033,Baltimore City Precinct 23-003,1802,641,245,231,2033,1,0.8863748155435317,0.11362518445646827,1147,0.31529758976881456,0.1205115592720118,0.5641908509591737
1316,Baltimore City,1153,Baltimore City Precinct 21-001,755,377,62,398,1153,1,0.6548135299219427,0.34518647007805725,714,0.3269731136166522,0.053772766695576756,0.619254119687771
1317,Baltimore City,1038,Baltimore City Precinct 23-002,584,485,91,454,1038,1,0.5626204238921002,0.4373795761078998,462,0.46724470134874757,0.08766859344894026,0.44508670520231214
1318,Baltimore City,2506,Baltimore City Precinct 20-007,148,944,25,2358,2506,1,0.05905826017557861,0.9409417398244214,1537,0.3766959297685555,0.009976057462090982,0.6133280127693536
1319,Baltimore City,2106,Baltimore City Precinct 28-010,255,1039,54,1851,2106,1,0.12108262108262108,0.8789173789173789,1013,0.49335232668566004,0.02564102564102564,0.48100664767331436
1320,Baltimore City,458,Baltimore City Precinct 28-012,55,367,17,403,458,1,0.12008733624454149,0.8799126637554585,74,0.8013100436681223,0.03711790393013101,0.1615720524017467
1321,Baltimore City,2423,Baltimore City Precinct 28-009,274,938,33,2149,2423,1,0.1130829550144449,0.8869170449855551,1452,0.3871234007428807,0.01361947998349154,0.5992571192736277
1322,Baltimore City,1962,Baltimore City Precinct 28-011,173,889,29,1789,1962,1,0.08817533129459736,0.9118246687054027,1044,0.45310907237512743,0.014780835881753314,0.5321100917431193
1323,Baltimore City,3079,Baltimore City Precinct 20-006,15,1446,22,3064,3079,1,0.004871711594673595,0.9951282884053264,1611,0.4696329977265346,0.0071451770055212735,0.5232218252679441
1324,Baltimore City,3001,Baltimore City Precinct 16-014,29,1446,19,2972,3001,1,0.009663445518160613,0.9903365544818394,1536,0.481839386871043,0.006331222925691436,0.5118293902032656
1325,Baltimore City,1740,Baltimore City Precinct 28-008,83,670,12,1657,1740,1,0.04770114942528736,0.9522988505747126,1058,0.3850574712643678,0.006896551724137931,0.6080459770114942
1326,Baltimore City,1451,Baltimore City Precinct 15-011,43,630,6,1408,1451,1,0.029634734665747762,0.9703652653342523,815,0.4341833218470021,0.004135079255685734,0.5616815988973122
1327,Baltimore City,1492,Baltimore City Precinct 15-010,39,711,24,1453,1492,1,0.02613941018766756,0.9738605898123325,757,0.4765415549597855,0.0160857908847185,0.5073726541554959
1375,Baltimore City,2932,Baltimore City Precinct 28-015,976,1080,175,1956,2932,1,0.3328785811732606,0.6671214188267395,1677,0.3683492496589359,0.059686221009549796,0.5719645293315143
1376,Baltimore City,2794,Baltimore City Precinct 25-001,329,1302,61,2465,2794,1,0.11775232641374374,0.8822476735862562,1431,0.4659985683607731,0.021832498210450968,0.5121689334287759
1377,Baltimore City,742,Baltimore City Precinct 28-014,55,330,11,687,742,1,0.07412398921832884,0.9258760107816711,401,0.444743935309973,0.014824797843665768,0.5404312668463612
1378,Baltimore City,2138,Baltimore City Precinct 25-002,205,875,37,1933,2138,1,0.09588400374181479,0.9041159962581852,1226,0.4092609915809167,0.017305893358278764,0.5734331150608045
1379,Baltimore City,1494,Baltimore City Precinct 28-013,105,611,14,1389,1494,1,0.07028112449799197,0.929718875502008,869,0.40896921017402943,0.009370816599732263,0.5816599732262383
1380,Baltimore City,714,Baltimore City Precinct 20-008,104,275,7,610,714,1,0.14565826330532214,0.8543417366946778,432,0.3851540616246499,0.00980392156862745,0.6050420168067226
1698,Baltimore City,1766,Baltimore City Precinct 15-001,42,722,14,1724,1766,1,0.02378255945639864,0.9762174405436014,1030,0.4088335220838052,0.007927519818799546,0.5832389580973952
1699,Baltimore City,571,Baltimore City Precinct 28-003,5,207,5,566,571,1,0.008756567425569177,0.9912434325744308,359,0.36252189141856395,0.008756567425569177,0.6287215411558669
1700,Baltimore City,1228,Baltimore City Precinct 27-061,324,340,36,904,1228,1,0.26384364820846906,0.7361563517915309,852,0.2768729641693811,0.029315960912052116,0.6938110749185668
1701,Baltimore City,1238,Baltimore City Precinct 27-056,13,481,11,1225,1238,1,0.01050080775444265,0.9894991922455574,746,0.388529886914378,0.008885298869143781,0.6025848142164781
1702,Baltimore City,2460,Baltimore City Precinct 27-057,36,854,10,2424,2460,1,0.014634146341463415,0.9853658536585366,1596,0.34715447154471546,0.0040650406504065045,0.6487804878048781
1703,Baltimore City,1163,Baltimore City Precinct 27-059,32,436,8,1131,1163,1,0.027515047291487533,0.9724849527085124,719,0.3748925193465176,0.006878761822871883,0.6182287188306105
1704,Baltimore City,1669,Baltimore City Precinct 28-001,105,639,23,1564,1669,1,0.06291192330736968,0.9370880766926303,1007,0.38286399041342123,0.01378070701018574,0.603355302576393
1705,Baltimore City,3062,Baltimore City Precinct 27-067,1028,931,151,2034,3062,1,0.3357282821685173,0.6642717178314826,1980,0.3040496407576747,0.04931417374265186,0.6466361854996734
1706,Baltimore City,2688,Baltimore City Precinct 27-062,1151,639,215,1537,2688,1,0.42819940476190477,0.5718005952380952,1834,0.23772321428571427,0.07998511904761904,0.6822916666666666
1707,Baltimore City,2392,Baltimore City Precinct 27-066,1756,941,333,636,2392,1,0.7341137123745819,0.26588628762541805,1118,0.3933946488294314,0.13921404682274247,0.4673913043478261
1709,Baltimore City,1675,Baltimore City Precinct 27-063,770,752,186,905,1675,1,0.4597014925373134,0.5402985074626866,737,0.448955223880597,0.11104477611940299,0.44
1710,Baltimore City,3698,Baltimore City Precinct 27-065,2866,1328,436,832,3698,1,0.775013520822066,0.22498647917793402,1934,0.3591130340724716,0.11790156841535965,0.5229853975121688
1711,Baltimore City,997,Baltimore City Precinct 27-060,171,681,47,826,997,1,0.1715145436308927,0.8284854563691073,269,0.683049147442327,0.04714142427281846,0.26980942828485455
1712,Baltimore City,1689,Baltimore City Precinct 27-064,1206,773,241,483,1689,1,0.7140319715808171,0.28596802841918295,675,0.4576672587329781,0.14268798105387803,0.3996447602131439
1726,Baltimore City,818,Baltimore City Precinct 15-008,13,386,13,805,818,1,0.01589242053789731,0.9841075794621027,419,0.4718826405867971,0.01589242053789731,0.5122249388753056
1727,Baltimore City,2394,Baltimore City Precinct 15-003,33,1199,29,2361,2394,1,0.013784461152882205,0.9862155388471178,1166,0.5008354218880535,0.01211361737677527,0.48705096073517123
1728,Baltimore City,1024,Baltimore City Precinct 15-004,8,427,6,1016,1024,1,0.0078125,0.9921875,591,0.4169921875,0.005859375,0.5771484375
1729,Baltimore City,1372,Baltimore City Precinct 15-005,11,680,13,1361,1372,1,0.008017492711370262,0.9919825072886297,679,0.4956268221574344,0.009475218658892129,0.49489795918367346
