,COUNTY,VAP,NAME,WVAP,AG18D,AG18R,OVAP,TOT_VOTES,factor,WVAP_pct,OVAP_pct,AG18None,AG18D_pct,AG18R_pct,AG18None_pct
0,Somerset,404,Somerset Precinct 02-001,324,62,122,80,404,1.0,0.801980198019802,0.19801980198019803,220,0.15346534653465346,0.30198019801980197,0.5445544554455446
1,Somerset,726,Somerset Precinct 05-001,591,150,296,135,726,1.0,0.8140495867768595,0.1859504132231405,280,0.2066115702479339,0.40771349862258954,0.3856749311294766
2,Somerset,1165,Somerset Precinct 03-001,861,215,420,304,1165,1.0,0.7390557939914163,0.2609442060085837,530,0.18454935622317598,0.3605150214592275,0.45493562231759654
3,Somerset,217,Somerset Precinct 13-003,159,41,69,58,217,1.0,0.7327188940092166,0.2672811059907834,107,0.1889400921658986,0.31797235023041476,0.4930875576036866
4,Somerset,3664,Somerset Precinct 13-002,1072,68,104,2592,3664,1.0,0.2925764192139738,0.7074235807860262,3492,0.018558951965065504,0.028384279475982533,0.9530567685589519
5,Somerset,151,Somerset Precinct 13-001,122,22,65,29,151,1.0,0.8079470198675497,0.19205298013245034,64,0.1456953642384106,0.4304635761589404,0.423841059602649
6,Somerset,2355,Somerset Precinct 01-002,1257,461,328,1098,2355,1.0,0.5337579617834395,0.4662420382165605,1566,0.19575371549893844,0.13927813163481953,0.664968152866242
7,Somerset,186,Somerset Precinct 01-003,56,124,38,130,186,1.0,0.3010752688172043,0.6989247311827957,24,0.6666666666666666,0.20430107526881722,0.12903225806451613
8,Somerset,1267,Somerset Precinct 15-002,234,356,81,1033,1267,1.0,0.18468823993685873,0.8153117600631413,830,0.2809786898184688,0.06393054459352802,0.6550907655880032
9,Somerset,1039,Somerset Precinct 01-001,633,212,182,406,1039,1.0,0.6092396535129933,0.39076034648700675,645,0.20404234841193455,0.1751684311838306,0.6207892204042348
10,Somerset,3771,Somerset Precinct 15-001,692,276,154,3079,3771,1.0,0.18350570140546274,0.8164942985945373,3341,0.07319013524264122,0.04083797401219835,0.8859718907451605
11,Worcester,2620,Worcester Precinct 01-001,1307,1194,1425,1313,2620,1.131317494600432,0.4988549618320611,0.501145038167939,1,0.45572519083969465,0.5438931297709924,0.0003816793893129771
12,Somerset,919,Somerset Precinct 04-001,711,153,306,208,919,1.0,0.7736670293797606,0.22633297062023938,460,0.16648531011969533,0.33297062023939067,0.500544069640914
13,Dorchester,70,Dorchester Precinct 18-001,65,10,23,5,70,1.0,0.9285714285714286,0.07142857142857142,37,0.14285714285714285,0.32857142857142857,0.5285714285714286
14,Dorchester,49,Dorchester Precinct 11-001,44,8,34,5,49,1.0,0.8979591836734694,0.10204081632653061,7,0.16326530612244897,0.6938775510204082,0.14285714285714285
15,Dorchester,145,Dorchester Precinct 13-002,79,54,42,66,145,1.0,0.5448275862068965,0.45517241379310347,49,0.3724137931034483,0.2896551724137931,0.33793103448275863
16,Dorchester,206,Dorchester Precinct 17-001,169,41,86,37,206,1.0,0.8203883495145631,0.1796116504854369,79,0.19902912621359223,0.4174757281553398,0.38349514563106796
17,Dorchester,63,Dorchester Precinct 14-002,39,20,20,24,63,1.0,0.6190476190476191,0.38095238095238093,23,0.31746031746031744,0.31746031746031744,0.36507936507936506
18,Wicomico,1349,Wicomico Precinct 17-001,1025,439,482,324,1349,1.0,0.759822090437361,0.24017790956263899,428,0.3254262416604892,0.35730170496664193,0.3172720533728688
19,Dorchester,308,Dorchester Precinct 03-001,274,71,119,34,308,1.0,0.8896103896103896,0.11038961038961038,118,0.2305194805194805,0.38636363636363635,0.38311688311688313
20,Cecil,4593,Cecil Precinct 05-003,4361,914,1824,232,4593,1.0,0.9494883518397561,0.05051164816024385,1855,0.19899847594165035,0.39712606139777923,0.40387546266057045
21,Kent,1682,Kent Precinct 01-002,1494,457,619,188,1682,1.0,0.8882282996432818,0.1117717003567182,606,0.27170035671819265,0.3680142687277051,0.36028537455410226
22,Cecil,2280,Cecil Precinct 02-001,2088,450,738,192,2280,1.0,0.9157894736842105,0.08421052631578947,1092,0.19736842105263158,0.3236842105263158,0.4789473684210526
23,Cecil,2076,Cecil Precinct 02-002,1934,390,667,142,2076,1.0,0.9315992292870906,0.06840077071290944,1019,0.18786127167630057,0.32129094412331405,0.4908477842003854
24,Cecil,4897,Cecil Precinct 05-002,4539,989,1910,358,4897,1.0,0.9268940167449459,0.07310598325505412,1998,0.20196038390851542,0.3900347151317133,0.40800490095977127
25,Cecil,3665,Cecil Precinct 09-001,3546,512,1465,119,3665,1.0,0.9675306957708049,0.03246930422919509,1688,0.139699863574352,0.39972714870395637,0.4605729877216917
26,Cecil,2554,Cecil Precinct 05-004,2220,436,432,334,2554,1.0,0.8692247454972593,0.1307752545027408,1686,0.1707126076742365,0.16914643696162882,0.6601409553641346
27,Cecil,4984,Cecil Precinct 05-001,4641,518,854,343,4984,1.0,0.9311797752808989,0.06882022471910113,3612,0.10393258426966293,0.17134831460674158,0.7247191011235955
28,Cecil,7016,Cecil Precinct 03-002,6111,892,1345,905,7016,1.0,0.8710091220068416,0.1289908779931585,4779,0.12713797035347776,0.19170467502850627,0.681157354618016
29,Cecil,6045,Cecil Precinct 03-003,4995,766,875,1050,6045,1.0,0.826302729528536,0.17369727047146402,4404,0.12671629445822993,0.1447477253928867,0.7285359801488833
30,Cecil,4668,Cecil Precinct 04-001,4445,1027,1404,223,4668,1.0,0.9522279348757497,0.04777206512425022,2237,0.22000856898029134,0.30077120822622105,0.4792202227934876
31,Cecil,6876,Cecil Precinct 03-001,5322,1198,1040,1554,6876,1.0,0.7739965095986039,0.22600349040139617,4638,0.17422920302501455,0.15125072716695753,0.6745200698080279
32,Cecil,1863,Cecil Precinct 04-002,1152,636,418,711,1863,1.0,0.6183574879227053,0.38164251207729466,809,0.3413848631239936,0.22436929683306495,0.4342458400429415
33,Worcester,1688,Worcester Precinct 04-001,1387,577,1110,301,1688,2.8305369127516777,0.8216824644549763,0.1783175355450237,1,0.341824644549763,0.6575829383886256,0.0005924170616113745
34,Worcester,2209,Worcester Precinct 02-001,1098,207,132,1111,2209,1.0,0.49705749207786326,0.5029425079221367,1870,0.09370755998189226,0.05975554549569941,0.8465368945224083
35,Worcester,2685,Worcester Precinct 04-002,2330,183,335,355,2685,1.0,0.8677839851024208,0.13221601489757914,2167,0.06815642458100558,0.12476722532588454,0.8070763500931099
36,Worcester,1340,Worcester Precinct 02-002,1051,911,428,289,1340,1.8753501400560224,0.7843283582089552,0.21567164179104478,1,0.6798507462686567,0.3194029850746269,0.0007462686567164179
37,Wicomico,2459,Wicomico Precinct 15-001,1971,445,840,488,2459,1.0,0.8015453436356242,0.19845465636437576,1174,0.18096787311915413,0.34160227734851567,0.4774298495323302
38,Wicomico,2235,Wicomico Precinct 16-002,1532,419,490,703,2235,1.0,0.6854586129753915,0.3145413870246085,1326,0.18747203579418345,0.21923937360178972,0.5932885906040268
39,Wicomico,2655,Wicomico Precinct 08-004,2377,514,637,278,2655,1.0,0.8952919020715631,0.10470809792843691,1504,0.1935969868173258,0.239924670433145,0.5664783427495292
40,Wicomico,1417,Wicomico Precinct 08-003,1099,129,143,318,1417,1.0,0.7755822159491884,0.2244177840508116,1145,0.09103740296400847,0.10091743119266056,0.808045165843331
41,Wicomico,3627,Wicomico Precinct 13-003,2905,1200,907,722,3627,1.0,0.8009374138406397,0.19906258615936034,1520,0.3308519437551696,0.2500689274882823,0.4190791287565481
42,Wicomico,5667,Wicomico Precinct 13-001,4424,231,98,1243,5667,1.0,0.7806599611787541,0.2193400388212458,5338,0.04076230809952356,0.017293100405858478,0.941944591494618
43,Wicomico,485,Wicomico Precinct 09-004,324,300,184,161,485,1.936,0.668041237113402,0.3319587628865979,1,0.6185567010309279,0.37938144329896906,0.002061855670103093
44,Wicomico,3486,Wicomico Precinct 09-002,433,716,19,3053,3486,1.0,0.12421113023522662,0.8757888697647733,2751,0.20539300057372348,0.005450372920252439,0.7891566265060241
45,Wicomico,4914,Wicomico Precinct 13-002,2595,786,328,2319,4914,1.0,0.5280830280830281,0.4719169719169719,3800,0.15995115995115994,0.06674806674806674,0.7733007733007733
46,Wicomico,1671,Wicomico Precinct 08-002,1493,577,1093,178,1671,1.772823779193206,0.8934769599042489,0.10652304009575105,1,0.3453022142429683,0.6540993417115499,0.0005984440454817474
47,Wicomico,4839,Wicomico Precinct 05-002,2095,176,133,2744,4839,1.0,0.43294069022525317,0.5670593097747468,4530,0.036371151064269476,0.02748501756561273,0.9361438313701178
48,Wicomico,1862,Wicomico Precinct 09-001,1151,969,119,711,1862,1.0,0.6181525241675617,0.3818474758324382,774,0.5204081632653061,0.06390977443609022,0.41568206229860366
49,Wicomico,1802,Wicomico Precinct 08-001,1508,236,459,294,1802,1.0,0.8368479467258602,0.16315205327413984,1107,0.1309655937846837,0.25471698113207547,0.6143174250832408
50,Wicomico,4054,Wicomico Precinct 05-004,3069,855,1074,985,4054,1.0,0.7570300937345831,0.24296990626541687,2125,0.21090281203749384,0.2649235323137642,0.524173655648742
51,Wicomico,2944,Wicomico Precinct 05-003,2205,943,631,739,2944,1.0,0.7489809782608695,0.25101902173913043,1370,0.3203125,0.21433423913043478,0.46535326086956524
52,Wicomico,2059,Wicomico Precinct 05-005,1828,929,1129,231,2059,1.2758834469931803,0.8878096163186012,0.11219038368139873,1,0.4511898980087421,0.5483244293346284,0.00048567265662943174
53,Wicomico,1115,Wicomico Precinct 11-002,576,452,662,539,1115,2.171539961013645,0.5165919282511211,0.4834080717488789,1,0.4053811659192825,0.5937219730941704,0.0008968609865470852
54,Wicomico,3288,Wicomico Precinct 11-001,2372,123,12,916,3288,1.0,0.7214111922141119,0.27858880778588807,3153,0.037408759124087594,0.0036496350364963502,0.958941605839416
55,Wicomico,3390,Wicomico Precinct 05-006,2762,367,544,628,3390,1.0,0.8147492625368732,0.18525073746312684,2479,0.10825958702064897,0.16047197640117994,0.7312684365781711
56,Anne Arundel,2236,Anne Arundel Precinct 07-025,1913,616,754,323,2236,1.0,0.8555456171735242,0.14445438282647585,866,0.27549194991055453,0.3372093023255814,0.387298747763864
57,Anne Arundel,1839,Anne Arundel Precinct 07-003,1501,635,502,338,1839,1.0,0.8162044589450789,0.18379554105492116,702,0.3452963567156063,0.27297444263186516,0.3817292006525285
58,Anne Arundel,2418,Anne Arundel Precinct 07-010,2221,669,872,197,2418,1.0,0.9185277088502894,0.08147229114971051,877,0.27667493796526055,0.36062861869313484,0.3626964433416046
59,Anne Arundel,2785,Anne Arundel Precinct 07-019,2513,320,513,272,2785,1.0,0.9023339317773789,0.09766606822262118,1952,0.11490125673249552,0.18420107719928186,0.7008976660682226
60,Anne Arundel,2923,Anne Arundel Precinct 07-006,2723,682,1023,200,2923,1.0,0.9315771467670202,0.06842285323297982,1218,0.23332192952446118,0.34998289428669177,0.41669517618884705
61,Wicomico,1426,Wicomico Precinct 05-007,1279,281,551,147,1426,1.0,0.896914446002805,0.10308555399719495,594,0.197054698457223,0.3863955119214586,0.4165497896213184
62,Wicomico,662,Wicomico Precinct 06-001,619,109,372,43,662,1.0,0.9350453172205438,0.0649546827794562,181,0.1646525679758308,0.5619335347432024,0.27341389728096677
63,Wicomico,2682,Wicomico Precinct 04-001,2441,251,792,241,2682,1.0,0.9101416853094706,0.08985831469052946,1639,0.0935868754660701,0.2953020134228188,0.6111111111111112
64,Wicomico,1593,Wicomico Precinct 14-001,1453,192,509,140,1593,1.0,0.9121155053358443,0.08788449466415568,892,0.12052730696798493,0.31952291274325173,0.5599497802887633
65,Worcester,1868,Worcester Precinct 04-003,1543,277,539,325,1868,1.0,0.826017130620985,0.173982869379015,1052,0.14828693790149894,0.2885438972162741,0.563169164882227
66,Worcester,2502,Worcester Precinct 02-003,1154,215,257,1348,2502,1.0,0.4612310151878497,0.5387689848121503,2030,0.0859312549960032,0.10271782573940848,0.8113509192645884
67,Worcester,2723,Worcester Precinct 03-003,2418,295,280,305,2723,1.0,0.8879911861917004,0.11200881380829968,2148,0.10833639368343738,0.10282776349614396,0.7888358428204186
68,Worcester,1802,Worcester Precinct 06-002,1664,149,463,138,1802,1.0,0.9234184239733629,0.07658157602663707,1190,0.08268590455049944,0.25693673695893454,0.660377358490566
69,Worcester,2430,Worcester Precinct 05-002,2271,796,1176,159,2430,1.0,0.9345679012345679,0.0654320987654321,458,0.32757201646090534,0.4839506172839506,0.18847736625514402
70,Worcester,4184,Worcester Precinct 05-001,3965,749,1145,219,4184,1.0,0.9476577437858509,0.05234225621414914,2290,0.1790152963671128,0.2736615678776291,0.5473231357552581
71,Worcester,1987,Worcester Precinct 03-001,1879,566,1420,108,1987,1.0112016293279023,0.945646703573226,0.05435329642677403,1,0.28485153497735277,0.7146451937594364,0.0005032712632108706
72,Worcester,2243,Worcester Precinct 06-001,2142,738,1302,101,2243,1.0,0.9549710209540794,0.04502897904592064,203,0.3290236290682122,0.5804725813642443,0.09050378956754347
73,Worcester,1917,Worcester Precinct 06-003,1754,399,929,163,1917,1.0,0.9149713093375065,0.08502869066249348,589,0.2081377151799687,0.4846113719353156,0.3072509128847157
74,Montgomery,3490,Montgomery Precinct 04-007,1550,1307,361,1940,3490,1.0,0.44412607449856734,0.5558739255014327,1822,0.37449856733524356,0.10343839541547278,0.5220630372492837
75,Montgomery,2962,Montgomery Precinct 04-006,1536,1219,368,1426,2962,1.0,0.5185685347738015,0.4814314652261985,1375,0.41154625253207294,0.12424037812288993,0.46421336934503715
76,Montgomery,1587,Montgomery Precinct 04-027,360,352,42,1227,1587,1.0,0.22684310018903592,0.7731568998109641,1193,0.22180214240705734,0.026465028355387523,0.7517328292375551
77,Montgomery,1951,Montgomery Precinct 04-009,995,886,236,956,1951,1.0,0.5099948744233727,0.4900051255766274,829,0.45412608918503333,0.12096360840594567,0.424910302409021
78,Montgomery,3199,Montgomery Precinct 13-051,2034,1644,505,1165,3199,1.0,0.6358236949046577,0.36417630509534227,1050,0.5139105970615817,0.1578618318224445,0.3282275711159737
79,Montgomery,1806,Montgomery Precinct 04-034,1249,845,434,557,1806,1.0,0.6915836101882613,0.30841638981173863,527,0.4678848283499446,0.24031007751937986,0.2918050941306755
80,Montgomery,2832,Montgomery Precinct 13-043,911,1090,265,1921,2832,1.0,0.321680790960452,0.678319209039548,1477,0.3848870056497175,0.09357344632768362,0.5215395480225988
81,Montgomery,2301,Montgomery Precinct 13-045,911,900,253,1390,2301,1.0,0.3959148196436332,0.6040851803563668,1148,0.39113428943937417,0.1099521946979574,0.4989135158626684
82,Montgomery,4265,Montgomery Precinct 13-036,1040,1270,255,3225,4265,1.0,0.24384525205158264,0.7561547479484173,2740,0.2977725674091442,0.059788980070339975,0.6424384525205158
83,Montgomery,3162,Montgomery Precinct 13-037,1002,924,236,2160,3162,1.0,0.31688804554079697,0.683111954459203,2002,0.2922201138519924,0.07463630613535736,0.6331435800126503
84,Montgomery,3854,Montgomery Precinct 13-035,962,1248,294,2892,3854,1.0,0.24961079398028022,0.7503892060197198,2312,0.32381940840685003,0.07628437986507525,0.5998962117280747
85,Montgomery,5497,Montgomery Precinct 13-064,833,1588,138,4664,5497,1.0,0.15153720211024194,0.8484627978897581,3771,0.288884846279789,0.02510460251046025,0.6860105512097507
86,Montgomery,2249,Montgomery Precinct 13-052,1568,1103,423,681,2249,1.0,0.6971987550022232,0.3028012449977768,723,0.4904401956425078,0.18808359270787017,0.32147621164962203
87,Montgomery,2706,Montgomery Precinct 08-003,2131,1374,761,575,2706,1.0,0.7875092387287509,0.21249076127124908,571,0.5077605321507761,0.2812269031781227,0.21101256467110124
88,Montgomery,2330,Montgomery Precinct 13-046,1386,981,470,944,2330,1.0,0.5948497854077254,0.4051502145922747,879,0.4210300429184549,0.2017167381974249,0.37725321888412017
89,Montgomery,1337,Montgomery Precinct 08-004,1020,594,368,317,1337,1.0,0.762902019446522,0.23709798055347794,375,0.4442782348541511,0.275243081525804,0.28047868362004486
90,Montgomery,2775,Montgomery Precinct 08-008,1990,1346,692,785,2775,1.0,0.7171171171171171,0.2828828828828829,737,0.48504504504504503,0.24936936936936938,0.2655855855855856
91,Montgomery,3472,Montgomery Precinct 08-009,2306,1622,716,1166,3472,1.0,0.6641705069124424,0.3358294930875576,1134,0.4671658986175115,0.20622119815668202,0.32661290322580644
92,Montgomery,3315,Montgomery Precinct 08-001,2336,1707,689,979,3315,1.0,0.7046757164404224,0.2953242835595777,919,0.5149321266968325,0.20784313725490197,0.2772247360482655
93,Montgomery,2576,Montgomery Precinct 08-012,1661,1272,644,915,2576,1.0,0.6447981366459627,0.35520186335403725,660,0.4937888198757764,0.25,0.2562111801242236
94,Montgomery,2565,Montgomery Precinct 08-005,2188,1147,795,377,2565,1.0,0.8530214424951267,0.1469785575048733,623,0.44717348927875245,0.30994152046783624,0.24288499025341131
95,Montgomery,3510,Montgomery Precinct 01-002,2324,885,676,1186,3510,1.0,0.6621082621082621,0.3378917378917379,1949,0.25213675213675213,0.1925925925925926,0.5552706552706552
96,Montgomery,3657,Montgomery Precinct 12-003,2956,1231,1156,701,3657,1.0,0.8083128247197157,0.1916871752802844,1270,0.33661471151216843,0.316106097894449,0.3472791905933826
97,Montgomery,2213,Montgomery Precinct 12-001,1875,644,807,338,2213,1.0,0.8472661545413466,0.1527338454586534,762,0.2910076818798012,0.36466335291459556,0.34432896520560324
98,Montgomery,2541,Montgomery Precinct 01-001,2052,765,814,489,2541,1.0,0.807556080283353,0.19244391971664698,962,0.3010625737898465,0.3203463203463203,0.37859110586383315
99,Howard,1720,Howard Precinct 04-003,1518,546,933,202,1720,1.0,0.8825581395348837,0.11744186046511627,241,0.3174418604651163,0.5424418604651163,0.14011627906976745
100,Frederick,3630,Frederick Precinct 14-001,3427,1034,1606,203,3630,1.0,0.9440771349862259,0.0559228650137741,990,0.28484848484848485,0.44242424242424244,0.2727272727272727
101,Frederick,2062,Frederick Precinct 03-001,1930,528,681,132,2062,1.0,0.9359844810863239,0.06401551891367604,853,0.2560620756547042,0.33026188166828324,0.41367604267701263
102,Frederick,4117,Frederick Precinct 23-001,3207,1727,1301,910,4117,1.0,0.7789652659703667,0.22103473402963322,1089,0.41948020403206215,0.31600680106873935,0.26451299489919844
103,Frederick,674,Frederick Precinct 24-003,646,216,213,28,674,1.0,0.9584569732937686,0.04154302670623145,245,0.32047477744807124,0.31602373887240354,0.36350148367952523
104,Frederick,2134,Frederick Precinct 03-003,1924,620,720,210,2134,1.0,0.901593252108716,0.09840674789128398,794,0.29053420805998126,0.3373945641986879,0.37207122774133083
105,Frederick,1667,Frederick Precinct 24-001,1533,596,655,134,1667,1.0,0.9196160767846431,0.08038392321535692,416,0.35752849430113975,0.3929214157168566,0.2495500899820036
106,Frederick,3265,Frederick Precinct 02-015,2683,1442,947,582,3265,1.0,0.8217457886676875,0.1782542113323124,876,0.44165390505359875,0.2900459418070444,0.2683001531393568
107,Frederick,3578,Frederick Precinct 26-001,3149,1111,1202,429,3578,1.0,0.8801006148686417,0.1198993851313583,1265,0.31050866405813304,0.3359418669647848,0.35354946897708217
108,Washington,2005,Washington Precinct 07-002,1820,374,768,185,2005,1.0,0.9077306733167082,0.09226932668329177,863,0.18653366583541148,0.3830423940149626,0.4304239401496259
109,Washington,2584,Washington Precinct 07-001,2474,401,993,110,2584,1.0,0.9574303405572755,0.04256965944272446,1190,0.15518575851393188,0.3842879256965944,0.4605263157894737
110,Washington,883,Washington Precinct 14-001,858,158,331,25,883,1.0,0.9716874292185731,0.028312570781426953,394,0.17893544733861835,0.37485843714609285,0.44620611551528877
111,Washington,1184,Washington Precinct 14-002,1120,160,320,64,1184,1.0,0.9459459459459459,0.05405405405405406,704,0.13513513513513514,0.2702702702702703,0.5945945945945946
112,Frederick,1799,Frederick Precinct 10-001,1737,248,695,62,1799,1.0,0.9655364091161757,0.03446359088382435,856,0.1378543635352974,0.38632573652028906,0.47581989994441354
113,Frederick,2997,Frederick Precinct 15-001,2874,520,1026,123,2997,1.0,0.958958958958959,0.04104104104104104,1451,0.17350684017350684,0.34234234234234234,0.48415081748415084
114,Frederick,3794,Frederick Precinct 15-002,3627,580,1172,167,3794,1.0,0.955983131259884,0.04401686874011597,2042,0.1528729573010016,0.30890880337374804,0.5382182393252504
115,Frederick,1007,Frederick Precinct 04-001,964,151,379,43,1007,1.0,0.9572989076464746,0.04270109235352532,477,0.1499503475670308,0.37636544190665344,0.47368421052631576
116,Frederick,4025,Frederick Precinct 07-002,2268,1651,1013,1757,4025,1.0,0.5634782608695652,0.4365217391304348,1361,0.41018633540372673,0.25167701863354036,0.3381366459627329
117,Frederick,2425,Frederick Precinct 09-001,2177,965,1221,248,2425,1.0,0.8977319587628866,0.1022680412371134,239,0.3979381443298969,0.5035051546391752,0.09855670103092784
118,Frederick,2868,Frederick Precinct 09-006,2447,1053,1000,421,2868,1.0,0.8532078103207811,0.14679218967921898,815,0.36715481171548114,0.3486750348675035,0.28417015341701535
119,Frederick,3752,Frederick Precinct 13-001,3415,1386,1461,337,3752,1.0,0.910181236673774,0.08981876332622601,905,0.3694029850746269,0.38939232409381663,0.2412046908315565
120,Frederick,3625,Frederick Precinct 09-007,3267,1414,1526,358,3625,1.0,0.9012413793103449,0.09875862068965517,685,0.3900689655172414,0.4209655172413793,0.1889655172413793
121,Frederick,3137,Frederick Precinct 09-004,2926,879,1384,211,3137,1.0,0.932738284985655,0.06726171501434491,874,0.2802040165763468,0.44118584635001595,0.27861013707363724
122,Frederick,3312,Frederick Precinct 09-002,3071,1092,1516,241,3312,1.0,0.9272342995169082,0.07276570048309179,704,0.32971014492753625,0.4577294685990338,0.21256038647342995
123,Frederick,1427,Frederick Precinct 09-005,1331,455,517,96,1427,1.0,0.9327259985984583,0.0672740014015417,455,0.31885073580939033,0.36229852838121934,0.31885073580939033
124,Frederick,3254,Frederick Precinct 26-002,2717,985,1053,537,3254,1.0,0.8349723417332514,0.16502765826674862,1216,0.30270436385986477,0.3236017209588199,0.3736939151813153
125,Frederick,2580,Frederick Precinct 11-001,2415,473,991,165,2580,1.0,0.936046511627907,0.06395348837209303,1116,0.18333333333333332,0.38410852713178295,0.4325581395348837
126,Frederick,1877,Frederick Precinct 08-001,1780,441,852,97,1877,1.0,0.94832179009057,0.051678209909429944,584,0.2349493873201918,0.4539158231220032,0.311134789557805
127,Frederick,1703,Frederick Precinct 17-001,1646,333,768,57,1703,1.0,0.9665296535525543,0.03347034644744568,602,0.19553728714034058,0.4509688784497945,0.3534938344098649
128,Frederick,4393,Frederick Precinct 18-001,3975,1243,1888,418,4393,1.0,0.9048486228090143,0.09515137719098565,1262,0.2829501479626679,0.429774641475074,0.28727521056225813
129,Howard,1498,Howard Precinct 04-001,1349,451,706,149,1498,1.0,0.9005340453938585,0.09946595460614152,341,0.30106809078771696,0.4712950600801068,0.22763684913217624
130,Frederick,2489,Frederick Precinct 18-002,2395,544,1216,94,2489,1.0,0.9622338288469264,0.03776617115307352,729,0.2185616713539574,0.48854961832061067,0.2928887103254319
131,Howard,1440,Howard Precinct 04-005,1280,450,858,160,1440,1.0,0.8888888888888888,0.1111111111111111,132,0.3125,0.5958333333333333,0.09166666666666666
132,Carroll,2986,Carroll Precinct 09-002,2814,343,776,172,2986,1.0,0.942397856664434,0.05760214333556597,1867,0.11486939048894843,0.25987943737441394,0.6252511721366376
133,Frederick,1309,Frederick Precinct 19-001,1228,247,657,81,1309,1.0,0.9381207028265852,0.061879297173414824,405,0.18869365928189458,0.5019098548510313,0.3093964858670741
134,Carroll,1186,Carroll Precinct 12-001,1086,201,388,100,1186,1.0,0.9156829679595279,0.08431703204047218,597,0.16947723440134907,0.327150084317032,0.5033726812816189
135,Carroll,2833,Carroll Precinct 11-001,2645,504,1103,188,2833,1.0,0.9336392516766678,0.06636074832333215,1226,0.17790328273914577,0.38933992234380516,0.43275679491704905
136,Frederick,1991,Frederick Precinct 24-002,1555,471,511,436,1991,1.0,0.7810145655449523,0.21898543445504773,1009,0.23656454043194375,0.25665494726268206,0.5067805123053741
137,Frederick,3176,Frederick Precinct 03-002,3012,908,1204,164,3176,1.0,0.9483627204030227,0.05163727959697733,1064,0.2858942065491184,0.3790931989924433,0.3350125944584383
138,Frederick,3128,Frederick Precinct 16-001,2963,852,1376,165,3128,1.0,0.9472506393861893,0.05274936061381074,900,0.27237851662404094,0.4398976982097187,0.2877237851662404
139,Frederick,1661,Frederick Precinct 06-001,1618,296,857,43,1661,1.0,0.9741119807344973,0.02588801926550271,508,0.1782059000602047,0.5159542444310656,0.30583985550872966
140,Frederick,2498,Frederick Precinct 21-001,2294,623,880,204,2498,1.0,0.9183346677341874,0.08166533226581266,995,0.24939951961569257,0.3522818254603683,0.39831865492393914
141,Frederick,1672,Frederick Precinct 02-014,1157,694,425,515,1672,1.0,0.6919856459330144,0.30801435406698563,553,0.4150717703349282,0.2541866028708134,0.3307416267942584
142,Frederick,2944,Frederick Precinct 02-006,2149,1083,698,795,2944,1.0,0.7299592391304348,0.27004076086956524,1163,0.367866847826087,0.23709239130434784,0.39504076086956524
143,Frederick,2897,Frederick Precinct 01-002,1883,1491,827,1014,2897,1.0,0.64998274076631,0.35001725923369004,579,0.5146703486365205,0.2854677252329997,0.19986192613047982
144,Frederick,2912,Frederick Precinct 02-016,1692,899,324,1220,2912,1.0,0.5810439560439561,0.41895604395604397,1689,0.3087225274725275,0.11126373626373626,0.5800137362637363
146,Frederick,92,Frederick Precinct 23-002,90,16,7,2,92,1.0,0.9782608695652174,0.021739130434782608,69,0.17391304347826086,0.07608695652173914,0.75
147,Frederick,2535,Frederick Precinct 02-017,1087,878,190,1448,2535,1.0,0.4287968441814596,0.5712031558185404,1467,0.3463510848126233,0.07495069033530571,0.578698224852071
148,Frederick,5267,Frederick Precinct 02-008,2880,1373,636,2387,5267,1.0,0.5468008353901652,0.45319916460983484,3258,0.26067970381621414,0.12075185114866148,0.6185684450351243
149,Frederick,4053,Frederick Precinct 02-013,2109,1244,449,1944,4053,1.0,0.5203552923760177,0.47964470762398226,2360,0.30693313594868,0.11078213668887243,0.5822847273624475
150,Frederick,3697,Frederick Precinct 02-001,2254,1339,409,1443,3697,1.0,0.6096835271842034,0.39031647281579657,1949,0.3621855558560995,0.11063024073573167,0.5271842034081687
151,Frederick,1499,Frederick Precinct 02-002,1162,507,197,337,1499,1.0,0.7751834556370913,0.2248165443629086,795,0.3382254836557705,0.1314209472981988,0.5303535690460307
152,Frederick,3655,Frederick Precinct 02-011,2395,988,361,1260,3655,1.0,0.655266757865937,0.3447332421340629,2306,0.27031463748290013,0.0987688098495212,0.6309165526675786
153,Frederick,1931,Frederick Precinct 07-004,1435,816,540,496,1931,1.0,0.7431382703262558,0.25686172967374415,575,0.42257897462454685,0.2796478508544795,0.29777317452097357
154,Frederick,1452,Frederick Precinct 09-003,1268,386,493,184,1452,1.0,0.8732782369146006,0.12672176308539945,573,0.26584022038567495,0.33953168044077137,0.39462809917355374
155,Frederick,3429,Frederick Precinct 02-003,2866,1330,530,563,3429,1.0,0.8358121901428988,0.16418780985710119,1569,0.3878681831437737,0.15456401283172938,0.4575678040244969
156,Frederick,3603,Frederick Precinct 02-007,2732,1472,707,871,3603,1.0,0.7582570080488482,0.24174299195115181,1424,0.4085484318623369,0.19622536774909796,0.3952262003885651
157,Frederick,1560,Frederick Precinct 02-018,1056,712,479,504,1560,1.0,0.676923076923077,0.3230769230769231,369,0.4564102564102564,0.30705128205128207,0.23653846153846153
158,Frederick,1203,Frederick Precinct 09-008,1049,433,403,154,1203,1.0,0.8719866999168745,0.12801330008312553,367,0.35993349958437243,0.3349958437240233,0.3050706566916043
159,Frederick,584,Frederick Precinct 13-002,482,32,56,102,584,1.0,0.8253424657534246,0.17465753424657535,496,0.0547945205479452,0.0958904109589041,0.8493150684931506
160,Frederick,1787,Frederick Precinct 21-002,1398,754,484,389,1787,1.0,0.7823167319529939,0.21768326804700616,549,0.42193620593172915,0.27084499160604364,0.3072188024622272
161,Frederick,3099,Frederick Precinct 21-003,2373,1019,874,726,3099,1.0,0.7657308809293321,0.23426911907066797,1206,0.3288157470151662,0.28202646014843497,0.38915779283639884
162,Frederick,4379,Frederick Precinct 02-010,2919,1553,827,1460,4379,1.0,0.6665905457867093,0.3334094542132907,1999,0.3546471797213976,0.1888559031742407,0.45649691710436174
163,Frederick,2457,Frederick Precinct 20-001,2341,476,937,116,2457,1.0,0.9527879527879528,0.04721204721204721,1044,0.19373219373219372,0.38135938135938136,0.4249084249084249
164,Washington,1945,Washington Precinct 08-000,1896,404,750,49,1945,1.0,0.9748071979434447,0.02519280205655527,791,0.2077120822622108,0.3856041131105398,0.40668380462724935
165,Frederick,2373,Frederick Precinct 12-001,2028,894,998,345,2373,1.0,0.854614412136536,0.14538558786346398,481,0.37673830594184576,0.42056468605141173,0.2026970080067425
166,Frederick,1222,Frederick Precinct 22-001,1156,341,465,66,1222,1.0,0.9459901800327333,0.054009819967266774,416,0.279050736497545,0.38052373158756136,0.3404255319148936
167,Washington,1846,Washington Precinct 19-000,1762,426,802,84,1846,1.0,0.9544962080173348,0.04550379198266522,618,0.23076923076923078,0.4344528710725894,0.3347778981581798
168,Washington,2585,Washington Precinct 06-002,2446,590,882,139,2585,1.0,0.9462282398452612,0.053771760154738876,1113,0.22823984526112184,0.3411992263056093,0.4305609284332689
169,Washington,2120,Washington Precinct 06-001,2021,445,856,99,2120,1.0,0.9533018867924529,0.046698113207547166,819,0.2099056603773585,0.4037735849056604,0.38632075471698113
170,Washington,2992,Washington Precinct 16-000,2783,518,1035,209,2992,1.0,0.9301470588235294,0.06985294117647059,1439,0.1731283422459893,0.34592245989304815,0.4809491978609626
171,Washington,3446,Washington Precinct 02-000,3270,544,1039,176,3446,1.0,0.9489262913522926,0.05107370864770749,1863,0.1578641903656413,0.3015089959373186,0.54062681369704
172,Washington,3981,Washington Precinct 23-000,3821,391,1381,160,3981,1.0,0.9598090931926652,0.04019090680733484,2209,0.09821652851042452,0.3468977643808088,0.5548857071087666
173,Washington,2569,Washington Precinct 26-003,2433,493,977,136,2569,1.0,0.9470611132736473,0.05293888672635266,1099,0.1919034643830284,0.38030362008563645,0.42779291553133514
174,Washington,3543,Washington Precinct 26-001,3247,417,682,296,3543,1.0,0.9164549816539656,0.08354501834603444,2444,0.11769686706181202,0.19249223821620096,0.689810894721987
175,Washington,2281,Washington Precinct 26-002,2020,424,617,261,2281,1.0,0.8855765015344147,0.11442349846558526,1240,0.18588338448049102,0.27049539675580886,0.5436212187637002
176,Washington,2361,Washington Precinct 10-002,1969,711,864,392,2361,1.0,0.833968657348581,0.1660313426514189,786,0.301143583227446,0.36594663278271916,0.33290978398983484
177,Washington,1736,Washington Precinct 03-004,1327,269,149,409,1736,1.0,0.7644009216589862,0.23559907834101382,1318,0.15495391705069125,0.0858294930875576,0.7592165898617511
178,Washington,2009,Washington Precinct 03-003,1620,312,298,389,2009,1.0,0.8063713290194127,0.19362867098058736,1399,0.15530114484818316,0.1483325037332006,0.6963663514186162
179,Washington,1404,Washington Precinct 03-002,1228,305,229,176,1404,1.0,0.8746438746438746,0.12535612535612536,870,0.21723646723646722,0.1631054131054131,0.6196581196581197
180,Washington,2964,Washington Precinct 13-001,2854,359,1077,110,2964,1.0,0.9628879892037787,0.037112010796221326,1528,0.12112010796221323,0.3633603238866397,0.5155195681511471
181,Washington,2396,Washington Precinct 25-004,1777,550,446,619,2396,1.0,0.741652754590985,0.25834724540901505,1400,0.2295492487479132,0.18614357262103506,0.5843071786310517
182,Washington,2917,Washington Precinct 25-002,2460,528,402,457,2917,1.0,0.8433321906067878,0.1566678093932122,1987,0.1810078848131642,0.13781282139184092,0.6811792937949949
183,Washington,1556,Washington Precinct 13-002,1358,332,504,198,1556,1.0,0.8727506426735219,0.12724935732647816,720,0.2133676092544987,0.32390745501285345,0.46272493573264784
184,Washington,947,Washington Precinct 10-004,919,211,291,28,947,1.0,0.9704329461457233,0.029567053854276663,445,0.22280887011615627,0.307286166842661,0.4699049630411827
185,Washington,4870,Washington Precinct 10-001,3171,537,749,1699,4870,1.0,0.651129363449692,0.34887063655030803,3584,0.11026694045174538,0.15379876796714578,0.7359342915811088
186,Washington,1255,Washington Precinct 03-001,1023,188,102,232,1255,1.0,0.8151394422310757,0.1848605577689243,965,0.149800796812749,0.08127490039840637,0.7689243027888446
187,Washington,1160,Washington Precinct 25-001,490,226,44,670,1160,1.0,0.4224137931034483,0.5775862068965517,890,0.19482758620689655,0.03793103448275862,0.7672413793103449
188,Washington,2628,Washington Precinct 22-001,1978,395,186,650,2628,1.0,0.7526636225266362,0.24733637747336376,2047,0.15030441400304415,0.07077625570776255,0.7789193302891934
189,Washington,2275,Washington Precinct 22-002,1694,510,354,581,2275,1.0,0.7446153846153846,0.2553846153846154,1411,0.22417582417582418,0.1556043956043956,0.6202197802197802
190,Washington,1661,Washington Precinct 10-003,1445,302,446,216,1661,1.0,0.8699578567128236,0.1300421432871764,913,0.18181818181818182,0.26851294400963277,0.5496688741721855
191,Washington,2430,Washington Precinct 21-002,1997,543,476,433,2430,1.0,0.8218106995884774,0.17818930041152264,1411,0.2234567901234568,0.19588477366255144,0.5806584362139918
192,Washington,1170,Washington Precinct 21-003,1051,359,265,119,1170,1.0,0.8982905982905983,0.10170940170940171,546,0.30683760683760686,0.2264957264957265,0.4666666666666667
193,Washington,2431,Washington Precinct 27-001,2230,584,836,201,2431,1.0,0.9173179761415056,0.08268202385849445,1011,0.2402303578774167,0.3438914027149321,0.4158782394076512
194,Washington,2591,Washington Precinct 21-001,2125,637,571,466,2591,1.0,0.8201466615206484,0.17985333847935162,1383,0.24585102277113083,0.22037823234272483,0.5337707448861444
195,Washington,3190,Washington Precinct 27-002,2627,658,911,563,3190,1.0,0.8235109717868339,0.17648902821316614,1621,0.20626959247648902,0.2855799373040752,0.5081504702194357
196,Washington,2782,Washington Precinct 18-002,2491,499,717,291,2782,1.0,0.8953989935298347,0.10460100647016535,1566,0.17936736161035227,0.25772825305535585,0.5629043853342919
197,Washington,3320,Washington Precinct 18-003,2539,659,568,781,3320,1.0,0.7647590361445783,0.23524096385542168,2093,0.19849397590361445,0.1710843373493976,0.630421686746988
198,Washington,2141,Washington Precinct 18-001,2034,331,838,107,2141,1.0,0.9500233535730966,0.04997664642690332,972,0.1546006539000467,0.39140588510042035,0.4539934609995329
199,Washington,2206,Washington Precinct 09-000,2147,395,787,59,2206,1.0,0.9732547597461468,0.02674524025385313,1024,0.17905711695376247,0.35675430643699,0.4641885766092475
200,Charles,2592,Charles Precinct 03-001,1691,634,635,901,2592,1.0,0.652391975308642,0.34760802469135804,1323,0.24459876543209877,0.24498456790123457,0.5104166666666666
201,Charles,1606,Charles Precinct 02-001,1303,349,516,303,1606,1.0,0.811332503113325,0.18866749688667497,741,0.21731008717310088,0.32129514321295144,0.4613947696139477
202,Charles,3125,Charles Precinct 10-001,1544,987,607,1581,3125,1.0,0.49408,0.50592,1531,0.31584,0.19424,0.48992
203,Charles,2755,Charles Precinct 07-002,1062,1257,322,1693,2755,1.0,0.385480943738657,0.6145190562613431,1176,0.45626134301270416,0.11687840290381125,0.42686025408348455
204,Charles,3366,Charles Precinct 07-003,1393,1455,415,1973,3366,1.0,0.4138443256090315,0.5861556743909685,1496,0.4322638146167558,0.12329174093879976,0.4444444444444444
205,Charles,1655,Charles Precinct 07-001,1311,330,328,344,1655,1.0,0.7921450151057402,0.20785498489425983,997,0.19939577039274925,0.19818731117824773,0.602416918429003
206,Charles,2514,Charles Precinct 07-004,947,1611,317,1567,2514,1.0,0.37669053301511535,0.6233094669848847,586,0.6408114558472554,0.12609387430389818,0.23309466984884647
207,St. Mary's,1701,St. Mary's Precinct 03-004,1508,377,707,193,1701,1.0,0.8865373309817755,0.11346266901822458,617,0.22163433274544386,0.4156378600823045,0.3627278071722516
208,St. Mary's,2001,St. Mary's Precinct 03-003,1791,410,818,210,2001,1.0,0.8950524737631185,0.10494752623688156,773,0.2048975512243878,0.40879560219890054,0.38630684657671166
209,Charles,2440,Charles Precinct 01-002,1878,651,905,562,2440,1.0,0.769672131147541,0.230327868852459,884,0.2668032786885246,0.3709016393442623,0.3622950819672131
210,Charles,1733,Charles Precinct 04-002,1449,311,709,284,1733,1.0,0.8361223312175419,0.16387766878245816,713,0.17945758799769188,0.40911713791113674,0.41142527409117136
211,Charles,2359,Charles Precinct 01-003,1637,844,757,722,2359,1.0,0.6939381093683764,0.3060618906316236,758,0.3577787197965239,0.32089868588384907,0.32132259431962695
212,Charles,2485,Charles Precinct 01-004,1976,563,709,509,2485,1.0,0.7951710261569417,0.20482897384305834,1213,0.22655935613682093,0.2853118712273642,0.4881287726358149
213,Charles,3599,Charles Precinct 05-001,2920,687,986,679,3599,1.0,0.81133648235621,0.18866351764378994,1926,0.19088635732147818,0.2739649902750764,0.5351486524034454
214,Charles,2563,Charles Precinct 04-001,2230,410,970,333,2563,1.0,0.870074131876707,0.12992586812329301,1183,0.15996878657822863,0.37846273897776045,0.46156847444401095
215,Charles,2392,Charles Precinct 08-001,1757,1007,1086,635,2392,1.0,0.7345317725752508,0.2654682274247492,299,0.4209866220735786,0.4540133779264214,0.125
216,Charles,2371,Charles Precinct 06-001,1797,662,677,574,2371,1.0,0.7579080556727119,0.24209194432728806,1032,0.27920708561788277,0.2855335301560523,0.43525938422606497
217,Charles,3623,Charles Precinct 06-014,1425,1908,501,2198,3623,1.0,0.3933204526635385,0.6066795473364615,1214,0.526635385040022,0.13828319072591774,0.3350814242340602
218,Allegany,1719,Allegany Precinct 29-002,1637,323,670,82,1719,1.0,0.9522978475858057,0.0477021524141943,726,0.1878999418266434,0.389761489237929,0.4223385689354276
219,Allegany,3235,Allegany Precinct 06-006,1942,227,523,1293,3235,1.0,0.6003091190108192,0.3996908809891808,2485,0.07017001545595054,0.1616692426584235,0.768160741885626
220,Allegany,1207,Allegany Precinct 06-005,1034,221,298,173,1207,1.0,0.8566694283347142,0.14333057166528584,688,0.18309859154929578,0.24689312344656172,0.5700082850041425
221,Allegany,800,Allegany Precinct 06-003,740,124,158,60,800,1.0,0.925,0.075,518,0.155,0.1975,0.6475
222,Allegany,1902,Allegany Precinct 29-001,1833,321,723,69,1902,1.0,0.9637223974763407,0.03627760252365931,858,0.16876971608832808,0.3801261829652997,0.45110410094637227
223,Allegany,1522,Allegany Precinct 06-001,1409,286,322,113,1522,1.0,0.9257555847568988,0.07424441524310119,914,0.18791064388961892,0.21156373193166886,0.6005256241787122
224,Allegany,1679,Allegany Precinct 20-000,1648,154,603,31,1679,1.0,0.9815366289458011,0.01846337105419893,922,0.09172126265634306,0.35914234663490174,0.5491363907087552
225,Allegany,928,Allegany Precinct 04-005,911,121,207,17,928,1.0,0.9816810344827587,0.018318965517241378,600,0.13038793103448276,0.22306034482758622,0.646551724137931
226,Allegany,1457,Allegany Precinct 04-003,1352,187,240,105,1457,1.0,0.9279341111873713,0.0720658888126287,1030,0.12834591626630062,0.16472203157172272,0.7069320521619766
227,Allegany,1118,Allegany Precinct 04-002,951,100,140,167,1118,1.0,0.8506261180679785,0.14937388193202147,878,0.08944543828264759,0.1252236135957066,0.7853309481216458
228,Allegany,1603,Allegany Precinct 04-008,1511,214,336,92,1603,1.0,0.9426076107298814,0.05739238927011853,1053,0.13349968808484092,0.2096069868995633,0.6568933250155957
229,Allegany,1425,Allegany Precinct 04-004,1355,267,435,70,1425,1.0,0.9508771929824561,0.04912280701754386,723,0.18736842105263157,0.30526315789473685,0.5073684210526316
230,Allegany,856,Allegany Precinct 14-000,766,97,74,90,856,1.0,0.8948598130841121,0.10514018691588785,685,0.1133177570093458,0.08644859813084112,0.8002336448598131
231,Allegany,1491,Allegany Precinct 05-004,1387,222,307,104,1491,1.0,0.9302481556002683,0.06975184439973173,962,0.1488933601609658,0.20590207914151576,0.6452045606975184
232,Allegany,2358,Allegany Precinct 23-000,2120,328,580,238,2358,1.0,0.899067005937235,0.10093299406276506,1450,0.13910093299406276,0.24597116200169636,0.6149279050042409
233,Allegany,624,Allegany Precinct 05-006,619,72,178,5,624,1.0,0.9919871794871795,0.008012820512820512,374,0.11538461538461539,0.28525641025641024,0.5993589743589743
234,Allegany,2552,Allegany Precinct 22-001,2173,260,410,379,2552,1.0,0.8514890282131662,0.14851097178683387,1882,0.10188087774294671,0.16065830721003135,0.737460815047022
235,Allegany,3185,Allegany Precinct 16-000,1973,165,555,1212,3185,1.0,0.6194662480376766,0.38053375196232336,2465,0.05180533751962323,0.17425431711145997,0.7739403453689168
236,Allegany,1346,Allegany Precinct 34-000,1324,240,536,22,1346,1.0,0.9836552748885586,0.01634472511144131,570,0.17830609212481427,0.39821693907875183,0.4234769687964339
237,Allegany,956,Allegany Precinct 21-000,934,106,356,22,956,1.0,0.9769874476987448,0.02301255230125523,494,0.1108786610878661,0.3723849372384937,0.5167364016736402
238,Allegany,944,Allegany Precinct 02-000,924,69,321,20,944,1.0,0.9788135593220338,0.0211864406779661,554,0.07309322033898305,0.3400423728813559,0.586864406779661
239,Allegany,852,Allegany Precinct 03-000,839,61,318,13,852,1.0,0.9847417840375586,0.015258215962441314,473,0.0715962441314554,0.3732394366197183,0.5551643192488263
240,Allegany,746,Allegany Precinct 01-000,734,65,307,12,746,1.0,0.9839142091152815,0.0160857908847185,374,0.0871313672922252,0.41152815013404825,0.5013404825737265
241,Washington,2643,Washington Precinct 05-000,2584,250,1024,59,2643,1.0,0.9776768823306848,0.022323117669315173,1369,0.09458948164964057,0.38743851683692776,0.5179720015134317
242,Frederick,3605,Frederick Precinct 25-001,3213,1061,941,392,3605,1.0,0.8912621359223301,0.1087378640776699,1603,0.29431345353675453,0.2610263522884882,0.4446601941747573
243,Washington,1589,Washington Precinct 15-000,1563,173,664,26,1589,1.0,0.9836375078665828,0.016362492133417242,752,0.10887350534927627,0.41787287602265577,0.473253618628068
244,Washington,2398,Washington Precinct 04-000,2339,300,1068,59,2398,1.0,0.9753961634695579,0.024603836530442035,1030,0.12510425354462051,0.445371142618849,0.42952460383653046
245,Washington,563,Washington Precinct 11-002,546,98,176,17,563,1.0,0.9698046181172292,0.03019538188277087,289,0.17406749555950266,0.31261101243339257,0.5133214920071048
246,Washington,2586,Washington Precinct 01-000,2492,556,986,94,2586,1.0,0.9636504253673627,0.03634957463263728,1044,0.21500386697602475,0.38128383604021654,0.4037122969837587
247,Washington,1721,Washington Precinct 20-000,1673,260,723,48,1721,1.0,0.9721092388146426,0.02789076118535735,738,0.15107495642068564,0.4201045903544451,0.4288204532248693
248,Washington,6302,Washington Precinct 12-000,3018,333,811,3284,6302,1.0,0.4788955887019994,0.5211044112980007,5158,0.05284036813709933,0.12868930498254522,0.8184703268803555
249,Washington,929,Washington Precinct 11-001,892,243,346,37,929,1.0,0.9601722282023681,0.03982777179763186,340,0.26157158234660927,0.37244348762109797,0.36598493003229277
250,Garrett,746,Garrett Precinct 08-002,735,35,278,11,746,1.0,0.985254691689008,0.014745308310991957,433,0.04691689008042895,0.3726541554959786,0.5804289544235925
251,Garrett,572,Garrett Precinct 08-001,565,38,220,7,572,1.0,0.9877622377622378,0.012237762237762238,314,0.06643356643356643,0.38461538461538464,0.548951048951049
252,Garrett,1056,Garrett Precinct 14-002,1037,63,403,19,1056,1.0,0.9820075757575758,0.017992424242424244,590,0.05965909090909091,0.3816287878787879,0.5587121212121212
253,Garrett,1898,Garrett Precinct 07-000,1852,185,550,46,1898,1.0,0.9757639620653319,0.02423603793466807,1163,0.09747102212855638,0.2897787144362487,0.6127502634351949
254,Garrett,2642,Garrett Precinct 16-000,2604,242,823,38,2642,1.0,0.9856169568508706,0.014383043149129448,1577,0.09159727479182438,0.31150643451930354,0.5968962906888721
255,Garrett,1535,Garrett Precinct 10-000,1521,179,563,14,1535,1.0,0.9908794788273616,0.009120521172638436,793,0.11661237785016286,0.3667752442996743,0.5166123778501629
256,Garrett,2412,Garrett Precinct 14-001,2373,223,741,39,2412,1.0,0.9838308457711443,0.01616915422885572,1448,0.09245439469320066,0.3072139303482587,0.6003316749585407
257,Garrett,1811,Garrett Precinct 06-000,1677,263,608,134,1811,1.0,0.9260077305356157,0.07399226946438432,940,0.14522363335173938,0.3357261181667587,0.5190502484815019
258,Garrett,562,Garrett Precinct 13-000,558,54,168,4,562,1.0,0.9928825622775801,0.0071174377224199285,340,0.09608540925266904,0.298932384341637,0.604982206405694
259,Garrett,1486,Garrett Precinct 01-000,1470,200,601,16,1486,1.0,0.9892328398384926,0.010767160161507403,685,0.13458950201884254,0.4044414535666218,0.4609690444145357
260,Garrett,1547,Garrett Precinct 02-000,1514,193,583,33,1547,1.0,0.9786683904330963,0.021331609566903685,771,0.12475759534583064,0.3768584356819651,0.49838396897220427
261,Garrett,1443,Garrett Precinct 05-000,1420,202,642,23,1443,1.0,0.9840609840609841,0.01593901593901594,599,0.13998613998613998,0.44490644490644493,0.4151074151074151
262,Garrett,725,Garrett Precinct 12-000,708,45,296,17,725,1.0,0.976551724137931,0.023448275862068966,384,0.06206896551724138,0.40827586206896554,0.5296551724137931
263,Garrett,655,Garrett Precinct 04-000,637,45,251,18,655,1.0,0.9725190839694656,0.02748091603053435,359,0.06870229007633588,0.383206106870229,0.5480916030534351
264,Garrett,140,Garrett Precinct 11-000,136,6,53,4,140,1.0,0.9714285714285714,0.02857142857142857,81,0.04285714285714286,0.37857142857142856,0.5785714285714286
265,Allegany,2806,Allegany Precinct 08-000,2755,264,834,51,2806,1.0,0.9818246614397719,0.018175338560228082,1708,0.09408410548823949,0.2972202423378475,0.6086956521739131
266,Allegany,1114,Allegany Precinct 09-000,1103,56,375,11,1114,1.0,0.9901256732495511,0.009874326750448833,683,0.05026929982046679,0.33662477558348297,0.6131059245960503
267,Allegany,1650,Allegany Precinct 10-000,1628,107,572,22,1650,1.0,0.9866666666666667,0.013333333333333334,971,0.06484848484848485,0.3466666666666667,0.5884848484848485
268,Allegany,1273,Allegany Precinct 31-000,1251,127,440,22,1273,1.0,0.9827179890023566,0.01728201099764336,706,0.0997643362136685,0.34564021995286726,0.5545954438334643
269,Garrett,627,Garrett Precinct 03-002,615,57,238,12,627,1.0,0.9808612440191388,0.019138755980861243,332,0.09090909090909091,0.379585326953748,0.529505582137161
270,Garrett,2171,Garrett Precinct 03-001,2136,169,741,35,2171,1.0,0.9838783970520497,0.016121602947950252,1261,0.07784431137724551,0.3413173652694611,0.5808383233532934
271,Garrett,421,Garrett Precinct 15-000,419,65,216,2,421,1.0,0.995249406175772,0.004750593824228029,140,0.1543942992874109,0.5130641330166271,0.332541567695962
272,Garrett,988,Garrett Precinct 09-000,964,127,418,24,988,1.0,0.9757085020242915,0.024291497975708502,443,0.12854251012145748,0.4230769230769231,0.4483805668016194
273,Allegany,1685,Allegany Precinct 18-000,1660,121,672,25,1685,1.0,0.9851632047477745,0.01483679525222552,892,0.07181008902077152,0.39881305637982195,0.5293768545994065
274,Allegany,4960,Allegany Precinct 26-000,3677,535,518,1283,4960,1.0,0.7413306451612903,0.2586693548387097,3907,0.10786290322580645,0.10443548387096774,0.7877016129032258
275,Allegany,1016,Allegany Precinct 11-000,971,250,280,45,1016,1.0,0.9557086614173228,0.04429133858267716,486,0.24606299212598426,0.2755905511811024,0.47834645669291337
276,Allegany,2829,Allegany Precinct 12-000,2623,450,711,206,2829,1.0,0.9271827500883705,0.07281724991162955,1668,0.15906680805938495,0.2513255567338282,0.5896076352067868
277,Allegany,1572,Allegany Precinct 24-000,1544,167,518,28,1572,1.0,0.9821882951653944,0.017811704834605598,887,0.10623409669211197,0.32951653944020354,0.5642493638676844
278,Allegany,1653,Allegany Precinct 07-002,1584,249,659,69,1653,1.0,0.9582577132486388,0.041742286751361164,745,0.15063520871143377,0.3986690865093769,0.45069570477918935
279,Allegany,1346,Allegany Precinct 29-003,1304,223,446,42,1346,1.0,0.9687964338781575,0.031203566121842496,677,0.16567607726597325,0.3313521545319465,0.5029717682020802
280,Allegany,1884,Allegany Precinct 13-000,1845,182,583,39,1884,1.0,0.9792993630573248,0.020700636942675158,1119,0.09660297239915075,0.309447983014862,0.5939490445859873
281,Allegany,3275,Allegany Precinct 07-001,2017,252,576,1258,3275,1.0,0.6158778625954199,0.3841221374045802,2447,0.07694656488549619,0.17587786259541985,0.747175572519084
282,Harford,3035,Harford Precinct 03-023,2597,755,1138,438,3035,1.0,0.8556836902800659,0.1443163097199341,1142,0.2487644151565074,0.37495881383855023,0.37627677100494233
283,Harford,3016,Harford Precinct 03-022,2720,678,1410,296,3016,1.0,0.9018567639257294,0.09814323607427056,928,0.22480106100795755,0.46750663129973474,0.3076923076923077
284,Harford,3085,Harford Precinct 04-001,2968,444,1123,117,3085,1.0,0.9620745542949757,0.03792544570502431,1518,0.14392220421393842,0.3640194489465154,0.4920583468395462
285,Harford,2129,Harford Precinct 04-006,2056,315,918,73,2129,1.0,0.9657116016909347,0.03428839830906529,896,0.14795678722404884,0.43118835133865663,0.4208548614372945
286,Harford,2731,Harford Precinct 04-003,2662,460,1470,69,2731,1.0,0.9747345294763823,0.025265470523617724,801,0.16843647015745147,0.5382643720248993,0.2932991578176492
287,Harford,2632,Harford Precinct 04-004,2493,452,1294,139,2632,1.0,0.9471884498480243,0.05281155015197568,886,0.1717325227963526,0.49164133738601823,0.3366261398176292
288,Harford,4062,Harford Precinct 03-005,3803,692,2027,259,4062,1.0,0.9362383062530774,0.0637616937469227,1343,0.17035942885278188,0.49901526341703595,0.33062530773018217
289,Harford,2376,Harford Precinct 05-002,2261,444,1237,115,2376,1.0,0.9515993265993266,0.0484006734006734,695,0.18686868686868688,0.5206228956228957,0.2925084175084175
290,Harford,1712,Harford Precinct 03-004,1595,315,895,117,1712,1.0,0.9316588785046729,0.0683411214953271,502,0.18399532710280375,0.5227803738317757,0.2932242990654206
291,Harford,2679,Harford Precinct 05-003,2566,420,1376,113,2679,1.0,0.9578200821201941,0.0421799178798059,883,0.15677491601343785,0.5136244867487869,0.3296005972377753
292,Harford,1922,Harford Precinct 01-003,1115,478,282,807,1922,1.0,0.5801248699271592,0.4198751300728408,1162,0.24869927159209157,0.14672216441207075,0.6045785639958376
293,Harford,2731,Harford Precinct 01-005,1671,723,460,1060,2731,1.0,0.6118637861589161,0.3881362138410839,1548,0.264738191138777,0.16843647015745147,0.5668253387037715
294,Harford,3854,Harford Precinct 01-010,2529,1195,940,1325,3854,1.0,0.656201349247535,0.34379865075246496,1719,0.3100674623767514,0.24390243902439024,0.44603009859885834
295,Harford,3035,Harford Precinct 01-019,1562,1020,414,1473,3035,1.0,0.514662273476112,0.48533772652388796,1601,0.33607907742998355,0.13640856672158155,0.5275123558484349
296,Harford,1603,Harford Precinct 02-019,986,195,115,617,1603,1.0,0.6150966936993137,0.3849033063006862,1293,0.12164691203992514,0.07174048658764816,0.8066126013724267
297,Harford,2076,Harford Precinct 01-018,1562,638,620,514,2076,1.0,0.7524084778420038,0.24759152215799615,818,0.30732177263969174,0.29865125240847784,0.3940269749518304
298,Harford,1794,Harford Precinct 01-017,1518,340,534,276,1794,1.0,0.8461538461538461,0.15384615384615385,920,0.189520624303233,0.2976588628762542,0.5128205128205128
299,Harford,3477,Harford Precinct 01-016,2382,1018,767,1095,3477,1.0,0.6850733390854185,0.31492666091458155,1692,0.29278113316077076,0.22059246476847857,0.48662640207075064
300,Harford,3030,Harford Precinct 01-020,1753,1325,654,1277,3030,1.0,0.5785478547854785,0.42145214521452146,1051,0.4372937293729373,0.21584158415841584,0.3468646864686469
301,Harford,2453,Harford Precinct 03-020,2282,463,1142,171,2453,1.0,0.9302894415002039,0.06971055849979617,848,0.18874847125968203,0.465552384834896,0.34569914390542195
302,Harford,2703,Harford Precinct 03-002,2479,575,1228,224,2703,1.0,0.9171291157972623,0.0828708842027377,900,0.21272660007399186,0.4543100258971513,0.33296337402885684
303,Harford,1877,Harford Precinct 02-003,1397,442,419,480,1877,1.0,0.7442727757059137,0.2557272242940863,1016,0.23548215237080447,0.22322855620671284,0.5412892914224827
304,Harford,384,Harford Precinct 02-001,309,221,162,75,384,1.1712538226299694,0.8046875,0.1953125,1,0.5755208333333334,0.421875,0.0026041666666666665
305,Harford,2551,Harford Precinct 02-015,1517,767,385,1034,2551,1.0,0.5946687573500588,0.4053312426499412,1399,0.30066640533124267,0.15092120736965894,0.5484123872990984
306,Harford,3443,Harford Precinct 02-010,1918,890,430,1525,3443,1.0,0.5570723206505954,0.4429276793494046,2123,0.25849549811211153,0.12489108335753703,0.6166134185303515
307,Harford,2679,Harford Precinct 02-014,1630,615,278,1049,2679,1.0,0.6084359835759612,0.3915640164240388,1786,0.22956326987681971,0.10377006345651363,0.6666666666666666
308,Harford,2411,Harford Precinct 02-011,1702,774,640,709,2411,1.0,0.705931148900871,0.294068851099129,997,0.3210286188303608,0.2654500207382829,0.4135213604313563
309,Harford,264,Harford Precinct 02-004,242,35,72,22,264,1.0,0.9166666666666666,0.08333333333333333,157,0.13257575757575757,0.2727272727272727,0.5946969696969697
310,Harford,3615,Harford Precinct 02-002,3332,842,1606,283,3615,1.0,0.9217150760719225,0.07828492392807745,1167,0.23291839557399724,0.44426002766251727,0.3228215767634855
311,Kent,703,Kent Precinct 03-002,547,234,168,156,703,1.0,0.7780938833570412,0.22190611664295876,301,0.3328591749644381,0.23897581792318634,0.42816500711237554
312,Harford,295,Harford Precinct 02-005,242,21,44,53,295,1.0,0.8203389830508474,0.17966101694915254,230,0.0711864406779661,0.14915254237288136,0.7796610169491526
313,Harford,221,Harford Precinct 06-005,92,163,57,129,221,1.6058394160583942,0.416289592760181,0.583710407239819,1,0.7375565610859729,0.2579185520361991,0.004524886877828055
314,Harford,794,Harford Precinct 06-007,641,71,108,153,794,1.0,0.8073047858942065,0.19269521410579346,615,0.08942065491183879,0.13602015113350127,0.77455919395466
315,Harford,3367,Harford Precinct 06-006,2576,1225,1334,791,3367,1.0,0.7650727650727651,0.23492723492723494,808,0.36382536382536385,0.3961983961983962,0.23997623997623999
316,Harford,2179,Harford Precinct 06-003,1655,647,639,524,2179,1.0,0.7595227168425883,0.24047728315741165,893,0.296925195043598,0.2932537861404314,0.4098210188159706
317,Harford,2603,Harford Precinct 06-001,1942,683,466,661,2603,1.0,0.746062235881675,0.253937764118325,1454,0.26238955051863233,0.1790242028428736,0.5585862466384941
318,Harford,340,Harford Precinct 06-004,310,56,64,30,340,1.0,0.9117647058823529,0.08823529411764706,220,0.16470588235294117,0.18823529411764706,0.6470588235294118
319,Harford,1986,Harford Precinct 06-002,1564,748,800,422,1986,1.0,0.7875125881168177,0.21248741188318226,438,0.3766364551863041,0.4028197381671702,0.22054380664652568
320,Harford,1712,Harford Precinct 05-004,1537,332,716,175,1712,1.0,0.8977803738317757,0.1022196261682243,664,0.1939252336448598,0.4182242990654206,0.3878504672897196
321,Harford,2884,Harford Precinct 05-001,2747,457,1376,137,2884,1.0,0.95249653259362,0.04750346740638003,1051,0.1584604715672677,0.47711511789181693,0.3644244105409154
322,Cecil,3106,Cecil Precinct 08-001,2998,403,1318,108,3106,1.0,0.9652285898261429,0.03477141017385705,1385,0.12974887314874436,0.42433998712169996,0.4459111397295557
323,Cecil,2976,Cecil Precinct 07-001,2676,542,1335,300,2976,1.0,0.8991935483870968,0.10080645161290322,1099,0.1821236559139785,0.4485887096774194,0.36928763440860213
324,Cecil,2543,Cecil Precinct 06-002,2437,516,1428,106,2543,1.0,0.9583169484860401,0.04168305151395989,599,0.20290994887927644,0.5615414864333464,0.23554856468737712
325,Cecil,1360,Cecil Precinct 07-003,1200,180,256,160,1360,1.0,0.8823529411764706,0.11764705882352941,924,0.1323529411764706,0.18823529411764706,0.6794117647058824
326,Cecil,4824,Cecil Precinct 07-002,4018,978,1217,806,4824,1.0,0.8329187396351575,0.16708126036484244,2629,0.2027363184079602,0.25228026533996684,0.5449834162520729
327,Cecil,5437,Cecil Precinct 06-001,5216,652,1871,221,5437,1.0,0.9593525841456686,0.04064741585433143,2914,0.11991907301820857,0.3441235975721905,0.5359573294096008
328,Talbot,3502,Talbot Precinct 04-001,3079,736,1384,423,3502,1.0,0.8792118789263278,0.12078812107367219,1382,0.21016561964591662,0.39520274129069105,0.3946316390633923
329,Caroline,1679,Caroline Precinct 06-001,1505,279,586,174,1679,1.0,0.8963668850506253,0.10363311494937463,814,0.16617033948779036,0.3490172721858249,0.48481238832638474
330,Queen Anne's,1487,Queen Anne's Precinct 06-001,1354,276,672,133,1487,1.0,0.9105581708137189,0.0894418291862811,539,0.18560860793544048,0.4519166106254203,0.3624747814391392
331,Caroline,5431,Caroline Precinct 03-001,4422,902,1266,1009,5431,1.0,0.8142146934266249,0.18578530657337508,3263,0.16608359418155036,0.2331062419443933,0.6008101638740564
332,Caroline,2698,Caroline Precinct 07-001,2113,538,942,585,2698,1.0,0.7831727205337287,0.2168272794662713,1218,0.1994069681245367,0.3491475166790215,0.4514455151964418
333,Caroline,4170,Caroline Precinct 02-001,3650,569,1318,520,4170,1.0,0.8752997601918465,0.12470023980815348,2283,0.13645083932853716,0.3160671462829736,0.5474820143884892
334,Kent,1602,Kent Precinct 02-001,1238,383,502,364,1602,1.0,0.7727840199750312,0.2272159800249688,717,0.2390761548064919,0.31335830212234705,0.44756554307116103
335,Queen Anne's,2401,Queen Anne's Precinct 07-001,2007,561,685,394,2401,1.0,0.8359017076218243,0.16409829237817575,1155,0.23365264473136194,0.28529779258642235,0.48104956268221577
336,Queen Anne's,2015,Queen Anne's Precinct 01-001,1735,307,783,280,2015,1.0,0.8610421836228288,0.13895781637717122,925,0.1523573200992556,0.38858560794044666,0.45905707196029777
337,Caroline,2467,Caroline Precinct 01-001,1711,198,580,756,2467,1.0,0.6935549250101337,0.30644507498986623,1689,0.08025942440210783,0.23510336441021484,0.6846372111876773
338,Kent,1324,Kent Precinct 01-001,1011,326,441,313,1324,1.0,0.763595166163142,0.236404833836858,557,0.24622356495468278,0.3330815709969788,0.4206948640483384
339,Cecil,3990,Cecil Precinct 01-001,3666,766,1269,324,3990,1.0,0.9187969924812031,0.081203007518797,1955,0.19197994987468672,0.3180451127819549,0.4899749373433584
340,Anne Arundel,3247,Anne Arundel Precinct 07-009,2512,587,563,735,3247,1.0,0.7736372035725285,0.2263627964274715,2097,0.18078226054819835,0.17339082229750538,0.6458269171542963
341,Calvert,2692,Calvert Precinct 02-003,2313,556,992,379,2692,1.0,0.8592124814264487,0.14078751857355126,1144,0.2065378900445765,0.3684992570579495,0.424962852897474
342,Calvert,2653,Calvert Precinct 02-006,2176,607,841,477,2653,1.0,0.8202035431586883,0.17979645684131174,1205,0.22879758763663777,0.31699962306822466,0.4542027892951376
343,Calvert,3474,Calvert Precinct 02-008,2865,727,1021,609,3474,1.0,0.8246977547495682,0.17530224525043178,1726,0.20926885434657455,0.29389752446747264,0.4968336211859528
344,Calvert,3228,Calvert Precinct 03-003,2225,803,948,1003,3228,1.0,0.6892812887236679,0.3107187112763321,1477,0.24876084262701362,0.2936802973977695,0.45755885997521684
345,Calvert,1651,Calvert Precinct 02-007,1552,531,987,99,1651,1.0,0.9400363416111448,0.05996365838885524,133,0.32162325863113267,0.5978195033313144,0.08055723803755299
346,Calvert,2880,Calvert Precinct 03-005,2457,861,946,423,2880,1.0,0.853125,0.146875,1073,0.2989583333333333,0.3284722222222222,0.37256944444444445
347,Calvert,2230,Calvert Precinct 03-007,1946,717,1143,284,2230,1.0,0.8726457399103139,0.1273542600896861,370,0.32152466367713006,0.5125560538116591,0.16591928251121077
348,Calvert,3074,Calvert Precinct 03-004,2642,655,942,432,3074,1.0,0.8594664931685101,0.1405335068314899,1477,0.21307742355237475,0.30644111906310995,0.4804814573845153
349,Calvert,2683,Calvert Precinct 03-008,2217,1038,1042,466,2683,1.0,0.8263138278046962,0.17368617219530377,603,0.3868803578084234,0.3883712262392844,0.2247484159522922
350,Anne Arundel,2407,Anne Arundel Precinct 07-021,2072,605,905,335,2407,1.0,0.8608226007478189,0.13917739925218114,897,0.2513502285002077,0.3759867054424595,0.3726630660573328
351,Anne Arundel,2960,Anne Arundel Precinct 07-001,2718,787,1067,242,2960,1.0,0.9182432432432432,0.08175675675675675,1106,0.26587837837837835,0.360472972972973,0.37364864864864866
352,Frederick,4356,Frederick Precinct 01-001,3809,1385,1573,547,4356,1.0,0.8744260789715336,0.12557392102846648,1398,0.31795224977043157,0.3611111111111111,0.3209366391184573
353,Montgomery,2107,Montgomery Precinct 03-002,1792,988,853,315,2107,1.0,0.8504983388704319,0.14950166112956811,266,0.46891314665401046,0.4048410061699098,0.12624584717607973
354,Montgomery,2553,Montgomery Precinct 03-001,2159,1250,900,394,2553,1.0,0.8456717587152369,0.15432824128476302,403,0.48962005483744614,0.3525264394829612,0.15785350567959264
355,Montgomery,1784,Montgomery Precinct 11-000,1537,757,568,247,1784,1.0,0.8615470852017937,0.1384529147982063,459,0.42432735426008966,0.3183856502242152,0.25728699551569506
356,Frederick,2131,Frederick Precinct 07-001,1866,741,665,265,2131,1.0,0.8756452369779446,0.12435476302205538,725,0.34772407320506804,0.31206006569685596,0.340215861098076
357,Montgomery,2683,Montgomery Precinct 10-010,2126,1308,609,557,2683,1.0,0.7923965710026091,0.20760342899739098,766,0.4875139768915393,0.22698471859858368,0.285501304509877
358,Montgomery,2533,Montgomery Precinct 10-002,1848,853,654,685,2533,1.0,0.7295696802210817,0.2704303197789183,1026,0.336754836162653,0.2581918673509672,0.4050532964863798
359,Montgomery,1582,Montgomery Precinct 10-001,1196,565,374,386,1582,1.0,0.7560050568900126,0.24399494310998734,643,0.35714285714285715,0.23640960809102401,0.40644753476611883
360,Montgomery,1642,Montgomery Precinct 10-013,1102,709,238,540,1642,1.0,0.6711327649208283,0.32886723507917176,695,0.4317904993909866,0.14494518879415347,0.4232643118148599
361,Montgomery,2293,Montgomery Precinct 10-006,1631,1028,340,662,2293,1.0,0.7112952464020933,0.28870475359790665,925,0.44832097688617534,0.14827736589620585,0.40340165721761884
362,Montgomery,2754,Montgomery Precinct 10-007,2119,1295,527,635,2754,1.0,0.7694262890341321,0.23057371096586782,932,0.4702251270878722,0.19135802469135801,0.3384168482207698
363,Montgomery,2878,Montgomery Precinct 07-003,2258,1872,368,620,2878,1.0,0.7845726198749131,0.21542738012508686,638,0.65045170257123,0.12786657400972898,0.221681723419041
364,Montgomery,2119,Montgomery Precinct 07-022,1760,1420,262,359,2119,1.0,0.830580462482303,0.16941953751769703,437,0.6701274185936763,0.12364322793770646,0.20622935346861726
365,Montgomery,2648,Montgomery Precinct 10-009,1916,951,631,732,2648,1.0,0.7235649546827795,0.2764350453172205,1066,0.35913897280966767,0.23829305135951662,0.4025679758308157
366,Montgomery,1510,Montgomery Precinct 10-004,1093,732,237,417,1510,1.0,0.723841059602649,0.276158940397351,541,0.4847682119205298,0.15695364238410597,0.35827814569536426
367,Montgomery,2274,Montgomery Precinct 10-005,1625,1010,364,649,2274,1.0,0.7145998240985049,0.2854001759014952,900,0.4441512752858399,0.1600703605980651,0.39577836411609496
368,Montgomery,3358,Montgomery Precinct 04-012,2173,1582,530,1185,3358,1.0,0.6471113758189398,0.35288862418106015,1246,0.47111375818939843,0.15783204288266825,0.3710541989279333
369,Montgomery,2320,Montgomery Precinct 10-003,1721,1129,472,599,2320,1.0,0.7418103448275862,0.25818965517241377,719,0.4866379310344828,0.20344827586206896,0.3099137931034483
370,Montgomery,3272,Montgomery Precinct 07-015,2621,1887,508,651,3272,1.0,0.801039119804401,0.19896088019559902,877,0.5767114914425427,0.1552567237163814,0.2680317848410758
371,St. Mary's,2659,St. Mary's Precinct 07-001,2221,652,846,438,2659,1.0,0.8352764197066567,0.16472358029334336,1161,0.2452049642722828,0.31816472358029335,0.4366303121474238
372,St. Mary's,2636,St. Mary's Precinct 04-003,2211,535,899,425,2636,1.0,0.8387708649468892,0.16122913505311076,1202,0.20295902883156297,0.34104704097116845,0.4559939301972686
373,St. Mary's,2127,St. Mary's Precinct 04-002,1873,321,685,254,2127,1.0,0.8805829807240244,0.11941701927597555,1121,0.15091678420310295,0.3220498354489892,0.5270333803479078
374,St. Mary's,2525,St. Mary's Precinct 03-002,1979,638,701,546,2525,1.0,0.7837623762376238,0.21623762376237624,1186,0.2526732673267327,0.27762376237623765,0.4697029702970297
375,St. Mary's,2671,St. Mary's Precinct 04-001,2400,494,1090,271,2671,1.0,0.8985398727068513,0.10146012729314863,1087,0.18494945713216024,0.4080868588543617,0.4069636840134781
376,St. Mary's,3052,St. Mary's Precinct 05-001,2652,638,1201,400,3052,1.0,0.8689384010484927,0.1310615989515072,1213,0.209043250327654,0.3935124508519004,0.39744429882044563
377,St. Mary's,3010,St. Mary's Precinct 05-002,2584,542,999,426,3010,1.0,0.8584717607973422,0.1415282392026578,1469,0.18006644518272424,0.3318936877076412,0.48803986710963454
378,Charles,2571,Charles Precinct 09-002,1957,654,843,614,2571,1.0,0.7611824192921043,0.23881758070789577,1074,0.2543757292882147,0.3278879813302217,0.4177362893815636
379,St. Mary's,2846,St. Mary's Precinct 05-003,2609,362,1060,237,2846,1.0,0.9167252283907238,0.08327477160927618,1424,0.12719606465214336,0.3724525650035137,0.500351370344343
380,St. Mary's,2045,St. Mary's Precinct 03-001,1545,549,728,500,2045,1.0,0.7555012224938875,0.24449877750611246,768,0.2684596577017115,0.35599022004889974,0.3755501222493888
381,St. Mary's,2258,St. Mary's Precinct 06-004,1826,317,630,432,2258,1.0,0.8086802480070859,0.1913197519929141,1311,0.1403897254207263,0.27900797165633306,0.5806023029229407
382,St. Mary's,2382,St. Mary's Precinct 06-002,2168,357,849,214,2382,1.0,0.910159529806885,0.08984047019311503,1176,0.14987405541561713,0.35642317380352645,0.49370277078085645
383,St. Mary's,2804,St. Mary's Precinct 03-005,2463,611,1021,341,2804,1.0,0.8783880171184023,0.12161198288159772,1172,0.21790299572039942,0.36412268188302427,0.41797432239657634
384,St. Mary's,1613,St. Mary's Precinct 06-001,1464,281,520,149,1613,1.0,0.907625542467452,0.09237445753254804,812,0.17420954742715436,0.32238065716057035,0.5034097954122753
385,Calvert,3560,Calvert Precinct 02-002,2532,735,929,1028,3560,1.0,0.7112359550561798,0.28876404494382024,1896,0.20646067415730338,0.26095505617977527,0.5325842696629214
386,Calvert,3011,Calvert Precinct 02-001,2414,776,1034,597,3011,1.0,0.8017270009963468,0.19827299900365328,1201,0.2577216871471272,0.34340750581202256,0.3988708070408502
387,Charles,2356,Charles Precinct 09-001,1447,876,631,909,2356,1.0,0.6141765704584041,0.38582342954159593,849,0.37181663837011886,0.26782682512733447,0.3603565365025467
388,Prince George's,1692,Prince George's Precinct 08-001,980,475,279,712,1692,1.0,0.5791962174940898,0.42080378250591016,938,0.28073286052009455,0.16489361702127658,0.5543735224586288
389,Prince George's,2531,Prince George's Precinct 11-002,511,1646,167,2020,2531,1.0,0.20189648360331885,0.7981035163966812,718,0.6503358356380877,0.06598182536546819,0.2836823389964441
390,Prince George's,3507,Prince George's Precinct 15-001,574,2267,186,2933,3507,1.0,0.16367265469061876,0.8363273453093812,1054,0.6464214428286285,0.05303678357570573,0.3005417735956658
391,Prince George's,3267,Prince George's Precinct 15-004,469,1952,166,2798,3267,1.0,0.1435567799204163,0.8564432200795837,1149,0.5974900520355065,0.05081114172023263,0.3516988062442608
392,Prince George's,2065,Prince George's Precinct 04-001,1341,690,444,724,2065,1.0,0.6493946731234866,0.3506053268765133,931,0.3341404358353511,0.21501210653753028,0.45084745762711864
393,Calvert,2367,Calvert Precinct 03-006,2018,642,1072,349,2367,1.0,0.8525559780312632,0.1474440219687368,653,0.27122940430925224,0.45289395859738063,0.2758766370933671
394,Prince George's,1133,Prince George's Precinct 03-001,419,569,135,714,1133,1.0,0.3698146513680494,0.6301853486319505,429,0.502206531332745,0.11915269196822595,0.3786407766990291
395,Frederick,5452,Frederick Precinct 05-001,4981,740,1323,471,5452,1.0,0.9136096845194424,0.08639031548055759,3389,0.13573000733675716,0.24266324284666177,0.621606749816581
396,Carroll,1084,Carroll Precinct 10-001,1040,140,478,44,1084,1.0,0.959409594095941,0.04059040590405904,466,0.12915129151291513,0.44095940959409596,0.42988929889298894
397,Carroll,7012,Carroll Precinct 01-001,6558,1033,2303,454,7012,1.0,0.9352538505419281,0.06474614945807187,3676,0.14731888191671422,0.32843696520251,0.5242441528807759
398,Carroll,1424,Carroll Precinct 02-001,1389,290,661,35,1424,1.0,0.9754213483146067,0.02457865168539326,473,0.20365168539325842,0.46418539325842695,0.3321629213483146
399,Carroll,1786,Carroll Precinct 02-002,1731,317,835,55,1786,1.0,0.9692049272116461,0.030795072788353865,634,0.177491601343785,0.467525195968645,0.35498320268757
400,Prince George's,1983,Prince George's Precinct 12-002,167,874,57,1816,1983,1.0,0.08421583459404942,0.9157841654059505,1052,0.44074634392334844,0.028744326777609682,0.5305093292990418
401,Prince George's,4528,Prince George's Precinct 12-009,53,1276,28,4475,4528,1.0,0.011704946996466431,0.9882950530035336,3224,0.28180212014134276,0.006183745583038869,0.7120141342756183
402,Prince George's,4488,Prince George's Precinct 12-004,126,1704,52,4362,4488,1.0,0.02807486631016043,0.9719251336898396,2732,0.37967914438502676,0.011586452762923352,0.6087344028520499
403,Prince George's,4072,Prince George's Precinct 12-006,80,1509,47,3992,4072,1.0,0.019646365422396856,0.9803536345776032,2516,0.3705795677799607,0.011542239685658153,0.6178781925343811
404,Prince George's,3288,Prince George's Precinct 12-012,212,1369,53,3076,3288,1.0,0.06447688564476886,0.9355231143552312,1866,0.4163625304136253,0.016119221411192215,0.5675182481751825
405,Prince George's,2724,Prince George's Precinct 12-016,113,1058,40,2611,2724,1.0,0.041483113069016156,0.9585168869309838,1626,0.38839941262848754,0.014684287812041116,0.5969162995594713
406,Prince George's,3144,Prince George's Precinct 12-003,178,1268,38,2966,3144,1.0,0.056615776081424936,0.943384223918575,1838,0.4033078880407125,0.012086513994910942,0.5846055979643766
407,Prince George's,1980,Prince George's Precinct 12-007,69,1173,64,1911,1980,1.0,0.03484848484848485,0.9651515151515152,743,0.5924242424242424,0.03232323232323232,0.3752525252525252
408,Prince George's,1110,Prince George's Precinct 12-017,127,282,6,983,1110,1.0,0.11441441441441441,0.8855855855855855,822,0.25405405405405407,0.005405405405405406,0.7405405405405405
409,Prince George's,3753,Prince George's Precinct 12-013,94,1694,45,3659,3753,1.0,0.025046629363176125,0.9749533706368239,2014,0.4513722355448974,0.011990407673860911,0.5366373567812417
410,Prince George's,2131,Prince George's Precinct 06-008,57,1047,35,2074,2131,1.0,0.02674800563115908,0.9732519943688409,1049,0.4913186297512905,0.01642421398404505,0.4922571562646645
411,Prince George's,4750,Prince George's Precinct 06-017,139,1727,43,4611,4750,1.0,0.02926315789473684,0.9707368421052631,2980,0.36357894736842106,0.009052631578947368,0.6273684210526316
412,Prince George's,2691,Prince George's Precinct 06-009,88,1105,35,2603,2691,1.0,0.032701597918989224,0.9672984020810108,1551,0.4106280193236715,0.013006317354143442,0.5763656633221851
413,Prince George's,2205,Prince George's Precinct 06-012,55,1047,25,2150,2205,1.0,0.024943310657596373,0.9750566893424036,1133,0.4748299319727891,0.011337868480725623,0.5138321995464853
414,Montgomery,1927,Montgomery Precinct 07-005,1663,1256,297,264,1927,1.0,0.8629994810586403,0.13700051894135962,374,0.651790347690711,0.15412558380902958,0.19408406850025947
415,Montgomery,2403,Montgomery Precinct 13-039,1605,1467,193,798,2403,1.0,0.6679151061173533,0.33208489388264667,743,0.6104868913857678,0.08031627132750728,0.3091968372867249
416,Montgomery,4752,Montgomery Precinct 13-047,2084,2370,130,2668,4752,1.0,0.4385521885521885,0.5614478114478114,2252,0.49873737373737376,0.027356902356902357,0.4739057239057239
417,Montgomery,2398,Montgomery Precinct 13-004,1617,2005,94,781,2398,1.0,0.6743119266055045,0.3256880733944954,299,0.8361134278565471,0.03919933277731443,0.12468723936613844
418,Montgomery,3101,Montgomery Precinct 13-008,1299,1417,99,1802,3101,1.0,0.41889712995807804,0.581102870041922,1585,0.45694937117059015,0.03192518542405676,0.5111254434053532
419,Montgomery,2029,Montgomery Precinct 13-003,1652,1355,315,377,2029,1.0,0.8141941843272548,0.1858058156727452,359,0.6678166584524396,0.15524889107934944,0.17693445046821094
420,Montgomery,3334,Montgomery Precinct 13-016,768,1405,112,2566,3334,1.0,0.23035392921415718,0.7696460707858428,1817,0.42141571685662865,0.033593281343731254,0.5449910017996401
421,Montgomery,2788,Montgomery Precinct 13-065,1261,931,51,1527,2788,1.0,0.45229555236728836,0.5477044476327116,1806,0.33393113342898134,0.018292682926829267,0.6477761836441894
422,Montgomery,2551,Montgomery Precinct 13-007,1648,1704,177,903,2551,1.0,0.6460211681693454,0.35397883183065465,670,0.6679733437867503,0.06938455507644062,0.2626421011368091
423,Montgomery,2274,Montgomery Precinct 13-024,1361,1453,234,913,2274,1.0,0.5985048372911169,0.401495162708883,587,0.63896218117854,0.10290237467018469,0.25813544415127526
424,Baltimore County,2889,Baltimore County Precinct 11-019,2270,746,665,619,2889,1.0,0.7857390100380754,0.21426098996192455,1478,0.25822083766009,0.2301834544825199,0.5115957078573901
425,Baltimore County,4130,Baltimore County Precinct 14-003,2875,1103,672,1255,4130,1.0,0.6961259079903148,0.30387409200968524,2355,0.26707021791767555,0.16271186440677965,0.5702179176755447
426,Baltimore County,1265,Baltimore County Precinct 11-013,891,298,237,374,1265,1.0,0.7043478260869566,0.2956521739130435,730,0.23557312252964427,0.18735177865612648,0.5770750988142292
427,Baltimore County,3157,Baltimore County Precinct 15-010,2444,736,586,713,3157,1.0,0.774152676591701,0.22584732340829902,1835,0.233132720937599,0.1856192587899905,0.5812480202724105
428,Baltimore County,5523,Baltimore County Precinct 15-005,2822,1745,1120,2701,5523,1.0,0.5109541915625566,0.48904580843744344,2658,0.31595147564729315,0.20278833967046894,0.4812601846822379
429,Baltimore County,1411,Baltimore County Precinct 15-009,1311,291,505,100,1411,1.0,0.9291282778171509,0.07087172218284904,615,0.20623671155209072,0.35790219702338766,0.4358610914245216
430,Baltimore County,6204,Baltimore County Precinct 15-004,4276,996,434,1928,6204,1.0,0.6892327530625403,0.3107672469374597,4774,0.16054158607350097,0.06995486782720825,0.7695035460992907
431,Baltimore County,3736,Baltimore County Precinct 11-012,3099,916,1054,637,3736,1.0,0.8294967880085653,0.1705032119914347,1766,0.24518201284796573,0.2821199143468951,0.4726980728051392
432,Baltimore County,2443,Baltimore County Precinct 11-007,2053,1089,1353,390,2443,1.0544041450777202,0.8403602128530495,0.15963978714695046,1,0.44576340564879247,0.5538272615636513,0.00040933278755628325
433,Baltimore County,2818,Baltimore County Precinct 11-014,2465,669,886,353,2818,1.0,0.8747338537970192,0.12526614620298085,1263,0.23740241305890702,0.3144073811213627,0.4481902058197303
434,Baltimore County,2037,Baltimore County Precinct 11-006,1892,464,795,145,2037,1.0,0.9288168875797742,0.07118311242022582,778,0.22778595974472263,0.390279823269514,0.38193421698576335
435,Baltimore County,3470,Baltimore County Precinct 11-022,2749,990,1180,721,3470,1.0,0.7922190201729107,0.20778097982708935,1300,0.28530259365994237,0.3400576368876081,0.3746397694524496
436,Baltimore County,2386,Baltimore County Precinct 11-005,1880,611,898,506,2386,1.0,0.787929589270746,0.21207041072925398,877,0.2560771165129925,0.3763621123218776,0.3675607711651299
437,Baltimore County,4029,Baltimore County Precinct 11-003,3873,762,2123,156,4029,1.0,0.9612807148175726,0.0387192851824274,1144,0.18912881608339538,0.5269297592454704,0.28394142467113426
438,Baltimore County,2502,Baltimore County Precinct 11-001,2338,653,1008,164,2502,1.0,0.9344524380495604,0.06554756195043965,841,0.2609912070343725,0.4028776978417266,0.3361310951239009
439,Baltimore County,300,Baltimore County Precinct 10-005,276,105,167,24,300,1.0,0.92,0.08,28,0.35,0.5566666666666666,0.09333333333333334
440,Baltimore County,1364,Baltimore County Precinct 10-003,1284,343,614,80,1364,1.0,0.9413489736070382,0.05865102639296188,407,0.25146627565982405,0.4501466275659824,0.29838709677419356
441,Harford,2560,Harford Precinct 04-002,2438,517,1336,122,2560,1.0,0.95234375,0.04765625,707,0.201953125,0.521875,0.276171875
442,Baltimore County,3090,Baltimore County Precinct 11-002,2978,600,1287,112,3090,1.0,0.9637540453074434,0.036245954692556634,1203,0.1941747572815534,0.41650485436893203,0.38932038834951455
443,Harford,2984,Harford Precinct 03-006,2861,672,1493,123,2984,1.0,0.9587801608579088,0.04121983914209115,819,0.225201072386059,0.5003351206434317,0.27446380697050937
444,Harford,3240,Harford Precinct 04-005,3026,637,1454,214,3240,1.0,0.9339506172839506,0.06604938271604938,1149,0.19660493827160494,0.4487654320987654,0.35462962962962963
445,Baltimore County,3678,Baltimore County Precinct 15-007,2778,748,697,900,3678,1.0,0.7553017944535073,0.24469820554649266,2233,0.20337139749864055,0.189505165851006,0.6071234366503534
446,Baltimore County,2060,Baltimore County Precinct 15-025,1956,746,1107,104,2060,1.0,0.9495145631067962,0.05048543689320388,207,0.36213592233009706,0.5373786407766991,0.10048543689320388
447,Baltimore County,3091,Baltimore County Precinct 15-008,2496,689,816,595,3091,1.0,0.8075056615981883,0.1924943384018117,1586,0.22290520867033323,0.26399223552248463,0.5131025558071821
448,Baltimore County,2662,Baltimore County Precinct 15-006,2499,516,1215,163,2662,1.0,0.9387678437265214,0.06123215627347859,931,0.19383921863260706,0.4564237415477085,0.34973703981968446
449,Baltimore County,2544,Baltimore County Precinct 11-004,1999,683,865,545,2544,1.0,0.7857704402515723,0.21422955974842767,996,0.2684748427672956,0.3400157232704403,0.3915094339622642
450,Baltimore County,86,Baltimore County Precinct 11-020,73,8,27,13,86,1.0,0.8488372093023255,0.1511627906976744,51,0.09302325581395349,0.313953488372093,0.5930232558139535
451,Harford,2747,Harford Precinct 01-045,2393,673,978,354,2747,1.0,0.8711321441572625,0.12886785584273752,1096,0.24499453949763378,0.3560247542773935,0.39898070622497267
452,Prince George's,2194,Prince George's Precinct 12-008,175,1047,35,2019,2194,1.0,0.07976298997265269,0.9202370100273473,1112,0.4772105742935278,0.015952597994530537,0.5068368277119416
453,Prince George's,2657,Prince George's Precinct 12-015,108,1391,59,2549,2657,1.0,0.04064734663153933,0.9593526533684607,1207,0.5235227700414,0.02220549491908167,0.45427173503951823
454,Charles,3603,Charles Precinct 06-006,1784,1304,500,1819,3603,1.0,0.49514293644185403,0.504857063558146,1799,0.36192062170413547,0.13877324451845685,0.49930613377740773
455,Charles,2547,Charles Precinct 06-018,447,1964,156,2100,2547,1.0,0.17550058892815076,0.8244994110718492,427,0.7711032587357676,0.061248527679623084,0.16764821358460935
456,Charles,2806,Charles Precinct 06-009,1003,1177,165,1803,2806,1.0,0.357448325017819,0.642551674982181,1464,0.4194583036350677,0.05880256593014968,0.5217391304347826
457,Charles,2084,Charles Precinct 06-008,812,895,182,1272,2084,1.0,0.3896353166986564,0.6103646833013435,1007,0.42946257197696736,0.0873320537428023,0.4832053742802303
458,Charles,2626,Charles Precinct 06-016,1097,812,224,1529,2626,1.0,0.41774562071591775,0.5822543792840823,1590,0.3092155369383092,0.0853008377760853,0.6054836252856055
459,Charles,3458,Charles Precinct 06-015,1025,1185,147,2433,3458,1.0,0.2964141122035859,0.7035858877964141,2126,0.34268363215731634,0.04251012145748988,0.6148062463851938
460,Charles,1862,Charles Precinct 06-011,599,1129,223,1263,1862,1.0,0.3216970998925886,0.6783029001074113,510,0.6063372717508055,0.11976369495166488,0.2738990332975295
461,Charles,3992,Charles Precinct 06-007,1423,1315,242,2569,3992,1.0,0.3564629258517034,0.6435370741482966,2435,0.3294088176352705,0.06062124248496994,0.6099699398797596
462,Charles,2617,Charles Precinct 06-005,575,1960,174,2042,2617,1.0,0.21971723347344288,0.7802827665265571,483,0.7489491784486053,0.06648834543370272,0.18456247611769203
463,Charles,1743,Charles Precinct 06-017,855,738,209,888,1743,1.0,0.4905335628227194,0.5094664371772806,796,0.423407917383821,0.11990820424555364,0.45668387837062535
464,Charles,2599,Charles Precinct 06-022,659,1135,137,1940,2599,1.0,0.2535590611773759,0.7464409388226241,1327,0.4367064255482878,0.052712581762216236,0.510580992689496
465,Charles,1568,Charles Precinct 06-012,649,720,148,919,1568,1.0,0.4139030612244898,0.5860969387755102,700,0.45918367346938777,0.09438775510204081,0.44642857142857145
466,Charles,2347,Charles Precinct 08-004,1718,1618,633,629,2347,1.0,0.731998295696634,0.268001704303366,96,0.6893907115466553,0.26970600766936514,0.04090328078397955
467,Charles,1345,Charles Precinct 08-005,1032,120,149,313,1345,1.0,0.7672862453531598,0.23271375464684016,1076,0.08921933085501858,0.11078066914498141,0.8
468,Charles,2167,Charles Precinct 08-003,1317,767,328,850,2167,1.0,0.6077526534379326,0.3922473465620674,1072,0.35394554683894786,0.15136132902630364,0.4946931241347485
469,Charles,2164,Charles Precinct 08-002,1349,850,508,815,2164,1.0,0.6233826247689463,0.3766173752310536,806,0.3927911275415896,0.23475046210720887,0.3724584103512015
470,Prince George's,3323,Prince George's Precinct 09-007,221,2138,96,3102,3323,1.0,0.06650616912428528,0.9334938308757147,1089,0.6433945230213662,0.02888955762864881,0.32771591934998495
471,Prince George's,2034,Prince George's Precinct 09-004,273,1253,77,1761,2034,1.0,0.13421828908554573,0.8657817109144543,704,0.6160275319567355,0.037856440511307765,0.34611602753195675
472,Prince George's,3032,Prince George's Precinct 09-005,266,1560,71,2766,3032,1.0,0.08773087071240106,0.912269129287599,1401,0.5145118733509235,0.02341688654353562,0.4620712401055409
473,Prince George's,3691,Prince George's Precinct 09-001,425,2134,119,3266,3691,1.0,0.11514494716878895,0.884855052831211,1438,0.5781630994310485,0.032240585207260905,0.3895963153616906
474,Prince George's,2377,Prince George's Precinct 09-010,356,1307,94,2021,2377,1.0,0.14976861590239798,0.850231384097602,976,0.5498527555742533,0.03954564577198149,0.4106015986537653
475,Prince George's,3501,Prince George's Precinct 09-002,398,1483,94,3103,3501,1.0,0.11368180519851472,0.8863181948014853,1924,0.4235932590688375,0.0268494715795487,0.5495572693516139
476,Prince George's,4703,Prince George's Precinct 09-008,452,2848,134,4251,4703,1.0,0.09610886668084201,0.9038911333191579,1721,0.6055709121837125,0.028492451626621305,0.36593663618966615
477,Prince George's,2747,Prince George's Precinct 09-006,357,2039,93,2390,2747,1.0,0.12995995631598106,0.8700400436840189,615,0.742264288314525,0.03385511467054969,0.22388059701492538
478,Prince George's,2996,Prince George's Precinct 11-004,894,2718,277,2102,2996,1.046470999301188,0.2983978638184246,0.7016021361815754,1,0.9072096128170895,0.092456608811749,0.0003337783711615487
479,Prince George's,2840,Prince George's Precinct 11-001,589,1588,184,2251,2840,1.0,0.2073943661971831,0.7926056338028169,1068,0.5591549295774648,0.0647887323943662,0.376056338028169
480,Prince George's,4018,Prince George's Precinct 09-011,519,1954,165,3499,4018,1.0,0.12916874066699852,0.8708312593330015,1899,0.48631159780985567,0.04106520657043305,0.4726231956197113
481,Prince George's,1565,Prince George's Precinct 09-009,577,733,104,988,1565,1.0,0.36869009584664536,0.6313099041533546,728,0.468370607028754,0.06645367412140575,0.46517571884984027
482,Prince George's,3439,Prince George's Precinct 11-003,484,2201,145,2955,3439,1.0,0.14073858679848794,0.8592614132015121,1093,0.6400116312881652,0.04216341959872056,0.31782494911311426
483,Prince George's,2108,Prince George's Precinct 15-003,209,1390,78,1899,2108,1.0,0.099146110056926,0.900853889943074,640,0.6593927893738141,0.03700189753320683,0.3036053130929791
484,Prince George's,1021,Prince George's Precinct 01-007,608,811,209,413,1021,1.540785498489426,0.5954946131243879,0.40450538687561216,1,0.7943192948090108,0.20470127326150833,0.0009794319294809011
485,Prince George's,2108,Prince George's Precinct 06-014,231,712,36,1877,2108,1.0,0.10958254269449716,0.8904174573055028,1360,0.3377609108159393,0.017077798861480076,0.6451612903225806
486,Prince George's,1176,Prince George's Precinct 06-002,134,715,38,1042,1176,1.0,0.11394557823129252,0.8860544217687075,423,0.6079931972789115,0.03231292517006803,0.3596938775510204
487,Prince George's,2560,Prince George's Precinct 06-013,365,1390,93,2195,2560,1.0,0.142578125,0.857421875,1077,0.54296875,0.036328125,0.420703125
488,Prince George's,3164,Prince George's Precinct 06-024,123,927,34,3041,3164,1.0,0.0388748419721871,0.9611251580278128,2203,0.29298356510745893,0.010745891276864728,0.6962705436156763
489,Prince George's,3700,Prince George's Precinct 06-015,61,1547,34,3639,3700,1.0,0.016486486486486488,0.9835135135135135,2119,0.4181081081081081,0.009189189189189189,0.5727027027027027
490,Prince George's,576,Prince George's Precinct 06-021,41,317,9,535,576,1.0,0.07118055555555555,0.9288194444444444,250,0.5503472222222222,0.015625,0.4340277777777778
491,Prince George's,4119,Prince George's Precinct 06-004,104,1419,41,4015,4119,1.0,0.02524884680747754,0.9747511531925225,2659,0.3445010924981792,0.009953872299101723,0.6455450352027191
492,Prince George's,4084,Prince George's Precinct 06-022,93,1861,53,3991,4084,1.0,0.02277179236043095,0.9772282076395691,2170,0.45568070519098924,0.01297747306562194,0.5313418217433888
493,Prince George's,3744,Prince George's Precinct 06-006,97,1375,45,3647,3744,1.0,0.02590811965811966,0.9740918803418803,2324,0.36725427350427353,0.01201923076923077,0.6207264957264957
494,Prince George's,2295,Prince George's Precinct 06-018,268,1102,69,2027,2295,1.0,0.11677559912854031,0.8832244008714597,1124,0.4801742919389978,0.030065359477124184,0.489760348583878
495,Prince George's,4108,Prince George's Precinct 06-007,492,2141,120,3616,4108,1.0,0.11976630963972736,0.8802336903602727,1847,0.5211781888997079,0.029211295034079845,0.4496105160662123
496,Prince George's,1925,Prince George's Precinct 09-003,1159,165,65,766,1925,1.0,0.6020779220779221,0.3979220779220779,1695,0.08571428571428572,0.033766233766233764,0.8805194805194805
497,Prince George's,3624,Prince George's Precinct 06-016,134,1419,37,3490,3624,1.0,0.0369757174392936,0.9630242825607064,2168,0.39155629139072845,0.01020971302428256,0.5982339955849889
498,Prince George's,1985,Prince George's Precinct 06-005,102,1030,30,1883,1985,1.0,0.05138539042821159,0.9486146095717884,925,0.5188916876574308,0.015113350125944584,0.4659949622166247
499,Prince George's,3207,Prince George's Precinct 06-010,129,1356,50,3078,3207,1.0,0.040224508886810104,0.9597754911131899,1801,0.42282507015902715,0.015590894917368257,0.5615840349236046
500,Prince George's,2204,Prince George's Precinct 06-011,132,1398,44,2072,2204,1.0,0.05989110707803993,0.9401088929219601,762,0.6343012704174229,0.019963702359346643,0.3457350272232305
501,Prince George's,3824,Prince George's Precinct 06-001,272,1794,55,3552,3824,1.0,0.07112970711297072,0.9288702928870293,1975,0.46914225941422594,0.014382845188284518,0.5164748953974896
502,Prince George's,4367,Prince George's Precinct 06-003,124,1973,51,4243,4367,1.0,0.028394779024501948,0.9716052209754981,2343,0.4517975727043737,0.011678497824593542,0.5365239294710328
503,Prince George's,2231,Prince George's Precinct 18-011,68,920,32,2163,2231,1.0,0.03047960555804572,0.9695203944419543,1279,0.41237113402061853,0.014343343792021516,0.57328552218736
504,Prince George's,2252,Prince George's Precinct 18-004,81,876,29,2171,2252,1.0,0.03596802841918295,0.9640319715808171,1347,0.38898756660746003,0.012877442273534635,0.5981349911190054
505,Prince George's,3235,Prince George's Precinct 18-001,86,1628,28,3149,3235,1.0,0.026584234930448224,0.9734157650695517,1579,0.5032457496136012,0.00865533230293663,0.4880989180834621
506,Prince George's,1927,Prince George's Precinct 02-007,906,1098,230,1021,1927,1.0,0.4701608718214842,0.5298391281785159,599,0.5697976128697457,0.1193565127140633,0.310845874416191
507,Prince George's,1859,Prince George's Precinct 18-005,22,728,17,1837,1859,1.0,0.011834319526627219,0.9881656804733728,1114,0.3916083916083916,0.00914470145239376,0.5992469069392147
508,Prince George's,2460,Prince George's Precinct 18-003,23,999,16,2437,2460,1.0,0.00934959349593496,0.990650406504065,1445,0.4060975609756098,0.0065040650406504065,0.5873983739837398
509,Prince George's,158,Prince George's Precinct 18-012,5,55,3,153,158,1.0,0.03164556962025317,0.9683544303797469,100,0.34810126582278483,0.0189873417721519,0.6329113924050633
510,Prince George's,3010,Prince George's Precinct 02-003,624,1350,174,2386,3010,1.0,0.20730897009966778,0.7926910299003322,1486,0.4485049833887043,0.05780730897009967,0.493687707641196
511,Prince George's,1792,Prince George's Precinct 18-009,52,1221,40,1740,1792,1.0,0.029017857142857144,0.9709821428571429,531,0.6813616071428571,0.022321428571428572,0.2963169642857143
512,Prince George's,2682,Prince George's Precinct 06-019,56,1188,32,2626,2682,1.0,0.020879940343027592,0.9791200596569725,1462,0.4429530201342282,0.011931394481730051,0.5451155853840418
513,Prince George's,2589,Prince George's Precinct 18-007,40,1395,45,2549,2589,1.0,0.01544998068752414,0.9845500193124759,1149,0.5388180764774044,0.01738122827346466,0.44380069524913096
514,Prince George's,1021,Prince George's Precinct 18-010,7,525,11,1014,1021,1.0,0.0068560235063663075,0.9931439764936337,485,0.5142017629774731,0.010773751224289911,0.47502448579823703
515,Prince George's,3626,Prince George's Precinct 18-006,28,1796,40,3598,3626,1.0,0.007722007722007722,0.9922779922779923,1790,0.49531163816878104,0.011031439602868174,0.4936569222283508
516,Prince George's,2067,Prince George's Precinct 18-002,31,831,23,2036,2067,1.0,0.014997581035316884,0.9850024189646831,1213,0.4020319303338171,0.011127237542331882,0.586840832123851
517,Prince George's,1716,Prince George's Precinct 18-008,12,860,23,1704,1716,1.0,0.006993006993006993,0.993006993006993,833,0.5011655011655012,0.013403263403263404,0.48543123543123545
518,Prince George's,2019,Prince George's Precinct 13-017,34,1003,35,1985,2019,1.0,0.016840019811788013,0.9831599801882119,981,0.4967805844477464,0.01733531451213472,0.48588410104011887
519,Prince George's,3377,Prince George's Precinct 13-002,56,1116,30,3321,3377,1.0,0.01658276576843352,0.9834172342315665,2231,0.33047083209949657,0.008883624518803672,0.6606455433816998
520,Prince George's,3376,Prince George's Precinct 13-016,73,1736,27,3303,3376,1.0,0.021623222748815167,0.9783767772511849,1613,0.514218009478673,0.007997630331753554,0.4777843601895735
521,Prince George's,1837,Prince George's Precinct 06-023,120,919,41,1717,1837,1.0,0.065323897659227,0.934676102340773,877,0.5002721829069134,0.02231899836690256,0.477408818726184
522,Prince George's,2581,Prince George's Precinct 15-006,524,1719,134,2057,2581,1.0,0.2030220844633863,0.7969779155366137,728,0.6660209221232081,0.05191786129407207,0.2820612165827199
523,Prince George's,1999,Prince George's Precinct 15-002,281,1909,89,1718,1999,1.0471698113207548,0.14057028514257128,0.8594297148574287,1,0.9549774887443722,0.04452226113056528,0.0005002501250625312
524,Prince George's,3547,Prince George's Precinct 06-020,113,1866,57,3434,3547,1.0,0.0318579080913448,0.9681420919086552,1624,0.5260783760924725,0.016069918240766846,0.45785170566676064
525,Prince George's,3847,Prince George's Precinct 13-009,155,1716,52,3692,3847,1.0,0.04029113595009098,0.9597088640499091,2079,0.4460618663893943,0.01351702625422407,0.5404211073563816
526,Prince George's,3713,Prince George's Precinct 13-007,71,2639,62,3642,3713,1.0,0.019122003770535956,0.980877996229464,1012,0.7107460274710476,0.016698087799622948,0.2725558847293294
527,Prince George's,2328,Prince George's Precinct 13-001,22,719,22,2306,2328,1.0,0.009450171821305841,0.9905498281786942,1587,0.3088487972508591,0.009450171821305841,0.6817010309278351
528,Prince George's,3108,Prince George's Precinct 13-008,39,866,24,3069,3108,1.0,0.012548262548262547,0.9874517374517374,2218,0.27863577863577865,0.007722007722007722,0.7136422136422137
529,Prince George's,2837,Prince George's Precinct 13-014,46,2449,93,2791,2837,1.0,0.016214310891787098,0.9837856891082128,295,0.8632358124779697,0.032781106802960876,0.10398308071906943
530,Prince George's,2601,Prince George's Precinct 13-006,72,1614,53,2529,2601,1.0,0.02768166089965398,0.972318339100346,934,0.6205305651672434,0.020376778162245292,0.3590926566705113
531,Prince George's,2331,Prince George's Precinct 13-004,111,1112,45,2220,2331,1.0,0.047619047619047616,0.9523809523809523,1174,0.477048477048477,0.019305019305019305,0.5036465036465037
532,Prince George's,3707,Prince George's Precinct 13-010,139,2618,73,3568,3707,1.0,0.03749662800107904,0.962503371998921,1016,0.7062314540059347,0.019692473698408416,0.2740760722956569
533,Prince George's,2929,Prince George's Precinct 13-012,55,1931,55,2874,2929,1.0,0.018777739842949812,0.9812222601570502,943,0.6592693752133834,0.018777739842949812,0.3219528849436668
534,Prince George's,3609,Prince George's Precinct 13-011,78,2076,67,3531,3609,1.0,0.021612635078969242,0.9783873649210307,1466,0.5752285951787198,0.01856469936270435,0.4062067054585758
535,Prince George's,2772,Prince George's Precinct 02-001,146,766,39,2626,2772,1.0,0.05266955266955267,0.9473304473304474,1967,0.2763347763347763,0.01406926406926407,0.7095959595959596
538,Prince George's,5983,Prince George's Precinct 02-008,376,1819,116,5607,5983,1.0,0.06284472672572289,0.9371552732742772,4048,0.3040280795587498,0.019388266755808122,0.676583653685442
539,Prince George's,1018,Prince George's Precinct 16-001,194,350,46,824,1018,1.0,0.1905697445972495,0.8094302554027505,622,0.343811394891945,0.04518664047151277,0.6110019646365422
540,Prince George's,21,Prince George's Precinct 02-098,3,0,0,18,21,1.0,0.14285714285714285,0.8571428571428571,21,0.0,0.0,1.0
541,Prince George's,2869,Prince George's Precinct 02-005,244,674,84,2625,2869,1.0,0.08504705472289996,0.9149529452771,2111,0.23492506099686303,0.0292784942488672,0.7357964447542698
542,Prince George's,28,Prince George's Precinct 19-005,8,2,0,20,28,1.0,0.2857142857142857,0.7142857142857143,26,0.07142857142857142,0.0,0.9285714285714286
543,Prince George's,3247,Prince George's Precinct 19-004,243,656,55,3004,3247,1.0,0.0748383122882661,0.9251616877117339,2536,0.20203264551894057,0.016938712657838004,0.7810286418232214
544,Prince George's,4769,Prince George's Precinct 19-001,1023,1310,200,3746,4769,1.0,0.21451037953449362,0.7854896204655064,3259,0.2746907108408471,0.04193751310547285,0.68337177605368
545,Prince George's,5173,Prince George's Precinct 21-002,4074,691,174,1099,5173,1.0,0.7875507442489851,0.2124492557510149,4308,0.13357819447129327,0.03363618789870482,0.8327856176300019
546,Prince George's,3965,Prince George's Precinct 21-001,2283,1108,258,1682,3965,1.0,0.5757881462799496,0.42421185372005044,2599,0.2794451450189155,0.06506935687263556,0.6554854981084489
547,Prince George's,4029,Prince George's Precinct 19-002,566,1010,132,3463,4029,1.0,0.14048150905931994,0.8595184909406801,2887,0.2506825515016133,0.03276247207743857,0.7165549764209481
548,Talbot,3288,Talbot Precinct 01-005,2835,751,1025,453,3288,1.0,0.8622262773722628,0.13777372262773724,1512,0.22840632603406327,0.3117396593673966,0.45985401459854014
549,Queen Anne's,1965,Queen Anne's Precinct 05-001,1696,467,760,269,1965,1.0,0.8631043256997456,0.13689567430025446,738,0.2376590330788804,0.38676844783715014,0.3755725190839695
550,Kent,2183,Kent Precinct 05-001,1951,593,655,232,2183,1.0,0.8937242327072835,0.10627576729271644,935,0.27164452588181404,0.3000458085203848,0.4283096655978012
551,Kent,1510,Kent Precinct 06-001,1162,367,383,348,1510,1.0,0.7695364238410596,0.2304635761589404,760,0.24304635761589405,0.25364238410596024,0.5033112582781457
552,Kent,1044,Kent Precinct 07-001,813,348,228,231,1044,1.0,0.7787356321839081,0.22126436781609196,468,0.3333333333333333,0.21839080459770116,0.4482758620689655
553,Kent,1669,Kent Precinct 04-002,1050,488,244,619,1669,1.0,0.6291192330736968,0.3708807669263032,937,0.2923906530856801,0.14619532654284004,0.5614140203714799
554,Kent,1589,Kent Precinct 03-001,1256,489,490,333,1589,1.0,0.790434235368156,0.20956576463184393,610,0.3077407174323474,0.30837004405286345,0.3838892385147892
555,Kent,3343,Kent Precinct 04-001,2785,674,347,558,3343,1.0,0.833084056236913,0.16691594376308705,2322,0.20161531558480406,0.1037989829494466,0.6945857014657493
556,Baltimore City,1090,Baltimore City Precinct 26-028,142,408,25,948,1090,1.0,0.13027522935779817,0.8697247706422019,657,0.3743119266055046,0.022935779816513763,0.6027522935779817
557,Baltimore City,1429,Baltimore City Precinct 26-027,322,519,65,1107,1429,1.0,0.22533240027991602,0.7746675997200839,845,0.3631910426871938,0.04548635409377187,0.5913226032190343
558,Baltimore City,1467,Baltimore City Precinct 27-007,472,473,42,995,1467,1.0,0.321745057941377,0.678254942058623,952,0.3224267211997273,0.028629856850715747,0.6489434219495569
559,Baltimore City,985,Baltimore City Precinct 26-030,419,420,50,566,985,1.0,0.42538071065989846,0.5746192893401015,515,0.4263959390862944,0.050761421319796954,0.5228426395939086
560,Baltimore County,3508,Baltimore County Precinct 15-022,3315,628,1324,193,3508,1.0,0.9449828962371721,0.05501710376282782,1556,0.1790193842645382,0.3774230330672748,0.443557582668187
561,Baltimore County,4160,Baltimore County Precinct 15-021,3797,848,1478,363,4160,1.0,0.9127403846153846,0.08725961538461538,1834,0.20384615384615384,0.35528846153846155,0.4408653846153846
562,Baltimore County,4692,Baltimore County Precinct 15-020,4264,836,1195,428,4692,1.0,0.9087809036658141,0.09121909633418585,2661,0.17817561807331628,0.25468883205456094,0.5671355498721228
563,Baltimore County,2809,Baltimore County Precinct 15-015,2416,451,646,393,2809,1.0,0.8600925596297615,0.13990744037023853,1712,0.16055535777856889,0.2299750800996796,0.6094695621217515
564,Baltimore County,1897,Baltimore County Precinct 15-013,1758,362,622,139,1897,1.0,0.926726410121244,0.07327358987875593,913,0.1908276225619399,0.3278861360042172,0.4812862414338429
565,Baltimore County,2156,Baltimore County Precinct 15-012,1954,423,713,202,2156,1.0,0.9063079777365491,0.09369202226345083,1020,0.19619666048237477,0.33070500927643787,0.47309833024118736
566,Baltimore County,3144,Baltimore County Precinct 15-016,2489,530,608,655,3144,1.0,0.7916666666666666,0.20833333333333334,2006,0.16857506361323155,0.19338422391857507,0.6380407124681934
567,Baltimore County,3506,Baltimore County Precinct 15-017,1421,1232,418,2085,3506,1.0,0.40530519110096974,0.5946948088990303,1856,0.35139760410724474,0.11922418710781517,0.5293782087849401
568,Baltimore County,5453,Baltimore County Precinct 15-023,1748,1244,208,3705,5453,1.0,0.3205574912891986,0.6794425087108014,4001,0.22813130386942967,0.03814414083990464,0.7337245552906657
569,Baltimore County,975,Baltimore County Precinct 15-024,813,222,232,162,975,1.0,0.8338461538461538,0.16615384615384615,521,0.2276923076923077,0.23794871794871794,0.5343589743589744
570,Baltimore County,2919,Baltimore County Precinct 15-018,2086,621,799,833,2919,1.0,0.7146282973621103,0.2853717026378897,1499,0.21274409044193218,0.2737238780404248,0.513532031517643
571,Baltimore County,3443,Baltimore County Precinct 15-019,3220,720,1339,223,3443,1.0,0.9352309032820215,0.06476909671797851,1384,0.20911995352889923,0.38890502468777227,0.4019750217833285
572,Baltimore County,1739,Baltimore County Precinct 15-026,1696,393,970,43,1739,1.0,0.9752731454859115,0.024726854514088556,376,0.2259919493962047,0.5577918343875791,0.21621621621621623
573,Baltimore County,2441,Baltimore County Precinct 12-012,2188,502,664,253,2441,1.0,0.8963539532978287,0.10364604670217124,1275,0.20565342072920934,0.2720196640721016,0.522326915198689
574,Baltimore City,502,Baltimore City Precinct 26-001,417,72,51,85,502,1.0,0.8306772908366534,0.1693227091633466,379,0.14342629482071714,0.10159362549800798,0.7549800796812749
575,Baltimore City,2426,Baltimore City Precinct 26-002,1008,376,96,1418,2426,1.0,0.4154987633965375,0.5845012366034625,1954,0.1549876339653751,0.03957131079967024,0.8054410552349547
576,Baltimore City,2095,Baltimore City Precinct 26-003,1404,310,208,691,2095,1.0,0.6701670644391408,0.3298329355608592,1577,0.14797136038186157,0.09928400954653938,0.7527446300715991
577,Baltimore County,2668,Baltimore County Precinct 12-010,2310,640,554,358,2668,1.0,0.8658170914542729,0.13418290854572715,1474,0.239880059970015,0.20764617691154422,0.5524737631184408
578,Baltimore County,2639,Baltimore County Precinct 12-008,2315,470,641,324,2639,1.0,0.8772262220538083,0.12277377794619174,1528,0.17809776430466084,0.24289503599848428,0.5790071996968549
579,Baltimore County,3982,Baltimore County Precinct 12-003,3387,692,869,595,3982,1.0,0.8505775991963838,0.14942240080361627,2421,0.1737820190858865,0.21823204419889503,0.6079859367152185
580,Baltimore County,3256,Baltimore County Precinct 12-002,2763,584,555,493,3256,1.0,0.8485872235872236,0.15141277641277642,2117,0.17936117936117937,0.17045454545454544,0.6501842751842751
581,Baltimore City,782,Baltimore City Precinct 26-005,514,148,76,268,782,1.0,0.6572890025575447,0.34271099744245526,558,0.18925831202046037,0.09718670076726342,0.7135549872122762
582,Baltimore City,1623,Baltimore City Precinct 26-004,1098,228,108,525,1623,1.0,0.6765249537892791,0.3234750462107209,1287,0.14048059149722736,0.066543438077634,0.7929759704251387
583,Baltimore City,1434,Baltimore City Precinct 26-007,799,374,198,635,1434,1.0,0.5571827057182706,0.44281729428172945,862,0.2608089260808926,0.13807531380753138,0.601115760111576
584,Baltimore City,1562,Baltimore City Precinct 26-014,1050,161,113,512,1562,1.0,0.6722151088348272,0.32778489116517284,1288,0.10307298335467349,0.07234314980793854,0.8245838668373879
585,Baltimore City,1463,Baltimore City Precinct 26-015,116,571,28,1347,1463,1.0,0.07928913192071087,0.9207108680792891,864,0.3902939166097061,0.019138755980861243,0.5905673274094326
586,Baltimore City,4697,Baltimore City Precinct 26-029,597,1327,81,4100,4697,1.0,0.12710240579093038,0.8728975942090696,3289,0.282520757930594,0.01724505003193528,0.7002341920374707
587,Baltimore County,2846,Baltimore County Precinct 12-001,2343,443,545,503,2846,1.0,0.8232607167955025,0.17673928320449753,1858,0.15565706254392128,0.19149683766690093,0.6528460997891778
588,Baltimore County,4204,Baltimore County Precinct 12-007,3764,857,970,440,4204,1.0,0.8953377735490009,0.10466222645099905,2377,0.2038534728829686,0.230732635585157,0.5654138915318744
589,Baltimore County,3540,Baltimore County Precinct 12-006,2774,653,548,766,3540,1.0,0.7836158192090396,0.21638418079096045,2339,0.18446327683615818,0.15480225988700566,0.6607344632768362
590,Baltimore County,3308,Baltimore County Precinct 12-005,2994,589,803,314,3308,1.0,0.9050785973397824,0.09492140266021766,1916,0.17805320435308344,0.24274486094316808,0.5792019347037485
591,Baltimore County,4898,Baltimore County Precinct 12-004,4398,721,1067,500,4898,1.0,0.897917517354022,0.10208248264597795,3110,0.1472029399755002,0.21784401796651695,0.6349530420579829
592,Baltimore County,2424,Baltimore County Precinct 15-001,1845,352,289,579,2424,1.0,0.7611386138613861,0.23886138613861385,1783,0.14521452145214522,0.11922442244224422,0.7355610561056105
593,Baltimore County,3263,Baltimore County Precinct 15-002,2829,652,766,434,3263,1.0,0.8669935642047196,0.1330064357952804,1845,0.19981612013484523,0.2347532945142507,0.5654305853509041
594,Baltimore County,1177,Baltimore County Precinct 15-014,1054,207,340,123,1177,1.0,0.8954970263381479,0.10450297366185217,630,0.17587085811384875,0.2888700084961767,0.5352591333899746
595,Anne Arundel,2234,Anne Arundel Precinct 03-013,2120,482,1011,114,2234,1.0,0.9489704565801254,0.051029543419874666,741,0.21575649059982094,0.45255147717099375,0.3316920322291853
596,Anne Arundel,2342,Anne Arundel Precinct 03-018,2095,450,972,247,2342,1.0,0.894534585824082,0.10546541417591802,920,0.19214346712211786,0.4150298889837746,0.3928266438941076
597,Anne Arundel,2290,Anne Arundel Precinct 03-016,2008,455,699,282,2290,1.0,0.8768558951965065,0.12314410480349346,1136,0.19868995633187772,0.3052401746724891,0.4960698689956332
598,Anne Arundel,2081,Anne Arundel Precinct 03-001,1849,486,770,232,2081,1.0,0.8885151369533878,0.1114848630466122,825,0.23354156655454109,0.3700144161460836,0.3964440172993753
599,Anne Arundel,3428,Anne Arundel Precinct 03-003,2995,571,935,433,3428,1.0,0.8736872812135356,0.1263127187864644,1922,0.16656942823803966,0.27275379229871644,0.5606767794632439
600,Anne Arundel,2683,Anne Arundel Precinct 03-021,2255,639,709,428,2683,1.0,0.8404770778978755,0.1595229221021245,1335,0.238166231830041,0.26425642937010807,0.4975773387998509
601,Anne Arundel,2353,Anne Arundel Precinct 03-007,2050,585,705,303,2353,1.0,0.8712282192945177,0.12877178070548237,1063,0.24861878453038674,0.29961750956226096,0.4517637059073523
602,Anne Arundel,1767,Anne Arundel Precinct 03-020,1677,353,769,90,1767,1.0,0.9490662139219015,0.050933786078098474,645,0.19977362761743067,0.4352009054895303,0.36502546689303905
603,Anne Arundel,2826,Anne Arundel Precinct 03-024,2556,589,805,270,2826,1.0,0.9044585987261147,0.09554140127388536,1432,0.2084217975937721,0.28485491861288037,0.5067232837933475
604,Anne Arundel,2071,Anne Arundel Precinct 03-019,1963,394,923,108,2071,1.0,0.9478512795750845,0.0521487204249155,754,0.190246257846451,0.44567841622404636,0.36407532592950265
605,Anne Arundel,1896,Anne Arundel Precinct 03-014,1804,355,585,92,1896,1.0,0.9514767932489452,0.04852320675105485,956,0.1872362869198312,0.30854430379746833,0.5042194092827004
606,Anne Arundel,1673,Anne Arundel Precinct 03-002,1598,316,511,75,1673,1.0,0.9551703526598924,0.04482964734010759,846,0.18888224745965332,0.3054393305439331,0.5056784219964137
607,Anne Arundel,2247,Anne Arundel Precinct 03-010,2134,453,1012,113,2247,1.0,0.94971072541166,0.05028927458834001,782,0.20160213618157544,0.45037828215398307,0.34801958166444147
608,Anne Arundel,2451,Anne Arundel Precinct 03-011,2354,550,1108,97,2451,1.0,0.9604243166054671,0.039575683394532844,793,0.22439820481436148,0.45206038351693184,0.32354141166870665
609,Anne Arundel,1573,Anne Arundel Precinct 03-015,1519,326,766,54,1573,1.0,0.9656706929434202,0.034329307056579786,481,0.20724729815638906,0.4869675778766688,0.30578512396694213
610,Anne Arundel,2235,Anne Arundel Precinct 03-012,2128,425,1036,107,2235,1.0,0.9521252796420582,0.04787472035794183,774,0.19015659955257272,0.46353467561521255,0.34630872483221475
611,Baltimore County,1456,Baltimore County Precinct 12-009,1157,222,197,299,1456,1.0,0.7946428571428571,0.20535714285714285,1037,0.15247252747252749,0.1353021978021978,0.7122252747252747
612,Baltimore County,4122,Baltimore County Precinct 12-011,3270,720,664,852,4122,1.0,0.7933042212518195,0.2066957787481805,2738,0.17467248908296942,0.16108685104318293,0.6642406598738476
613,Baltimore County,1905,Baltimore County Precinct 12-013,167,559,23,1738,1905,1.0,0.08766404199475065,0.9123359580052494,1323,0.29343832020997374,0.012073490813648294,0.694488188976378
614,Queen Anne's,2329,Queen Anne's Precinct 04-006,2231,543,1152,98,2329,1.0,0.9579218548733361,0.0420781451266638,634,0.23314727350794331,0.49463288965221125,0.2722198368398454
615,Queen Anne's,2722,Queen Anne's Precinct 04-001,2538,635,1145,184,2722,1.0,0.9324026451138868,0.06759735488611315,942,0.23328434974283616,0.42064658339456285,0.346069066862601
616,Anne Arundel,1837,Anne Arundel Precinct 05-014,1658,565,588,179,1837,1.0,0.9025585193249864,0.09744148067501361,684,0.3075666848121938,0.3200870985302123,0.3723462166575939
617,Anne Arundel,1098,Anne Arundel Precinct 05-034,1013,391,407,85,1098,1.0,0.9225865209471766,0.07741347905282331,300,0.3561020036429873,0.37067395264116576,0.273224043715847
618,Anne Arundel,1456,Anne Arundel Precinct 05-016,1317,434,429,139,1456,1.0,0.904532967032967,0.09546703296703296,593,0.2980769230769231,0.29464285714285715,0.4072802197802198
619,Anne Arundel,1144,Anne Arundel Precinct 05-009,1105,429,443,39,1144,1.0,0.9659090909090909,0.03409090909090909,272,0.375,0.38723776223776224,0.23776223776223776
620,Anne Arundel,1735,Anne Arundel Precinct 03-023,1629,454,678,106,1735,1.0,0.9389048991354467,0.06109510086455332,603,0.261671469740634,0.39077809798270896,0.34755043227665705
621,Anne Arundel,999,Anne Arundel Precinct 05-010,929,269,364,70,999,1.0,0.92992992992993,0.07007007007007007,366,0.26926926926926925,0.36436436436436437,0.3663663663663664
622,Anne Arundel,1854,Anne Arundel Precinct 03-022,1472,453,632,382,1854,1.0,0.7939590075512406,0.20604099244875945,769,0.24433656957928804,0.3408845738942826,0.4147788565264293
623,Anne Arundel,2079,Anne Arundel Precinct 03-017,1958,389,890,121,2079,1.0,0.9417989417989417,0.0582010582010582,800,0.18710918710918711,0.4280904280904281,0.3848003848003848
624,Anne Arundel,1898,Anne Arundel Precinct 05-011,1645,615,654,253,1898,1.0,0.8667017913593256,0.1332982086406744,629,0.3240252897787144,0.3445732349841939,0.3314014752370917
625,Anne Arundel,2039,Anne Arundel Precinct 05-004,1832,723,687,207,2039,1.0,0.8984796468857283,0.1015203531142717,629,0.3545855811672388,0.3369298675821481,0.308484551250613
626,Anne Arundel,1847,Anne Arundel Precinct 05-005,1625,662,592,222,1847,1.0,0.8798050893340552,0.12019491066594477,593,0.35841905793178125,0.32051976177585273,0.321061180292366
627,Anne Arundel,1366,Anne Arundel Precinct 05-023,1291,470,426,75,1366,1.0,0.945095168374817,0.05490483162518302,470,0.3440702781844802,0.3118594436310395,0.3440702781844802
628,Anne Arundel,1716,Anne Arundel Precinct 05-003,1503,621,701,213,1716,1.0,0.8758741258741258,0.12412587412587413,394,0.3618881118881119,0.4085081585081585,0.2296037296037296
629,Anne Arundel,2381,Anne Arundel Precinct 05-026,1899,1148,937,482,2381,1.0,0.7975640487190256,0.20243595128097439,296,0.48215035699286013,0.39353212935741283,0.124317513649727
630,Anne Arundel,2632,Anne Arundel Precinct 05-021,2196,932,924,436,2632,1.0,0.8343465045592705,0.1656534954407295,776,0.3541033434650456,0.35106382978723405,0.2948328267477204
631,Anne Arundel,1760,Anne Arundel Precinct 06-030,1534,723,509,226,1760,1.0,0.8715909090909091,0.12840909090909092,528,0.4107954545454545,0.28920454545454544,0.3
632,Anne Arundel,1526,Anne Arundel Precinct 06-025,1416,585,561,110,1526,1.0,0.927916120576671,0.07208387942332896,380,0.38335517693315857,0.3676277850589777,0.2490170380078637
633,Anne Arundel,1818,Anne Arundel Precinct 05-020,1541,633,597,277,1818,1.0,0.8476347634763476,0.15236523652365236,588,0.3481848184818482,0.32838283828382836,0.3234323432343234
634,Anne Arundel,1940,Anne Arundel Precinct 05-028,1748,322,302,192,1940,1.0,0.9010309278350516,0.09896907216494845,1316,0.16597938144329896,0.1556701030927835,0.6783505154639176
635,Anne Arundel,1531,Anne Arundel Precinct 05-027,1364,569,641,167,1531,1.0,0.8909209666884389,0.10907903331156107,321,0.37165251469627697,0.418680600914435,0.20966688438928804
636,Anne Arundel,1702,Anne Arundel Precinct 05-013,1627,614,749,75,1702,1.0,0.9559341950646298,0.04406580493537015,339,0.3607520564042303,0.4400705052878966,0.1991774383078731
637,Anne Arundel,2718,Anne Arundel Precinct 05-018,2265,755,634,453,2718,1.0,0.8333333333333334,0.16666666666666666,1329,0.2777777777777778,0.2332597498160412,0.488962472406181
638,Anne Arundel,2136,Anne Arundel Precinct 05-022,1936,785,759,200,2136,1.0,0.9063670411985019,0.09363295880149813,592,0.36750936329588013,0.3553370786516854,0.27715355805243447
639,Anne Arundel,2178,Anne Arundel Precinct 05-001,1856,783,944,322,2178,1.0,0.852157943067034,0.14784205693296604,451,0.359504132231405,0.43342516069788795,0.20707070707070707
640,Anne Arundel,2073,Anne Arundel Precinct 05-017,1891,838,788,182,2073,1.0,0.9122045344910757,0.08779546550892427,447,0.40424505547515677,0.3801254220935842,0.21562952243125905
641,Anne Arundel,2525,Anne Arundel Precinct 05-002,2062,908,749,463,2525,1.0,0.8166336633663366,0.18336633663366336,868,0.3596039603960396,0.2966336633663366,0.34376237623762373
642,Prince George's,2195,Prince George's Precinct 14-003,1525,868,462,670,2195,1.0,0.6947608200455581,0.3052391799544419,865,0.3954441913439636,0.21047835990888383,0.3940774487471526
643,Prince George's,3107,Prince George's Precinct 14-009,934,1726,294,2173,3107,1.0,0.30061152236884453,0.6993884776311554,1087,0.5555197940135178,0.09462504023173479,0.34985516575474734
644,Prince George's,3658,Prince George's Precinct 14-011,1034,1116,314,2624,3658,1.0,0.2826681246582832,0.7173318753417168,2228,0.3050847457627119,0.08583925642427556,0.6090759978130126
645,Prince George's,2812,Prince George's Precinct 14-005,1565,978,410,1247,2812,1.0,0.5565433854907539,0.44345661450924606,1424,0.34779516358463725,0.14580369843527738,0.5064011379800853
646,Prince George's,1482,Prince George's Precinct 07-017,301,785,79,1181,1482,1.0,0.20310391363022942,0.7968960863697706,618,0.529689608636977,0.053306342780026994,0.41700404858299595
647,Prince George's,2094,Prince George's Precinct 07-003,1459,850,447,635,2094,1.0,0.6967526265520535,0.3032473734479465,797,0.4059216809933142,0.2134670487106017,0.38061127029608405
648,Prince George's,3594,Prince George's Precinct 07-010,650,2023,218,2944,3594,1.0,0.1808569838619922,0.8191430161380078,1353,0.5628825820812465,0.06065664997217585,0.3764607679465776
649,Prince George's,1540,Prince George's Precinct 07-002,1095,620,337,445,1540,1.0,0.711038961038961,0.288961038961039,583,0.4025974025974026,0.21883116883116882,0.37857142857142856
650,Prince George's,2018,Prince George's Precinct 14-004,1357,823,420,661,2018,1.0,0.6724479682854311,0.32755203171456887,775,0.4078295341922696,0.20812685827552033,0.3840436075322101
651,Prince George's,2095,Prince George's Precinct 07-004,1404,840,488,691,2095,1.0,0.6701670644391408,0.3298329355608592,767,0.4009546539379475,0.23293556085918854,0.36610978520286397
652,Prince George's,1545,Prince George's Precinct 14-006,1146,558,360,399,1545,1.0,0.7417475728155339,0.258252427184466,627,0.3611650485436893,0.23300970873786409,0.4058252427184466
653,Prince George's,2933,Prince George's Precinct 07-007,962,1524,245,1971,2933,1.0,0.32799181725196047,0.6720081827480395,1164,0.5196045005114217,0.08353221957040573,0.3968632799181725
654,Anne Arundel,1620,Anne Arundel Precinct 07-026,1426,548,565,194,1620,1.0,0.8802469135802469,0.11975308641975309,507,0.33827160493827163,0.3487654320987654,0.31296296296296294
655,Anne Arundel,2128,Anne Arundel Precinct 04-010,1684,230,169,444,2128,1.0,0.7913533834586466,0.20864661654135339,1729,0.1080827067669173,0.0794172932330827,0.8125
656,Anne Arundel,2733,Anne Arundel Precinct 04-016,2032,801,425,701,2733,1.0,0.743505305525064,0.25649469447493595,1507,0.29308452250274425,0.15550676911818515,0.5514087083790706
657,Anne Arundel,1530,Anne Arundel Precinct 07-014,1357,502,435,173,1530,1.0,0.8869281045751634,0.1130718954248366,593,0.3281045751633987,0.28431372549019607,0.38758169934640524
658,Anne Arundel,2243,Anne Arundel Precinct 07-016,1754,778,427,489,2243,1.0,0.7819884083816317,0.21801159161836825,1038,0.3468568880962996,0.1903700401248328,0.46277307177886756
659,Anne Arundel,1864,Anne Arundel Precinct 07-015,1650,583,535,214,1864,1.0,0.8851931330472103,0.1148068669527897,746,0.31276824034334766,0.28701716738197425,0.4002145922746781
660,Anne Arundel,2124,Anne Arundel Precinct 07-018,1735,625,500,389,2124,1.0,0.8168549905838042,0.18314500941619585,999,0.294256120527307,0.23540489642184556,0.4703389830508475
661,Anne Arundel,3122,Anne Arundel Precinct 04-023,2305,1093,751,817,3122,1.0,0.7383087764253684,0.26169122357463165,1278,0.35009609224855864,0.24055092889173607,0.40935297885970534
662,Anne Arundel,2399,Anne Arundel Precinct 04-022,1498,736,341,901,2399,1.0,0.6244268445185494,0.3755731554814506,1322,0.3067944977073781,0.1421425593997499,0.551062942892872
663,Anne Arundel,1929,Anne Arundel Precinct 04-008,1617,596,625,312,1929,1.0,0.838258164852255,0.16174183514774496,708,0.30896837739761535,0.3240020736132711,0.36702954898911355
664,Anne Arundel,2249,Anne Arundel Precinct 07-008,1808,580,712,441,2249,1.0,0.8039128501556247,0.19608714984437528,957,0.25789239662072033,0.31658514895509116,0.4255224544241885
665,Anne Arundel,2263,Anne Arundel Precinct 07-007,2076,584,837,187,2263,1.0,0.9173663278833407,0.0826336721166593,842,0.25806451612903225,0.3698630136986301,0.37207247017233763
666,Anne Arundel,1835,Anne Arundel Precinct 07-004,1530,452,614,305,1835,1.0,0.8337874659400545,0.16621253405994552,769,0.24632152588555858,0.3346049046321526,0.41907356948228885
667,Anne Arundel,2323,Anne Arundel Precinct 07-011,1990,162,322,333,2323,1.0,0.8566508824795523,0.14334911752044768,1839,0.06973740852346104,0.13861386138613863,0.7916487300904004
668,Anne Arundel,1543,Anne Arundel Precinct 07-027,1253,693,849,290,1543,1.2817955112219452,0.8120544394037589,0.1879455605962411,1,0.4491250810110175,0.5502268308489955,0.0006480881399870382
669,Anne Arundel,2006,Anne Arundel Precinct 07-013,1841,574,797,165,2006,1.0,0.9177467597208375,0.08225324027916252,635,0.28614157527417744,0.39730807577268196,0.3165503489531406
670,Anne Arundel,2140,Anne Arundel Precinct 07-022,1966,566,806,174,2140,1.0,0.9186915887850468,0.08130841121495327,768,0.2644859813084112,0.3766355140186916,0.35887850467289717
671,Anne Arundel,2009,Anne Arundel Precinct 07-017,1700,377,340,309,2009,1.0,0.8461921353907417,0.15380786460925833,1292,0.187655550024888,0.16923842707814835,0.6431060228969636
672,Anne Arundel,1853,Anne Arundel Precinct 07-020,1435,591,337,418,1853,1.0,0.7744198596869941,0.22558014031300594,925,0.3189422558014031,0.18186724230976795,0.4991905018888289
673,Anne Arundel,2151,Anne Arundel Precinct 07-024,1764,676,643,387,2151,1.0,0.8200836820083682,0.1799163179916318,832,0.31427243142724315,0.298930729893073,0.38679683867968384
674,Anne Arundel,2719,Anne Arundel Precinct 04-021,1999,1008,749,720,2719,1.0,0.7351967635159985,0.26480323648400145,962,0.37072453107760206,0.2754689223979404,0.35380654652445753
675,Anne Arundel,1631,Anne Arundel Precinct 06-028,1259,465,558,372,1631,1.0,0.7719190680564071,0.22808093194359289,608,0.2851011649294911,0.3421213979153893,0.3727774371551196
676,Anne Arundel,2014,Anne Arundel Precinct 04-004,1753,615,846,261,2014,1.0,0.8704071499503475,0.12959285004965243,553,0.30536246276067525,0.4200595829195631,0.2745779543197617
677,Anne Arundel,1699,Anne Arundel Precinct 07-023,1518,678,860,181,1699,1.0,0.8934667451442024,0.10653325485579752,161,0.39905826957033547,0.5061801059446733,0.09476162448499117
678,Anne Arundel,2203,Anne Arundel Precinct 07-012,2057,405,475,146,2203,1.0,0.9337267362687245,0.06627326373127554,1323,0.18384021788470267,0.21561507035860192,0.6005447117566954
679,Anne Arundel,1374,Anne Arundel Precinct 06-020,1317,507,442,57,1374,1.0,0.9585152838427947,0.04148471615720524,425,0.36899563318777295,0.32168850072780203,0.309315866084425
680,Anne Arundel,2873,Anne Arundel Precinct 07-005,2447,846,849,426,2873,1.0,0.8517229376957883,0.14827706230421162,1178,0.29446571528019494,0.2955099199443091,0.410024364775496
681,Anne Arundel,2103,Anne Arundel Precinct 06-019,1955,751,731,148,2103,1.0,0.9296243461721351,0.07037565382786495,621,0.3571088920589634,0.34759866856871136,0.29529243937232524
682,Anne Arundel,1864,Anne Arundel Precinct 06-026,1752,847,884,112,1864,1.0,0.9399141630901288,0.060085836909871244,133,0.4543991416309013,0.4742489270386266,0.0713519313304721
683,Anne Arundel,1098,Anne Arundel Precinct 06-027,991,282,451,107,1098,1.0,0.9025500910746812,0.09744990892531877,365,0.2568306010928962,0.4107468123861566,0.3324225865209472
684,Anne Arundel,2583,Anne Arundel Precinct 04-015,2338,869,973,245,2583,1.0,0.9051490514905149,0.0948509485094851,741,0.33643050716221445,0.37669376693766937,0.2868757259001161
685,Anne Arundel,3191,Anne Arundel Precinct 06-021,2803,622,698,388,3191,1.0,0.8784080225634597,0.12159197743654027,1871,0.1949232215606393,0.2187402068317142,0.5863365716076465
686,Anne Arundel,1255,Anne Arundel Precinct 06-031,1182,437,564,73,1255,1.0,0.9418326693227091,0.05816733067729084,254,0.34820717131474105,0.44940239043824703,0.20239043824701194
687,Anne Arundel,3699,Anne Arundel Precinct 04-006,1002,1738,187,2697,3699,1.0,0.2708840227088402,0.7291159772911597,1774,0.4698567180319005,0.05055420383887537,0.47958907812922413
688,Howard,1703,Howard Precinct 06-007,920,606,190,783,1703,1.0,0.540223135642983,0.45977686435701703,907,0.35584263065179095,0.11156782149148561,0.5325895478567234
689,Howard,3903,Howard Precinct 06-029,1974,2100,630,1929,3903,1.0,0.5057647963105304,0.49423520368946966,1173,0.5380476556495004,0.1614142966948501,0.3005380476556495
690,Howard,1011,Howard Precinct 06-030,438,587,122,573,1011,1.0,0.4332344213649852,0.5667655786350149,302,0.5806132542037586,0.12067260138476756,0.2987141444114738
691,Howard,2972,Howard Precinct 01-006,1817,703,357,1155,2972,1.0,0.6113728129205922,0.3886271870794078,1912,0.23654104979811574,0.12012113055181696,0.6433378196500673
692,Anne Arundel,5212,Anne Arundel Precinct 01-023,1471,630,177,3741,5212,1.0,0.28223330775134303,0.717766692248657,4405,0.12087490406753645,0.033960092095165005,0.8451650038372985
693,Anne Arundel,5070,Anne Arundel Precinct 01-022,3022,2095,1004,2048,5070,1.0,0.5960552268244576,0.4039447731755424,1971,0.41321499013806706,0.1980276134122288,0.38875739644970414
694,Howard,4044,Howard Precinct 01-015,1543,2322,621,2501,4044,1.0,0.3815529179030663,0.6184470820969338,1101,0.5741839762611276,0.15356083086053413,0.27225519287833827
695,Anne Arundel,2020,Anne Arundel Precinct 04-020,1529,783,468,491,2020,1.0,0.7569306930693069,0.24306930693069306,769,0.38762376237623763,0.2316831683168317,0.3806930693069307
696,Anne Arundel,1510,Anne Arundel Precinct 04-005,1100,528,277,410,1510,1.0,0.7284768211920529,0.271523178807947,705,0.34966887417218545,0.18344370860927153,0.46688741721854304
697,Anne Arundel,1589,Anne Arundel Precinct 06-024,1066,748,364,523,1589,1.0,0.670862177470107,0.329137822529893,477,0.47073631214600375,0.2290748898678414,0.30018879798615483
698,Anne Arundel,1801,Anne Arundel Precinct 06-010,1437,405,339,364,1801,1.0,0.7978900610771793,0.20210993892282064,1057,0.2248750694058856,0.18822876179900055,0.5868961687951139
699,Anne Arundel,2354,Anne Arundel Precinct 06-003,448,698,105,1906,2354,1.0,0.1903143585386576,0.8096856414613424,1551,0.2965165675446049,0.044604927782497875,0.6588785046728972
700,Anne Arundel,3339,Anne Arundel Precinct 06-022,2543,817,564,796,3339,1.0,0.7616052710392333,0.2383947289607667,1958,0.24468403713686732,0.16891284815813118,0.5864031147050015
701,Anne Arundel,2337,Anne Arundel Precinct 06-014,603,1044,230,1734,2337,1.0,0.25802310654685495,0.7419768934531451,1063,0.4467265725288832,0.09841677364142062,0.4548566538296962
702,Anne Arundel,1784,Anne Arundel Precinct 06-004,869,354,82,915,1784,1.0,0.48710762331838564,0.5128923766816144,1348,0.1984304932735426,0.04596412556053812,0.7556053811659192
703,Anne Arundel,1134,Anne Arundel Precinct 06-013,492,517,184,642,1134,1.0,0.43386243386243384,0.5661375661375662,433,0.4559082892416226,0.16225749559082892,0.3818342151675485
704,Anne Arundel,1646,Anne Arundel Precinct 06-002,1480,838,548,166,1646,1.0,0.8991494532199271,0.10085054678007291,260,0.5091130012150669,0.33292831105710813,0.15795868772782504
705,Anne Arundel,1709,Anne Arundel Precinct 06-009,1578,643,487,131,1709,1.0,0.9233469865418373,0.07665301345816267,579,0.3762434172030427,0.28496196606202456,0.3387946167349327
706,Anne Arundel,1407,Anne Arundel Precinct 06-005,1154,524,358,253,1407,1.0,0.820184790334044,0.17981520966595593,525,0.3724235963041933,0.2544420753375977,0.373134328358209
707,Anne Arundel,1924,Anne Arundel Precinct 06-006,397,434,92,1527,1924,1.0,0.20634095634095634,0.7936590436590436,1398,0.22557172557172558,0.04781704781704782,0.7266112266112266
708,Anne Arundel,1590,Anne Arundel Precinct 06-023,1409,718,443,181,1590,1.0,0.8861635220125786,0.11383647798742139,429,0.45157232704402517,0.27861635220125786,0.269811320754717
709,Anne Arundel,2555,Anne Arundel Precinct 06-017,1841,716,376,714,2555,1.0,0.7205479452054795,0.27945205479452057,1463,0.2802348336594912,0.1471624266144814,0.5726027397260274
710,Anne Arundel,1846,Anne Arundel Precinct 06-007,1193,475,176,653,1846,1.0,0.6462621885157096,0.35373781148429034,1195,0.2573131094257855,0.09534127843986999,0.6473456121343445
711,Anne Arundel,2292,Anne Arundel Precinct 06-015,921,580,213,1371,2292,1.0,0.4018324607329843,0.5981675392670157,1499,0.2530541012216405,0.09293193717277487,0.6540139616055847
712,Anne Arundel,1228,Anne Arundel Precinct 06-016,525,484,118,703,1228,1.0,0.42752442996742673,0.5724755700325733,626,0.3941368078175896,0.09609120521172639,0.509771986970684
713,Anne Arundel,2314,Anne Arundel Precinct 06-001,1951,1033,580,363,2314,1.0,0.8431287813310285,0.15687121866897147,701,0.4464131374243734,0.25064822817631804,0.30293863439930857
714,Anne Arundel,2135,Anne Arundel Precinct 06-012,1373,867,410,762,2135,1.0,0.6430913348946136,0.35690866510538644,858,0.4060889929742389,0.1920374707259953,0.4018735362997658
715,Anne Arundel,1420,Anne Arundel Precinct 06-008,1092,805,352,328,1420,1.0,0.7690140845070422,0.23098591549295774,263,0.5669014084507042,0.24788732394366197,0.1852112676056338
716,Anne Arundel,2303,Anne Arundel Precinct 06-018,1977,817,461,326,2303,1.0,0.8584455058619193,0.14155449413808077,1025,0.35475466782457665,0.20017368649587494,0.44507164567954843
717,Anne Arundel,6313,Anne Arundel Precinct 06-011,4882,492,234,1431,6313,1.0,0.7733248851576113,0.22667511484238873,5587,0.07793442103595755,0.03706637098051639,0.884999207983526
718,Anne Arundel,1104,Anne Arundel Precinct 06-029,958,418,420,146,1104,1.0,0.8677536231884058,0.1322463768115942,266,0.3786231884057971,0.3804347826086957,0.24094202898550723
719,Prince George's,2532,Prince George's Precinct 05-012,333,1713,132,2199,2532,1.0,0.13151658767772512,0.8684834123222749,687,0.6765402843601895,0.052132701421800945,0.2713270142180095
720,Charles,3857,Charles Precinct 01-001,2541,988,639,1316,3857,1.0,0.6588021778584392,0.3411978221415608,2230,0.2561576354679803,0.16567280269639617,0.5781695618356235
721,Charles,3570,Charles Precinct 06-002,2072,1541,662,1498,3570,1.0,0.5803921568627451,0.4196078431372549,1367,0.4316526610644258,0.1854341736694678,0.38291316526610647
722,Charles,1592,Charles Precinct 06-003,480,1387,204,1112,1592,1.006325110689437,0.3015075376884422,0.6984924623115578,1,0.8712311557788944,0.12814070351758794,0.000628140703517588
723,Charles,1855,Charles Precinct 06-019,983,1178,360,872,1855,1.0,0.5299191374663073,0.47008086253369274,317,0.6350404312668464,0.1940700808625337,0.17088948787061994
724,Charles,2458,Charles Precinct 06-004,796,1757,244,1662,2458,1.0,0.32384052074857606,0.676159479251424,457,0.7148087876322213,0.09926769731489016,0.18592351505288854
725,Charles,1494,Charles Precinct 06-020,801,605,210,693,1494,1.0,0.536144578313253,0.463855421686747,679,0.4049531459170013,0.14056224899598393,0.4544846050870147
726,Charles,2216,Charles Precinct 06-010,671,1965,250,1545,2216,1.1255081300813008,0.302797833935018,0.697202166064982,1,0.8867328519855595,0.11281588447653429,0.0004512635379061372
727,Charles,1478,Charles Precinct 06-021,501,746,190,977,1478,1.0,0.33897158322056836,0.6610284167794317,542,0.5047361299052774,0.12855209742895804,0.36671177266576455
728,Charles,3773,Charles Precinct 06-013,1407,1745,424,2366,3773,1.0,0.37291280148423006,0.62708719851577,1604,0.4624966869864829,0.11237741849986747,0.4251258945136496
729,Prince George's,2131,Prince George's Precinct 05-008,1047,829,239,1084,2131,1.0,0.4913186297512905,0.5086813702487095,1063,0.38901923979352415,0.11215391834819334,0.4988268418582825
730,Prince George's,3225,Prince George's Precinct 05-007,467,1862,186,2758,3225,1.0,0.1448062015503876,0.8551937984496124,1177,0.5773643410852713,0.05767441860465116,0.36496124031007754
731,Prince George's,1984,Prince George's Precinct 05-002,266,1055,107,1718,1984,1.0,0.13407258064516128,0.8659274193548387,822,0.5317540322580645,0.053931451612903226,0.41431451612903225
732,Prince George's,2501,Prince George's Precinct 12-014,295,1336,154,2206,2501,1.0,0.11795281887245102,0.882047181127549,1011,0.534186325469812,0.06157536985205918,0.40423830467812877
733,Prince George's,3254,Prince George's Precinct 12-010,477,1673,174,2777,3254,1.0,0.14658881376767055,0.8534111862323295,1407,0.5141364474492932,0.05347264904732637,0.43239090350338044
734,Prince George's,3255,Prince George's Precinct 05-005,506,1991,169,2749,3255,1.0,0.1554531490015361,0.8445468509984639,1095,0.6116743471582181,0.05192012288786482,0.33640552995391704
735,Prince George's,1334,Prince George's Precinct 05-010,244,596,86,1090,1334,1.0,0.18290854572713644,0.8170914542728636,652,0.44677661169415295,0.06446776611694154,0.48875562218890556
736,Prince George's,522,Prince George's Precinct 05-009,88,293,34,434,522,1.0,0.1685823754789272,0.8314176245210728,195,0.5613026819923371,0.06513409961685823,0.3735632183908046
737,Prince George's,3343,Prince George's Precinct 05-001,752,2590,262,2591,3343,1.0,0.2249476518097517,0.7750523481902483,491,0.7747532156745438,0.07837271911456775,0.14687406521088842
738,Prince George's,2929,Prince George's Precinct 05-004,274,1689,86,2655,2929,1.0,0.09354728576305907,0.906452714236941,1154,0.5766473199044042,0.029361556845339705,0.39399112325025604
739,Prince George's,2112,Prince George's Precinct 05-011,181,1223,72,1931,2112,1.0,0.08570075757575757,0.9142992424242424,817,0.5790719696969697,0.03409090909090909,0.3868371212121212
740,Prince George's,2992,Prince George's Precinct 05-006,233,1630,124,2759,2992,1.0,0.07787433155080214,0.9221256684491979,1238,0.5447860962566845,0.04144385026737968,0.4137700534759358
741,Prince George's,3474,Prince George's Precinct 12-005,353,1449,136,3121,3474,1.0,0.10161197466896948,0.8983880253310305,1889,0.4170984455958549,0.03914795624640184,0.5437535981577433
742,Prince George's,2412,Prince George's Precinct 12-001,299,762,98,2113,2412,1.0,0.12396351575456054,0.8760364842454395,1552,0.31592039800995025,0.0406301824212272,0.6434494195688225
743,Prince George's,4027,Prince George's Precinct 12-011,258,1868,116,3769,4027,1.0,0.06406754407747703,0.9359324559225229,2043,0.463868885026074,0.028805562453439286,0.5073255525204867
744,Prince George's,2706,Prince George's Precinct 05-003,217,1406,108,2489,2706,1.0,0.08019216555801921,0.9198078344419808,1192,0.5195861049519586,0.03991130820399113,0.44050258684405025
745,Dorchester,352,Dorchester Precinct 03-002,175,115,101,177,352,1.0,0.4971590909090909,0.5028409090909091,136,0.32670454545454547,0.2869318181818182,0.38636363636363635
746,Wicomico,723,Wicomico Precinct 01-002,643,244,352,80,723,1.0,0.8893499308437067,0.11065006915629322,127,0.33748271092669435,0.48686030428769017,0.17565698478561548
747,Dorchester,2143,Dorchester Precinct 14-001,1953,250,672,190,2143,1.0,0.9113392440503967,0.08866075594960336,1221,0.11665888940737285,0.3135790947270182,0.5697620158656089
748,Dorchester,1584,Dorchester Precinct 02-001,1461,201,682,123,1584,1.0,0.9223484848484849,0.07765151515151515,701,0.1268939393939394,0.4305555555555556,0.442550505050505
749,Dorchester,445,Dorchester Precinct 02-002,249,102,128,196,445,1.0,0.5595505617977528,0.4404494382022472,215,0.2292134831460674,0.2876404494382023,0.48314606741573035
750,Dorchester,2140,Dorchester Precinct 15-001,1678,336,686,462,2140,1.0,0.7841121495327102,0.21588785046728973,1118,0.15700934579439252,0.3205607476635514,0.5224299065420561
751,Caroline,3115,Caroline Precinct 04-001,2572,557,1129,543,3115,1.0,0.8256821829855537,0.17431781701444624,1429,0.17881219903691814,0.36243980738362763,0.4587479935794542
752,Dorchester,1210,Dorchester Precinct 15-003,472,435,201,738,1210,1.0,0.39008264462809916,0.6099173553719008,574,0.359504132231405,0.16611570247933885,0.4743801652892562
753,Dorchester,1557,Dorchester Precinct 01-001,1369,197,565,188,1557,1.0,0.8792549775208734,0.12074502247912652,795,0.12652536929993577,0.36287732819524726,0.5105973025048169
754,Dorchester,128,Dorchester Precinct 15-002,105,11,45,23,128,1.0,0.8203125,0.1796875,72,0.0859375,0.3515625,0.5625
755,Dorchester,506,Dorchester Precinct 12-002,213,121,76,293,506,1.0,0.4209486166007905,0.5790513833992095,309,0.2391304347826087,0.15019762845849802,0.6106719367588933
756,Dorchester,387,Dorchester Precinct 12-001,270,65,122,117,387,1.0,0.6976744186046512,0.3023255813953488,200,0.16795865633074936,0.3152454780361757,0.5167958656330749
757,Caroline,3507,Caroline Precinct 05-001,2406,619,828,1101,3507,1.0,0.6860564585115483,0.31394354148845166,2060,0.17650413458796693,0.23609923011120615,0.5873966353008269
758,Caroline,1652,Caroline Precinct 08-001,1474,228,616,178,1652,1.0,0.8922518159806295,0.10774818401937046,808,0.13801452784503632,0.3728813559322034,0.4891041162227603
759,Wicomico,1986,Wicomico Precinct 02-001,1571,416,852,415,1986,1.0,0.7910372608257804,0.20896273917421954,718,0.2094662638469285,0.42900302114803623,0.36153071500503525
760,Wicomico,3096,Wicomico Precinct 16-001,2295,523,596,801,3096,1.0,0.7412790697674418,0.25872093023255816,1977,0.16892764857881137,0.1925064599483204,0.6385658914728682
761,Wicomico,2299,Wicomico Precinct 09-005,1878,351,368,421,2299,1.0,0.8168769030013049,0.18312309699869508,1580,0.15267507612005218,0.16006959547629404,0.6872553284036538
762,Wicomico,2337,Wicomico Precinct 09-003,1743,564,104,594,2337,1.0,0.7458279845956355,0.25417201540436457,1669,0.24133504492939667,0.044501497646555414,0.714163457424048
763,Wicomico,2879,Wicomico Precinct 09-006,698,986,1496,2181,2879,1.0,0.24244529350468913,0.7575547064953109,397,0.3424800277874262,0.5196248697464397,0.13789510246613407
764,Wicomico,185,Wicomico Precinct 15-002,168,60,124,17,185,1.6727272727272726,0.9081081081081082,0.0918918918918919,1,0.32432432432432434,0.6702702702702703,0.005405405405405406
765,Wicomico,566,Wicomico Precinct 01-003,463,128,437,103,566,1.0721062618595825,0.8180212014134276,0.18197879858657243,1,0.22614840989399293,0.7720848056537103,0.0017667844522968198
766,Wicomico,584,Wicomico Precinct 10-002,542,20,38,42,584,1.0,0.928082191780822,0.07191780821917808,526,0.03424657534246575,0.06506849315068493,0.9006849315068494
767,Wicomico,509,Wicomico Precinct 10-001,200,229,279,309,509,1.167816091954023,0.3929273084479371,0.6070726915520629,1,0.449901768172888,0.5481335952848723,0.0019646365422396855
768,Anne Arundel,1446,Anne Arundel Precinct 05-007,1323,498,604,123,1446,1.0,0.9149377593360996,0.08506224066390042,344,0.34439834024896265,0.41770401106500693,0.23789764868603042
769,Anne Arundel,1348,Anne Arundel Precinct 02-013,1068,488,446,280,1348,1.0,0.7922848664688428,0.20771513353115728,414,0.3620178041543027,0.33086053412462907,0.30712166172106825
770,Anne Arundel,1465,Anne Arundel Precinct 05-024,1398,482,656,67,1465,1.0,0.9542662116040955,0.04573378839590444,327,0.3290102389078498,0.4477815699658703,0.22320819112627988
771,Anne Arundel,918,Anne Arundel Precinct 05-029,841,225,300,77,918,1.0,0.9161220043572985,0.08387799564270153,393,0.24509803921568626,0.32679738562091504,0.42810457516339867
772,Anne Arundel,1829,Anne Arundel Precinct 05-025,1691,480,573,138,1829,1.0,0.9245489338436303,0.0754510661563696,776,0.2624384909786769,0.3132859486057955,0.4242755604155276
773,Anne Arundel,1771,Anne Arundel Precinct 05-008,1550,648,670,221,1771,1.0,0.8752117447769622,0.12478825522303783,453,0.36589497459062675,0.378317334839074,0.25578769057029926
774,Anne Arundel,523,Anne Arundel Precinct 05-032,282,333,189,241,523,1.01953125,0.5391969407265774,0.4608030592734226,1,0.6367112810707457,0.361376673040153,0.0019120458891013384
775,Anne Arundel,1378,Anne Arundel Precinct 05-006,1331,567,542,47,1378,1.0,0.9658925979680697,0.034107402031930335,269,0.41146589259796806,0.39332365747460085,0.19521044992743106
776,Anne Arundel,1402,Anne Arundel Precinct 05-012,1244,424,491,158,1402,1.0,0.8873038516405135,0.11269614835948645,487,0.3024251069900143,0.35021398002853066,0.34736091298145505
777,Anne Arundel,956,Anne Arundel Precinct 05-030,750,262,390,206,956,1.0,0.7845188284518828,0.21548117154811716,304,0.27405857740585776,0.40794979079497906,0.3179916317991632
778,Anne Arundel,1159,Anne Arundel Precinct 03-009,1038,248,446,121,1159,1.0,0.8955996548748921,0.10440034512510785,465,0.21397756686798963,0.38481449525452976,0.4012079378774806
779,Anne Arundel,2203,Anne Arundel Precinct 03-005,1873,761,881,330,2203,1.0,0.8502042669087608,0.14979573309123922,561,0.3454380390376759,0.3999092147072174,0.2546527462551067
780,Anne Arundel,584,Anne Arundel Precinct 05-031,419,142,189,165,584,1.0,0.7174657534246576,0.2825342465753425,253,0.24315068493150685,0.3236301369863014,0.4332191780821918
781,Anne Arundel,2474,Anne Arundel Precinct 02-020,1732,669,579,742,2474,1.0,0.7000808407437349,0.29991915925626517,1226,0.2704122877930477,0.23403395311236863,0.49555375909458366
782,Anne Arundel,1793,Anne Arundel Precinct 02-011,1380,333,354,413,1793,1.0,0.769659788064696,0.23034021193530396,1106,0.1857222532069158,0.19743446737311768,0.6168432794199665
783,Anne Arundel,2031,Anne Arundel Precinct 02-012,1669,335,393,362,2031,1.0,0.8217626784835057,0.17823732151649435,1303,0.16494337764647957,0.1935007385524372,0.6415558838010832
784,Anne Arundel,3219,Anne Arundel Precinct 02-019,1615,720,295,1604,3219,1.0,0.501708605156881,0.49829139484311896,2204,0.22367194780987884,0.09164336750543647,0.6846846846846847
785,Anne Arundel,3140,Anne Arundel Precinct 03-008,2252,896,582,888,3140,1.0,0.7171974522292993,0.28280254777070063,1662,0.28535031847133757,0.18535031847133757,0.5292993630573248
786,Anne Arundel,2930,Anne Arundel Precinct 02-010,2396,485,627,534,2930,1.0,0.8177474402730376,0.18225255972696247,1818,0.16552901023890784,0.21399317406143345,0.6204778156996587
787,Anne Arundel,3008,Anne Arundel Precinct 02-022,2642,574,702,366,3008,1.0,0.8783244680851063,0.12167553191489362,1732,0.1908244680851064,0.23337765957446807,0.5757978723404256
788,Anne Arundel,2034,Anne Arundel Precinct 03-025,1099,675,326,935,2034,1.0,0.54031465093412,0.45968534906588004,1033,0.33185840707964603,0.16027531956735497,0.507866273352999
789,Anne Arundel,3117,Anne Arundel Precinct 03-004,2564,669,907,553,3117,1.0,0.8225858196984279,0.17741418030157202,1541,0.21462945139557266,0.2909849213987809,0.49438562720564644
790,Anne Arundel,4057,Anne Arundel Precinct 03-006,3125,2384,1672,932,4057,1.1393258426966293,0.7702736011831403,0.22972639881685974,1,0.5876263248705941,0.4121271875770274,0.00024648755237860487
791,Anne Arundel,1490,Anne Arundel Precinct 01-002,1350,512,652,140,1490,1.0,0.9060402684563759,0.09395973154362416,326,0.3436241610738255,0.4375838926174497,0.21879194630872484
792,Anne Arundel,1231,Anne Arundel Precinct 01-011,1154,367,482,77,1231,1.0,0.9374492282696995,0.06255077173030058,382,0.2981316003249391,0.3915515840779854,0.3103168155970755
793,Anne Arundel,1787,Anne Arundel Precinct 01-007,1593,403,557,194,1787,1.0,0.8914381645215445,0.1085618354784555,827,0.225517627308338,0.31169557918298824,0.46278679350867374
794,Anne Arundel,1878,Anne Arundel Precinct 01-001,1569,522,674,309,1878,1.0,0.8354632587859425,0.1645367412140575,682,0.2779552715654952,0.3588924387646432,0.36315228966986157
795,Anne Arundel,1406,Anne Arundel Precinct 01-010,1312,452,545,94,1406,1.0,0.9331436699857752,0.06685633001422475,409,0.32147937411095306,0.38762446657183497,0.29089615931721197
796,Baltimore County,1239,Baltimore County Precinct 13-006,980,249,267,259,1239,1.0,0.7909604519774012,0.20903954802259886,723,0.2009685230024213,0.21549636803874092,0.5835351089588378
797,Baltimore County,2979,Baltimore County Precinct 13-007,1367,573,302,1612,2979,1.0,0.4588788183954347,0.5411211816045652,2104,0.19234642497482377,0.10137630077207116,0.706277274253105
798,Baltimore County,5380,Baltimore County Precinct 13-009,3849,887,770,1531,5380,1.0,0.7154275092936803,0.2845724907063197,3723,0.16486988847583642,0.14312267657992564,0.6920074349442379
799,Anne Arundel,2426,Anne Arundel Precinct 01-008,2132,516,750,294,2426,1.0,0.8788128606760099,0.12118713932399011,1160,0.21269579554822754,0.3091508656224237,0.47815333882934874
800,Anne Arundel,2202,Anne Arundel Precinct 01-004,1450,705,340,752,2202,1.0,0.6584922797456857,0.34150772025431425,1157,0.3201634877384196,0.15440508628519528,0.5254314259763851
801,Anne Arundel,2201,Anne Arundel Precinct 01-014,1607,443,494,594,2201,1.0,0.7301226715129486,0.2698773284870513,1264,0.20127214902317128,0.22444343480236256,0.5742844161744661
802,Anne Arundel,4021,Anne Arundel Precinct 01-012,1909,997,233,2112,4021,1.0,0.4747575230042278,0.5252424769957722,2791,0.24794827157423527,0.05794578463068888,0.6941059437950758
803,Anne Arundel,2018,Anne Arundel Precinct 01-015,1685,532,502,333,2018,1.0,0.8349851337958375,0.16501486620416253,984,0.26362735381565905,0.2487611496531219,0.48761149653121905
804,Baltimore County,2262,Baltimore County Precinct 13-008,1953,392,653,309,2262,1.0,0.863395225464191,0.13660477453580902,1217,0.17329796640141468,0.28868258178603007,0.5380194518125553
805,Baltimore City,3265,Baltimore City Precinct 25-005,822,672,112,2443,3265,1.0,0.2517611026033691,0.748238897396631,2481,0.20581929555895864,0.03430321592649311,0.7598774885145483
806,Anne Arundel,1443,Anne Arundel Precinct 01-013,1092,302,179,351,1443,1.0,0.7567567567567568,0.24324324324324326,962,0.20928620928620928,0.12404712404712405,0.6666666666666666
807,Baltimore City,2660,Baltimore City Precinct 25-008,74,566,30,2586,2660,1.0,0.027819548872180452,0.9721804511278196,2064,0.21278195488721804,0.011278195488721804,0.7759398496240602
808,Baltimore City,1089,Baltimore City Precinct 25-009,9,378,12,1080,1089,1.0,0.008264462809917356,0.9917355371900827,699,0.34710743801652894,0.011019283746556474,0.6418732782369146
809,Baltimore City,1595,Baltimore City Precinct 25-010,46,427,14,1549,1595,1.0,0.02884012539184953,0.9711598746081505,1154,0.2677115987460815,0.00877742946708464,0.7235109717868339
810,Baltimore City,3555,Baltimore City Precinct 25-003,2570,649,334,985,3555,1.0,0.7229254571026723,0.2770745428973277,2572,0.18255977496483825,0.0939521800281294,0.7234880450070323
811,Baltimore City,929,Baltimore City Precinct 20-009,527,166,49,402,929,1.0,0.5672766415500539,0.4327233584499462,714,0.17868675995694294,0.0527448869752422,0.7685683530678149
812,Baltimore City,1049,Baltimore City Precinct 20-005,28,345,16,1021,1049,1.0,0.02669208770257388,0.9733079122974261,688,0.328884652049571,0.015252621544327931,0.655862726406101
813,Baltimore City,3568,Baltimore City Precinct 25-004,2774,459,364,794,3568,1.0,0.7774663677130045,0.22253363228699552,2745,0.12864349775784753,0.10201793721973094,0.7693385650224215
814,Baltimore City,756,Baltimore City Precinct 20-010,333,72,17,423,756,1.0,0.44047619047619047,0.5595238095238095,667,0.09523809523809523,0.022486772486772486,0.8822751322751323
815,Baltimore City,2322,Baltimore City Precinct 20-003,54,391,16,2268,2322,1.0,0.023255813953488372,0.9767441860465116,1915,0.16838931955211026,0.0068906115417743325,0.8247200689061154
816,Baltimore City,2303,Baltimore City Precinct 20-011,848,289,63,1455,2303,1.0,0.36821537125488496,0.6317846287451151,1951,0.12548849326964828,0.02735562310030395,0.8471558836300478
817,Baltimore City,950,Baltimore City Precinct 20-002,70,176,9,880,950,1.0,0.07368421052631578,0.9263157894736842,765,0.18526315789473685,0.009473684210526316,0.8052631578947368
818,Baltimore City,1760,Baltimore City Precinct 16-013,14,520,23,1746,1760,1.0,0.007954545454545454,0.9920454545454546,1217,0.29545454545454547,0.013068181818181817,0.6914772727272728
819,Baltimore City,1950,Baltimore City Precinct 16-012,10,648,30,1940,1950,1.0,0.005128205128205128,0.9948717948717949,1272,0.3323076923076923,0.015384615384615385,0.6523076923076923
820,Baltimore City,240,Baltimore City Precinct 20-004,4,94,4,236,240,1.0,0.016666666666666666,0.9833333333333333,142,0.39166666666666666,0.016666666666666666,0.5916666666666667
821,Baltimore City,1495,Baltimore City Precinct 16-008,24,315,10,1471,1495,1.0,0.016053511705685617,0.9839464882943144,1170,0.21070234113712374,0.006688963210702341,0.782608695652174
822,Baltimore City,901,Baltimore City Precinct 26-031,516,272,93,385,901,1.0,0.5726970033296337,0.42730299667036625,536,0.3018867924528302,0.10321864594894561,0.5948945615982242
823,Baltimore County,2920,Baltimore County Precinct 14-011,1954,767,449,966,2920,1.0,0.6691780821917809,0.3308219178082192,1704,0.26267123287671235,0.15376712328767123,0.5835616438356165
824,Baltimore County,2766,Baltimore County Precinct 14-007,2061,815,614,705,2766,1.0,0.745119305856833,0.25488069414316705,1337,0.294649313087491,0.22198120028922633,0.4833694866232827
825,Baltimore County,3521,Baltimore County Precinct 14-008,1352,1513,375,2169,3521,1.0,0.38398182334564046,0.6160181766543595,1633,0.42970746946890087,0.10650383413802897,0.46378869639307013
826,Baltimore City,2719,Baltimore City Precinct 27-008,1192,1018,219,1527,2719,1.0,0.4383964692901802,0.5616035307098198,1482,0.3744023538065465,0.08054431776388378,0.5450533284295697
827,Baltimore City,2670,Baltimore City Precinct 27-011,1688,999,441,982,2670,1.0,0.6322097378277154,0.36779026217228467,1230,0.3741573033707865,0.1651685393258427,0.4606741573033708
828,Baltimore City,842,Baltimore City Precinct 27-010,645,288,160,197,842,1.0,0.7660332541567696,0.2339667458432304,394,0.342042755344418,0.19002375296912113,0.4679334916864608
829,Baltimore County,4086,Baltimore County Precinct 09-022,3162,1283,847,924,4086,1.0,0.7738619676945668,0.2261380323054332,1956,0.3139990210474792,0.2072931962799804,0.4787077826725404
830,Baltimore County,2181,Baltimore County Precinct 14-012,1973,650,698,208,2181,1.0,0.9046309032553874,0.09536909674461257,833,0.29802842732691426,0.32003668042182487,0.38193489225126087
831,Baltimore County,723,Baltimore County Precinct 14-014,485,205,128,238,723,1.0,0.6708160442600276,0.32918395573997233,390,0.2835408022130014,0.17704011065006917,0.5394190871369294
832,Baltimore County,3444,Baltimore County Precinct 14-006,2936,1074,944,508,3444,1.0,0.8524970963995354,0.14750290360046459,1426,0.3118466898954704,0.27409988385598144,0.4140534262485482
833,Baltimore County,2262,Baltimore County Precinct 14-001,2044,682,784,218,2262,1.0,0.9036251105216623,0.09637488947833775,796,0.3015030946065429,0.34659593280282935,0.35190097259062775
834,Baltimore County,2561,Baltimore County Precinct 14-010,1869,839,527,692,2561,1.0,0.7297930495900039,0.2702069504099961,1195,0.3276064037485357,0.20577899258102303,0.4666146036704412
835,Baltimore County,4471,Baltimore County Precinct 14-009,1738,1573,486,2733,4471,1.0,0.38872735405949455,0.6112726459405055,2412,0.3518228584209349,0.10870051442630284,0.5394766271527622
836,Baltimore County,1191,Baltimore County Precinct 14-005,540,229,84,651,1191,1.0,0.4534005037783375,0.5465994962216625,878,0.19227539882451722,0.07052896725440806,0.7371956339210747
837,Baltimore County,2619,Baltimore County Precinct 11-016,1527,579,297,1092,2619,1.0,0.5830469644902635,0.41695303550973656,1743,0.22107674684994272,0.1134020618556701,0.6655211912943871
838,Baltimore County,4063,Baltimore County Precinct 14-002,2593,1103,828,1470,4063,1.0,0.6381983755845434,0.36180162441545655,2132,0.27147428008860447,0.20379030273197146,0.5247354171794241
839,Baltimore County,3933,Baltimore County Precinct 11-011,2948,977,927,985,3933,1.0,0.7495550470378846,0.25044495296211544,2029,0.24841088227815916,0.23569794050343248,0.5158911772184084
840,Baltimore County,3413,Baltimore County Precinct 09-023,2320,1042,695,1093,3413,1.0,0.6797538822150601,0.32024611778493994,1676,0.3053032522707296,0.20363316730149428,0.49106358042777615
841,Baltimore County,2956,Baltimore County Precinct 09-025,2214,869,718,742,2956,1.0,0.7489851150202977,0.2510148849797023,1369,0.293978349120433,0.2428958051420839,0.4631258457374831
842,Baltimore County,2895,Baltimore County Precinct 11-009,2192,890,727,703,2895,1.0,0.7571675302245251,0.24283246977547496,1278,0.307426597582038,0.25112262521588946,0.44145077720207254
843,Baltimore County,3895,Baltimore County Precinct 09-024,3019,1268,1085,876,3895,1.0,0.7750962772785622,0.22490372272143774,1542,0.3255455712451861,0.2785622593068036,0.39589216944801026
844,Baltimore County,3694,Baltimore County Precinct 11-015,3631,812,780,63,3694,1.0,0.9829453167298322,0.01705468327016784,2102,0.2198159177043855,0.21115322144017326,0.5690308608554413
845,Baltimore County,731,Baltimore County Precinct 11-021,560,201,155,171,731,1.0,0.7660738714090287,0.23392612859097128,375,0.2749658002735978,0.21203830369357046,0.5129958960328317
846,Baltimore County,2824,Baltimore County Precinct 11-008,2388,544,754,436,2824,1.0,0.8456090651558074,0.15439093484419264,1526,0.19263456090651557,0.2669971671388102,0.5403682719546742
847,Baltimore County,3720,Baltimore County Precinct 11-010,2780,943,753,940,3720,1.0,0.7473118279569892,0.25268817204301075,2024,0.25349462365591396,0.20241935483870968,0.5440860215053763
848,Baltimore County,1942,Baltimore County Precinct 11-018,1553,199,250,389,1942,1.0,0.7996910401647785,0.20030895983522143,1493,0.10247167868177137,0.12873326467559218,0.7687950566426365
849,Baltimore County,3460,Baltimore County Precinct 11-017,2820,947,1095,640,3460,1.0,0.815028901734104,0.18497109826589594,1418,0.27369942196531793,0.31647398843930635,0.4098265895953757
850,Baltimore County,2630,Baltimore County Precinct 15-003,2325,440,705,305,2630,1.0,0.8840304182509505,0.11596958174904944,1485,0.16730038022813687,0.26806083650190116,0.564638783269962
851,Baltimore County,3634,Baltimore County Precinct 14-013,1814,830,389,1820,3634,1.0,0.4991744634012108,0.5008255365987893,2415,0.22839845899834893,0.10704457897633461,0.6645569620253164
852,Baltimore County,3333,Baltimore County Precinct 15-011,2680,733,622,653,3333,1.0,0.804080408040804,0.19591959195919592,1978,0.21992199219921993,0.1866186618661866,0.5934593459345935
853,Baltimore County,343,Baltimore County Precinct 14-004,274,172,121,69,343,1.0,0.7988338192419825,0.20116618075801748,50,0.5014577259475219,0.35276967930029157,0.1457725947521866
854,Dorchester,232,Dorchester Precinct 04-001,207,33,79,25,232,1.0,0.8922413793103449,0.10775862068965517,120,0.14224137931034483,0.34051724137931033,0.5172413793103449
855,Dorchester,427,Dorchester Precinct 16-001,400,71,226,27,427,1.0,0.936768149882904,0.06323185011709602,130,0.16627634660421545,0.5292740046838408,0.3044496487119438
856,Dorchester,271,Dorchester Precinct 05-001,247,40,100,24,271,1.0,0.9114391143911439,0.08856088560885608,131,0.14760147601476015,0.36900369003690037,0.4833948339483395
857,Dorchester,544,Dorchester Precinct 09-001,469,117,251,75,544,1.0,0.8621323529411765,0.13786764705882354,176,0.21507352941176472,0.46139705882352944,0.3235294117647059
858,Dorchester,182,Dorchester Precinct 13-001,166,23,120,16,182,1.0,0.9120879120879121,0.08791208791208792,39,0.12637362637362637,0.6593406593406593,0.21428571428571427
859,Dorchester,801,Dorchester Precinct 08-001,769,162,364,32,801,1.0,0.9600499375780275,0.039950062421972535,275,0.20224719101123595,0.4544319600499376,0.3433208489388265
860,Talbot,724,Talbot Precinct 02-002,701,179,285,23,724,1.0,0.9682320441988951,0.031767955801104975,260,0.2472375690607735,0.393646408839779,0.35911602209944754
861,Talbot,2603,Talbot Precinct 02-001,2274,820,772,329,2603,1.0,0.8736073761044948,0.12639262389550518,1011,0.31502112946600075,0.29658086822896657,0.38839800230503263
862,Talbot,1245,Talbot Precinct 02-003,1065,411,504,180,1245,1.0,0.8554216867469879,0.14457831325301204,330,0.3301204819277108,0.40481927710843374,0.26506024096385544
863,Dorchester,834,Dorchester Precinct 07-003,668,167,289,166,834,1.0,0.8009592326139089,0.19904076738609114,378,0.20023980815347722,0.34652278177458035,0.45323741007194246
864,Dorchester,3660,Dorchester Precinct 07-002,756,1155,139,2904,3660,1.0,0.20655737704918034,0.7934426229508197,2366,0.3155737704918033,0.037978142076502734,0.646448087431694
865,Dorchester,2964,Dorchester Precinct 07-006,2484,589,779,480,2964,1.0,0.8380566801619433,0.16194331983805668,1596,0.1987179487179487,0.26282051282051283,0.5384615384615384
866,Dorchester,2345,Dorchester Precinct 07-001,1564,389,387,781,2345,1.0,0.6669509594882729,0.33304904051172707,1569,0.16588486140724948,0.1650319829424307,0.6690831556503198
867,Dorchester,768,Dorchester Precinct 07-004,446,189,106,322,768,1.0,0.5807291666666666,0.4192708333333333,473,0.24609375,0.13802083333333334,0.6158854166666666
868,Dorchester,197,Dorchester Precinct 07-007,79,134,27,118,197,1.0,0.4010152284263959,0.5989847715736041,36,0.6802030456852792,0.13705583756345177,0.18274111675126903
869,Dorchester,351,Dorchester Precinct 07-005,167,84,32,184,351,1.0,0.4757834757834758,0.5242165242165242,235,0.23931623931623933,0.09116809116809117,0.6695156695156695
870,Talbot,2495,Talbot Precinct 03-001,1972,667,955,523,2495,1.0,0.790380761523046,0.2096192384769539,873,0.26733466933867733,0.38276553106212424,0.3498997995991984
871,Talbot,1083,Talbot Precinct 03-003,997,392,453,86,1083,1.0,0.9205909510618652,0.07940904893813482,238,0.3619575253924284,0.4182825484764543,0.21975992613111728
872,Talbot,4545,Talbot Precinct 01-001,3472,1344,1231,1073,4545,1.0,0.7639163916391639,0.23608360836083608,1970,0.2957095709570957,0.27084708470847085,0.43344334433443343
873,Talbot,3290,Talbot Precinct 01-003,2061,1009,696,1229,3290,1.0,0.6264437689969605,0.37355623100303953,1585,0.3066869300911854,0.2115501519756839,0.4817629179331307
874,Talbot,5989,Talbot Precinct 01-002,4606,1597,1284,1383,5989,1.0,0.7690766405075973,0.23092335949240275,3108,0.2666555351477709,0.21439305393220906,0.5189514109200201
875,Somerset,1960,Somerset Precinct 07-001,1282,441,516,678,1960,1.0,0.6540816326530612,0.34591836734693876,1003,0.225,0.26326530612244897,0.511734693877551
876,Baltimore City,1038,Baltimore City Precinct 12-011,130,394,18,908,1038,1.0,0.1252408477842004,0.8747591522157996,626,0.37957610789980734,0.017341040462427744,0.603082851637765
877,Baltimore City,1718,Baltimore City Precinct 12-008,988,850,63,730,1718,1.0,0.5750873108265425,0.42491268917345754,805,0.4947613504074505,0.03667054714784633,0.46856810244470315
878,Baltimore City,1916,Baltimore City Precinct 12-010,382,587,26,1534,1916,1.0,0.19937369519832984,0.8006263048016702,1303,0.30636743215031315,0.013569937369519834,0.680062630480167
879,Anne Arundel,3468,Anne Arundel Precinct 01-018,2157,920,402,1311,3468,1.0,0.6219723183391004,0.3780276816608997,2146,0.26528258362168394,0.11591695501730104,0.618800461361015
880,Anne Arundel,1823,Anne Arundel Precinct 01-017,1402,370,257,421,1823,1.0,0.7690619857377948,0.23093801426220514,1196,0.2029621503017005,0.14097641250685683,0.6560614371914427
881,Anne Arundel,2523,Anne Arundel Precinct 01-016,1828,544,398,695,2523,1.0,0.724534284581847,0.275465715418153,1581,0.21561632976615142,0.15774871185097106,0.6266349583828775
882,Baltimore City,1139,Baltimore City Precinct 25-011,672,165,92,467,1139,1.0,0.5899912203687445,0.4100087796312555,882,0.14486391571553994,0.08077260755048288,0.7743634767339772
883,Baltimore City,2273,Baltimore City Precinct 25-012,1279,294,140,994,2273,1.0,0.5626924769027717,0.4373075230972283,1839,0.1293444786625605,0.06159260888693357,0.809062912450506
884,Baltimore City,1483,Baltimore City Precinct 25-014,468,278,49,1015,1483,1.0,0.3155765340525961,0.6844234659474039,1156,0.18745785569790965,0.033041132838840186,0.7795010114632501
885,Baltimore City,1262,Baltimore City Precinct 25-013,750,157,69,512,1262,1.0,0.5942947702060222,0.40570522979397783,1036,0.12440570522979398,0.05467511885895404,0.820919175911252
886,Baltimore City,1628,Baltimore City Precinct 25-015,701,260,55,927,1628,1.0,0.4305896805896806,0.5694103194103194,1313,0.1597051597051597,0.033783783783783786,0.8065110565110565
887,Baltimore City,2415,Baltimore City Precinct 25-016,1616,319,146,799,2415,1.0,0.6691511387163561,0.3308488612836439,1950,0.13209109730848861,0.060455486542443065,0.8074534161490683
888,Baltimore City,2673,Baltimore City Precinct 24-004,2448,1101,479,225,2673,1.0,0.9158249158249159,0.08417508417508418,1093,0.4118967452300786,0.17919940142162363,0.4089038533482978
889,Baltimore City,878,Baltimore City Precinct 24-002,775,382,177,103,878,1.0,0.8826879271070615,0.11731207289293849,319,0.43507972665148065,0.20159453302961275,0.36332574031890663
890,Baltimore City,722,Baltimore City Precinct 24-001,632,330,146,90,722,1.0,0.8753462603878116,0.12465373961218837,246,0.45706371191135736,0.20221606648199447,0.3407202216066482
891,Baltimore City,1728,Baltimore City Precinct 24-003,1531,787,359,197,1728,1.0,0.8859953703703703,0.11400462962962964,582,0.4554398148148148,0.20775462962962962,0.3368055555555556
892,Baltimore City,1994,Baltimore City Precinct 03-003,1421,632,258,573,1994,1.0,0.7126379137412236,0.28736208625877635,1104,0.316950852557673,0.12938816449348045,0.5536609829488466
893,Baltimore City,3017,Baltimore City Precinct 24-005,2786,1584,851,231,3017,1.0,0.9234338747099768,0.0765661252900232,582,0.5250248591315877,0.2820682797480941,0.19290686112031818
894,Baltimore City,2635,Baltimore City Precinct 02-003,2167,1011,330,468,2635,1.0,0.8223908918406072,0.1776091081593928,1294,0.38368121442125236,0.1252371916508539,0.49108159392789374
895,Baltimore City,2074,Baltimore City Precinct 02-002,1402,735,174,672,2074,1.0,0.6759884281581485,0.3240115718418515,1165,0.3543876567020251,0.08389585342333655,0.5617164898746384
896,Baltimore City,2117,Baltimore City Precinct 01-002,1706,882,185,411,2117,1.0,0.8058573452999528,0.19414265470004724,1050,0.4166273027869627,0.08738781294284365,0.49598488427019366
897,Baltimore City,1947,Baltimore City Precinct 01-003,1710,656,290,237,1947,1.0,0.8782742681047766,0.12172573189522343,1001,0.33692860811504877,0.14894709809964046,0.5141242937853108
898,Baltimore City,2617,Baltimore City Precinct 05-001,202,368,16,2415,2617,1.0,0.07718761941153993,0.92281238058846,2233,0.14061902942300344,0.00611387084447841,0.8532670997325181
899,Baltimore City,658,Baltimore City Precinct 10-004,17,208,6,641,658,1.0,0.025835866261398176,0.9741641337386018,444,0.3161094224924012,0.00911854103343465,0.6747720364741642
900,Baltimore City,5665,Baltimore City Precinct 10-003,789,122,6,4876,5665,1.0,0.13927625772285968,0.8607237422771403,5537,0.02153574580759047,0.001059135039717564,0.977405119152692
901,Baltimore City,836,Baltimore City Precinct 03-002,231,205,27,605,836,1.0,0.27631578947368424,0.7236842105263158,604,0.2452153110047847,0.03229665071770335,0.722488038277512
902,Calvert,2365,Calvert Precinct 01-004,1979,592,967,386,2365,1.0,0.8367864693446089,0.16321353065539113,806,0.25031712473572937,0.40887949260042283,0.3408033826638478
903,Calvert,2363,Calvert Precinct 02-004,1630,789,866,733,2363,1.0,0.6898011002962336,0.3101988997037664,708,0.33389758781210327,0.36648328396106644,0.2996191282268303
904,Calvert,2969,Calvert Precinct 01-003,2481,591,822,488,2969,1.0,0.8356348939036713,0.16436510609632873,1556,0.19905692152239812,0.2768608959245537,0.5240821825530482
905,Calvert,3541,Calvert Precinct 01-006,2855,784,893,686,3541,1.0,0.806269415419373,0.19373058458062695,1864,0.22140638237785937,0.25218864727478113,0.5264049703473596
906,Calvert,2965,Calvert Precinct 02-005,2571,679,1110,394,2965,1.0,0.8671163575042159,0.13288364249578416,1176,0.22900505902192242,0.37436762225969644,0.39662731871838114
907,Calvert,3099,Calvert Precinct 03-002,2465,785,762,634,3099,1.0,0.7954178767344304,0.20458212326556954,1552,0.2533075185543724,0.24588576960309777,0.5008067118425299
908,Calvert,2398,Calvert Precinct 03-001,2042,648,711,356,2398,1.0,0.8515429524603837,0.14845704753961636,1039,0.2702251876563803,0.2964970809007506,0.4332777314428691
909,Anne Arundel,2629,Anne Arundel Precinct 07-002,2349,794,921,280,2629,1.0,0.893495625713199,0.10650437428680107,914,0.302015975656143,0.3503233168505135,0.3476607074933435
910,Talbot,757,Talbot Precinct 05-002,734,259,353,23,757,1.0,0.9696169088507266,0.03038309114927345,145,0.34214002642007924,0.4663143989431968,0.19154557463672392
911,Talbot,886,Talbot Precinct 05-001,809,356,274,77,886,1.0,0.9130925507900677,0.08690744920993228,256,0.4018058690744921,0.309255079006772,0.28893905191873587
912,Dorchester,373,Dorchester Precinct 06-001,350,73,157,23,373,1.0,0.938337801608579,0.06166219839142091,143,0.19571045576407506,0.42091152815013405,0.38337801608579086
913,Baltimore City,2765,Baltimore City Precinct 07-004,124,570,28,2641,2765,1.0,0.04484629294755877,0.9551537070524412,2167,0.20614828209764918,0.010126582278481013,0.7837251356238698
914,Baltimore City,3497,Baltimore City Precinct 26-010,1389,671,203,2108,3497,1.0,0.3971975979410924,0.6028024020589077,2623,0.19187875321704317,0.0580497569345153,0.7500714898484415
915,Baltimore City,923,Baltimore City Precinct 26-012,85,164,14,838,923,1.0,0.09209100758396534,0.9079089924160346,745,0.17768147345612134,0.015167930660888408,0.8071505958829902
916,Baltimore City,3245,Baltimore City Precinct 08-010,18,1075,46,3227,3245,1.0,0.005546995377503852,0.9944530046224962,2124,0.3312788906009245,0.014175654853620955,0.6545454545454545
917,Baltimore City,577,Baltimore City Precinct 08-011,13,202,6,564,577,1.0,0.022530329289428077,0.9774696707105719,369,0.35008665511265163,0.010398613518197574,0.6395147313691508
918,Baltimore City,1998,Baltimore City Precinct 08-003,70,535,33,1928,1998,1.0,0.035035035035035036,0.964964964964965,1430,0.2677677677677678,0.016516516516516516,0.7157157157157157
919,Baltimore City,1675,Baltimore City Precinct 26-019,143,649,23,1532,1675,1.0,0.0853731343283582,0.9146268656716418,1003,0.3874626865671642,0.01373134328358209,0.5988059701492537
920,Baltimore City,783,Baltimore City Precinct 26-020,50,294,12,733,783,1.0,0.06385696040868455,0.9361430395913155,477,0.37547892720306514,0.01532567049808429,0.6091954022988506
921,Baltimore City,1709,Baltimore City Precinct 26-011,785,201,74,924,1709,1.0,0.4593329432416618,0.5406670567583383,1434,0.11761263897015799,0.04330017554125219,0.8390871854885898
922,Baltimore City,1355,Baltimore City Precinct 26-013,1074,185,161,281,1355,1.0,0.792619926199262,0.207380073800738,1009,0.13653136531365315,0.11881918819188192,0.744649446494465
923,Baltimore City,339,Baltimore City Precinct 26-017,33,229,11,306,339,1.0,0.09734513274336283,0.9026548672566371,99,0.6755162241887905,0.032448377581120944,0.2920353982300885
924,Baltimore City,2928,Baltimore City Precinct 26-018,256,910,32,2672,2928,1.0,0.08743169398907104,0.912568306010929,1986,0.31079234972677594,0.01092896174863388,0.6782786885245902
925,Baltimore City,1249,Baltimore City Precinct 26-016,74,516,19,1175,1249,1.0,0.059247397918334666,0.9407526020816653,714,0.41313050440352284,0.01521216973578863,0.5716573258606885
926,Howard,2116,Howard Precinct 04-004,1753,624,1054,363,2116,1.0,0.8284499054820416,0.1715500945179584,438,0.2948960302457467,0.498109640831758,0.20699432892249528
927,Carroll,6623,Carroll Precinct 14-002,6214,1204,2511,409,6623,1.0,0.9382455080779103,0.061754491922089684,2908,0.1817907292767628,0.37913332326740146,0.4390759474558357
928,Carroll,3192,Carroll Precinct 05-001,2872,910,1145,320,3192,1.0,0.899749373433584,0.10025062656641603,1137,0.2850877192982456,0.35870927318295737,0.35620300751879697
929,Carroll,647,Carroll Precinct 05-006,626,202,208,21,647,1.0,0.9675425038639877,0.03245749613601236,237,0.312210200927357,0.321483771251932,0.366306027820711
930,Howard,2206,Howard Precinct 03-002,1871,960,1163,335,2206,1.0,0.8481414324569356,0.15185856754306437,83,0.43517679057116954,0.5271985494106981,0.03762466001813237
931,Carroll,2786,Carroll Precinct 14-001,2611,711,1180,175,2786,1.0,0.9371859296482412,0.06281407035175879,895,0.2552045944005743,0.4235463029432879,0.3212491026561378
932,Carroll,2559,Carroll Precinct 05-005,2276,774,958,283,2559,1.0,0.889409925752247,0.11059007424775302,827,0.30246189917936694,0.3743649863227823,0.32317311449785074
933,Carroll,2727,Carroll Precinct 09-001,2601,701,1587,126,2727,1.0,0.9537953795379538,0.0462046204620462,439,0.25705903923725704,0.581958195819582,0.160982764943161
934,Carroll,5574,Carroll Precinct 07-007,5011,1248,1814,563,5574,1.0,0.8989953354861858,0.10100466451381414,2512,0.2238966630785791,0.3254395407247937,0.4506637961966272
935,Carroll,1903,Carroll Precinct 07-008,1759,355,807,144,1903,1.0,0.9243300052548608,0.07566999474513926,741,0.18654755648975302,0.42406726221755126,0.3893851812926957
936,Carroll,960,Carroll Precinct 07-005,945,301,333,15,960,1.0,0.984375,0.015625,326,0.31354166666666666,0.346875,0.33958333333333335
937,Carroll,2365,Carroll Precinct 04-002,2282,491,1048,83,2365,1.0,0.9649048625792812,0.03509513742071882,826,0.2076109936575053,0.4431289640591966,0.3492600422832981
938,Carroll,2537,Carroll Precinct 07-006,2326,522,822,211,2537,1.0,0.9168309026409145,0.08316909735908554,1193,0.20575482853764288,0.32400472999605834,0.4702404414662988
939,Carroll,3647,Carroll Precinct 07-003,3100,712,777,547,3647,1.0,0.8500137098985467,0.14998629010145326,2158,0.19522895530573073,0.21305182341650672,0.5917192212777626
940,Carroll,2385,Carroll Precinct 07-001,2135,400,544,250,2385,1.0,0.8951781970649895,0.10482180293501048,1441,0.16771488469601678,0.2280922431865828,0.6041928721174005
941,Carroll,7644,Carroll Precinct 05-004,6509,2034,2878,1135,7644,1.0,0.8515175300889587,0.14848246991104133,2732,0.26609105180533754,0.37650444793301935,0.3574045002616431
942,Howard,3762,Howard Precinct 03-005,2617,1223,1034,1145,3762,1.0,0.6956406166932483,0.3043593833067517,1505,0.32509303561935143,0.27485380116959063,0.40005316321105794
943,Carroll,4313,Carroll Precinct 05-002,3922,1267,1982,391,4313,1.0,0.9093438441919778,0.09065615580802226,1064,0.29376304196614883,0.4595409227915604,0.24669603524229075
944,St. Mary's,2003,St. Mary's Precinct 01-002,1697,448,664,306,2003,1.0,0.8472291562656016,0.1527708437343984,891,0.2236645032451323,0.33150274588117823,0.44483275087368945
945,St. Mary's,3822,St. Mary's Precinct 01-001,3130,694,868,692,3822,1.0,0.8189429618001046,0.18105703819989535,2260,0.1815803244374673,0.2271062271062271,0.5913134484563056
946,Somerset,179,Somerset Precinct 10-001,171,45,50,8,179,1.0,0.9553072625698324,0.0446927374301676,84,0.25139664804469275,0.27932960893854747,0.4692737430167598
947,Dorchester,308,Dorchester Precinct 10-001,300,40,77,8,308,1.0,0.974025974025974,0.025974025974025976,191,0.12987012987012986,0.25,0.6201298701298701
948,St. Mary's,3575,St. Mary's Precinct 08-003,2427,846,777,1148,3575,1.0,0.6788811188811189,0.3211188811188811,1952,0.23664335664335664,0.21734265734265734,0.546013986013986
949,St. Mary's,2881,St. Mary's Precinct 08-005,2361,541,788,520,2881,1.0,0.8195071155848663,0.18049288441513364,1552,0.18778202013189865,0.2735161402290871,0.5387018396390142
950,St. Mary's,402,St. Mary's Precinct 08-008,339,196,185,63,402,1.0,0.8432835820895522,0.15671641791044777,21,0.48756218905472637,0.4601990049751244,0.05223880597014925
951,St. Mary's,1160,St. Mary's Precinct 08-010,735,272,196,425,1160,1.0,0.6336206896551724,0.36637931034482757,692,0.23448275862068965,0.16896551724137931,0.596551724137931
952,St. Mary's,1548,St. Mary's Precinct 08-002,1377,378,577,171,1548,1.0,0.8895348837209303,0.11046511627906977,593,0.2441860465116279,0.3727390180878553,0.3830749354005168
953,St. Mary's,2841,St. Mary's Precinct 06-003,2593,571,1245,248,2841,1.0,0.9127067933826117,0.08729320661738825,1025,0.20098556846180923,0.4382259767687434,0.3607884547694474
954,St. Mary's,2052,St. Mary's Precinct 08-006,1617,380,560,435,2052,1.0,0.7880116959064327,0.21198830409356725,1112,0.18518518518518517,0.2729044834307992,0.5419103313840156
955,Calvert,2874,Calvert Precinct 01-001,2444,894,929,430,2874,1.0,0.8503827418232429,0.14961725817675714,1051,0.31106471816283926,0.3232428670842032,0.36569241475295755
956,Calvert,2535,Calvert Precinct 01-007,2065,786,994,470,2535,1.0,0.814595660749507,0.1854043392504931,755,0.31005917159763313,0.39211045364891517,0.2978303747534517
957,Calvert,3483,Calvert Precinct 01-005,2710,781,967,773,3483,1.0,0.7780648865920183,0.22193511340798164,1735,0.2242319839219064,0.27763422337065746,0.49813379270743613
958,Calvert,3411,Calvert Precinct 01-002,2504,785,705,907,3411,1.0,0.7340955731457051,0.26590442685429494,1921,0.2301377895045441,0.20668425681618294,0.5631779536792729
959,St. Mary's,2376,St. Mary's Precinct 02-002,2085,542,799,291,2376,1.0,0.8775252525252525,0.12247474747474747,1035,0.2281144781144781,0.3362794612794613,0.4356060606060606
960,St. Mary's,2833,St. Mary's Precinct 02-001,2361,649,1079,472,2833,1.0,0.8333921637839746,0.1666078362160254,1105,0.22908577479703496,0.38086833745146487,0.3900458877515002
961,St. Mary's,3761,St. Mary's Precinct 08-009,1768,977,430,1993,3761,1.0,0.47008774262164316,0.5299122573783568,2354,0.2597713374102632,0.11433129486838607,0.6258973677213507
962,St. Mary's,2579,St. Mary's Precinct 08-007,1260,824,482,1319,2579,1.0,0.48856145792943,0.5114385420705699,1273,0.3195036835982939,0.1868941450174486,0.49360217138425744
963,St. Mary's,3761,St. Mary's Precinct 08-001,2189,787,526,1572,3761,1.0,0.5820260568997607,0.4179739431002393,2448,0.20925285828237172,0.13985642116458388,0.6508907205530444
964,St. Mary's,5431,St. Mary's Precinct 08-004,3460,1158,1122,1971,5431,1.0,0.6370834100533972,0.36291658994660286,3151,0.21322040139937395,0.20659178788436752,0.5801878107162585
965,Baltimore County,3555,Baltimore County Precinct 08-011,2068,548,413,1487,3555,1.0,0.5817158931082982,0.4182841068917018,2594,0.15414908579465542,0.11617440225035162,0.729676511954993
966,Baltimore County,2505,Baltimore County Precinct 08-006,1379,1480,398,1126,2505,1.0,0.550499001996008,0.449500998003992,627,0.590818363273453,0.15888223552894212,0.2502994011976048
967,Baltimore County,1757,Baltimore County Precinct 08-003,1549,632,547,208,1757,1.0,0.8816163915765509,0.11838360842344905,578,0.3597040409789414,0.31132612407512805,0.3289698349459306
968,Baltimore County,2017,Baltimore County Precinct 08-022,1757,750,658,260,2017,1.0,0.8710956866633615,0.12890431333663857,609,0.37183936539414975,0.3262270699058007,0.30193356470004956
969,Baltimore County,2489,Baltimore County Precinct 08-001,2208,819,1074,281,2489,1.0,0.8871032543190036,0.11289674568099639,596,0.32904781036560865,0.4314985938127762,0.2394535958216151
970,Baltimore County,1888,Baltimore County Precinct 08-025,1659,489,572,229,1888,1.0,0.878707627118644,0.12129237288135593,827,0.2590042372881356,0.3029661016949153,0.4380296610169492
971,Baltimore County,2437,Baltimore County Precinct 08-004,2117,850,939,320,2437,1.0,0.8686910135412392,0.13130898645876077,648,0.3487894952810833,0.38530980713992613,0.26590069757899054
972,Baltimore County,1477,Baltimore County Precinct 10-002,1372,435,633,105,1477,1.0,0.9289099526066351,0.07109004739336493,409,0.2945159106296547,0.42857142857142855,0.27691266079891674
973,Baltimore County,1876,Baltimore County Precinct 10-004,1797,467,864,79,1876,1.0,0.9578891257995735,0.04211087420042644,545,0.24893390191897655,0.4605543710021322,0.2905117270788913
974,Baltimore County,3018,Baltimore County Precinct 10-001,2857,737,1194,161,3018,1.0,0.9466534128561962,0.053346587143803845,1087,0.24420145791915177,0.3956262425447316,0.3601722995361166
975,Baltimore County,3508,Baltimore County Precinct 05-001,3315,806,1525,193,3508,1.0,0.9449828962371721,0.05501710376282782,1177,0.22976054732041049,0.43472063854047893,0.3355188141391106
976,Baltimore County,1975,Baltimore County Precinct 06-001,1875,514,1011,100,1975,1.0,0.9493670886075949,0.05063291139240506,450,0.260253164556962,0.5118987341772152,0.22784810126582278
977,Baltimore County,2338,Baltimore County Precinct 06-002,2220,550,1216,118,2338,1.0,0.9495295124037639,0.0504704875962361,572,0.2352437981180496,0.5201026518391788,0.2446535500427716
978,Baltimore County,2472,Baltimore County Precinct 07-003,2274,697,1182,198,2472,1.0,0.9199029126213593,0.08009708737864078,593,0.281957928802589,0.47815533980582525,0.23988673139158576
979,Baltimore County,1071,Baltimore County Precinct 07-002,1032,323,628,39,1071,1.0,0.9635854341736695,0.036414565826330535,120,0.30158730158730157,0.5863678804855276,0.11204481792717087
980,Baltimore County,3153,Baltimore County Precinct 07-001,2987,768,1600,166,3153,1.0,0.9473517285125278,0.05264827148747225,785,0.24357754519505234,0.507453219156359,0.24896923564858864
981,St. Mary's,210,St. Mary's Precinct 09-001,181,69,77,29,210,1.0,0.861904761904762,0.1380952380952381,64,0.32857142857142857,0.36666666666666664,0.3047619047619048
982,Baltimore City,2683,Baltimore City Precinct 26-024,242,755,24,2441,2683,1.0,0.09019754006708908,0.9098024599329109,1904,0.2814014163250093,0.008945210585165859,0.7096533730898248
983,Baltimore City,2299,Baltimore City Precinct 26-025,146,527,29,2153,2299,1.0,0.06350587211831231,0.9364941278816877,1743,0.22923010004349717,0.012614180078294911,0.758155719878208
984,Baltimore City,1812,Baltimore City Precinct 26-026,482,641,79,1330,1812,1.0,0.26600441501103755,0.7339955849889624,1092,0.35375275938189843,0.04359823399558499,0.6026490066225165
985,Baltimore City,2585,Baltimore City Precinct 27-005,1273,1064,191,1312,2585,1.0,0.49245647969052225,0.5075435203094778,1330,0.411605415860735,0.07388781431334623,0.5145067698259188
986,Baltimore City,3355,Baltimore City Precinct 27-006,959,1226,130,2396,3355,1.0,0.28584202682563337,0.7141579731743666,1999,0.365424739195231,0.038748137108792845,0.5958271236959761
987,Baltimore City,780,Baltimore City Precinct 27-019,33,283,11,747,780,1.0,0.04230769230769231,0.9576923076923077,486,0.3628205128205128,0.014102564102564103,0.6230769230769231
988,Baltimore City,2289,Baltimore City Precinct 27-015,400,883,72,1889,2289,1.0,0.17474879860200962,0.8252512013979904,1334,0.3857579729139362,0.03145478374836173,0.582787243337702
989,Baltimore County,3836,Baltimore County Precinct 09-020,464,1435,98,3372,3836,1.0,0.12095933263816476,0.8790406673618353,2303,0.3740875912408759,0.025547445255474453,0.6003649635036497
990,Baltimore County,2342,Baltimore County Precinct 09-028,897,918,158,1445,2342,1.0,0.38300597779675494,0.6169940222032451,1266,0.3919726729291204,0.06746370623398805,0.5405636208368916
991,Baltimore County,2528,Baltimore County Precinct 09-019,1774,983,449,754,2528,1.0,0.7017405063291139,0.29825949367088606,1096,0.3888449367088608,0.1776107594936709,0.43354430379746833
992,Baltimore City,2647,Baltimore City Precinct 27-014,1453,1110,301,1194,2647,1.0,0.5489233094068757,0.4510766905931243,1236,0.4193426520589346,0.11371363808084624,0.4669437098602191
993,Baltimore City,3409,Baltimore City Precinct 27-013,915,998,179,2494,3409,1.0,0.26840715752420063,0.7315928424757994,2232,0.2927544734526254,0.05250806688178351,0.654737459665591
994,Baltimore City,1492,Baltimore City Precinct 27-009,843,691,176,649,1492,1.0,0.5650134048257373,0.43498659517426275,625,0.4631367292225201,0.11796246648793565,0.41890080428954424
995,Baltimore City,762,Baltimore City Precinct 27-012,550,238,117,212,762,1.0,0.7217847769028871,0.2782152230971129,407,0.3123359580052493,0.15354330708661418,0.5341207349081365
996,Baltimore County,3661,Baltimore County Precinct 09-021,3095,1150,1035,566,3661,1.0,0.8453974323955203,0.15460256760447966,1476,0.31412182463807703,0.2827096421742693,0.40316853318765367
997,Baltimore County,2909,Baltimore County Precinct 09-029,2172,308,22,737,2909,1.0,0.7466483327603988,0.25335166723960123,2579,0.10587830869714679,0.0075627363355104844,0.8865589549673427
998,Baltimore County,2194,Baltimore County Precinct 09-012,1804,828,465,390,2194,1.0,0.8222424794895169,0.17775752051048313,901,0.37739288969917956,0.21194165907019144,0.410665451230629
999,Baltimore County,2160,Baltimore County Precinct 09-007,1829,815,846,331,2160,1.0,0.8467592592592592,0.15324074074074073,499,0.3773148148148148,0.39166666666666666,0.2310185185185185
1000,Baltimore County,2993,Baltimore County Precinct 09-011,2118,983,417,875,2993,1.0,0.707651186100902,0.2923488138990979,1593,0.32843301035750083,0.1393250918810558,0.5322418977614434
1001,Baltimore County,5056,Baltimore County Precinct 09-010,3865,1892,874,1191,5056,1.0,0.7644382911392406,0.2355617088607595,2290,0.37420886075949367,0.17286392405063292,0.45292721518987344
1002,Baltimore County,1644,Baltimore County Precinct 08-015,1440,667,640,204,1644,1.0,0.8759124087591241,0.12408759124087591,337,0.4057177615571776,0.38929440389294406,0.20498783454987834
1003,Baltimore County,1925,Baltimore County Precinct 08-014,1650,523,567,275,1925,1.0,0.8571428571428571,0.14285714285714285,835,0.2716883116883117,0.29454545454545455,0.43376623376623374
1004,Baltimore County,2163,Baltimore County Precinct 08-012,1905,924,903,258,2163,1.0,0.8807212205270458,0.11927877947295423,336,0.42718446601941745,0.4174757281553398,0.1553398058252427
1005,Baltimore County,5466,Baltimore County Precinct 08-005,3011,247,300,2455,5466,1.0,0.5508598609586535,0.44914013904134653,4919,0.04518843761434321,0.054884742041712405,0.8999268203439443
1006,Baltimore County,1075,Baltimore County Precinct 09-016,915,412,329,160,1075,1.0,0.8511627906976744,0.14883720930232558,334,0.38325581395348834,0.30604651162790697,0.31069767441860463
1007,Baltimore County,1627,Baltimore County Precinct 09-017,1118,624,268,509,1627,1.0,0.6871542716656422,0.3128457283343577,735,0.3835279655808236,0.16472034419176398,0.4517516902274124
1008,Baltimore County,26,Baltimore County Precinct 09-027,20,4,5,6,26,1.0,0.7692307692307693,0.23076923076923078,17,0.15384615384615385,0.19230769230769232,0.6538461538461539
1009,Baltimore County,2576,Baltimore County Precinct 09-018,1975,939,458,601,2576,1.0,0.7666925465838509,0.23330745341614906,1179,0.36451863354037267,0.1777950310559006,0.4576863354037267
1010,Baltimore County,1631,Baltimore County Precinct 09-009,1412,713,741,219,1631,1.0,0.8657265481299816,0.1342734518700184,177,0.437155119558553,0.45432250153280196,0.10852237890864501
1011,Baltimore County,1132,Baltimore County Precinct 09-026,975,520,399,157,1132,1.0,0.8613074204946997,0.13869257950530034,213,0.45936395759717313,0.35247349823321555,0.1881625441696113
1012,Baltimore County,1592,Baltimore County Precinct 09-008,1465,662,728,127,1592,1.0,0.9202261306532663,0.07977386934673367,202,0.4158291457286432,0.457286432160804,0.12688442211055276
1013,Baltimore County,2194,Baltimore County Precinct 08-007,1336,819,459,858,2194,1.0,0.6089334548769371,0.3910665451230629,916,0.37329079307201457,0.20920692798541476,0.41750227894257064
1014,Baltimore City,751,Baltimore City Precinct 27-037,547,301,100,204,751,1.0,0.7283621837549934,0.27163781624500666,350,0.4007989347536618,0.13315579227696406,0.46604527296937415
1015,Baltimore City,1727,Baltimore City Precinct 27-038,993,579,81,734,1727,1.0,0.57498552403011,0.42501447596989,1067,0.3352634626519977,0.046902142443543716,0.6178343949044586
1016,Baltimore City,1669,Baltimore City Precinct 27-042,1261,880,269,408,1669,1.0,0.7555422408627921,0.2444577591372079,520,0.5272618334331935,0.16117435590173756,0.3115638106650689
1017,Baltimore City,1155,Baltimore City Precinct 27-044,1034,804,165,121,1155,1.0,0.8952380952380953,0.10476190476190476,186,0.6961038961038961,0.14285714285714285,0.16103896103896104
1018,Baltimore City,1487,Baltimore City Precinct 27-040,1289,812,297,198,1487,1.0,0.8668459986550101,0.13315400134498992,378,0.5460659045057162,0.19973100201748487,0.2542030934767989
1019,Baltimore City,742,Baltimore City Precinct 27-039,645,487,145,97,742,1.0,0.8692722371967655,0.1307277628032345,110,0.6563342318059299,0.1954177897574124,0.14824797843665768
1020,Baltimore City,1929,Baltimore City Precinct 27-041,1446,969,274,483,1929,1.0,0.749611197511664,0.25038880248833595,686,0.5023328149300156,0.14204250907205807,0.3556246759979264
1021,Baltimore County,3216,Baltimore County Precinct 09-003,2807,1639,746,409,3216,1.0,0.8728233830845771,0.1271766169154229,831,0.509639303482587,0.23196517412935325,0.2583955223880597
1022,Baltimore County,3358,Baltimore County Precinct 03-008,2894,1340,584,464,3358,1.0,0.8618225134008338,0.13817748659916618,1434,0.3990470518165575,0.17391304347826086,0.42703990470518166
1023,Baltimore County,2600,Baltimore County Precinct 09-001,2400,1096,817,200,2600,1.0,0.9230769230769231,0.07692307692307693,687,0.42153846153846153,0.31423076923076926,0.2642307692307692
1024,Baltimore County,2246,Baltimore County Precinct 08-017,2079,901,911,167,2246,1.0,0.9256455921638468,0.07435440783615316,434,0.40115761353517365,0.4056099732858415,0.19323241317898487
1025,Baltimore County,879,Baltimore County Precinct 08-018,784,360,410,95,879,1.0,0.8919226393629124,0.1080773606370876,109,0.40955631399317405,0.4664391353811149,0.12400455062571103
1026,Baltimore County,2530,Baltimore County Precinct 08-019,2247,771,973,283,2530,1.0,0.8881422924901186,0.11185770750988143,786,0.3047430830039526,0.38458498023715415,0.31067193675889326
1027,Baltimore County,2751,Baltimore County Precinct 08-009,2153,988,1122,598,2751,1.0,0.7826245001817521,0.2173754998182479,641,0.35914213013449653,0.4078516902944384,0.23300617957106506
1028,Baltimore County,2173,Baltimore County Precinct 08-010,1965,821,884,208,2173,1.0,0.9042797975149562,0.09572020248504372,468,0.37781868384721584,0.4068108605614358,0.21537045559134838
1029,Baltimore County,1707,Baltimore County Precinct 08-020,1487,483,448,220,1707,1.0,0.8711189220855302,0.12888107791446984,776,0.28295254833040423,0.2624487404803749,0.45459871118922085
1030,Baltimore County,1541,Baltimore County Precinct 09-002,1463,650,680,78,1541,1.0,0.9493835171966256,0.050616482803374434,211,0.4218040233614536,0.44127190136275146,0.13692407527579495
1031,Baltimore County,4116,Baltimore County Precinct 09-004,3440,966,535,676,4116,1.0,0.8357628765792031,0.16423712342079688,2615,0.23469387755102042,0.12998056365403304,0.6353255587949466
1032,Baltimore County,3650,Baltimore County Precinct 09-005,3293,1432,910,357,3650,1.0,0.9021917808219178,0.09780821917808219,1308,0.3923287671232877,0.2493150684931507,0.35835616438356166
1033,Baltimore County,6430,Baltimore County Precinct 09-006,4497,491,233,1933,6430,1.0,0.6993779160186625,0.3006220839813375,5706,0.07636080870917573,0.03623639191290824,0.887402799377916
1034,Baltimore County,733,Baltimore County Precinct 08-016,621,439,293,112,733,1.178743961352657,0.8472032742155525,0.15279672578444747,1,0.5989085948158254,0.39972714870395637,0.001364256480218281
1035,Baltimore County,2667,Baltimore County Precinct 08-013,2348,961,908,319,2667,1.0,0.880389951256093,0.11961004874390702,798,0.3603299587551556,0.34045744281964757,0.2992125984251969
1036,Baltimore City,1338,Baltimore City Precinct 09-010,254,492,21,1084,1338,1.0,0.1898355754857997,0.8101644245142003,825,0.36771300448430494,0.01569506726457399,0.6165919282511211
1037,Baltimore City,1402,Baltimore City Precinct 09-003,246,624,36,1156,1402,1.0,0.1754636233951498,0.8245363766048502,742,0.4450784593437946,0.025677603423680456,0.5292439372325249
1038,Baltimore City,1166,Baltimore City Precinct 09-002,133,374,26,1033,1166,1.0,0.11406518010291596,0.885934819897084,766,0.32075471698113206,0.022298456260720412,0.6569468267581475
1039,Baltimore City,1002,Baltimore City Precinct 09-009,76,329,21,926,1002,1.0,0.07584830339321358,0.9241516966067864,652,0.3283433133732535,0.020958083832335328,0.6506986027944112
1040,Baltimore City,1958,Baltimore City Precinct 09-004,484,1024,65,1474,1958,1.0,0.24719101123595505,0.7528089887640449,869,0.5229826353421859,0.03319713993871297,0.4438202247191011
1041,Baltimore City,1717,Baltimore City Precinct 09-005,367,733,52,1350,1717,1.0,0.21374490390215492,0.786255096097845,932,0.42690739662201516,0.030285381479324403,0.5428072218986605
1042,Baltimore City,782,Baltimore City Precinct 09-001,41,230,10,741,782,1.0,0.052429667519181586,0.9475703324808185,542,0.29411764705882354,0.01278772378516624,0.6930946291560103
1043,Baltimore City,970,Baltimore City Precinct 27-036,32,327,14,938,970,1.0,0.032989690721649485,0.9670103092783505,629,0.3371134020618557,0.01443298969072165,0.6484536082474227
1044,Baltimore City,3261,Baltimore City Precinct 27-035,98,820,35,3163,3261,1.0,0.03005213124808341,0.9699478687519166,2406,0.2514566084023306,0.010732904017172647,0.7378104875804968
1045,Baltimore City,1481,Baltimore City Precinct 27-026,265,402,25,1216,1481,1.0,0.17893315327481432,0.8210668467251857,1054,0.2714382174206617,0.01688048615800135,0.7116812964213369
1046,Baltimore City,1722,Baltimore City Precinct 27-027,33,670,15,1689,1722,1.0,0.01916376306620209,0.980836236933798,1037,0.389082462253194,0.008710801393728223,0.6022067363530779
1047,Baltimore City,1372,Baltimore City Precinct 27-028,32,499,17,1340,1372,1.0,0.023323615160349854,0.9766763848396501,856,0.36370262390670555,0.01239067055393586,0.6239067055393586
1048,Baltimore City,858,Baltimore City Precinct 27-029,10,320,23,848,858,1.0,0.011655011655011656,0.9883449883449883,515,0.372960372960373,0.026806526806526808,0.6002331002331003
1049,Baltimore City,1643,Baltimore City Precinct 09-008,18,369,7,1625,1643,1.0,0.010955569080949483,0.9890444309190505,1267,0.2245891661594644,0.00426049908703591,0.7711503347534997
1050,Baltimore City,1933,Baltimore City Precinct 09-006,142,955,40,1791,1933,1.0,0.0734609415416451,0.9265390584583549,938,0.49405069839627525,0.020693222969477496,0.4852560786342473
1051,Baltimore City,1819,Baltimore City Precinct 09-007,152,731,32,1667,1819,1.0,0.08356239692138538,0.9164376030786147,1056,0.40186915887850466,0.017592083562396922,0.5805387575590985
1052,Baltimore City,1296,Baltimore City Precinct 27-025,35,553,22,1261,1296,1.0,0.02700617283950617,0.9729938271604939,721,0.42669753086419754,0.016975308641975308,0.5563271604938271
1053,Baltimore City,1047,Baltimore City Precinct 27-024,138,235,7,909,1047,1.0,0.1318051575931232,0.8681948424068768,805,0.224450811843362,0.0066857688634192934,0.7688634192932188
1054,Baltimore City,588,Baltimore City Precinct 27-023,30,329,16,558,588,1.0,0.05102040816326531,0.9489795918367347,243,0.5595238095238095,0.027210884353741496,0.413265306122449
1055,Baltimore City,1632,Baltimore City Precinct 27-034,121,608,31,1511,1632,1.0,0.0741421568627451,0.9258578431372549,993,0.37254901960784315,0.018995098039215685,0.6084558823529411
1056,Baltimore City,2316,Baltimore City Precinct 27-033,564,1028,78,1752,2316,1.0,0.24352331606217617,0.7564766839378239,1210,0.4438687392055268,0.03367875647668394,0.5224525043177893
1057,Baltimore City,2778,Baltimore City Precinct 27-032,1010,1146,116,1768,2778,1.0,0.36357091432685384,0.6364290856731462,1516,0.41252699784017277,0.04175665946724262,0.5457163426925846
1058,Baltimore County,2581,Baltimore County Precinct 09-014,1807,1388,369,774,2581,1.0,0.7001162340178225,0.2998837659821775,824,0.5377760557923286,0.14296784192173576,0.3192561022859357
1059,Baltimore County,2145,Baltimore County Precinct 09-013,2025,1304,656,120,2145,1.0,0.9440559440559441,0.055944055944055944,185,0.607925407925408,0.30582750582750584,0.08624708624708624
1060,Baltimore City,1703,Baltimore City Precinct 27-030,58,581,20,1645,1703,1.0,0.03405754550792719,0.9659424544920728,1102,0.3411626541397534,0.011743981209630064,0.6470933646506165
1061,Baltimore City,2334,Baltimore City Precinct 27-031,141,978,45,2193,2334,1.0,0.060411311053984576,0.9395886889460154,1311,0.4190231362467866,0.019280205655526992,0.5616966580976864
1062,Baltimore City,2547,Baltimore City Precinct 27-022,207,1170,42,2340,2547,1.0,0.0812720848056537,0.9187279151943463,1335,0.45936395759717313,0.016489988221436984,0.5241460541813898
1063,Baltimore City,2765,Baltimore City Precinct 27-021,234,1070,49,2531,2765,1.0,0.08462929475587704,0.915370705244123,1646,0.38698010849909587,0.017721518987341773,0.5952983725135624
1064,Baltimore City,2623,Baltimore City Precinct 27-020,377,992,59,2246,2623,1.0,0.14372855508959206,0.856271444910408,1572,0.3781929088829584,0.02249332825009531,0.5993137628669463
1065,Baltimore County,3415,Baltimore County Precinct 09-015,1933,1224,386,1482,3415,1.0,0.5660322108345535,0.43396778916544654,1805,0.35841874084919473,0.1130307467057101,0.5285505124450952
1066,Baltimore City,1108,Baltimore City Precinct 08-001,657,47,2,451,1108,1.0,0.5929602888086642,0.40703971119133575,1059,0.042418772563176894,0.0018050541516245488,0.9557761732851986
1067,Baltimore City,1540,Baltimore City Precinct 08-002,183,535,34,1357,1540,1.0,0.11883116883116883,0.8811688311688312,971,0.3474025974025974,0.02207792207792208,0.6305194805194805
1068,Baltimore City,2756,Baltimore City Precinct 26-021,263,857,40,2493,2756,1.0,0.09542815674891146,0.9045718432510885,1859,0.3109579100145138,0.01451378809869376,0.6745283018867925
1069,Baltimore City,813,Baltimore City Precinct 26-022,102,308,18,711,813,1.0,0.12546125461254612,0.8745387453874539,487,0.37884378843788435,0.02214022140221402,0.5990159901599016
1070,Baltimore City,586,Baltimore City Precinct 27-002,406,407,81,180,586,1.0,0.6928327645051194,0.30716723549488056,98,0.6945392491467577,0.13822525597269625,0.16723549488054607
1071,Baltimore City,2370,Baltimore City Precinct 27-001,734,884,129,1636,2370,1.0,0.309704641350211,0.6902953586497891,1357,0.3729957805907173,0.05443037974683544,0.5725738396624472
1072,Baltimore City,3583,Baltimore City Precinct 27-018,801,814,100,2782,3583,1.0,0.22355567959810216,0.7764443204018978,2669,0.2271839240859615,0.027909572983533353,0.7449065029305052
1073,Baltimore City,1263,Baltimore City Precinct 27-017,466,582,66,797,1263,1.0,0.36896278701504354,0.6310372129849564,615,0.46080760095011875,0.052256532066508314,0.48693586698337293
1074,Baltimore City,642,Baltimore City Precinct 27-003,342,330,48,300,642,1.0,0.5327102803738317,0.4672897196261682,264,0.514018691588785,0.07476635514018691,0.411214953271028
1075,Baltimore City,676,Baltimore City Precinct 27-004,338,274,57,338,676,1.0,0.5,0.5,345,0.40532544378698226,0.08431952662721894,0.5103550295857988
1076,Baltimore City,796,Baltimore City Precinct 27-016,371,333,50,425,796,1.0,0.46608040201005024,0.5339195979899497,413,0.4183417085427136,0.06281407035175879,0.5188442211055276
1077,Baltimore City,1296,Baltimore City Precinct 26-023,120,438,27,1176,1296,1.0,0.09259259259259259,0.9074074074074074,831,0.33796296296296297,0.020833333333333332,0.6412037037037037
1078,Baltimore City,1224,Baltimore City Precinct 15-022,11,436,22,1213,1224,1.0,0.008986928104575163,0.9910130718954249,766,0.3562091503267974,0.017973856209150325,0.6258169934640523
1079,Baltimore City,2136,Baltimore City Precinct 15-024,9,555,18,2127,2136,1.0,0.004213483146067416,0.9957865168539326,1563,0.2598314606741573,0.008426966292134831,0.7317415730337079
1080,Baltimore City,964,Baltimore City Precinct 27-055,16,230,15,948,964,1.0,0.016597510373443983,0.983402489626556,719,0.23858921161825727,0.015560165975103735,0.745850622406639
1081,Baltimore City,951,Baltimore City Precinct 15-025,20,185,9,931,951,1.0,0.02103049421661409,0.9789695057833859,757,0.19453207150368035,0.00946372239747634,0.7960042060988434
1082,Baltimore City,614,Baltimore City Precinct 27-054,17,182,6,597,614,1.0,0.02768729641693811,0.9723127035830619,426,0.2964169381107492,0.009771986970684038,0.6938110749185668
1083,Baltimore City,804,Baltimore City Precinct 27-058,10,185,10,794,804,1.0,0.012437810945273632,0.9875621890547264,609,0.2300995024875622,0.012437810945273632,0.7574626865671642
1084,Baltimore City,1983,Baltimore City Precinct 27-053,65,521,20,1918,1983,1.0,0.03277861825516894,0.9672213817448311,1442,0.2627332324760464,0.010085728693898134,0.7271810388300555
1085,Baltimore City,3199,Baltimore City Precinct 27-052,85,855,26,3114,3199,1.0,0.026570803376055017,0.973429196623945,2318,0.26727102219443577,0.008127539856205065,0.7246014379493592
1086,Baltimore City,2203,Baltimore City Precinct 15-023,61,545,14,2142,2203,1.0,0.027689514298683614,0.9723104857013164,1644,0.24738992283250114,0.006354970494779845,0.746255106672719
1087,Baltimore City,1066,Baltimore City Precinct 13-005,806,467,93,260,1066,1.0,0.7560975609756098,0.24390243902439024,506,0.43808630393996245,0.08724202626641651,0.474671669793621
1088,Baltimore City,1038,Baltimore City Precinct 27-048,156,462,34,882,1038,1.0,0.15028901734104047,0.8497109826589595,542,0.44508670520231214,0.03275529865125241,0.5221579961464354
1089,Baltimore City,827,Baltimore City Precinct 27-043,692,486,94,135,827,1.0,0.8367593712212817,0.16324062877871826,247,0.5876662636033857,0.11366384522370013,0.29866989117291415
1090,Baltimore City,1140,Baltimore City Precinct 27-050,691,743,60,449,1140,1.0,0.606140350877193,0.393859649122807,337,0.6517543859649123,0.05263157894736842,0.2956140350877193
1091,Baltimore City,390,Baltimore City Precinct 27-051,146,119,8,244,390,1.0,0.37435897435897436,0.6256410256410256,263,0.30512820512820515,0.020512820512820513,0.6743589743589744
1092,Baltimore City,2674,Baltimore City Precinct 27-049,2164,1496,294,510,2674,1.0,0.8092744951383695,0.1907255048616305,884,0.5594614809274495,0.1099476439790576,0.3305908750934929
1093,Baltimore County,4060,Baltimore County Precinct 03-009,2908,1666,626,1152,4060,1.0,0.716256157635468,0.28374384236453204,1768,0.4103448275862069,0.1541871921182266,0.4354679802955665
1094,Baltimore City,777,Baltimore City Precinct 13-006,30,261,14,747,777,1.0,0.03861003861003861,0.9613899613899614,502,0.3359073359073359,0.018018018018018018,0.646074646074646
1095,Baltimore City,1244,Baltimore City Precinct 13-004,1098,577,204,146,1244,1.0,0.882636655948553,0.11736334405144695,463,0.4638263665594855,0.1639871382636656,0.3721864951768489
1096,Baltimore City,2273,Baltimore City Precinct 13-003,1980,1144,228,293,2273,1.0,0.8710954685437747,0.12890453145622524,901,0.5032996040475143,0.10030796304443466,0.39639243290805104
1097,Baltimore City,2199,Baltimore City Precinct 13-011,1953,1187,185,246,2199,1.0,0.888130968622101,0.11186903137789904,827,0.5397908140063665,0.08412914961346066,0.3760800363801728
1098,Baltimore City,1290,Baltimore City Precinct 13-012,1174,1044,179,116,1290,1.0,0.9100775193798449,0.08992248062015504,67,0.8093023255813954,0.1387596899224806,0.05193798449612403
1099,Baltimore City,2558,Baltimore City Precinct 13-001,1793,752,87,765,2558,1.0,0.700938232994527,0.29906176700547304,1719,0.2939796716184519,0.03401094605160281,0.6720093823299452
1100,Baltimore City,1628,Baltimore City Precinct 27-047,1104,571,119,524,1628,1.0,0.6781326781326781,0.32186732186732187,938,0.35073710073710074,0.07309582309582309,0.5761670761670762
1101,Baltimore City,1385,Baltimore City Precinct 13-002,1103,660,118,282,1385,1.0,0.7963898916967509,0.2036101083032491,607,0.47653429602888087,0.0851985559566787,0.43826714801444044
1102,Baltimore City,802,Baltimore City Precinct 27-046,669,546,101,133,802,1.0,0.8341645885286783,0.1658354114713217,155,0.6807980049875312,0.1259351620947631,0.19326683291770574
1103,Baltimore City,4732,Baltimore City Precinct 27-045,3995,1053,201,737,4732,1.0,0.8442519019442096,0.15574809805579037,3478,0.22252747252747251,0.042476754015215556,0.7349957734573119
1104,Baltimore City,1486,Baltimore City Precinct 12-003,862,515,46,624,1486,1.0,0.5800807537012113,0.4199192462987887,925,0.3465679676985195,0.03095558546433378,0.6224764468371468
1105,Baltimore City,1587,Baltimore City Precinct 12-006,1031,515,35,556,1587,1.0,0.649653434152489,0.350346565847511,1037,0.32451165721487085,0.02205419029615627,0.6534341524889729
1106,Baltimore City,1914,Baltimore City Precinct 12-005,1218,662,38,696,1914,1.0,0.6363636363636364,0.36363636363636365,1214,0.3458725182863114,0.019853709508881923,0.6342737722048067
1107,Baltimore City,3814,Baltimore City Precinct 12-004,2068,644,52,1746,3814,1.0,0.5422128998426848,0.45778710015731516,3118,0.16885159937073937,0.013633980073413739,0.8175144205558469
1108,Baltimore City,2306,Baltimore City Precinct 12-002,1529,121,41,777,2306,1.0,0.663052905464007,0.3369470945359931,2144,0.05247181266261925,0.01777970511708586,0.9297484822202949
1109,Baltimore City,2090,Baltimore City Precinct 12-001,1535,1485,256,555,2090,1.0,0.7344497607655502,0.26555023923444976,349,0.7105263157894737,0.12248803827751197,0.16698564593301435
1110,Montgomery,1766,Montgomery Precinct 07-028,1362,1037,286,404,1766,1.0,0.7712344280860702,0.2287655719139298,443,0.587202718006795,0.16194790486976218,0.2508493771234428
1111,Montgomery,3027,Montgomery Precinct 10-012,1945,1354,442,1082,3027,1.0,0.6425503799141064,0.35744962008589365,1231,0.44730756524611825,0.14601916088536504,0.4066732738685167
1112,Montgomery,1301,Montgomery Precinct 04-032,978,698,215,323,1301,1.0,0.7517294388931591,0.2482705611068409,388,0.536510376633359,0.1652574942352037,0.2982321291314374
1113,Montgomery,2349,Montgomery Precinct 10-011,1333,906,207,1016,2349,1.0,0.56747552149851,0.43252447850149,1236,0.38569604086845466,0.08812260536398467,0.5261813537675607
1114,Montgomery,1957,Montgomery Precinct 04-013,1683,1370,408,274,1957,1.0,0.8599897802759325,0.14001021972406746,179,0.7000510986203372,0.20848237097598366,0.0914665304036791
1115,Montgomery,2330,Montgomery Precinct 07-018,2050,1743,306,280,2330,1.0,0.8798283261802575,0.12017167381974249,281,0.748068669527897,0.1313304721030043,0.12060085836909872
1116,Montgomery,2454,Montgomery Precinct 07-024,2091,1457,426,363,2454,1.0,0.8520782396088019,0.14792176039119803,571,0.5937245313773432,0.17359413202933985,0.23268133659331702
1117,Montgomery,1711,Montgomery Precinct 07-027,1486,1042,321,225,1711,1.0,0.8684979544126242,0.1315020455873758,348,0.609000584453536,0.18760958503798947,0.2033898305084746
1118,Montgomery,3393,Montgomery Precinct 07-013,2701,1744,567,692,3393,1.0,0.7960506926024168,0.20394930739758327,1082,0.5139994105511347,0.16710875331564987,0.3188918361332154
1119,Montgomery,2602,Montgomery Precinct 07-012,2240,1684,334,362,2602,1.0,0.8608762490392006,0.13912375096079937,584,0.6471944657955419,0.12836279784780938,0.22444273635664874
1120,Montgomery,4520,Montgomery Precinct 07-004,3440,2352,441,1080,4520,1.0,0.7610619469026548,0.23893805309734514,1727,0.5203539823008849,0.09756637168141592,0.3820796460176991
1121,Montgomery,1823,Montgomery Precinct 07-007,1553,1238,221,270,1823,1.0,0.8518924849149753,0.14810751508502468,364,0.6791003839824465,0.12122874382885354,0.19967087218869994
1122,Montgomery,3525,Montgomery Precinct 07-011,2810,1901,274,715,3525,1.0,0.7971631205673759,0.2028368794326241,1350,0.539290780141844,0.0777304964539007,0.3829787234042553
1123,Montgomery,5321,Montgomery Precinct 07-026,3875,2183,335,1446,5321,1.0,0.7282465701935726,0.27175342980642736,2803,0.4102612290922759,0.0629580905844766,0.5267806803232475
1124,Montgomery,2181,Montgomery Precinct 07-001,1599,924,191,582,2181,1.0,0.7331499312242091,0.2668500687757909,1066,0.4236588720770289,0.08757450710683173,0.48876662081613936
1125,Montgomery,1793,Montgomery Precinct 07-002,1663,1236,354,130,1793,1.0,0.9274958170663692,0.07250418293363078,203,0.6893474623535973,0.19743446737311768,0.113218070273285
1126,Montgomery,2058,Montgomery Precinct 07-006,1844,1172,261,214,2058,1.0,0.8960155490767736,0.10398445092322643,625,0.5694849368318756,0.12682215743440234,0.30369290573372204
1127,Montgomery,1085,Montgomery Precinct 07-021,993,740,230,92,1085,1.0,0.9152073732718894,0.0847926267281106,115,0.6820276497695853,0.2119815668202765,0.10599078341013825
1128,Montgomery,2548,Montgomery Precinct 07-020,1786,1334,392,762,2548,1.0,0.7009419152276295,0.2990580847723705,822,0.5235478806907379,0.15384615384615385,0.3226059654631083
1129,Montgomery,2356,Montgomery Precinct 07-025,1718,1428,361,638,2356,1.0,0.7292020373514432,0.2707979626485569,567,0.6061120543293718,0.1532258064516129,0.24066213921901528
1130,Montgomery,3378,Montgomery Precinct 07-010,2587,1750,361,791,3378,1.0,0.7658377738306691,0.23416222616933097,1267,0.5180580224985198,0.1068679692125518,0.37507400828892834
1131,Montgomery,1339,Montgomery Precinct 07-031,1068,732,155,271,1339,1.0,0.7976101568334578,0.20238984316654218,452,0.5466766243465273,0.1157580283793876,0.33756534727408516
1132,Montgomery,3359,Montgomery Precinct 04-018,2439,1506,462,920,3359,1.0,0.7261089610002978,0.2738910389997023,1391,0.4483477225364692,0.13754093480202442,0.4141113426615064
1133,Montgomery,2203,Montgomery Precinct 04-028,1437,729,124,766,2203,1.0,0.6522923286427599,0.3477076713572401,1350,0.3309123921924648,0.05628688152519292,0.6128007262823423
1134,Montgomery,3906,Montgomery Precinct 04-031,2703,1566,295,1203,3906,1.0,0.6920122887864824,0.30798771121351765,2045,0.4009216589861751,0.07552483358934972,0.5235535074244752
1135,Montgomery,3257,Montgomery Precinct 04-010,2452,1408,401,805,3257,1.0,0.7528400368437212,0.24715996315627878,1448,0.43229966226588884,0.12311943506294136,0.4445809026711698
1136,Montgomery,2490,Montgomery Precinct 04-017,1774,1552,295,716,2490,1.0,0.7124497991967872,0.28755020080321286,643,0.623293172690763,0.11847389558232932,0.25823293172690764
1137,Montgomery,3550,Montgomery Precinct 04-008,2235,2428,437,1315,3550,1.0,0.6295774647887324,0.3704225352112676,685,0.683943661971831,0.12309859154929577,0.19295774647887323
1138,Baltimore County,2293,Baltimore County Precinct 02-005,122,1318,55,2171,2293,1.0,0.053205407762756216,0.9467945922372438,920,0.5747928477976451,0.02398604448320977,0.4012211077191452
1139,Baltimore County,2631,Baltimore County Precinct 02-009,196,1057,58,2435,2631,1.0,0.07449638920562524,0.9255036107943747,1516,0.4017483846446218,0.022044849866970733,0.5762067654884074
1140,Baltimore County,3860,Baltimore County Precinct 02-014,432,2014,89,3428,3860,1.0,0.11191709844559586,0.8880829015544042,1757,0.5217616580310881,0.02305699481865285,0.45518134715025904
1141,Baltimore County,636,Baltimore County Precinct 02-025,504,510,125,132,636,1.0986159169550174,0.7924528301886793,0.20754716981132076,1,0.8018867924528302,0.19654088050314467,0.0015723270440251573
1142,Baltimore County,398,Baltimore County Precinct 02-028,16,144,1,382,398,1.0,0.04020100502512563,0.9597989949748744,253,0.36180904522613067,0.002512562814070352,0.635678391959799
1143,Baltimore County,2934,Baltimore County Precinct 02-007,310,1245,51,2624,2934,1.0,0.1056578050443081,0.8943421949556919,1638,0.42433537832310836,0.017382413087934562,0.558282208588957
1144,Baltimore County,532,Baltimore County Precinct 02-023,170,271,52,362,532,1.0,0.31954887218045114,0.6804511278195489,209,0.5093984962406015,0.09774436090225563,0.39285714285714285
1145,Baltimore County,2750,Baltimore County Precinct 02-008,424,1598,103,2326,2750,1.0,0.15418181818181817,0.8458181818181818,1049,0.5810909090909091,0.037454545454545456,0.38145454545454544
1146,Baltimore County,1761,Baltimore County Precinct 03-014,1271,521,326,490,1761,1.0,0.7217490062464509,0.2782509937535491,914,0.29585462805224305,0.185122089721749,0.5190232822260079
1147,Baltimore County,3988,Baltimore County Precinct 02-029,1361,1364,160,2627,3988,1.0,0.34127382146439317,0.6587261785356068,2464,0.3420260782347041,0.04012036108324975,0.6178535606820461
1148,Baltimore County,2503,Baltimore County Precinct 02-026,1337,1066,177,1166,2503,1.0,0.5341590091889732,0.46584099081102676,1260,0.42588893328006394,0.07071514182980423,0.5033959248901319
1149,Baltimore County,4357,Baltimore County Precinct 04-001,2178,1368,334,2179,4357,1.0,0.4998852421390865,0.5001147578609135,2655,0.31397750745926095,0.07665825109019968,0.6093642414505394
1150,Baltimore County,4438,Baltimore County Precinct 02-015,1185,2162,171,3253,4438,1.0,0.26701216764308244,0.7329878323569176,2105,0.4871563767462821,0.03853086976115367,0.47431275349256424
1151,Baltimore County,4253,Baltimore County Precinct 04-002,1859,1357,393,2394,4253,1.0,0.4371032212555843,0.5628967787444157,2503,0.31906889254643783,0.09240536092170233,0.5885257465318599
1152,Baltimore County,6218,Baltimore County Precinct 04-014,2105,1147,157,4113,6218,1.0,0.3385332904470891,0.6614667095529109,4914,0.18446445802508846,0.025249276294628496,0.790286265680283
1153,Baltimore County,2859,Baltimore County Precinct 03-012,1558,1025,214,1301,2859,1.0,0.5449457852395942,0.45505421476040575,1620,0.35851696397341726,0.07485134662469395,0.5666316894018888
1154,Baltimore County,3010,Baltimore County Precinct 04-003,2691,1213,647,319,3010,1.0,0.8940199335548172,0.10598006644518272,1150,0.40299003322259136,0.2149501661129568,0.38205980066445183
1155,Baltimore County,3867,Baltimore County Precinct 02-002,159,1408,66,3708,3867,1.0,0.041117145073700546,0.9588828549262994,2393,0.36410654253943625,0.017067494181536073,0.6188259632790277
1156,Baltimore County,3676,Baltimore County Precinct 02-004,165,1441,70,3511,3676,1.0,0.04488574537540805,0.955114254624592,2165,0.39200217627856365,0.019042437431991296,0.5889553862894451
1157,Baltimore County,1730,Baltimore County Precinct 02-001,101,947,41,1629,1730,1.0,0.05838150289017341,0.9416184971098266,742,0.5473988439306359,0.023699421965317918,0.42890173410404625
1158,Baltimore County,3654,Baltimore County Precinct 03-001,569,1893,167,3085,3654,1.0,0.15571975916803504,0.844280240831965,1594,0.5180623973727422,0.045703338806787085,0.4362342638204707
1159,Baltimore County,1886,Baltimore County Precinct 03-004,949,939,223,937,1886,1.0,0.5031813361611877,0.4968186638388123,724,0.49787910922587486,0.11823966065747614,0.383881230116649
1160,Baltimore County,2455,Baltimore County Precinct 03-003,535,1440,116,1920,2455,1.0,0.21792260692464357,0.7820773930753564,899,0.5865580448065173,0.04725050916496945,0.3661914460285132
1161,Baltimore County,3558,Baltimore County Precinct 03-005,2386,1342,312,1172,3558,1.0,0.670601461495222,0.32939853850477796,1904,0.37717818999437885,0.08768971332209106,0.5351320966835301
1162,Baltimore County,2978,Baltimore County Precinct 03-002,1405,1213,179,1573,2978,1.0,0.4717931497649429,0.5282068502350571,1586,0.4073203492276696,0.06010745466756212,0.5325721961047682
1163,Baltimore City,2988,Baltimore City Precinct 28-006,115,993,43,2873,2988,1.0,0.03848728246318608,0.9615127175368139,1952,0.33232931726907633,0.014390896921017403,0.6532797858099063
1164,Baltimore City,1374,Baltimore City Precinct 28-007,38,445,19,1336,1374,1.0,0.027656477438136828,0.9723435225618632,910,0.32387190684133915,0.013828238719068414,0.6622998544395924
1165,Baltimore City,1808,Baltimore City Precinct 28-005,29,649,37,1779,1808,1.0,0.016039823008849558,0.9839601769911505,1122,0.35896017699115046,0.020464601769911505,0.620575221238938
1166,Baltimore City,2470,Baltimore City Precinct 28-002,50,845,32,2420,2470,1.0,0.020242914979757085,0.979757085020243,1593,0.34210526315789475,0.012955465587044534,0.6449392712550607
1167,Baltimore City,882,Baltimore City Precinct 28-004,11,265,19,871,882,1.0,0.012471655328798186,0.9875283446712018,598,0.30045351473922904,0.021541950113378686,0.6780045351473923
1168,Baltimore City,1074,Baltimore City Precinct 15-002,22,333,10,1052,1074,1.0,0.020484171322160148,0.9795158286778398,731,0.3100558659217877,0.00931098696461825,0.680633147113594
1169,Baltimore City,2856,Baltimore City Precinct 15-009,38,932,37,2818,2856,1.0,0.01330532212885154,0.9866946778711485,1887,0.32633053221288516,0.012955182072829132,0.6607142857142857
1170,Carroll,2549,Carroll Precinct 05-003,2418,680,1123,131,2549,1.0,0.9486072969792075,0.05139270302079247,746,0.266771282856022,0.4405649274225186,0.2926637897214594
1171,Baltimore County,1541,Baltimore County Precinct 02-019,893,412,407,648,1541,1.0,0.5794938351719663,0.42050616482803377,722,0.2673588578844906,0.26411421155094095,0.46852693056456846
1172,Baltimore County,1285,Baltimore County Precinct 02-018,223,751,125,1062,1285,1.0,0.1735408560311284,0.8264591439688715,409,0.5844357976653697,0.09727626459143969,0.31828793774319064
1173,Baltimore County,37,Baltimore County Precinct 02-022,11,32,5,26,37,1.0,0.2972972972972973,0.7027027027027027,0,0.8648648648648649,0.13513513513513514,0.0
1174,Baltimore County,823,Baltimore County Precinct 02-020,304,473,90,519,823,1.0,0.36938031591737547,0.6306196840826246,260,0.574726609963548,0.10935601458080195,0.3159173754556501
1175,Baltimore County,4946,Baltimore County Precinct 02-012,664,1978,184,4282,4946,1.0,0.13424989890820865,0.8657501010917914,2784,0.39991912656692274,0.0372017792155277,0.5628790942175496
1176,Baltimore County,2695,Baltimore County Precinct 02-024,283,1454,89,2412,2695,1.0,0.10500927643784787,0.8949907235621521,1152,0.5395176252319109,0.033024118738404454,0.4274582560296846
1177,Baltimore County,1072,Baltimore County Precinct 02-021,779,375,398,293,1072,1.0,0.726679104477612,0.2733208955223881,299,0.3498134328358209,0.3712686567164179,0.2789179104477612
1178,Baltimore County,2206,Baltimore County Precinct 02-027,459,1216,109,1747,2206,1.0,0.20806890299184044,0.7919310970081596,881,0.5512239347234814,0.04941069809610154,0.39936536718041704
1179,Baltimore County,2794,Baltimore County Precinct 04-012,1642,1826,563,1152,2794,1.0,0.5876879026485325,0.41231209735146745,405,0.6535433070866141,0.20150322118826056,0.14495347172512527
1180,Baltimore County,3497,Baltimore County Precinct 04-006,2072,921,412,1425,3497,1.0,0.5925078638833285,0.40749213611667146,2164,0.26336860165856446,0.1178152702316271,0.6188161281098085
1181,Carroll,6184,Carroll Precinct 04-001,5840,1247,2419,344,6184,1.0,0.944372574385511,0.055627425614489,2518,0.20164941785252263,0.39117076326002587,0.4071798188874515
1182,Carroll,4802,Carroll Precinct 08-001,4594,845,2042,208,4802,1.0,0.9566847147022074,0.043315285297792584,1915,0.17596834652228238,0.4252394835485214,0.3987921699291962
1183,Baltimore County,4554,Baltimore County Precinct 04-007,2661,1535,790,1893,4554,1.0,0.5843214756258235,0.4156785243741766,2229,0.3370663153271849,0.17347386912604304,0.4894598155467721
1184,Baltimore County,2479,Baltimore County Precinct 04-010,1427,777,293,1052,2479,1.0,0.5756353368293666,0.4243646631706333,1409,0.31343283582089554,0.118192819685357,0.5683743444937475
1185,Baltimore County,4026,Baltimore County Precinct 04-008,3005,1118,815,1021,4026,1.0,0.7463984103328366,0.25360158966716345,2093,0.2776949826130154,0.2024341778440139,0.5198708395429706
1186,Baltimore County,1997,Baltimore County Precinct 04-009,1790,533,777,207,1997,1.0,0.8963445167751627,0.10365548322483725,687,0.2669003505257887,0.3890836254381572,0.3440160240360541
1187,Carroll,7419,Carroll Precinct 07-004,6548,1356,1971,871,7419,1.0,0.8825987329828818,0.11740126701711821,4092,0.18277395875454913,0.2656692276587141,0.5515568135867368
1188,Carroll,4295,Carroll Precinct 03-001,4156,590,1700,139,4295,1.0,0.9676367869615833,0.032363213038416765,2005,0.13736903376018628,0.3958090803259604,0.4668218859138533
1189,Carroll,3836,Carroll Precinct 07-002,3328,629,1181,508,3836,1.0,0.867570385818561,0.132429614181439,2026,0.16397288842544316,0.3078727841501564,0.5281543274244004
1190,Carroll,5993,Carroll Precinct 06-001,5728,938,2530,265,5993,1.0,0.9557817453695978,0.04421825463040214,2525,0.15651593525780078,0.42215918571666944,0.4213248790255298
1191,Carroll,3510,Carroll Precinct 08-002,3268,629,1449,242,3510,1.0,0.931054131054131,0.06894586894586895,1432,0.1792022792022792,0.4128205128205128,0.407977207977208
1192,Carroll,2717,Carroll Precinct 08-003,2574,568,1091,143,2717,1.0,0.9473684210526315,0.05263157894736842,1058,0.20905410379094588,0.40154582259845417,0.3894000736105999
1193,Carroll,4591,Carroll Precinct 06-002,4324,863,2131,267,4591,1.0,0.9418427357874102,0.05815726421258985,1597,0.18797647571335221,0.4641690263559137,0.34785449793073403
1194,Baltimore County,5767,Baltimore County Precinct 02-011,1008,1917,216,4759,5767,1.0,0.17478758453268597,0.825212415467314,3634,0.33240853129876885,0.03745448239986128,0.6301369863013698
1195,Baltimore County,4341,Baltimore County Precinct 02-010,384,2056,114,3957,4341,1.0,0.0884588804422944,0.9115411195577056,2171,0.47362358903478463,0.02626123013130615,0.5001151808339093
1196,Baltimore County,3194,Baltimore County Precinct 02-017,337,1543,86,2857,3194,1.0,0.10551033187226048,0.8944896681277396,1565,0.4830932999373826,0.026925485284909206,0.48998121477770823
1197,Baltimore County,1512,Baltimore County Precinct 02-016,259,820,73,1253,1512,1.0,0.1712962962962963,0.8287037037037037,619,0.5423280423280423,0.04828042328042328,0.4093915343915344
1198,Baltimore County,3573,Baltimore County Precinct 02-013,562,1723,144,3011,3573,1.0,0.15729079205149735,0.8427092079485027,1706,0.4822278197593059,0.04030226700251889,0.4774699132381752
1199,Baltimore County,3132,Baltimore County Precinct 02-003,421,763,83,2711,3132,1.0,0.13441890166028098,0.8655810983397191,2286,0.24361430395913156,0.026500638569604086,0.7298850574712644
1200,Baltimore County,3378,Baltimore County Precinct 02-006,350,1667,108,3028,3378,1.0,0.10361160449970397,0.896388395500296,1603,0.4934872705743043,0.03197158081705151,0.47454114860864416
1201,Baltimore City,1822,Baltimore City Precinct 03-001,235,455,28,1587,1822,1.0,0.12897914379802414,0.8710208562019759,1339,0.24972557628979145,0.015367727771679473,0.7349066959385291
1202,Baltimore City,356,Baltimore City Precinct 05-002,41,41,2,315,356,1.0,0.1151685393258427,0.8848314606741573,313,0.1151685393258427,0.0056179775280898875,0.8792134831460674
1203,Baltimore City,1273,Baltimore City Precinct 10-002,8,486,11,1265,1273,1.0,0.006284367635506678,0.9937156323644933,776,0.38177533385703066,0.00864100549882168,0.6095836606441477
1204,Baltimore City,987,Baltimore City Precinct 10-001,13,465,22,974,987,1.0,0.013171225937183385,0.9868287740628167,500,0.47112462006079026,0.022289766970618033,0.5065856129685917
1205,Baltimore City,1789,Baltimore City Precinct 09-015,22,535,26,1767,1789,1.0,0.012297372833985467,0.9877026271660145,1228,0.2990497484628284,0.014533258803801007,0.6864169927333706
1206,Baltimore City,1316,Baltimore City Precinct 12-007,363,757,29,953,1316,1.0,0.27583586626139817,0.7241641337386018,530,0.5752279635258358,0.022036474164133738,0.4027355623100304
1207,Baltimore City,1357,Baltimore City Precinct 09-014,18,520,16,1339,1357,1.0,0.013264554163596167,0.9867354458364038,821,0.3831982313927782,0.011790714812085483,0.6050110537951363
1208,Baltimore City,364,Baltimore City Precinct 09-011,6,65,1,358,364,1.0,0.016483516483516484,0.9835164835164835,298,0.17857142857142858,0.0027472527472527475,0.8186813186813187
1209,Baltimore City,917,Baltimore City Precinct 09-013,12,164,7,905,917,1.0,0.013086150490730643,0.9869138495092693,746,0.17884405670665213,0.007633587786259542,0.8135223555070883
1210,Baltimore City,1609,Baltimore City Precinct 09-012,36,500,20,1573,1609,1.0,0.022374145431945307,0.9776258545680547,1089,0.3107520198881293,0.012430080795525171,0.6768178993163455
1211,Baltimore City,1368,Baltimore City Precinct 02-001,706,485,87,662,1368,1.0,0.5160818713450293,0.48391812865497075,796,0.35453216374269003,0.06359649122807018,0.5818713450292398
1212,Baltimore City,1117,Baltimore City Precinct 06-004,528,542,49,589,1117,1.0,0.4726947179946285,0.5273052820053715,526,0.4852282900626679,0.043867502238137866,0.4709042076991943
1213,Baltimore City,475,Baltimore City Precinct 06-003,44,169,6,431,475,1.0,0.09263157894736843,0.9073684210526316,300,0.35578947368421054,0.01263157894736842,0.631578947368421
1214,Baltimore City,1050,Baltimore City Precinct 07-001,14,366,22,1036,1050,1.0,0.013333333333333334,0.9866666666666667,662,0.3485714285714286,0.02095238095238095,0.6304761904761905
1215,Baltimore City,504,Baltimore City Precinct 08-007,13,486,17,491,504,1.1405895691609977,0.025793650793650792,0.9742063492063492,1,0.9642857142857143,0.03373015873015873,0.001984126984126984
1216,Baltimore City,250,Baltimore City Precinct 07-002,11,82,3,239,250,1.0,0.044,0.956,165,0.328,0.012,0.66
1217,Baltimore City,819,Baltimore City Precinct 06-002,107,238,14,712,819,1.0,0.13064713064713065,0.8693528693528694,567,0.2905982905982906,0.017094017094017096,0.6923076923076923
1218,Baltimore City,2445,Baltimore City Precinct 07-003,84,681,31,2361,2445,1.0,0.0343558282208589,0.9656441717791411,1733,0.2785276073619632,0.012678936605316974,0.7087934560327198
1219,Baltimore City,986,Baltimore City Precinct 08-008,30,546,111,956,986,1.0,0.030425963488843813,0.9695740365111561,329,0.5537525354969574,0.11257606490872211,0.33367139959432046
1220,Baltimore City,1928,Baltimore City Precinct 08-006,31,797,45,1897,1928,1.0,0.016078838174273857,0.9839211618257261,1086,0.4133817427385892,0.023340248962655602,0.5632780082987552
1221,Baltimore City,1774,Baltimore City Precinct 08-005,22,525,28,1752,1774,1.0,0.012401352874859075,0.9875986471251409,1221,0.2959413754227734,0.015783540022547914,0.6882750845546787
1222,Baltimore City,1071,Baltimore City Precinct 08-009,21,31,1,1050,1071,1.0,0.0196078431372549,0.9803921568627451,1039,0.028944911297852476,0.0009337068160597573,0.9701213818860878
1223,Baltimore City,473,Baltimore City Precinct 08-004,8,121,9,465,473,1.0,0.016913319238900635,0.9830866807610994,343,0.2558139534883721,0.019027484143763214,0.7251585623678647
1224,Baltimore City,951,Baltimore City Precinct 26-008,818,531,297,133,951,1.0,0.8601472134595163,0.1398527865404837,123,0.5583596214511041,0.31230283911671924,0.12933753943217666
1225,Baltimore City,2859,Baltimore City Precinct 01-004,2482,846,450,377,2859,1.0,0.8681357117873383,0.13186428821266177,1563,0.29590766002098634,0.15739769150052466,0.546694648478489
1226,Baltimore City,3180,Baltimore City Precinct 01-005,2843,1176,656,337,3180,1.0,0.8940251572327044,0.1059748427672956,1348,0.36981132075471695,0.20628930817610064,0.4238993710691824
1227,Baltimore City,3113,Baltimore City Precinct 26-009,2667,942,487,446,3113,1.0,0.856729842595567,0.14327015740443302,1684,0.30260199164792806,0.15644073241246387,0.5409572759396081
1228,Baltimore City,1478,Baltimore City Precinct 26-006,963,219,103,515,1478,1.0,0.6515561569688768,0.34844384303112313,1156,0.14817320703653586,0.06968876860622462,0.7821380243572396
1229,Baltimore City,1558,Baltimore City Precinct 01-001,1017,570,186,541,1558,1.0,0.6527599486521181,0.3472400513478819,802,0.36585365853658536,0.11938382541720154,0.5147625160462131
1230,Baltimore City,3120,Baltimore City Precinct 06-005,1381,1122,164,1739,3120,1.0,0.4426282051282051,0.5573717948717949,1834,0.3596153846153846,0.052564102564102565,0.5878205128205128
1231,Baltimore City,1744,Baltimore City Precinct 06-001,198,436,26,1546,1744,1.0,0.11353211009174312,0.8864678899082569,1282,0.25,0.014908256880733946,0.7350917431192661
1232,Baltimore City,1555,Baltimore City Precinct 23-001,1384,551,243,171,1555,1.0,0.890032154340836,0.10996784565916398,761,0.35434083601286176,0.1562700964630225,0.48938906752411576
1233,Baltimore City,1449,Baltimore City Precinct 22-002,1253,747,246,196,1449,1.0,0.8647342995169082,0.13526570048309178,456,0.515527950310559,0.16977225672877846,0.3146997929606625
1234,Baltimore City,1095,Baltimore City Precinct 22-001,797,474,155,298,1095,1.0,0.7278538812785388,0.27214611872146116,466,0.4328767123287671,0.1415525114155251,0.42557077625570777
1235,Baltimore City,1382,Baltimore City Precinct 19-001,24,469,30,1358,1382,1.0,0.017366136034732273,0.9826338639652678,883,0.3393632416787265,0.02170767004341534,0.6389290882778582
1236,Baltimore City,1137,Baltimore City Precinct 16-003,9,250,10,1128,1137,1.0,0.0079155672823219,0.9920844327176781,877,0.2198768689533861,0.008795074758135445,0.7713280562884784
1237,Baltimore City,1737,Baltimore City Precinct 16-002,27,358,20,1710,1737,1.0,0.015544041450777202,0.9844559585492227,1359,0.20610247553252733,0.011514104778353483,0.7823834196891192
1238,Baltimore City,985,Baltimore City Precinct 16-001,18,249,8,967,985,1.0,0.018274111675126905,0.9817258883248731,728,0.25279187817258886,0.008121827411167513,0.7390862944162436
1239,Baltimore City,1226,Baltimore City Precinct 18-001,14,287,13,1212,1226,1.0,0.011419249592169658,0.9885807504078303,926,0.23409461663947798,0.010603588907014683,0.7553017944535073
1240,Baltimore City,1367,Baltimore City Precinct 17-002,16,836,36,1351,1367,1.0,0.011704462326261888,0.9882955376737381,495,0.6115581565471836,0.026335040234089245,0.3621068032187271
1241,Baltimore City,1008,Baltimore City Precinct 14-003,24,271,10,984,1008,1.0,0.023809523809523808,0.9761904761904762,727,0.26884920634920634,0.00992063492063492,0.7212301587301587
1242,Baltimore City,1794,Baltimore City Precinct 15-019,31,35,3,1763,1794,1.0,0.017279821627647716,0.9827201783723523,1756,0.01950947603121516,0.0016722408026755853,0.9788182831661093
1243,Baltimore City,529,Baltimore City Precinct 14-005,4,166,10,525,529,1.0,0.007561436672967864,0.9924385633270322,353,0.31379962192816635,0.01890359168241966,0.667296786389414
1244,Baltimore City,1897,Baltimore City Precinct 13-008,110,771,33,1787,1897,1.0,0.05798629414865577,0.9420137058513443,1093,0.40643120716921455,0.01739588824459673,0.5761729045861887
1245,Baltimore City,1483,Baltimore City Precinct 13-007,15,517,19,1468,1483,1.0,0.010114632501685773,0.9898853674983142,947,0.34861766689143625,0.012811867835468645,0.638570465273095
1246,Baltimore City,2314,Baltimore City Precinct 14-004,223,1006,48,2091,2314,1.0,0.09636992221261884,0.9036300777873811,1260,0.4347450302506482,0.020743301642178046,0.5445116681071738
1247,Baltimore City,1277,Baltimore City Precinct 13-009,88,449,16,1189,1277,1.0,0.06891151135473766,0.9310884886452623,812,0.35160532498042285,0.012529365700861394,0.6358653093187158
1248,Baltimore City,1887,Baltimore City Precinct 13-010,272,691,41,1615,1887,1.0,0.14414414414414414,0.8558558558558559,1155,0.3661897191308956,0.02172760996290408,0.6120826709062003
1249,Baltimore City,588,Baltimore City Precinct 04-003,33,224,8,555,588,1.0,0.05612244897959184,0.9438775510204082,356,0.38095238095238093,0.013605442176870748,0.6054421768707483
1250,Baltimore City,2521,Baltimore City Precinct 04-002,1231,924,122,1290,2521,1.0,0.48829829432764776,0.5117017056723523,1475,0.3665212217374058,0.04839349464498215,0.585085283617612
1251,Baltimore City,1979,Baltimore City Precinct 17-001,162,60,4,1817,1979,1.0,0.08185952501263265,0.9181404749873674,1915,0.03031834259727135,0.00202122283981809,0.9676604345629105
1252,Baltimore City,1028,Baltimore City Precinct 11-004,115,22,0,913,1028,1.0,0.11186770428015565,0.8881322957198443,1006,0.021400778210116732,0.0,0.9785992217898832
1253,Baltimore City,1704,Baltimore City Precinct 11-003,892,834,72,812,1704,1.0,0.5234741784037559,0.4765258215962441,798,0.4894366197183099,0.04225352112676056,0.46830985915492956
1254,Baltimore City,2097,Baltimore City Precinct 04-001,924,481,71,1173,2097,1.0,0.4406294706723891,0.5593705293276109,1545,0.22937529804482595,0.03385789222699094,0.7367668097281831
1255,Baltimore City,2967,Baltimore City Precinct 11-006,1600,1161,121,1367,2967,1.0,0.5392652510953826,0.46073474890461746,1685,0.391304347826087,0.04078193461408831,0.5679137175598248
1256,Baltimore City,870,Baltimore City Precinct 11-005,547,613,38,323,870,1.0,0.628735632183908,0.37126436781609196,219,0.7045977011494253,0.04367816091954023,0.2517241379310345
1257,Baltimore City,645,Baltimore City Precinct 11-002,302,251,22,343,645,1.0,0.4682170542635659,0.5317829457364341,372,0.3891472868217054,0.034108527131782945,0.5767441860465117
1258,Baltimore City,1818,Baltimore City Precinct 11-007,1109,837,76,709,1818,1.0,0.61001100110011,0.38998899889988997,905,0.4603960396039604,0.041804180418041806,0.4977997799779978
1259,Baltimore City,1899,Baltimore City Precinct 11-001,1177,854,83,722,1899,1.0,0.6197998946814113,0.3802001053185887,962,0.44971037388099,0.04370721432332807,0.506582411795682
1260,Baltimore City,1670,Baltimore City Precinct 14-002,830,392,29,840,1670,1.0,0.49700598802395207,0.5029940119760479,1249,0.2347305389221557,0.017365269461077845,0.7479041916167665
1261,Baltimore City,1524,Baltimore City Precinct 14-001,930,552,31,594,1524,1.0,0.610236220472441,0.38976377952755903,941,0.36220472440944884,0.020341207349081365,0.6174540682414699
1262,Baltimore City,2304,Baltimore City Precinct 12-009,1078,806,100,1226,2304,1.0,0.4678819444444444,0.5321180555555556,1398,0.3498263888888889,0.043402777777777776,0.6067708333333334
1263,Baltimore City,1485,Baltimore City Precinct 12-012,447,780,28,1038,1485,1.0,0.301010101010101,0.6989898989898989,677,0.5252525252525253,0.018855218855218854,0.4558922558922559
1264,Montgomery,3965,Montgomery Precinct 07-008,2981,1780,298,984,3965,1.0,0.7518284993694829,0.24817150063051702,1887,0.4489281210592686,0.07515762925598991,0.4759142496847415
1265,Montgomery,2847,Montgomery Precinct 07-009,2231,1467,295,616,2847,1.0,0.7836318932209343,0.21636810677906568,1085,0.5152792413066386,0.10361784334387074,0.3811029153494907
1266,Montgomery,1400,Montgomery Precinct 07-032,1222,633,282,178,1400,1.0,0.8728571428571429,0.12714285714285714,485,0.4521428571428571,0.20142857142857143,0.3464285714285714
1267,Montgomery,1964,Montgomery Precinct 07-016,1563,1202,306,401,1964,1.0,0.7958248472505092,0.20417515274949083,456,0.6120162932790224,0.15580448065173116,0.23217922606924643
1268,Montgomery,3443,Montgomery Precinct 04-004,2536,1259,252,907,3443,1.0,0.7365669474295672,0.26343305257043276,1932,0.36566947429567237,0.07319198373511472,0.5611385419692129
1269,Montgomery,5607,Montgomery Precinct 04-015,2542,775,140,3065,5607,1.0,0.45336186909220616,0.5466381309077938,4692,0.13822008204030675,0.024968789013732832,0.8368111289459604
1270,Montgomery,4958,Montgomery Precinct 13-025,1182,1555,280,3776,4958,1.0,0.23840258168616377,0.7615974183138362,3123,0.3136345300524405,0.05647438483259379,0.6298910851149657
1271,Montgomery,2485,Montgomery Precinct 13-034,1903,1416,365,582,2485,1.0,0.7657947686116701,0.23420523138833,704,0.5698189134808853,0.14688128772635814,0.2832997987927565
1272,Montgomery,2625,Montgomery Precinct 13-040,1669,1346,330,956,2625,1.0,0.6358095238095238,0.3641904761904762,949,0.5127619047619048,0.12571428571428572,0.3615238095238095
1273,Montgomery,1874,Montgomery Precinct 06-009,1464,1065,789,410,1874,1.0,0.7812166488794023,0.21878335112059766,20,0.5683030949839915,0.4210245464247599,0.010672358591248666
1274,Montgomery,2092,Montgomery Precinct 06-001,1647,888,621,445,2092,1.0,0.7872848948374761,0.2127151051625239,583,0.42447418738049714,0.29684512428298276,0.2786806883365201
1275,Montgomery,4802,Montgomery Precinct 06-011,1585,966,419,3217,4802,1.0,0.33007080383173676,0.6699291961682632,3417,0.20116618075801748,0.08725531028738026,0.7115785089546023
1276,Montgomery,3610,Montgomery Precinct 06-007,1633,1620,616,1977,3610,1.0,0.4523545706371191,0.5476454293628809,1374,0.4487534626038781,0.1706371191135734,0.38060941828254846
1277,Montgomery,4116,Montgomery Precinct 06-010,1639,1504,351,2477,4116,1.0,0.39820213799805637,0.6017978620019436,2261,0.3654033041788144,0.08527696793002916,0.5493197278911565
1278,Montgomery,4374,Montgomery Precinct 02-004,2221,2013,521,2153,4374,1.0,0.5077732053040696,0.4922267946959305,1840,0.46021947873799723,0.11911294010059442,0.42066758116140834
1279,Montgomery,3017,Montgomery Precinct 06-006,1327,1364,480,1690,3017,1.0,0.4398409015578389,0.560159098442161,1173,0.45210473980775606,0.15909844216108718,0.3887968180311568
1280,Montgomery,2522,Montgomery Precinct 06-005,1856,1732,789,666,2522,1.2548531607765057,0.7359238699444886,0.2640761300555115,1,0.6867565424266455,0.3128469468675654,0.0003965107057890563
1281,Montgomery,1603,Montgomery Precinct 06-014,922,586,204,681,1603,1.0,0.5751715533374921,0.4248284466625078,813,0.3655645664379289,0.1272613849033063,0.5071740486587648
1282,Montgomery,1874,Montgomery Precinct 06-013,1179,949,317,695,1874,1.0,0.6291355389541089,0.37086446104589116,608,0.5064034151547492,0.16915688367129136,0.3244397011739594
1283,Montgomery,2208,Montgomery Precinct 06-004,1418,1258,371,790,2208,1.0,0.6422101449275363,0.35778985507246375,579,0.5697463768115942,0.16802536231884058,0.26222826086956524
1284,Montgomery,3777,Montgomery Precinct 09-027,2856,1757,634,921,3777,1.0,0.756155679110405,0.24384432088959493,1386,0.46518400847233254,0.16785808842997088,0.3669579030976966
1285,Montgomery,2818,Montgomery Precinct 04-020,1553,1985,832,1265,2818,1.033003300330033,0.5511000709723208,0.4488999290276792,1,0.7044002838892832,0.29524485450674237,0.00035486160397445
1286,Montgomery,3226,Montgomery Precinct 04-024,1681,1240,426,1545,3226,1.0,0.5210787352758834,0.47892126472411656,1560,0.384376937383757,0.13205207687538748,0.48357098574085555
1287,Montgomery,3648,Montgomery Precinct 06-008,1578,940,326,2070,3648,1.0,0.43256578947368424,0.5674342105263158,2382,0.2576754385964912,0.0893640350877193,0.6529605263157895
1288,Montgomery,4395,Montgomery Precinct 09-035,3188,2074,730,1207,4395,1.0,0.7253697383390216,0.27463026166097837,1591,0.47189988623435725,0.16609783845278725,0.3620022753128555
1289,Baltimore City,1691,Baltimore City Precinct 16-009,6,516,13,1685,1691,1.0,0.0035481963335304554,0.9964518036664696,1162,0.30514488468361917,0.00768775872264932,0.6871673565937315
1290,Baltimore City,1025,Baltimore City Precinct 16-010,10,296,5,1015,1025,1.0,0.00975609756097561,0.9902439024390244,724,0.288780487804878,0.004878048780487805,0.7063414634146341
1291,Baltimore City,936,Baltimore City Precinct 16-011,6,253,4,930,936,1.0,0.00641025641025641,0.9935897435897436,679,0.2702991452991453,0.004273504273504274,0.7254273504273504
1292,Baltimore City,365,Baltimore City Precinct 15-012,13,77,4,352,365,1.0,0.03561643835616438,0.9643835616438357,284,0.21095890410958903,0.010958904109589041,0.7780821917808219
1293,Baltimore City,1645,Baltimore City Precinct 15-007,21,575,14,1624,1645,1.0,0.01276595744680851,0.9872340425531915,1056,0.3495440729483283,0.00851063829787234,0.6419452887537994
1294,Baltimore City,754,Baltimore City Precinct 15-013,5,241,12,749,754,1.0,0.006631299734748011,0.993368700265252,501,0.3196286472148541,0.015915119363395226,0.6644562334217506
1295,Baltimore City,813,Baltimore City Precinct 15-015,5,217,4,808,813,1.0,0.006150061500615006,0.993849938499385,592,0.26691266912669126,0.004920049200492005,0.7281672816728167
1296,Baltimore City,1295,Baltimore City Precinct 15-014,10,547,18,1285,1295,1.0,0.007722007722007722,0.9922779922779923,730,0.4223938223938224,0.013899613899613899,0.5637065637065637
1297,Baltimore City,1699,Baltimore City Precinct 15-006,17,773,24,1682,1699,1.0,0.010005885815185403,0.9899941141848146,902,0.4549735138316657,0.014125956444967627,0.5309005297233667
1298,Baltimore City,964,Baltimore City Precinct 16-007,6,512,19,958,964,1.0,0.006224066390041493,0.9937759336099585,433,0.5311203319502075,0.01970954356846473,0.4491701244813278
1299,Baltimore City,1884,Baltimore City Precinct 16-006,7,580,28,1877,1884,1.0,0.0037154989384288748,0.9962845010615711,1276,0.3078556263269639,0.014861995753715499,0.6772823779193206
1300,Baltimore City,1791,Baltimore City Precinct 20-001,30,521,23,1761,1791,1.0,0.01675041876046901,0.983249581239531,1247,0.2908989391401452,0.012841987716359575,0.6962590731434952
1301,Baltimore City,764,Baltimore City Precinct 16-004,12,163,10,752,764,1.0,0.015706806282722512,0.9842931937172775,591,0.21335078534031413,0.013089005235602094,0.7735602094240838
1302,Baltimore City,2126,Baltimore City Precinct 16-005,27,552,20,2099,2126,1.0,0.012699905926622766,0.9873000940733773,1554,0.2596425211665099,0.00940733772342427,0.7309501411100658
1303,Baltimore City,1404,Baltimore City Precinct 15-018,4,832,29,1400,1404,1.0,0.002849002849002849,0.9971509971509972,543,0.5925925925925926,0.020655270655270654,0.38675213675213677
1304,Baltimore City,1040,Baltimore City Precinct 15-016,9,269,10,1031,1040,1.0,0.008653846153846154,0.9913461538461539,761,0.2586538461538462,0.009615384615384616,0.7317307692307692
1305,Baltimore City,2987,Baltimore City Precinct 15-020,37,835,28,2950,2987,1.0,0.012387010378305993,0.987612989621694,2124,0.27954469367258117,0.009373953799799129,0.7110813525276197
1306,Baltimore City,1237,Baltimore City Precinct 15-021,14,380,11,1223,1237,1.0,0.01131770412287793,0.9886822958771221,846,0.30719482619240096,0.00889248181083266,0.6839126919967664
1307,Baltimore City,1807,Baltimore City Precinct 15-017,23,588,23,1784,1807,1.0,0.012728278915329275,0.9872717210846708,1196,0.3254012174875484,0.012728278915329275,0.6618705035971223
1308,Baltimore City,1062,Baltimore City Precinct 25-006,24,384,12,1038,1062,1.0,0.022598870056497175,0.9774011299435028,666,0.3615819209039548,0.011299435028248588,0.6271186440677966
1309,Baltimore City,596,Baltimore City Precinct 25-007,133,181,19,463,596,1.0,0.2231543624161074,0.7768456375838926,396,0.3036912751677852,0.031879194630872486,0.6644295302013423
1310,Baltimore City,2234,Baltimore City Precinct 21-003,992,664,117,1242,2234,1.0,0.4440465532676813,0.5559534467323187,1453,0.297224709042077,0.052372426141450316,0.6504028648164727
1311,Baltimore City,3343,Baltimore City Precinct 19-002,1090,488,76,2253,3343,1.0,0.3260544421178582,0.6739455578821418,2779,0.14597666766377504,0.02273407119353874,0.8312892611426862
1312,Baltimore City,489,Baltimore City Precinct 21-004,246,243,31,243,489,1.0,0.5030674846625767,0.49693251533742333,215,0.49693251533742333,0.06339468302658487,0.4396728016359918
1313,Baltimore City,1952,Baltimore City Precinct 18-002,558,523,58,1394,1952,1.0,0.2858606557377049,0.7141393442622951,1371,0.26793032786885246,0.02971311475409836,0.7023565573770492
1314,Baltimore City,1673,Baltimore City Precinct 21-002,672,669,81,1001,1673,1.0,0.401673640167364,0.5983263598326359,923,0.39988045427375973,0.0484160191273162,0.5517035265989241
1315,Baltimore City,2033,Baltimore City Precinct 23-003,1802,767,385,231,2033,1.0,0.8863748155435317,0.11362518445646827,881,0.37727496310870634,0.18937530742744713,0.43334972946384653
1316,Baltimore City,1153,Baltimore City Precinct 21-001,755,358,69,398,1153,1.0,0.6548135299219427,0.34518647007805725,726,0.3104943625325238,0.0598438855160451,0.629661751951431
1317,Baltimore City,1038,Baltimore City Precinct 23-002,584,501,131,454,1038,1.0,0.5626204238921002,0.4373795761078998,406,0.48265895953757226,0.12620423892100194,0.3911368015414258
1318,Baltimore City,2506,Baltimore City Precinct 20-007,148,729,41,2358,2506,1.0,0.05905826017557861,0.9409417398244214,1736,0.290901835594573,0.01636073423782921,0.6927374301675978
1319,Baltimore City,2106,Baltimore City Precinct 28-010,255,845,74,1851,2106,1.0,0.12108262108262108,0.8789173789173789,1187,0.4012345679012346,0.03513770180436847,0.563627730294397
1320,Baltimore City,621,Baltimore City Precinct 28-012,75,544,76,546,621,1.3537117903930131,0.12077294685990338,0.8792270531400966,1,0.8760064412238325,0.12238325281803543,0.001610305958132045
1321,Baltimore City,2423,Baltimore City Precinct 28-009,274,772,38,2149,2423,1.0,0.1130829550144449,0.8869170449855551,1613,0.31861328931077176,0.015683037556747832,0.6657036731324804
1322,Baltimore City,1962,Baltimore City Precinct 28-011,173,801,51,1789,1962,1.0,0.08817533129459736,0.9118246687054027,1110,0.40825688073394495,0.02599388379204893,0.5657492354740061
1323,Baltimore City,3079,Baltimore City Precinct 20-006,15,1049,28,3064,3079,1.0,0.004871711594673595,0.9951282884053264,2002,0.3406950308541734,0.00909386164339071,0.6502111075024358
1324,Baltimore City,3001,Baltimore City Precinct 16-014,29,1013,27,2972,3001,1.0,0.009663445518160613,0.9903365544818394,1961,0.3375541486171276,0.008997000999666778,0.6534488503832055
1325,Baltimore City,1740,Baltimore City Precinct 28-008,83,579,18,1657,1740,1.0,0.04770114942528736,0.9522988505747126,1143,0.33275862068965517,0.010344827586206896,0.656896551724138
1326,Baltimore City,1451,Baltimore City Precinct 15-011,43,482,14,1408,1451,1.0,0.029634734665747762,0.9703652653342523,955,0.33218470020675395,0.009648518263266712,0.6581667815299793
1327,Baltimore City,1492,Baltimore City Precinct 15-010,39,582,25,1453,1492,1.0,0.02613941018766756,0.9738605898123325,885,0.3900804289544236,0.01675603217158177,0.5931635388739946
1328,Anne Arundel,1793,Anne Arundel Precinct 04-013,1507,433,609,286,1793,1.0,0.8404907975460123,0.15950920245398773,751,0.241494701617401,0.339654210819855,0.41885108756274403
1329,Anne Arundel,2683,Anne Arundel Precinct 02-021,2136,832,1093,547,2683,1.0,0.7961237420797614,0.20387625792023853,758,0.31010063361908313,0.4073797987327618,0.28251956764815506
1330,Anne Arundel,1317,Anne Arundel Precinct 05-015,1236,323,365,81,1317,1.0,0.9384965831435079,0.06150341685649203,629,0.24525436598329536,0.2771450265755505,0.4776006074411541
1331,Anne Arundel,1928,Anne Arundel Precinct 02-018,1261,637,355,667,1928,1.0,0.654045643153527,0.345954356846473,936,0.3303941908713693,0.1841286307053942,0.4854771784232365
1332,Anne Arundel,2386,Anne Arundel Precinct 02-015,1415,903,428,971,2386,1.0,0.5930427493713327,0.4069572506286672,1055,0.3784576697401509,0.17937971500419111,0.44216261525565803
1333,Anne Arundel,1166,Anne Arundel Precinct 05-033,1001,440,725,165,1166,1.0121633362293658,0.8584905660377359,0.14150943396226415,1,0.37735849056603776,0.6217838765008576,0.0008576329331046312
1334,Anne Arundel,2500,Anne Arundel Precinct 02-004,1644,811,558,856,2500,1.0,0.6576,0.3424,1131,0.3244,0.2232,0.4524
1335,Anne Arundel,2846,Anne Arundel Precinct 02-009,1587,835,403,1259,2846,1.0,0.5576247364722418,0.44237526352775824,1608,0.2933942375263528,0.1416022487702038,0.5650035137034435
1336,Anne Arundel,2844,Anne Arundel Precinct 02-007,2016,899,604,828,2844,1.0,0.7088607594936709,0.2911392405063291,1341,0.3161040787623066,0.21237693389592124,0.47151898734177217
1337,Anne Arundel,2177,Anne Arundel Precinct 01-009,1913,445,642,264,2177,1.0,0.8787322002756086,0.12126779972439136,1090,0.20440973817179606,0.29490124023886083,0.5006890215893431
1338,Anne Arundel,2304,Anne Arundel Precinct 02-003,1599,530,502,705,2304,1.0,0.6940104166666666,0.3059895833333333,1272,0.2300347222222222,0.21788194444444445,0.5520833333333334
1339,Anne Arundel,3752,Anne Arundel Precinct 02-017,1881,872,245,1871,3752,1.0,0.5013326226012793,0.4986673773987207,2635,0.232409381663113,0.06529850746268656,0.7022921108742004
1340,Anne Arundel,4380,Anne Arundel Precinct 02-014,1844,1084,278,2536,4380,1.0,0.42100456621004567,0.5789954337899543,3018,0.24748858447488584,0.06347031963470319,0.689041095890411
1341,Anne Arundel,1399,Anne Arundel Precinct 02-002,1086,515,401,313,1399,1.0,0.7762687634024303,0.2237312365975697,483,0.36812008577555394,0.28663330950679056,0.34524660471765545
1342,Anne Arundel,3009,Anne Arundel Precinct 02-005,1892,718,420,1117,3009,1.0,0.6287803256895979,0.37121967431040215,1871,0.23861748089066134,0.13958125623130607,0.6218012628780326
1343,Anne Arundel,2023,Anne Arundel Precinct 02-006,1608,435,398,415,2023,1.0,0.7948591201186357,0.2051408798813643,1190,0.21502718734552645,0.1967375185368265,0.5882352941176471
1344,Anne Arundel,2540,Anne Arundel Precinct 01-003,2035,472,559,505,2540,1.0,0.8011811023622047,0.19881889763779528,1509,0.1858267716535433,0.2200787401574803,0.5940944881889764
1345,Anne Arundel,1582,Anne Arundel Precinct 02-016,1282,322,373,300,1582,1.0,0.8103666245259166,0.18963337547408343,887,0.20353982300884957,0.23577749683944374,0.5606826801517067
1346,Anne Arundel,2689,Anne Arundel Precinct 02-008,2286,609,669,403,2689,1.0,0.8501301599107475,0.1498698400892525,1411,0.22647824470063221,0.24879137225734474,0.524730383042023
1347,Anne Arundel,1929,Anne Arundel Precinct 04-014,1789,556,649,140,1929,1.0,0.9274235355106273,0.07257646448937273,724,0.288232244686366,0.33644375324002074,0.37532400207361327
1348,Anne Arundel,1584,Anne Arundel Precinct 05-019,1501,483,571,83,1584,1.0,0.94760101010101,0.052398989898989896,530,0.30492424242424243,0.36047979797979796,0.3345959595959596
1349,Howard,2057,Howard Precinct 02-008,1283,942,644,774,2057,1.0,0.6237238697131745,0.3762761302868255,471,0.4579484686436558,0.3130772970345163,0.2289742343218279
1350,Baltimore County,4946,Baltimore County Precinct 01-017,607,1942,154,4339,4946,1.0,0.12272543469470279,0.8772745653052972,2850,0.3926405175899717,0.03113627173473514,0.5762232106752931
1351,Baltimore County,3184,Baltimore County Precinct 01-012,2973,1211,1042,211,3184,1.0,0.9337311557788944,0.06626884422110553,931,0.3803391959798995,0.32726130653266333,0.2923994974874372
1352,Baltimore County,2703,Baltimore County Precinct 01-011,2226,986,858,477,2703,1.0,0.8235294117647058,0.17647058823529413,859,0.36477987421383645,0.3174250832408435,0.31779504254532004
1353,Baltimore County,2485,Baltimore County Precinct 01-013,2365,1210,795,120,2485,1.0,0.9517102615694165,0.0482897384305835,480,0.4869215291750503,0.3199195171026157,0.193158953722334
1354,Baltimore County,3127,Baltimore County Precinct 01-010,2439,1235,734,688,3127,1.0,0.7799808122801407,0.2200191877198593,1158,0.39494723377038693,0.234729772945315,0.3703229932842981
1355,Baltimore County,3549,Baltimore County Precinct 01-003,1415,1478,381,2134,3549,1.0,0.3987038602423218,0.6012961397576783,1690,0.4164553395322626,0.1073541842772612,0.47619047619047616
1356,Baltimore County,3716,Baltimore County Precinct 01-004,1339,1630,427,2377,3716,1.0,0.36033369214208827,0.6396663078579118,1659,0.4386437029063509,0.11490850376749193,0.44644779332615714
1357,Baltimore County,2265,Baltimore County Precinct 01-002,437,882,95,1828,2265,1.0,0.19293598233995585,0.8070640176600441,1288,0.3894039735099338,0.04194260485651214,0.568653421633554
1358,Howard,2252,Howard Precinct 01-008,1565,780,457,687,2252,1.0,0.6949378330373002,0.30506216696269983,1015,0.3463587921847247,0.20293072824156305,0.45071047957371224
1359,Howard,1598,Howard Precinct 01-013,988,793,524,610,1598,1.0,0.6182728410513142,0.38172715894868586,281,0.49624530663329164,0.327909887359199,0.17584480600750937
1360,Howard,2627,Howard Precinct 01-001,2032,1152,865,595,2627,1.0,0.7735059002664636,0.22649409973353635,610,0.43852303007232585,0.3292729349067377,0.23220403502093642
1361,Baltimore County,5998,Baltimore County Precinct 01-014,3956,857,794,2042,5998,1.0,0.6595531843947983,0.34044681560520174,4347,0.1428809603201067,0.13237745915305102,0.7247415805268422
1362,Baltimore County,2893,Baltimore County Precinct 13-004,2610,704,886,283,2893,1.0,0.9021776702385067,0.09782232976149326,1303,0.24334600760456274,0.3062564811614241,0.4503975112340131
1363,Baltimore County,3240,Baltimore County Precinct 13-003,2835,704,790,405,3240,1.0,0.875,0.125,1746,0.21728395061728395,0.24382716049382716,0.5388888888888889
1364,Baltimore County,2641,Baltimore County Precinct 13-002,2319,487,559,322,2641,1.0,0.8780764861794774,0.12192351382052254,1595,0.18439984854221886,0.21166224914804999,0.6039379023097312
1365,Baltimore County,2840,Baltimore County Precinct 13-005,2397,691,859,443,2840,1.0,0.8440140845070423,0.15598591549295773,1290,0.2433098591549296,0.30246478873239435,0.45422535211267606
1366,Baltimore County,3604,Baltimore County Precinct 01-009,1703,1056,405,1901,3604,1.0,0.47253052164261933,0.5274694783573807,2143,0.293007769145394,0.11237513873473919,0.5946170921198668
1367,Baltimore County,3870,Baltimore County Precinct 01-015,2674,1139,660,1196,3870,1.0,0.6909560723514212,0.3090439276485788,2071,0.29431524547803617,0.17054263565891473,0.5351421188630491
1368,Baltimore County,2349,Baltimore County Precinct 01-007,1200,880,280,1149,2349,1.0,0.5108556832694764,0.4891443167305236,1189,0.37462750106428266,0.11919965942954448,0.5061728395061729
1369,Baltimore County,4333,Baltimore County Precinct 01-008,3296,1485,710,1037,4333,1.0,0.7606738979921532,0.23932610200784676,2138,0.34271867066697437,0.16385875836602815,0.4934225709669975
1370,Baltimore County,4435,Baltimore County Precinct 01-005,1415,1660,321,3020,4435,1.0,0.31905298759864714,0.6809470124013529,2454,0.3742953776775648,0.07237880496054115,0.553325817361894
1371,Baltimore County,4619,Baltimore County Precinct 01-001,871,1803,143,3748,4619,1.0,0.1885689543191167,0.8114310456808833,2673,0.39034423035289023,0.030959082052392294,0.5786966875947175
1372,Baltimore County,4031,Baltimore County Precinct 01-006,733,2078,162,3298,4031,1.0,0.18184073430910444,0.8181592656908956,1791,0.5155048375093029,0.04018853882411312,0.44430662366658397
1373,Baltimore County,4012,Baltimore County Precinct 13-001,2036,654,432,1976,4012,1.0,0.5074775672981057,0.49252243270189433,2926,0.16301096709870389,0.10767696909272183,0.7293120638085743
1374,Baltimore County,2661,Baltimore County Precinct 01-016,2481,921,679,180,2661,1.0,0.9323562570462233,0.06764374295377677,1061,0.3461104847801578,0.2551672303645246,0.3987222848553176
1375,Baltimore City,2932,Baltimore City Precinct 28-015,976,771,124,1956,2932,1.0,0.3328785811732606,0.6671214188267395,2037,0.2629604365620737,0.04229195088676671,0.6947476125511596
1376,Baltimore City,2794,Baltimore City Precinct 25-001,329,1145,82,2465,2794,1.0,0.11775232641374374,0.8822476735862562,1567,0.4098067287043665,0.02934860415175376,0.5608446671438797
1377,Baltimore City,742,Baltimore City Precinct 28-014,55,244,15,687,742,1.0,0.07412398921832884,0.9258760107816711,483,0.3288409703504043,0.02021563342318059,0.6509433962264151
1378,Baltimore City,2138,Baltimore City Precinct 25-002,205,692,52,1933,2138,1.0,0.09588400374181479,0.9041159962581852,1394,0.323666978484565,0.02432179607109448,0.6520112254443405
1379,Baltimore City,1494,Baltimore City Precinct 28-013,105,545,22,1389,1494,1.0,0.07028112449799197,0.929718875502008,927,0.3647925033467202,0.014725568942436412,0.6204819277108434
1380,Baltimore City,714,Baltimore City Precinct 20-008,104,200,12,610,714,1.0,0.14565826330532214,0.8543417366946778,502,0.2801120448179272,0.01680672268907563,0.7030812324929971
1381,Montgomery,3114,Montgomery Precinct 09-033,1608,1033,258,1506,3114,1.0,0.5163776493256262,0.4836223506743738,1823,0.3317276814386641,0.08285163776493257,0.5854206807964033
1382,Montgomery,5213,Montgomery Precinct 09-006,2366,2188,541,2847,5213,1.0,0.4538653366583541,0.5461346633416458,2484,0.4197199309418761,0.10377901400345291,0.476501055054671
1383,Montgomery,2473,Montgomery Precinct 06-003,1678,1144,507,795,2473,1.0,0.6785281035179943,0.32147189648200564,822,0.4625960372017792,0.20501415285078853,0.3323898099474323
1384,Montgomery,6411,Montgomery Precinct 09-008,2167,1697,357,4244,6411,1.0,0.3380127905163001,0.6619872094836999,4357,0.2647012946498206,0.05568554047730463,0.6796131648728747
1385,Montgomery,3028,Montgomery Precinct 09-029,1472,1280,332,1556,3028,1.0,0.4861294583883752,0.5138705416116248,1416,0.4227212681638045,0.1096433289299868,0.4676354029062087
1386,Montgomery,4029,Montgomery Precinct 09-018,1196,1154,256,2833,4029,1.0,0.2968478530652767,0.7031521469347233,2619,0.2864234301315463,0.06353933978654754,0.6500372300819062
1387,Montgomery,4242,Montgomery Precinct 09-034,1276,1409,262,2966,4242,1.0,0.3008015087223008,0.6991984912776992,2571,0.33215464403583217,0.06176331918906176,0.6060820367751061
1388,Montgomery,3583,Montgomery Precinct 09-013,2194,1549,504,1389,3583,1.0,0.6123360312587217,0.38766396874127823,1530,0.4323192855149316,0.1406642478370081,0.4270164666480603
1389,Montgomery,3560,Montgomery Precinct 09-003,1141,948,240,2419,3560,1.0,0.3205056179775281,0.6794943820224719,2372,0.2662921348314607,0.06741573033707865,0.6662921348314607
1390,Montgomery,2530,Montgomery Precinct 09-024,734,897,247,1796,2530,1.0,0.2901185770750988,0.7098814229249012,1386,0.35454545454545455,0.09762845849802372,0.5478260869565217
1391,Montgomery,5966,Montgomery Precinct 09-016,1159,953,147,4807,5966,1.0,0.1942675159235669,0.8057324840764332,4866,0.15973851827019778,0.024639624539054644,0.8156218571907475
1392,Montgomery,3092,Montgomery Precinct 09-030,1208,1308,366,1884,3092,1.0,0.3906856403622251,0.6093143596377749,1418,0.4230271668822768,0.11836998706338939,0.45860284605433377
1393,Montgomery,2943,Montgomery Precinct 09-011,1407,1182,389,1536,2943,1.0,0.4780835881753313,0.5219164118246687,1372,0.4016309887869521,0.13217804960924226,0.46619096160380563
1394,Montgomery,3185,Montgomery Precinct 09-012,1599,1390,416,1586,3185,1.0,0.5020408163265306,0.49795918367346936,1379,0.4364207221350079,0.1306122448979592,0.432967032967033
1395,Montgomery,3625,Montgomery Precinct 02-005,2174,1528,507,1451,3625,1.0,0.5997241379310345,0.40027586206896554,1590,0.42151724137931035,0.13986206896551723,0.4386206896551724
1396,Montgomery,3808,Montgomery Precinct 02-008,1638,1676,707,2170,3808,1.0,0.43014705882352944,0.5698529411764706,1425,0.44012605042016806,0.18566176470588236,0.3742121848739496
1397,Frederick,2241,Frederick Precinct 07-003,2023,711,838,218,2241,1.0,0.9027219991075413,0.09727800089245872,692,0.3172690763052209,0.3739402052655065,0.30879071842927264
1398,Montgomery,407,Montgomery Precinct 02-007,369,29,24,38,407,1.0,0.9066339066339066,0.09336609336609336,354,0.07125307125307126,0.05896805896805897,0.8697788697788698
1399,Montgomery,4880,Montgomery Precinct 02-001,1835,1935,625,3045,4880,1.0,0.3760245901639344,0.6239754098360656,2320,0.39651639344262296,0.12807377049180327,0.47540983606557374
1400,Montgomery,4636,Montgomery Precinct 02-011,1893,2034,745,2743,4636,1.0,0.40832614322691974,0.5916738567730803,1857,0.4387402933563417,0.1606988783433995,0.40056082830025885
1401,Montgomery,2775,Montgomery Precinct 02-006,1663,2073,701,1112,2775,1.2518050541516246,0.5992792792792793,0.40072072072072074,1,0.7470270270270271,0.2526126126126126,0.00036036036036036037
1402,Montgomery,2500,Montgomery Precinct 09-025,933,1036,357,1567,2500,1.0,0.3732,0.6268,1107,0.4144,0.1428,0.4428
1403,Montgomery,2308,Montgomery Precinct 12-004,1876,815,671,432,2308,1.0,0.8128249566724437,0.18717504332755633,822,0.3531195840554593,0.2907279029462738,0.3561525129982669
1404,Montgomery,3657,Montgomery Precinct 12-005,2314,1071,676,1343,3657,1.0,0.6327590921520372,0.3672409078479628,1910,0.29286300246103364,0.18485097074104456,0.5222860267979218
1405,Montgomery,2594,Montgomery Precinct 12-002,2223,745,833,371,2594,1.0,0.8569776407093292,0.14302235929067078,1016,0.287201233616037,0.32112567463377023,0.39167309175019277
1406,Montgomery,2048,Montgomery Precinct 04-026,1442,1039,306,606,2048,1.0,0.7041015625,0.2958984375,703,0.50732421875,0.1494140625,0.34326171875
1407,Montgomery,2523,Montgomery Precinct 04-023,1989,102,56,534,2523,1.0,0.7883472057074911,0.2116527942925089,2365,0.04042806183115339,0.02219579865239794,0.9373761395164487
1408,Montgomery,2581,Montgomery Precinct 04-021,1825,1446,411,756,2581,1.0,0.7070902750871755,0.29290972491282447,724,0.5602479659046881,0.15924060441689267,0.28051142967841924
1409,Howard,1452,Howard Precinct 02-005,1077,604,358,375,1452,1.0,0.7417355371900827,0.25826446280991733,490,0.41597796143250687,0.2465564738292011,0.33746556473829203
1410,Howard,2087,Howard Precinct 02-015,1499,742,481,588,2087,1.0,0.7182558696693819,0.2817441303306181,864,0.35553425970292285,0.2304743651173934,0.41399137517968376
1411,Howard,2065,Howard Precinct 02-018,1679,859,599,386,2065,1.0,0.8130750605326876,0.18692493946731234,607,0.4159806295399516,0.2900726392251816,0.2939467312348668
1412,Howard,2274,Howard Precinct 02-011,1600,742,520,674,2274,1.0,0.7036059806508356,0.2963940193491645,1012,0.32629727352682497,0.22867194371152155,0.4450307827616535
1413,Howard,1532,Howard Precinct 02-019,1154,602,496,378,1532,1.0,0.7532637075718016,0.24673629242819844,434,0.39295039164490864,0.3237597911227154,0.283289817232376
1414,Howard,327,Howard Precinct 02-021,278,143,82,49,327,1.0,0.8501529051987767,0.14984709480122324,102,0.43730886850152906,0.25076452599388377,0.3119266055045872
1415,Howard,2492,Howard Precinct 02-012,1768,954,639,724,2492,1.0,0.709470304975923,0.29052969502407705,899,0.3828250401284109,0.25642054574638845,0.36075441412520065
1416,Howard,1902,Howard Precinct 02-006,1286,649,385,616,1902,1.0,0.676130389064143,0.323869610935857,868,0.3412197686645636,0.2024185068349106,0.45636172450052576
1417,Howard,4633,Howard Precinct 02-009,1730,1054,339,2903,4633,1.0,0.37340815886034967,0.6265918411396504,3240,0.22749838117850205,0.07317073170731707,0.6993308871141809
1418,Howard,1313,Howard Precinct 02-024,1031,545,380,282,1313,1.0,0.7852246763137852,0.21477532368621477,388,0.4150799695354151,0.2894135567402894,0.2955064737242955
1419,Howard,1532,Howard Precinct 02-007,1267,643,563,265,1532,1.0,0.827023498694517,0.17297650130548303,326,0.4197127937336815,0.3674934725848564,0.21279373368146215
1420,Prince George's,6329,Prince George's Precinct 15-005,503,3972,185,5826,6329,1.0,0.07947543055775004,0.9205245694422499,2172,0.6275872965713383,0.02923052614947069,0.34318217727919104
1421,Prince George's,2130,Prince George's Precinct 03-004,136,1433,57,1994,2130,1.0,0.06384976525821597,0.936150234741784,640,0.6727699530516432,0.02676056338028169,0.3004694835680751
1422,Prince George's,2572,Prince George's Precinct 03-005,235,1240,50,2337,2572,1.0,0.09136858475894245,0.9086314152410575,1282,0.4821150855365474,0.019440124416796267,0.4984447900466563
1423,Prince George's,3334,Prince George's Precinct 03-003,367,3171,162,2967,3334,1.1091514143094843,0.11007798440311937,0.8899220155968807,1,0.9511097780443911,0.04859028194361128,0.00029994001199760045
1424,Prince George's,2643,Prince George's Precinct 07-012,84,1638,38,2559,2643,1.0,0.03178206583427923,0.9682179341657208,967,0.619750283768445,0.014377601210745366,0.3658721150208097
1425,Prince George's,1936,Prince George's Precinct 13-013,57,1095,49,1879,1936,1.0,0.029442148760330578,0.9705578512396694,792,0.565599173553719,0.0253099173553719,0.4090909090909091
1426,Prince George's,2052,Prince George's Precinct 07-013,142,1303,80,1910,2052,1.0,0.06920077972709551,0.9307992202729045,669,0.634990253411306,0.03898635477582846,0.3260233918128655
1427,Prince George's,2806,Prince George's Precinct 03-006,90,1902,67,2716,2806,1.0,0.03207412687099073,0.9679258731290092,837,0.6778332145402709,0.023877405559515324,0.2982893799002138
1428,Prince George's,2583,Prince George's Precinct 07-015,80,1882,77,2503,2583,1.0,0.03097173828881146,0.9690282617111885,624,0.7286101432442896,0.02981029810298103,0.2415795586527294
1429,Prince George's,3410,Prince George's Precinct 07-011,119,2367,82,3291,3410,1.0,0.034897360703812316,0.9651026392961877,961,0.6941348973607038,0.02404692082111437,0.2818181818181818
1430,Prince George's,3276,Prince George's Precinct 07-009,309,2243,136,2967,3276,1.0,0.09432234432234432,0.9056776556776557,897,0.6846764346764347,0.04151404151404151,0.27380952380952384
1431,Prince George's,3105,Prince George's Precinct 03-002,469,1747,132,2636,3105,1.0,0.15104669887278582,0.8489533011272141,1226,0.5626409017713365,0.04251207729468599,0.39484702093397744
1432,Prince George's,2246,Prince George's Precinct 07-006,744,1205,228,1502,2246,1.0,0.3312555654496883,0.6687444345503116,813,0.5365093499554764,0.10151380231522707,0.3619768477292965
1433,Prince George's,2272,Prince George's Precinct 07-008,707,1136,152,1565,2272,1.0,0.31117957746478875,0.6888204225352113,984,0.5,0.06690140845070422,0.43309859154929575
1434,Prince George's,1809,Prince George's Precinct 07-014,794,887,228,1015,1809,1.0,0.4389165284687673,0.5610834715312327,694,0.49032614704256494,0.12603648424543948,0.38363736871199555
1435,Prince George's,5609,Prince George's Precinct 07-001,1105,2472,258,4504,5609,1.0,0.19700481369228026,0.8029951863077197,2879,0.4407202709930469,0.045997504011410235,0.5132822249955429
1436,Prince George's,2447,Prince George's Precinct 14-007,635,1389,168,1812,2447,1.0,0.2595014303228443,0.7404985696771557,890,0.5676338373518595,0.0686554965263588,0.36371066612178177
1437,Prince George's,2578,Prince George's Precinct 14-001,1082,1367,261,1496,2578,1.0,0.4197051978277735,0.5802948021722265,950,0.530256012412723,0.10124127230411172,0.36850271528316525
1438,Prince George's,1468,Prince George's Precinct 07-016,687,647,179,781,1468,1.0,0.46798365122615804,0.532016348773842,642,0.44073569482288827,0.12193460490463215,0.4373297002724796
1439,Prince George's,1951,Prince George's Precinct 14-010,641,926,161,1310,1951,1.0,0.3285494618144541,0.6714505381855459,864,0.47462839569451565,0.08252178370066633,0.44284982060481803
1440,Prince George's,2627,Prince George's Precinct 07-005,1543,1020,477,1084,2627,1.0,0.5873620098972212,0.41263799010277885,1130,0.3882755995432052,0.18157594213932243,0.4301484583174724
1441,Montgomery,1933,Montgomery Precinct 13-031,950,1178,183,983,1933,1.0,0.49146404552509054,0.5085359544749095,572,0.6094154164511123,0.09467149508535955,0.2959130884635282
1442,Montgomery,1911,Montgomery Precinct 13-059,1023,1045,211,888,1911,1.0,0.5353218210361067,0.46467817896389324,655,0.5468341182626897,0.11041339612768185,0.34275248560962845
1443,Montgomery,3612,Montgomery Precinct 13-027,1645,1560,255,1967,3612,1.0,0.45542635658914726,0.5445736434108527,1797,0.4318936877076412,0.07059800664451828,0.49750830564784054
1444,Montgomery,4634,Montgomery Precinct 13-030,871,1374,210,3763,4634,1.0,0.18795856711264566,0.8120414328873543,3050,0.29650410012947775,0.045317220543806644,0.6581786793267156
1445,Montgomery,4064,Montgomery Precinct 13-029,1148,1477,232,2916,4064,1.0,0.2824803149606299,0.71751968503937,2355,0.36343503937007876,0.05708661417322835,0.5794783464566929
1446,Montgomery,1911,Montgomery Precinct 13-053,1016,1057,203,895,1911,1.0,0.531658817373103,0.4683411826268969,651,0.5531135531135531,0.10622710622710622,0.34065934065934067
1447,Montgomery,4095,Montgomery Precinct 13-032,1317,1842,197,2778,4095,1.0,0.32161172161172163,0.6783882783882784,2056,0.44981684981684983,0.04810744810744811,0.5020757020757021
1448,Montgomery,4453,Montgomery Precinct 13-044,1126,1542,269,3327,4453,1.0,0.2528632382663373,0.7471367617336627,2642,0.3462834044464406,0.060408713227037954,0.5933078823265214
1449,Montgomery,2314,Montgomery Precinct 13-010,1108,1156,70,1206,2314,1.0,0.4788245462402766,0.5211754537597234,1088,0.4995678478824546,0.03025064822817632,0.4701815038893691
1450,Montgomery,3425,Montgomery Precinct 13-005,1473,2143,168,1952,3425,1.0,0.4300729927007299,0.56992700729927,1114,0.6256934306569343,0.049051094890510946,0.32525547445255476
1451,Montgomery,2283,Montgomery Precinct 13-019,1401,1459,280,882,2283,1.0,0.6136662286465178,0.38633377135348224,544,0.6390713972842751,0.12264564169951818,0.23828296101620675
1452,Montgomery,2350,Montgomery Precinct 13-050,1442,1350,116,908,2350,1.0,0.6136170212765958,0.38638297872340427,884,0.574468085106383,0.04936170212765958,0.37617021276595747
1453,Montgomery,3765,Montgomery Precinct 13-013,1279,1521,118,2486,3765,1.0,0.3397078353253652,0.6602921646746348,2126,0.40398406374501994,0.031341301460823374,0.5646746347941567
1454,Montgomery,2381,Montgomery Precinct 13-023,1843,1648,407,538,2381,1.0,0.7740445191096178,0.2259554808903822,326,0.6921461570768584,0.17093658126837463,0.1369172616547669
1455,Montgomery,1565,Montgomery Precinct 13-042,700,937,133,865,1565,1.0,0.4472843450479233,0.5527156549520766,495,0.5987220447284345,0.08498402555910543,0.31629392971246006
1456,Montgomery,1679,Montgomery Precinct 13-057,841,544,117,838,1679,1.0,0.5008933889219773,0.4991066110780226,1018,0.3240023823704586,0.06968433591423466,0.6063132817153067
1457,Montgomery,2284,Montgomery Precinct 13-063,625,557,135,1659,2284,1.0,0.2736427320490368,0.7263572679509632,1592,0.24387040280210157,0.05910683012259194,0.6970227670753065
1458,Montgomery,3381,Montgomery Precinct 13-011,1574,1862,284,1807,3381,1.0,0.4655427388346643,0.5344572611653357,1235,0.5507246376811594,0.08399881691807158,0.365276545400769
1459,Montgomery,2099,Montgomery Precinct 13-033,1120,1050,303,979,2099,1.0,0.533587422582182,0.466412577417818,746,0.5002382086707956,0.14435445450214388,0.3554073368270605
1460,Montgomery,1827,Montgomery Precinct 13-020,1491,1056,416,336,1827,1.0,0.8160919540229885,0.1839080459770115,355,0.5779967159277504,0.22769567597153803,0.19430760810071154
1461,Prince George's,5205,Prince George's Precinct 17-007,218,1675,71,4987,5205,1.0,0.04188280499519693,0.9581171950048031,3459,0.3218059558117195,0.013640730067243036,0.6645533141210375
1462,Prince George's,3271,Prince George's Precinct 17-006,182,634,45,3089,3271,1.0,0.05564047691837359,0.9443595230816264,2592,0.19382451849587282,0.013757260776520942,0.7924182207276063
1463,Montgomery,2481,Montgomery Precinct 13-006,1675,1850,58,806,2481,1.0,0.675130995566304,0.3248690044336961,573,0.7456670697299476,0.023377670294236194,0.2309552599758162
1464,Prince George's,6128,Prince George's Precinct 17-011,159,1430,84,5969,6128,1.0,0.025946475195822456,0.9740535248041775,4614,0.233355091383812,0.01370757180156658,0.7529373368146214
1465,Prince George's,1828,Prince George's Precinct 17-005,235,681,43,1593,1828,1.0,0.12855579868708972,0.8714442013129103,1104,0.3725382932166302,0.023522975929978117,0.6039387308533917
1466,Prince George's,11788,Prince George's Precinct 17-003,289,962,69,11499,11788,1.0,0.024516457414319646,0.9754835425856804,10757,0.0816084153376315,0.005853410247709535,0.912538174414659
1467,Prince George's,2108,Prince George's Precinct 20-004,210,984,78,1898,2108,1.0,0.09962049335863378,0.9003795066413662,1046,0.4667931688804554,0.03700189753320683,0.49620493358633777
1468,Prince George's,4017,Prince George's Precinct 13-015,398,1982,117,3619,4017,1.0,0.0990789146128952,0.9009210853871048,1918,0.4934030370923575,0.02912621359223301,0.4774707493154095
1469,Prince George's,2880,Prince George's Precinct 20-008,292,1180,73,2588,2880,1.0,0.10138888888888889,0.8986111111111111,1627,0.4097222222222222,0.025347222222222222,0.5649305555555556
1470,Prince George's,4069,Prince George's Precinct 14-002,436,1904,126,3633,4069,1.0,0.10715163430818384,0.8928483656918161,2039,0.467928237896289,0.030965839272548538,0.5011059228311624
1471,Prince George's,1627,Prince George's Precinct 20-009,352,995,98,1275,1627,1.0,0.21634910878918254,0.7836508912108174,534,0.6115550092194223,0.06023355869698832,0.32821143208358944
1472,Prince George's,3117,Prince George's Precinct 21-013,555,1565,108,2562,3117,1.0,0.17805582290664101,0.821944177093359,1444,0.5020853384664742,0.03464870067372473,0.4632659608598011
1473,Prince George's,2475,Prince George's Precinct 10-011,490,1004,124,1985,2475,1.0,0.19797979797979798,0.802020202020202,1347,0.40565656565656566,0.050101010101010104,0.5442424242424242
1474,Prince George's,3268,Prince George's Precinct 14-008,577,959,87,2691,3268,1.0,0.17656058751529988,0.8234394124847001,2222,0.2934516523867809,0.026621787025703794,0.6799265605875153
1475,Prince George's,1816,Prince George's Precinct 10-010,503,866,123,1313,1816,1.0,0.27698237885462557,0.7230176211453745,827,0.47687224669603523,0.06773127753303965,0.4553964757709251
1476,Montgomery,2828,Montgomery Precinct 13-028,772,924,149,2056,2828,1.0,0.272984441301273,0.727015558698727,1755,0.32673267326732675,0.05268741159830269,0.6205799151343706
1477,Montgomery,2804,Montgomery Precinct 13-001,1219,1112,273,1585,2804,1.0,0.4347360912981455,0.5652639087018545,1419,0.39657631954350925,0.09736091298145506,0.5060627674750356
1478,Montgomery,3327,Montgomery Precinct 13-055,474,834,77,2853,3327,1.0,0.1424706943192065,0.8575293056807936,2416,0.25067628494138866,0.023143973549744516,0.7261797415088669
1479,Montgomery,4237,Montgomery Precinct 13-054,3592,1866,616,645,4237,1.0,0.8477696483360868,0.15223035166391313,1755,0.4404059476044371,0.14538588624026433,0.41420816615529854
1480,Montgomery,2942,Montgomery Precinct 13-069,2441,1255,395,501,2942,1.0,0.8297076818490823,0.17029231815091775,1292,0.4265805574439157,0.13426240652617266,0.43915703602991163
1481,Montgomery,2890,Montgomery Precinct 13-061,1358,2343,546,1532,2890,1.2133557328853424,0.4698961937716263,0.5301038062283737,1,0.8107266435986159,0.18892733564013842,0.00034602076124567473
1482,Montgomery,1528,Montgomery Precinct 05-022,892,794,192,636,1528,1.0,0.5837696335078534,0.4162303664921466,542,0.5196335078534031,0.1256544502617801,0.35471204188481675
1483,Montgomery,3868,Montgomery Precinct 05-009,1730,1982,572,2138,3868,1.0,0.44725956566701136,0.5527404343329886,1314,0.5124095139607032,0.14788004136504654,0.33971044467425027
1484,Montgomery,3207,Montgomery Precinct 05-016,1526,1746,445,1681,3207,1.0,0.4758341128780792,0.5241658871219208,1016,0.5444340505144996,0.1387589647645775,0.316806984720923
1485,Montgomery,2145,Montgomery Precinct 08-010,1308,947,305,837,2145,1.0,0.6097902097902098,0.3902097902097902,893,0.4414918414918415,0.14219114219114218,0.41631701631701634
1486,Montgomery,2954,Montgomery Precinct 08-011,1813,1362,426,1141,2954,1.0,0.6137440758293838,0.3862559241706161,1166,0.46106973595125256,0.14421123899796887,0.3947190250507786
1487,Montgomery,3717,Montgomery Precinct 08-002,2746,1809,846,971,3717,1.0,0.7387678235135863,0.2612321764864138,1062,0.48668280871670705,0.22760290556900725,0.2857142857142857
1488,Montgomery,3819,Montgomery Precinct 08-006,2643,1638,968,1176,3819,1.0,0.6920659858601729,0.3079340141398272,1213,0.4289080911233307,0.25346949463210267,0.31762241424456666
1489,Montgomery,3868,Montgomery Precinct 05-011,1493,1368,240,2375,3868,1.0,0.3859875904860393,0.6140124095139607,2260,0.3536711478800414,0.06204756980351603,0.5842812823164426
1490,Montgomery,2076,Montgomery Precinct 05-008,519,1659,295,1557,2076,1.0,0.25,0.75,122,0.7991329479768786,0.14210019267822735,0.05876685934489403
1491,Montgomery,3479,Montgomery Precinct 05-015,1827,1417,524,1652,3479,1.0,0.5251509054325956,0.47484909456740443,1538,0.40730094854843346,0.15061799367634376,0.4420810577752228
1492,Montgomery,3713,Montgomery Precinct 05-001,1392,1616,422,2321,3713,1.0,0.37489900350121197,0.625100996498788,1675,0.43522757877726903,0.11365472663614327,0.4511176945865877
1493,Montgomery,3773,Montgomery Precinct 05-017,1397,1640,319,2376,3773,1.0,0.37026239067055394,0.6297376093294461,1814,0.43466737344288364,0.08454810495626822,0.4807845216008481
1494,Montgomery,3392,Montgomery Precinct 05-019,1731,1315,462,1661,3392,1.0,0.5103183962264151,0.4896816037735849,1615,0.3876768867924528,0.13620283018867924,0.47612028301886794
1495,Montgomery,1722,Montgomery Precinct 05-018,1069,648,354,653,1722,1.0,0.6207897793263647,0.3792102206736353,720,0.37630662020905925,0.20557491289198607,0.4181184668989547
1496,Howard,2112,Howard Precinct 05-011,1724,799,704,388,2112,1.0,0.8162878787878788,0.18371212121212122,609,0.3783143939393939,0.3333333333333333,0.2883522727272727
1497,Howard,1558,Howard Precinct 05-020,1249,811,656,309,1558,1.0,0.8016688061617459,0.19833119383825418,91,0.5205391527599487,0.42105263157894735,0.05840821566110398
1498,Howard,1752,Howard Precinct 04-006,1451,686,1057,301,1752,1.0,0.8281963470319634,0.17180365296803654,9,0.3915525114155251,0.603310502283105,0.005136986301369863
1499,Howard,1427,Howard Precinct 04-002,1273,587,791,154,1427,1.0,0.8920812894183602,0.1079187105816398,49,0.4113524877365102,0.5543097407147862,0.03433777154870357
1500,Howard,2228,Howard Precinct 05-019,1846,883,961,382,2228,1.0,0.8285457809694794,0.17145421903052063,384,0.39631956912028726,0.43132854578096946,0.17235188509874327
1501,Howard,2504,Howard Precinct 05-001,1817,1203,1023,687,2504,1.0,0.7256389776357828,0.2743610223642173,278,0.48043130990415334,0.40854632587859424,0.1110223642172524
1502,Howard,1727,Howard Precinct 03-006,1346,617,662,381,1727,1.0,0.7793862188766647,0.22061378112333527,448,0.3572669368847713,0.38332368268674,0.2594093804284887
1503,Prince George's,4719,Prince George's Precinct 01-001,1090,1664,366,3629,4719,1.0,0.23098114007204917,0.7690188599279508,2689,0.3526170798898072,0.0775588048315321,0.5698241152786607
1504,Montgomery,4171,Montgomery Precinct 05-002,955,1651,135,3216,4171,1.0,0.22896187964516904,0.771038120354831,2385,0.395828338527931,0.03236633900743227,0.5718053224646368
1505,Montgomery,5053,Montgomery Precinct 05-021,610,1716,128,4443,5053,1.0,0.12072036414011478,0.8792796358598852,3209,0.33960023748268353,0.025331486245794576,0.6350682762715218
1506,Prince George's,3119,Prince George's Precinct 01-004,1032,1080,287,2087,3119,1.0,0.3308752805386342,0.6691247194613659,1752,0.3462648284706637,0.0920166720102597,0.5617184995190766
1507,Prince George's,3959,Prince George's Precinct 10-013,1179,2231,344,2780,3959,1.0,0.2978024753725688,0.7021975246274311,1384,0.5635261429653953,0.08689062894670371,0.349583228087901
1508,Prince George's,3293,Prince George's Precinct 10-005,2310,1444,703,983,3293,1.0,0.7014880048587914,0.29851199514120863,1146,0.4385059216519891,0.21348314606741572,0.3480109322805952
1509,Howard,2865,Howard Precinct 05-006,2006,1853,1011,859,2865,1.3271547729379054,0.7001745200698081,0.299825479930192,1,0.6467713787085515,0.35287958115183243,0.00034904013961605586
1510,Howard,2369,Howard Precinct 06-028,1575,1245,798,794,2369,1.0,0.6648374841705361,0.33516251582946394,326,0.5255382017729,0.3368509919797383,0.13761080624736174
1511,Howard,1568,Howard Precinct 06-032,1213,661,494,355,1568,1.0,0.7735969387755102,0.2264030612244898,413,0.4215561224489796,0.31505102040816324,0.26339285714285715
1512,Howard,1414,Howard Precinct 06-003,1102,676,372,312,1414,1.0,0.7793493635077794,0.22065063649222066,366,0.4780763790664781,0.26308345120226306,0.25884016973125884
1513,Howard,2320,Howard Precinct 05-005,1501,1183,748,819,2320,1.0,0.6469827586206897,0.35301724137931034,389,0.5099137931034483,0.32241379310344825,0.16767241379310344
1514,Howard,1265,Howard Precinct 05-013,838,532,215,427,1265,1.0,0.6624505928853754,0.3375494071146245,518,0.4205533596837945,0.16996047430830039,0.40948616600790516
1515,Prince George's,3641,Prince George's Precinct 10-006,792,1973,260,2849,3641,1.0,0.2175226586102719,0.7824773413897281,1408,0.5418840977753364,0.07140895358418017,0.3867069486404834
1516,Prince George's,5674,Prince George's Precinct 10-012,1116,2415,305,4558,5674,1.0,0.19668664081776524,0.8033133591822348,2954,0.42562566090941134,0.0537539654564681,0.5206203736341205
1517,Prince George's,2589,Prince George's Precinct 10-008,672,776,169,1917,2589,1.0,0.25955967555040554,0.7404403244495944,1644,0.2997296253379683,0.06527616840478949,0.6349942062572422
1518,Prince George's,2312,Prince George's Precinct 10-007,684,918,155,1628,2312,1.0,0.2958477508650519,0.7041522491349481,1239,0.39705882352941174,0.06704152249134948,0.5358996539792388
1519,Montgomery,2978,Montgomery Precinct 04-016,1734,1860,633,1244,2978,1.0,0.5822699798522498,0.4177300201477502,485,0.6245802552048355,0.21255876427132303,0.16286098052384151
1520,Montgomery,3619,Montgomery Precinct 09-031,2072,1503,352,1547,3619,1.0,0.5725338491295938,0.4274661508704062,1764,0.41530809615916,0.0972644376899696,0.4874274661508704
1521,Montgomery,2298,Montgomery Precinct 04-025,1598,989,319,700,2298,1.0,0.6953872932985204,0.30461270670147955,990,0.43037423846823325,0.13881636205395997,0.4308093994778068
1522,Montgomery,3285,Montgomery Precinct 04-002,2202,1573,411,1083,3285,1.0,0.6703196347031963,0.32968036529680367,1301,0.4788432267884323,0.12511415525114156,0.39604261796042617
1523,Montgomery,4300,Montgomery Precinct 04-005,1924,1314,407,2376,4300,1.0,0.4474418604651163,0.5525581395348838,2579,0.3055813953488372,0.09465116279069767,0.5997674418604652
1524,Montgomery,4790,Montgomery Precinct 04-030,2487,1310,308,2303,4790,1.0,0.5192066805845511,0.48079331941544884,3172,0.27348643006263046,0.06430062630480167,0.6622129436325679
1525,Montgomery,4662,Montgomery Precinct 04-003,3043,2113,484,1619,4662,1.0,0.6527241527241527,0.34727584727584726,2065,0.45323895323895325,0.10381810381810382,0.44294294294294295
1526,Montgomery,5108,Montgomery Precinct 04-001,2098,1766,367,3010,5108,1.0,0.4107282693813626,0.5892717306186375,2975,0.3457321848081441,0.07184808144087705,0.5824197337509789
1527,Montgomery,2330,Montgomery Precinct 04-019,1228,760,279,1102,2330,1.0,0.527038626609442,0.47296137339055794,1291,0.3261802575107296,0.11974248927038626,0.5540772532188841
1528,Montgomery,4373,Montgomery Precinct 09-002,1270,1775,450,3103,4373,1.0,0.2904184770180654,0.7095815229819346,2148,0.4058998399268237,0.10290418477018065,0.49119597530299564
1529,Montgomery,2013,Montgomery Precinct 09-010,999,379,85,1014,2013,1.0,0.496274217585693,0.503725782414307,1549,0.18827620466964728,0.04222553402881272,0.76949826130154
1530,Montgomery,2692,Montgomery Precinct 09-020,900,949,286,1792,2692,1.0,0.3343239227340267,0.6656760772659732,1457,0.3525260029717682,0.1062407132243685,0.5412332838038633
1531,Montgomery,6198,Montgomery Precinct 09-007,1690,1437,220,4508,6198,1.0,0.27266860277508875,0.7273313972249112,4541,0.23184898354307842,0.03549532107131333,0.7326556953856083
1532,Montgomery,2732,Montgomery Precinct 09-021,1219,970,418,1513,2732,1.0,0.44619326500732065,0.5538067349926794,1344,0.35505124450951686,0.15300146412884333,0.49194729136163984
1533,Montgomery,3032,Montgomery Precinct 01-003,1503,1760,563,1529,3032,1.0,0.495712401055409,0.5042875989445911,709,0.5804749340369393,0.18568601583113456,0.23383905013192613
1534,Montgomery,2208,Montgomery Precinct 09-036,721,982,291,1487,2208,1.0,0.32653985507246375,0.6734601449275363,935,0.4447463768115942,0.13179347826086957,0.42346014492753625
1535,Montgomery,2513,Montgomery Precinct 09-014,1479,1300,426,1034,2513,1.0,0.5885395941106247,0.41146040588937527,787,0.5173099880620772,0.16951850378034222,0.3131715081575806
1536,Montgomery,2630,Montgomery Precinct 09-037,879,967,279,1751,2630,1.0,0.33422053231939164,0.6657794676806084,1384,0.36768060836501903,0.10608365019011406,0.526235741444867
1537,Montgomery,3688,Montgomery Precinct 09-004,1261,1302,384,2427,3688,1.0,0.34191973969631234,0.6580802603036876,2002,0.3530368763557484,0.10412147505422993,0.5428416485900217
1538,Montgomery,2392,Montgomery Precinct 01-004,896,1022,318,1496,2392,1.0,0.3745819397993311,0.6254180602006689,1052,0.42725752508361203,0.13294314381270902,0.4397993311036789
1539,Montgomery,1813,Montgomery Precinct 01-006,1015,766,379,798,1813,1.0,0.5598455598455598,0.44015444015444016,668,0.42250413678985105,0.2090457804743519,0.36845008273579705
1540,Montgomery,2859,Montgomery Precinct 01-005,1725,1089,743,1134,2859,1.0,0.6033578174186779,0.39664218258132217,1027,0.3809024134312697,0.2598810772997552,0.3592165092689752
1541,Prince George's,4015,Prince George's Precinct 17-001,867,1808,115,3148,4015,1.0,0.21594022415940226,0.7840597758405977,2092,0.45031133250311334,0.028642590286425903,0.5210460772104608
1542,Prince George's,4299,Prince George's Precinct 17-004,184,1136,74,4115,4299,1.0,0.04280065131425913,0.9571993486857409,3089,0.2642474994184694,0.017213305419865085,0.7185391951616655
1543,Prince George's,4706,Prince George's Precinct 16-004,679,1417,156,4027,4706,1.0,0.14428389290267743,0.8557161070973226,3133,0.3011049723756906,0.03314917127071823,0.6657458563535912
1544,Prince George's,2240,Prince George's Precinct 17-002,384,999,101,1856,2240,1.0,0.17142857142857143,0.8285714285714286,1140,0.4459821428571429,0.045089285714285714,0.5089285714285714
1545,Prince George's,2034,Prince George's Precinct 02-002,261,771,82,1773,2034,1.0,0.12831858407079647,0.8716814159292036,1181,0.37905604719764013,0.04031465093411996,0.5806293018682399
1547,Prince George's,951,Prince George's Precinct 16-002,359,438,84,592,951,1.0,0.3774973711882229,0.6225026288117771,429,0.4605678233438486,0.08832807570977919,0.45110410094637227
1548,Prince George's,4706,Prince George's Precinct 16-003,1856,2386,367,2850,4706,1.0,0.3943901402464938,0.6056098597535061,1953,0.5070123246918827,0.07798555036124097,0.4150021249468763
1549,Prince George's,154,Prince George's Precinct 16-005,43,62,14,111,154,1.0,0.2792207792207792,0.7207792207792207,78,0.4025974025974026,0.09090909090909091,0.5064935064935064
1550,Prince George's,6797,Prince George's Precinct 17-010,330,1708,104,6467,6797,1.0,0.048550831249080474,0.9514491687509196,4985,0.2512873326467559,0.01530086803001324,0.7334117993232309
1551,Prince George's,5527,Prince George's Precinct 17-008,1048,1134,105,4479,5527,1.0,0.1896146191423919,0.8103853808576081,4288,0.20517459743079428,0.01899764791025873,0.7758277546589469
1552,Prince George's,3704,Prince George's Precinct 17-009,589,796,86,3115,3704,1.0,0.1590172786177106,0.8409827213822895,2822,0.21490280777537796,0.023218142548596114,0.7618790496760259
1553,Prince George's,1964,Prince George's Precinct 19-003,1471,1206,186,493,1964,1.0,0.7489816700610998,0.2510183299389002,572,0.6140529531568228,0.09470468431771895,0.29124236252545826
1554,Prince George's,465,Prince George's Precinct 21-012,342,330,84,123,465,1.0,0.7354838709677419,0.2645161290322581,51,0.7096774193548387,0.18064516129032257,0.10967741935483871
1555,Prince George's,10748,Prince George's Precinct 21-017,6779,399,56,3969,10748,1.0,0.6307219947897283,0.36927800521027165,10293,0.03712318570896911,0.005210271678451805,0.9576665426125791
1556,Montgomery,3296,Montgomery Precinct 13-018,1232,1487,126,2064,3296,1.0,0.3737864077669903,0.6262135922330098,1683,0.4511529126213592,0.03822815533980582,0.5106189320388349
1557,Montgomery,6272,Montgomery Precinct 13-022,1086,1693,95,5186,6272,1.0,0.17315051020408162,0.8268494897959183,4484,0.26992984693877553,0.015146683673469387,0.7149234693877551
1558,Montgomery,2542,Montgomery Precinct 05-003,1039,2200,341,1503,2542,1.176388888888889,0.4087332808811959,0.5912667191188041,1,0.8654602675059009,0.13414634146341464,0.0003933910306845004
1559,Prince George's,5990,Prince George's Precinct 17-012,431,1154,95,5559,5990,1.0,0.07195325542570952,0.9280467445742905,4741,0.19265442404006677,0.015859766277128547,0.7914858096828047
1560,Montgomery,5829,Montgomery Precinct 05-014,601,876,119,5228,5829,1.0,0.10310516383599246,0.8968948361640076,4834,0.15028306742151312,0.02041516555155258,0.8293017670269343
1561,Montgomery,3086,Montgomery Precinct 05-010,859,1087,150,2227,3086,1.0,0.2783538561244329,0.721646143875567,1849,0.3522359040829553,0.04860661049902787,0.5991574854180168
1562,Montgomery,2340,Montgomery Precinct 05-005,1093,1281,224,1247,2340,1.0,0.4670940170940171,0.5329059829059829,835,0.5474358974358975,0.09572649572649573,0.35683760683760685
1563,Montgomery,4504,Montgomery Precinct 05-006,1382,1863,360,3122,4504,1.0,0.30683836589698044,0.6931616341030196,2281,0.4136323268206039,0.07992895204262877,0.5064387211367674
1565,Prince George's,2857,Prince George's Precinct 21-005,441,838,132,2416,2857,1.0,0.1543577178858943,0.8456422821141057,1887,0.2933146657332867,0.046202310115505775,0.6604830241512075
1566,Prince George's,2323,Prince George's Precinct 21-015,1101,582,134,1222,2323,1.0,0.47395609126130006,0.5260439087387,1607,0.25053809728798965,0.057684029272492464,0.6917778734395179
1567,Prince George's,1633,Prince George's Precinct 21-014,475,724,133,1158,1633,1.0,0.2908756889161053,0.7091243110838946,776,0.44335578689528476,0.08144519289650949,0.47519902020820576
1568,Prince George's,5119,Prince George's Precinct 01-003,746,1586,160,4373,5119,1.0,0.14573158820082047,0.8542684117991796,3373,0.30982613791756203,0.031256104707950774,0.6589177573744872
1569,Montgomery,1426,Montgomery Precinct 05-004,563,1177,248,863,1426,1.1427425821972734,0.39481065918653574,0.6051893408134642,1,0.8253856942496494,0.17391304347826086,0.0007012622720897616
1570,Howard,1476,Howard Precinct 05-023,899,690,179,577,1476,1.0,0.6090785907859079,0.39092140921409213,607,0.46747967479674796,0.12127371273712736,0.41124661246612465
1571,Howard,2674,Howard Precinct 05-009,883,924,221,1791,2674,1.0,0.33021690351533284,0.6697830964846672,1529,0.34554973821989526,0.08264771877337322,0.5718025430067315
1572,Howard,837,Howard Precinct 05-002,604,466,140,233,837,1.0,0.7216248506571087,0.27837514934289126,231,0.5567502986857825,0.16726403823178015,0.27598566308243727
1573,Howard,70,Howard Precinct 02-022,57,24,10,13,70,1.0,0.8142857142857143,0.18571428571428572,36,0.34285714285714286,0.14285714285714285,0.5142857142857142
1574,Howard,2055,Howard Precinct 03-003,1577,770,697,478,2055,1.0,0.767396593673966,0.23260340632603407,588,0.3746958637469586,0.3391727493917275,0.28613138686131384
1575,Howard,1663,Howard Precinct 03-001,1335,558,564,328,1663,1.0,0.8027660853878533,0.19723391461214673,541,0.33553818400481056,0.3391461214672279,0.3253156945279615
1576,Howard,228,Howard Precinct 03-004,180,84,83,48,228,1.0,0.7894736842105263,0.21052631578947367,61,0.3684210526315789,0.36403508771929827,0.2675438596491228
1577,Howard,2119,Howard Precinct 02-017,1305,534,353,814,2119,1.0,0.6158565361019349,0.38414346389806514,1232,0.25200566304860783,0.16658801321378008,0.581406323737612
1578,Howard,2614,Howard Precinct 05-015,1651,1417,387,963,2614,1.0,0.6315990818668707,0.3684009181331293,810,0.5420811017597552,0.14804896710022952,0.3098699311400153
1579,Howard,2031,Howard Precinct 05-008,1199,1017,162,832,2031,1.0,0.5903495814869523,0.4096504185130478,852,0.5007385524372231,0.07976366322008863,0.4194977843426883
1580,Howard,2609,Howard Precinct 05-004,1301,1600,333,1308,2609,1.0,0.49865848984285166,0.5013415101571483,676,0.6132617861249521,0.12763510923725566,0.25910310463779224
1581,Howard,802,Howard Precinct 06-012,491,439,137,311,802,1.0,0.6122194513715711,0.3877805486284289,226,0.5473815461346634,0.1708229426433915,0.2817955112219451
1582,Howard,2061,Howard Precinct 06-008,763,844,159,1298,2061,1.0,0.37020863658418246,0.6297913634158175,1058,0.40950994662785056,0.07714701601164484,0.5133430373605046
1583,Howard,2606,Howard Precinct 06-017,1064,1285,200,1542,2606,1.0,0.40828856485034537,0.5917114351496546,1121,0.4930928626247122,0.07674597083653108,0.4301611665387567
1584,Howard,2144,Howard Precinct 06-009,765,1064,186,1379,2144,1.0,0.3568097014925373,0.6431902985074627,894,0.4962686567164179,0.08675373134328358,0.41697761194029853
1585,Howard,850,Howard Precinct 05-014,658,382,184,192,850,1.0,0.7741176470588236,0.22588235294117648,284,0.44941176470588234,0.2164705882352941,0.3341176470588235
1586,Howard,1183,Howard Precinct 02-010,877,604,306,306,1183,1.0,0.7413355874894336,0.2586644125105664,273,0.5105663567202029,0.2586644125105664,0.23076923076923078
1587,Howard,3236,Howard Precinct 05-003,1699,1515,307,1537,3236,1.0,0.5250309023485785,0.47496909765142153,1414,0.46817058096415326,0.09487021013597033,0.4369592088998764
1588,Howard,2420,Howard Precinct 05-016,1314,905,246,1106,2420,1.0,0.5429752066115703,0.4570247933884298,1269,0.3739669421487603,0.10165289256198347,0.5243801652892562
1589,Howard,993,Howard Precinct 02-014,745,512,167,248,993,1.0,0.7502517623363545,0.2497482376636455,314,0.5156092648539778,0.16817724068479356,0.3162134944612286
1590,Howard,1506,Howard Precinct 06-005,939,825,251,567,1506,1.0,0.6235059760956175,0.37649402390438247,430,0.547808764940239,0.16666666666666666,0.2855245683930943
1591,Howard,1730,Howard Precinct 06-031,773,818,160,957,1730,1.0,0.44682080924855494,0.5531791907514451,752,0.4728323699421965,0.09248554913294797,0.4346820809248555
1592,Howard,1628,Howard Precinct 06-010,1035,925,304,593,1628,1.0,0.6357493857493858,0.3642506142506142,399,0.5681818181818182,0.18673218673218672,0.24508599508599507
1593,Howard,1514,Howard Precinct 06-011,851,967,300,663,1514,1.0,0.5620871862615587,0.4379128137384412,247,0.6387054161162483,0.19815059445178335,0.16314398943196828
1594,Howard,1798,Howard Precinct 06-021,607,652,87,1191,1798,1.0,0.3375973303670745,0.6624026696329255,1059,0.36262513904338156,0.04838709677419355,0.5889877641824249
1595,Howard,1657,Howard Precinct 06-014,910,931,229,747,1657,1.0,0.5491852745926373,0.4508147254073627,497,0.5618587809293905,0.13820156910078454,0.299939649969825
1596,Howard,2698,Howard Precinct 06-016,1280,1235,293,1418,2698,1.0,0.4744255003706449,0.5255744996293551,1170,0.45774647887323944,0.10859896219421794,0.4336545589325426
1597,Howard,1142,Howard Precinct 06-006,821,730,218,321,1142,1.0,0.7189141856392294,0.28108581436077057,194,0.6392294220665499,0.19089316987740806,0.16987740805604204
1598,Howard,1146,Howard Precinct 02-020,847,436,180,299,1146,1.0,0.7390924956369983,0.26090750436300175,530,0.38045375218150085,0.15706806282722513,0.462478184991274
1599,Howard,965,Howard Precinct 02-013,738,428,183,227,965,1.0,0.7647668393782383,0.23523316062176167,354,0.44352331606217615,0.18963730569948187,0.36683937823834195
1600,Howard,2258,Howard Precinct 02-004,994,867,293,1264,2258,1.0,0.4402125775022144,0.5597874224977857,1098,0.38396811337466785,0.12976085031000886,0.4862710363153233
1601,Howard,2706,Howard Precinct 02-003,2051,1158,748,655,2706,1.0,0.7579453067257945,0.24205469327420548,800,0.4279379157427938,0.2764227642276423,0.29563932002956395
1602,Anne Arundel,6637,Anne Arundel Precinct 04-007,3576,1044,289,3061,6637,1.0,0.5387976495404551,0.461202350459545,5304,0.15729998493295164,0.04354376977550098,0.7991562452915474
1603,Anne Arundel,2138,Anne Arundel Precinct 04-019,624,1048,121,1514,2138,1.0,0.29186155285313375,0.7081384471468662,969,0.490177736202058,0.05659494855004677,0.4532273152478952
1604,Anne Arundel,1672,Anne Arundel Precinct 04-011,1012,648,337,660,1672,1.0,0.6052631578947368,0.39473684210526316,687,0.3875598086124402,0.201555023923445,0.41088516746411485
1605,Anne Arundel,1787,Anne Arundel Precinct 04-012,1244,543,394,543,1787,1.0,0.6961387800783436,0.30386121992165643,850,0.30386121992165643,0.22048125349748182,0.4756575265808618
1606,Anne Arundel,1872,Anne Arundel Precinct 04-003,1469,550,592,403,1872,1.0,0.7847222222222222,0.2152777777777778,730,0.2938034188034188,0.3162393162393162,0.38995726495726496
1607,Anne Arundel,2203,Anne Arundel Precinct 04-002,1531,957,543,672,2203,1.0,0.6949614162505674,0.3050385837494326,703,0.43440762596459376,0.24648206990467544,0.3191103041307308
1608,Anne Arundel,3982,Anne Arundel Precinct 04-024,1617,1285,257,2365,3982,1.0,0.40607734806629836,0.5939226519337016,2440,0.3227021597187343,0.06454043194374687,0.6127574083375188
1609,Anne Arundel,2792,Anne Arundel Precinct 04-018,453,1697,595,2339,2792,1.0,0.16224928366762179,0.8377507163323782,500,0.6078080229226361,0.21310888252148996,0.17908309455587393
1610,Anne Arundel,2335,Anne Arundel Precinct 02-023,1669,837,697,666,2335,1.0,0.7147751605995717,0.28522483940042825,801,0.358458244111349,0.29850107066381154,0.3430406852248394
1611,Anne Arundel,2103,Anne Arundel Precinct 02-024,1550,596,513,553,2103,1.0,0.7370423204945317,0.2629576795054684,994,0.2834046600095102,0.24393723252496433,0.47265810746552545
1612,Anne Arundel,2435,Anne Arundel Precinct 01-020,1182,872,420,1253,2435,1.0,0.4854209445585216,0.5145790554414784,1143,0.3581108829568789,0.17248459958932238,0.46940451745379874
1613,Anne Arundel,2219,Anne Arundel Precinct 01-021,618,1060,202,1601,2219,1.0,0.2785038305543037,0.7214961694456963,957,0.47769265434880576,0.09103199639477241,0.4312753492564218
1614,Anne Arundel,2392,Anne Arundel Precinct 01-019,966,977,365,1426,2392,1.0,0.40384615384615385,0.5961538461538461,1050,0.4084448160535117,0.15259197324414717,0.4389632107023411
1615,Anne Arundel,1877,Anne Arundel Precinct 01-005,1116,643,355,761,1877,1.0,0.5945657964837506,0.4054342035162493,879,0.3425679275439531,0.18913159296750134,0.46830047948854553
1616,Anne Arundel,1391,Anne Arundel Precinct 01-024,699,577,244,692,1391,1.0,0.5025161754133717,0.4974838245866283,570,0.41480948957584474,0.17541337167505391,0.4097771387491014
1617,Anne Arundel,1706,Anne Arundel Precinct 02-001,1287,517,469,419,1706,1.0,0.7543962485345839,0.2456037514654162,720,0.3030480656506448,0.2749120750293083,0.4220398593200469
1618,Anne Arundel,2031,Anne Arundel Precinct 01-006,1005,985,371,1026,2031,1.0,0.4948301329394387,0.5051698670605613,675,0.48498276710979815,0.18266863613983259,0.33234859675036926
1619,Howard,1701,Howard Precinct 01-010,1139,678,319,562,1701,1.0,0.6696061140505585,0.3303938859494415,704,0.3985890652557319,0.18753674309229865,0.4138741916519694
1620,Howard,443,Howard Precinct 01-007,263,292,150,180,443,1.2076502732240437,0.5936794582392777,0.40632054176072235,1,0.6591422121896162,0.33860045146726864,0.002257336343115124
1621,Howard,2763,Howard Precinct 01-003,1793,937,424,970,2763,1.0,0.6489323199420919,0.35106768005790806,1402,0.339124140427072,0.1534563879840753,0.5074194715888527
1622,Howard,634,Howard Precinct 01-012,516,373,260,118,634,2.0618892508143323,0.8138801261829653,0.1861198738170347,1,0.5883280757097792,0.41009463722397477,0.0015772870662460567
1623,Howard,595,Howard Precinct 01-005,437,285,196,158,595,1.0,0.7344537815126051,0.26554621848739496,114,0.4789915966386555,0.32941176470588235,0.1915966386554622
1624,Howard,1106,Howard Precinct 02-025,895,573,399,211,1106,1.0,0.8092224231464737,0.19077757685352623,134,0.5180831826401446,0.36075949367088606,0.12115732368896925
1625,Howard,2449,Howard Precinct 02-016,1747,1083,609,702,2449,1.0,0.7133523887300939,0.28664761126990607,757,0.4422213148223765,0.2486729277256023,0.30910575745202123
1626,Howard,1747,Howard Precinct 01-009,1011,799,361,736,1747,1.0,0.5787063537492845,0.4212936462507155,587,0.45735546651402403,0.20663995420721237,0.3360045792787636
1627,Howard,1552,Howard Precinct 01-014,1128,748,569,424,1552,1.0,0.7268041237113402,0.27319587628865977,235,0.48195876288659795,0.36662371134020616,0.15141752577319587
1628,Howard,2886,Howard Precinct 01-002,1980,440,435,906,2886,1.0,0.6860706860706861,0.31392931392931395,2011,0.15246015246015246,0.15072765072765074,0.6968121968121969
1629,Howard,2586,Howard Precinct 01-004,1819,1318,1003,767,2586,1.0,0.7034029389017789,0.2965970610982212,265,0.5096674400618716,0.38785769528228925,0.10247486465583913
1630,Howard,1159,Howard Precinct 01-011,906,386,271,253,1159,1.0,0.7817083692838654,0.2182916307161346,502,0.3330457290767903,0.23382226056945643,0.43313201035375326
1631,Howard,2733,Howard Precinct 02-002,1860,1156,708,873,2733,1.0,0.6805708013172338,0.3194291986827662,869,0.4229784120014636,0.25905598243688255,0.3179656055616539
1632,Howard,2180,Howard Precinct 02-001,1181,890,377,999,2180,1.0,0.541743119266055,0.45825688073394494,913,0.40825688073394495,0.17293577981651376,0.4188073394495413
1633,Howard,2500,Howard Precinct 02-023,936,637,178,1564,2500,1.0,0.3744,0.6256,1685,0.2548,0.0712,0.674
1634,Prince George's,2446,Prince George's Precinct 21-007,1279,999,328,1167,2446,1.0,0.5228945216680294,0.4771054783319706,1119,0.40842191332788225,0.13409648405560098,0.45748160261651677
1635,Prince George's,3916,Prince George's Precinct 02-009,227,1530,84,3689,3916,1.0,0.057967313585291114,0.9420326864147089,2302,0.39070480081716036,0.021450459652706845,0.5878447395301328
1636,Prince George's,3022,Prince George's Precinct 02-010,285,937,65,2737,3022,1.0,0.0943084050297816,0.9056915949702184,2020,0.3100595632031767,0.021508934480476506,0.6684315023163467
1637,Prince George's,3459,Prince George's Precinct 02-006,329,1476,110,3130,3459,1.0,0.09511419485400405,0.9048858051459959,1873,0.42671292281006074,0.03180109858340561,0.5414859786065337
1638,Prince George's,2119,Prince George's Precinct 02-004,309,821,104,1810,2119,1.0,0.1458235016517225,0.8541764983482775,1194,0.38744690891930156,0.049079754601226995,0.5634733364794714
1639,Prince George's,3067,Prince George's Precinct 20-007,21,938,26,3046,3067,1.0,0.006847081838930551,0.9931529181610694,2103,0.30583632213889794,0.008477339419628301,0.6856863384414738
1640,Prince George's,2332,Prince George's Precinct 20-012,113,771,30,2219,2332,1.0,0.04845626072041166,0.9515437392795884,1531,0.33061749571183535,0.012864493996569469,0.6565180102915952
1641,Prince George's,1239,Prince George's Precinct 21-009,565,508,88,674,1239,1.0,0.45601291364003227,0.5439870863599677,643,0.4100080710250202,0.07102502017756256,0.5189669087974172
1642,Prince George's,2546,Prince George's Precinct 20-005,461,989,103,2085,2546,1.0,0.18106834249803613,0.8189316575019638,1454,0.3884524744697565,0.040455616653574236,0.5710919088766693
1643,Prince George's,2412,Prince George's Precinct 20-006,332,942,93,2080,2412,1.0,0.13764510779436154,0.8623548922056384,1377,0.39054726368159204,0.03855721393034826,0.5708955223880597
1644,Prince George's,1798,Prince George's Precinct 21-016,304,909,85,1494,1798,1.0,0.16907675194660735,0.8309232480533927,804,0.5055617352614016,0.047274749721913235,0.4471635150166852
1645,Prince George's,3234,Prince George's Precinct 21-004,1237,948,196,1997,3234,1.0,0.38249845392702536,0.6175015460729747,2090,0.29313543599257885,0.06060606060606061,0.6462585034013606
1646,Prince George's,2721,Prince George's Precinct 21-010,1330,936,256,1391,2721,1.0,0.48879088570378537,0.5112091142962146,1529,0.3439911797133407,0.09408305769937524,0.5619257625872841
1647,Prince George's,850,Prince George's Precinct 01-008,369,299,47,481,850,1.0,0.43411764705882355,0.5658823529411765,504,0.3517647058823529,0.05529411764705883,0.5929411764705882
1649,Prince George's,2859,Prince George's Precinct 01-005,1391,1122,384,1468,2859,1.0,0.48653375306051067,0.5134662469394893,1353,0.39244491080797483,0.13431269674711438,0.4732423924449108
1650,Prince George's,4986,Prince George's Precinct 21-008,194,1647,80,4792,4986,1.0,0.03890894504612916,0.9610910549538708,3259,0.3303249097472924,0.016044925792218213,0.6536301644604894
1652,Prince George's,3492,Prince George's Precinct 21-003,1976,1868,226,1516,3492,1.0,0.565864833906071,0.434135166093929,1398,0.5349369988545246,0.06471935853379153,0.40034364261168387
1653,Prince George's,2659,Prince George's Precinct 21-006,1934,1389,285,725,2659,1.0,0.7273411056788266,0.27265889432117335,985,0.5223768333960135,0.10718315156073711,0.37044001504324936
1654,Prince George's,2024,Prince George's Precinct 01-002,921,645,183,1103,2024,1.0,0.4550395256916996,0.5449604743083004,1196,0.31867588932806323,0.09041501976284586,0.5909090909090909
1655,Prince George's,1731,Prince George's Precinct 01-006,330,892,101,1401,1731,1.0,0.19064124783362218,0.8093587521663779,738,0.5153090699017908,0.05834777585210861,0.42634315424610053
1656,Prince George's,2436,Prince George's Precinct 13-003,24,1108,47,2412,2436,1.0,0.009852216748768473,0.9901477832512315,1281,0.4548440065681445,0.01929392446633826,0.5258620689655172
1657,Prince George's,1716,Prince George's Precinct 20-002,186,586,53,1530,1716,1.0,0.10839160839160839,0.8916083916083916,1077,0.3414918414918415,0.030885780885780884,0.6276223776223776
1658,Prince George's,957,Prince George's Precinct 20-013,19,273,23,938,957,1.0,0.019853709508881923,0.9801462904911181,661,0.2852664576802508,0.024033437826541274,0.690700104493208
1659,Prince George's,1875,Prince George's Precinct 20-003,26,1146,36,1849,1875,1.0,0.013866666666666666,0.9861333333333333,693,0.6112,0.0192,0.3696
1660,Prince George's,2857,Prince George's Precinct 20-011,168,1207,52,2689,2857,1.0,0.05880294014700735,0.9411970598529926,1598,0.42247112355617783,0.018200910045502276,0.5593279663983199
1661,Prince George's,3387,Prince George's Precinct 20-001,567,1382,151,2820,3387,1.0,0.16740478299379982,0.8325952170062002,1854,0.40803070563920874,0.044582226158842636,0.5473870682019486
1662,Prince George's,3358,Prince George's Precinct 21-018,545,1460,96,2813,3358,1.0,0.16229898749255509,0.8377010125074449,1802,0.43478260869565216,0.02858844550327576,0.5366289458010721
1663,Prince George's,3792,Prince George's Precinct 21-011,512,1341,125,3280,3792,1.0,0.1350210970464135,0.8649789029535865,2326,0.3536392405063291,0.032964135021097046,0.6133966244725738
1664,Prince George's,2484,Prince George's Precinct 20-010,566,714,100,1918,2484,1.0,0.2278582930756844,0.7721417069243156,1670,0.28743961352657005,0.040257648953301126,0.6723027375201288
1665,Prince George's,3859,Prince George's Precinct 13-005,536,2237,112,3323,3859,1.0,0.1388960870691889,0.8611039129308111,1510,0.5796838559212231,0.029023062969681265,0.3912930811090956
1666,Prince George's,3469,Prince George's Precinct 10-001,531,1011,84,2938,3469,1.0,0.15307004900547708,0.846929950994523,2374,0.29143845488613435,0.024214471029115017,0.6843470740847506
1667,Prince George's,4592,Prince George's Precinct 10-002,1524,1771,327,3068,4592,1.0,0.3318815331010453,0.6681184668989547,2494,0.3856707317073171,0.07121080139372822,0.5431184668989547
1668,Prince George's,3148,Prince George's Precinct 10-004,732,1484,128,2416,3148,1.0,0.23252858958068615,0.7674714104193139,1536,0.4714104193138501,0.04066073697585769,0.48792884371029227
1669,Howard,2070,Howard Precinct 06-024,1087,1111,348,983,2070,1.0,0.5251207729468599,0.4748792270531401,611,0.5367149758454106,0.1681159420289855,0.2951690821256039
1670,Prince George's,2617,Prince George's Precinct 10-003,1178,812,238,1439,2617,1.0,0.45013374092472297,0.5498662590752771,1567,0.31027894535727935,0.09094382881161635,0.5987772258311043
1671,Howard,2038,Howard Precinct 06-015,813,962,256,1225,2038,1.0,0.3989205103042198,0.6010794896957802,820,0.47203140333660454,0.1256133464180569,0.4023552502453386
1672,Prince George's,4448,Prince George's Precinct 10-009,845,1117,150,3603,4448,1.0,0.18997302158273383,0.8100269784172662,3181,0.2511241007194245,0.03372302158273381,0.7151528776978417
1673,Anne Arundel,3177,Anne Arundel Precinct 04-017,1534,851,253,1643,3177,1.0,0.4828454516839786,0.5171545483160214,2073,0.26786276361347183,0.07963487566887001,0.6525023607176582
1674,Anne Arundel,2642,Anne Arundel Precinct 04-001,1022,992,243,1620,2642,1.0,0.38682816048448143,0.6131718395155186,1407,0.37547312641937924,0.09197577592732778,0.532551097653293
1675,Howard,2652,Howard Precinct 06-034,914,1025,170,1738,2652,1.0,0.34464555052790347,0.6553544494720965,1457,0.386500754147813,0.0641025641025641,0.549396681749623
1676,Howard,3014,Howard Precinct 06-002,1196,1552,374,1818,3014,1.0,0.39681486396814863,0.6031851360318513,1088,0.5149303251493033,0.12408759124087591,0.3609820836098208
1677,Anne Arundel,2646,Anne Arundel Precinct 04-009,961,1779,309,1685,2646,1.0,0.36318972033257746,0.6368102796674225,558,0.6723356009070295,0.11678004535147392,0.2108843537414966
1678,Howard,2624,Howard Precinct 06-035,1067,2011,551,1557,2624,1.0,0.4066310975609756,0.5933689024390244,62,0.7663871951219512,0.20998475609756098,0.023628048780487805
1679,Howard,734,Howard Precinct 06-023,589,409,215,145,734,1.0,0.8024523160762943,0.19754768392370572,110,0.5572207084468664,0.29291553133514986,0.14986376021798364
1680,Howard,732,Howard Precinct 06-025,584,367,257,148,732,1.0,0.7978142076502732,0.20218579234972678,108,0.5013661202185792,0.3510928961748634,0.14754098360655737
1681,Howard,1711,Howard Precinct 06-018,1218,869,339,493,1711,1.0,0.711864406779661,0.288135593220339,503,0.5078901227352426,0.19812974868497954,0.2939801285797779
1682,Howard,2583,Howard Precinct 06-026,1654,1389,383,929,2583,1.0,0.6403406891211769,0.3596593108788231,811,0.537746806039489,0.14827719705768486,0.3139759969028262
1683,Howard,2014,Howard Precinct 06-004,1661,1134,584,353,2014,1.0,0.8247269116186693,0.17527308838133068,296,0.5630585898709036,0.2899702085402185,0.14697120158887786
1684,Howard,2046,Howard Precinct 06-027,920,1095,328,1126,2046,1.0,0.4496578690127077,0.5503421309872922,623,0.5351906158357771,0.1603128054740958,0.3044965786901271
1685,Howard,2202,Howard Precinct 06-001,1204,816,396,998,2202,1.0,0.5467756584922797,0.45322434150772023,990,0.37057220708446864,0.17983651226158037,0.44959128065395093
1686,Howard,2052,Howard Precinct 06-033,1179,889,368,873,2052,1.0,0.5745614035087719,0.42543859649122806,795,0.43323586744639375,0.1793372319688109,0.38742690058479534
1687,Howard,2183,Howard Precinct 06-020,1321,1025,282,862,2183,1.0,0.6051305542830967,0.39486944571690336,876,0.4695373339441136,0.12918002748511223,0.4012826385707742
1688,Howard,1571,Howard Precinct 06-013,1066,709,260,505,1571,1.0,0.6785486950986632,0.3214513049013367,602,0.4513049013367282,0.1654996817313813,0.3831954169318905
1689,Howard,1813,Howard Precinct 06-022,1127,903,216,686,1813,1.0,0.6216216216216216,0.3783783783783784,694,0.4980694980694981,0.11913954771097628,0.38279095421952564
1690,Howard,2296,Howard Precinct 06-019,970,1267,198,1326,2296,1.0,0.42247386759581884,0.5775261324041812,831,0.551829268292683,0.08623693379790941,0.36193379790940766
1691,Howard,2941,Howard Precinct 05-022,1846,1598,707,1095,2941,1.0,0.6276776606596396,0.3723223393403604,636,0.5433526011560693,0.24039442366541994,0.21625297517851072
1692,Howard,2781,Howard Precinct 05-010,1666,1262,644,1115,2781,1.0,0.5990650845019777,0.4009349154980223,875,0.4537935994246674,0.23157137720244517,0.31463502337288746
1693,Howard,2429,Howard Precinct 05-021,1336,1079,237,1093,2429,1.0,0.5500205846027172,0.4499794153972828,1113,0.4442157266364759,0.09757101687937422,0.45821325648414984
1694,Howard,1794,Howard Precinct 05-017,1247,790,273,547,1794,1.0,0.6950947603121517,0.3049052396878484,731,0.4403567447045708,0.15217391304347827,0.40746934225195097
1695,Howard,1525,Howard Precinct 05-018,826,716,142,699,1525,1.0,0.5416393442622951,0.4583606557377049,667,0.4695081967213115,0.09311475409836066,0.4373770491803279
1696,Howard,1777,Howard Precinct 05-007,997,860,182,780,1777,1.0,0.5610579628587508,0.4389420371412493,735,0.4839617332583005,0.10241980866629151,0.413618458075408
1697,Howard,1870,Howard Precinct 05-012,1022,938,245,848,1870,1.0,0.546524064171123,0.453475935828877,687,0.5016042780748663,0.13101604278074866,0.367379679144385
1698,Baltimore City,1766,Baltimore City Precinct 15-001,42,571,22,1724,1766,1.0,0.02378255945639864,0.9762174405436014,1173,0.3233295583238958,0.01245753114382786,0.6642129105322764
1699,Baltimore City,571,Baltimore City Precinct 28-003,5,209,6,566,571,1.0,0.008756567425569177,0.9912434325744308,356,0.3660245183887916,0.010507880910683012,0.6234676007005254
1700,Baltimore City,1228,Baltimore City Precinct 27-061,324,220,48,904,1228,1.0,0.26384364820846906,0.7361563517915309,960,0.1791530944625407,0.03908794788273615,0.7817589576547231
1701,Baltimore City,1238,Baltimore City Precinct 27-056,13,303,11,1225,1238,1.0,0.01050080775444265,0.9894991922455574,924,0.24474959612277866,0.008885298869143781,0.7463651050080775
1702,Baltimore City,2460,Baltimore City Precinct 27-057,36,569,15,2424,2460,1.0,0.014634146341463415,0.9853658536585366,1876,0.23130081300813007,0.006097560975609756,0.7626016260162601
1703,Baltimore City,1163,Baltimore City Precinct 27-059,32,304,6,1131,1163,1.0,0.027515047291487533,0.9724849527085124,853,0.26139294926913154,0.005159071367153913,0.7334479793637145
1704,Baltimore City,1669,Baltimore City Precinct 28-001,105,529,33,1564,1669,1.0,0.06291192330736968,0.9370880766926303,1107,0.316956261234272,0.019772318753744758,0.6632714200119832
1705,Baltimore City,3062,Baltimore City Precinct 27-067,1028,723,208,2034,3062,1.0,0.3357282821685173,0.6642717178314826,2131,0.23612018288700196,0.06792945787067277,0.6959503592423253
1706,Baltimore City,2688,Baltimore City Precinct 27-062,1151,443,241,1537,2688,1.0,0.42819940476190477,0.5718005952380952,2004,0.16480654761904762,0.0896577380952381,0.7455357142857143
1707,Baltimore City,2392,Baltimore City Precinct 27-066,1756,577,452,636,2392,1.0,0.7341137123745819,0.26588628762541805,1363,0.24122073578595318,0.18896321070234115,0.5698160535117057
1708,Baltimore County,2385,Baltimore County Precinct 03-006,2216,1073,573,169,2385,1.0,0.929140461215933,0.07085953878406709,739,0.449895178197065,0.24025157232704403,0.309853249475891
1709,Baltimore City,1675,Baltimore City Precinct 27-063,770,559,217,905,1675,1.0,0.4597014925373134,0.5402985074626866,899,0.3337313432835821,0.12955223880597014,0.5367164179104478
1710,Baltimore City,3698,Baltimore City Precinct 27-065,2866,825,523,832,3698,1.0,0.775013520822066,0.22498647917793402,2350,0.2230935640886966,0.14142779881016765,0.6354786371011357
1711,Baltimore City,997,Baltimore City Precinct 27-060,171,547,89,826,997,1.0,0.1715145436308927,0.8284854563691073,361,0.5486459378134403,0.08926780341023069,0.362086258776329
1712,Baltimore City,1689,Baltimore City Precinct 27-064,1206,515,378,483,1689,1.0,0.7140319715808171,0.28596802841918295,796,0.3049141503848431,0.22380106571936056,0.4712847838957963
1713,Baltimore County,3977,Baltimore County Precinct 03-007,3337,1334,1270,640,3977,1.0,0.8390746794065879,0.1609253205934121,1373,0.33542871511189337,0.3193361830525522,0.34523510183555445
1714,Baltimore County,3393,Baltimore County Precinct 03-011,2447,1336,424,946,3393,1.0,0.7211906867079281,0.2788093132920719,1633,0.3937518420277041,0.12496315944591807,0.48128499852637785
1715,Baltimore County,2089,Baltimore County Precinct 03-013,1842,834,522,247,2089,1.0,0.8817616084250838,0.11823839157491622,733,0.39923408329344184,0.2498803255146003,0.3508855911919579
1716,Baltimore County,2964,Baltimore County Precinct 03-010,2695,1557,557,269,2964,1.0,0.9092442645074224,0.0907557354925776,850,0.5253036437246964,0.1879217273954116,0.286774628879892
1717,Baltimore County,1906,Baltimore County Precinct 08-008,1709,602,667,197,1906,1.0,0.8966421825813221,0.10335781741867786,637,0.31584470094438616,0.34994753410283314,0.3342077649527807
1718,Baltimore County,2959,Baltimore County Precinct 04-005,2071,900,436,888,2959,1.0,0.6998986143967557,0.30010138560324434,1623,0.3041568097330179,0.14734707671510647,0.5484961135518757
1719,Baltimore County,3908,Baltimore County Precinct 04-004,2966,1600,697,942,3908,1.0,0.7589559877175026,0.24104401228249744,1611,0.4094165813715456,0.17835209825997952,0.41223132036847493
1720,Baltimore County,533,Baltimore County Precinct 04-013,478,258,234,55,533,1.0,0.8968105065666041,0.10318949343339587,41,0.48405253283302063,0.43902439024390244,0.07692307692307693
1721,Baltimore County,433,Baltimore County Precinct 04-011,383,144,173,50,433,1.0,0.8845265588914549,0.11547344110854503,116,0.3325635103926097,0.3995381062355658,0.2678983833718245
1722,Baltimore County,685,Baltimore County Precinct 08-023,608,270,262,77,685,1.0,0.8875912408759125,0.11240875912408758,153,0.39416058394160586,0.38248175182481753,0.22335766423357664
1723,Baltimore County,510,Baltimore County Precinct 08-021,438,165,252,72,510,1.0,0.8588235294117647,0.1411764705882353,93,0.3235294117647059,0.49411764705882355,0.18235294117647058
1724,Baltimore County,994,Baltimore County Precinct 08-024,886,311,492,108,994,1.0,0.8913480885311871,0.10865191146881288,191,0.31287726358148893,0.4949698189134809,0.1921529175050302
1725,Baltimore County,3725,Baltimore County Precinct 08-002,3308,822,1231,417,3725,1.0,0.8880536912751678,0.11194630872483222,1672,0.2206711409395973,0.33046979865771814,0.4488590604026846
1726,Baltimore City,818,Baltimore City Precinct 15-008,13,347,13,805,818,1.0,0.01589242053789731,0.9841075794621027,458,0.4242053789731051,0.01589242053789731,0.5599022004889975
1727,Baltimore City,2394,Baltimore City Precinct 15-003,33,997,39,2361,2394,1.0,0.013784461152882205,0.9862155388471178,1358,0.4164578111946533,0.016290726817042606,0.5672514619883041
1728,Baltimore City,1024,Baltimore City Precinct 15-004,8,352,12,1016,1024,1.0,0.0078125,0.9921875,660,0.34375,0.01171875,0.64453125
1729,Baltimore City,1372,Baltimore City Precinct 15-005,11,611,24,1361,1372,1.0,0.008017492711370262,0.9919825072886297,737,0.44533527696793,0.01749271137026239,0.5371720116618076
1730,Somerset,739,Somerset Precinct 12-001,638,121,249,101,739,1.0,0.8633288227334236,0.13667117726657646,369,0.16373477672530445,0.33694181326116374,0.4993234100135318
1731,Somerset,404,Somerset Precinct 08-002,370,74,212,34,404,1.0,0.9158415841584159,0.08415841584158416,118,0.18316831683168316,0.5247524752475248,0.29207920792079206
1732,Somerset,1465,Somerset Precinct 08-001,1201,218,610,264,1465,1.0,0.8197952218430035,0.1802047781569966,637,0.14880546075085324,0.41638225255972694,0.4348122866894198
1733,Somerset,71,Somerset Precinct 10-002,70,3,10,1,71,1.0,0.9859154929577465,0.014084507042253521,58,0.04225352112676056,0.14084507042253522,0.8169014084507042
1734,Somerset,396,Somerset Precinct 14-001,370,65,177,26,396,1.0,0.9343434343434344,0.06565656565656566,154,0.16414141414141414,0.44696969696969696,0.3888888888888889
1735,Somerset,301,Somerset Precinct 09-001,242,48,131,59,301,1.0,0.8039867109634552,0.19601328903654486,122,0.15946843853820597,0.43521594684385384,0.4053156146179402
1736,Somerset,487,Somerset Precinct 06-001,372,104,135,115,487,1.0,0.7638603696098563,0.23613963039014374,248,0.2135523613963039,0.27720739219712526,0.5092402464065708
1737,Somerset,139,Somerset Precinct 11-001,113,14,58,26,139,1.0,0.8129496402877698,0.18705035971223022,67,0.10071942446043165,0.4172661870503597,0.48201438848920863
1738,Harford,2157,Harford Precinct 01-002,1667,527,786,490,2157,1.0,0.7728326379230412,0.22716736207695873,844,0.24432081594807603,0.36439499304589706,0.3912841910060269
1739,Harford,2040,Harford Precinct 01-041,1629,677,577,411,2040,1.0,0.7985294117647059,0.20147058823529412,786,0.3318627450980392,0.28284313725490196,0.38529411764705884
1740,Harford,3676,Harford Precinct 01-001,1714,1161,333,1962,3676,1.0,0.4662676822633297,0.5337323177366703,2182,0.31583242655059846,0.09058759521218716,0.5935799782372143
1741,Harford,3478,Harford Precinct 01-004,2572,883,887,906,3478,1.0,0.7395054629097182,0.26049453709028175,1708,0.25388154111558364,0.2550316273720529,0.49108683151236343
1742,Harford,3873,Harford Precinct 01-006,1543,1001,253,2330,3873,1.0,0.3983991737671056,0.6016008262328943,2619,0.25845597727859543,0.06532403821327136,0.6762199845081333
1743,Harford,2164,Harford Precinct 03-007,1998,649,1356,166,2164,1.0,0.9232902033271719,0.0767097966728281,159,0.29990757855822553,0.6266173752310537,0.07347504621072089
1744,Harford,2054,Harford Precinct 03-014,1919,497,903,135,2054,1.0,0.9342745861733204,0.06572541382667965,654,0.24196689386562803,0.43962999026290167,0.3184031158714703
1745,Harford,3462,Harford Precinct 03-003,3325,724,1955,137,3462,1.0,0.9604274985557482,0.039572501444251874,783,0.20912767186597342,0.5647024841132293,0.22616984402079723
1746,Harford,2794,Harford Precinct 03-008,2645,728,1295,149,2794,1.0,0.9466714387974231,0.05332856120257695,771,0.26055833929849676,0.46349319971367214,0.27594846098783105
1747,Harford,3241,Harford Precinct 03-009,2986,776,1543,255,3241,1.0,0.9213205800678803,0.07867941993211972,922,0.23943227398950942,0.4760876272755322,0.28448009873495833
1748,Harford,3003,Harford Precinct 03-013,2807,748,1364,196,3003,1.0,0.9347319347319347,0.06526806526806526,891,0.2490842490842491,0.4542124542124542,0.2967032967032967
1749,Harford,3352,Harford Precinct 03-010,2942,715,918,410,3352,1.0,0.8776849642004774,0.12231503579952267,1719,0.2133054892601432,0.27386634844868735,0.5128281622911695
1750,Harford,2607,Harford Precinct 03-024,2426,469,1039,181,2607,1.0,0.9305715381664749,0.06942846183352512,1099,0.17990026850786345,0.398542385884158,0.42155734560797853
1751,Harford,2554,Harford Precinct 03-015,2121,528,875,433,2554,1.0,0.8304620203602192,0.16953797963978073,1151,0.206734534064213,0.34259984338292876,0.45066562255285825
1752,Harford,2186,Harford Precinct 01-007,1978,343,689,208,2186,1.0,0.9048490393412626,0.09515096065873742,1154,0.15690759377859104,0.3151875571820677,0.5279048490393413
1753,Harford,3096,Harford Precinct 01-015,2442,826,849,654,3096,1.0,0.7887596899224806,0.21124031007751937,1421,0.26679586563307495,0.2742248062015504,0.4589793281653747
1754,Harford,2678,Harford Precinct 01-009,2194,661,829,484,2678,1.0,0.8192681105302465,0.18073188946975355,1188,0.24682598954443616,0.3095593726661688,0.4436146377893951
1755,Harford,3303,Harford Precinct 01-008,2689,1029,1280,614,3303,1.0,0.8141083863154708,0.18589161368452922,994,0.3115349682107175,0.3875264910687254,0.3009385407205571
1756,Harford,2527,Harford Precinct 03-016,2247,571,869,280,2527,1.0,0.889196675900277,0.11080332409972299,1087,0.2259596359319351,0.34388603086664027,0.4301543332014246
1757,Harford,1005,Harford Precinct 01-021,871,219,332,134,1005,1.0,0.8666666666666667,0.13333333333333333,454,0.21791044776119403,0.33034825870646767,0.45174129353233833
1758,Harford,3462,Harford Precinct 01-013,2644,625,676,818,3462,1.0,0.7637203928365107,0.2362796071634893,2161,0.1805314846909301,0.19526285384171,0.6242056614673599
1759,Harford,2938,Harford Precinct 01-011,2628,749,1134,310,2938,1.0,0.8944860449285228,0.10551395507147719,1055,0.2549353301565691,0.3859768550034037,0.3590878148400272
1760,Harford,2684,Harford Precinct 01-012,2311,812,1200,373,2684,1.0,0.8610283159463488,0.13897168405365126,672,0.3025335320417288,0.44709388971684055,0.2503725782414307
1761,Harford,3797,Harford Precinct 01-014,3420,943,1563,377,3797,1.0,0.9007110877008164,0.09928891229918356,1291,0.2483539636555175,0.41164076902818014,0.3400052673163023
1762,Harford,2630,Harford Precinct 03-012,2339,553,772,291,2630,1.0,0.8893536121673004,0.11064638783269962,1305,0.2102661596958175,0.2935361216730038,0.49619771863117873
1763,Harford,1993,Harford Precinct 03-011,1840,489,762,153,1993,1.0,0.9232313095835424,0.0767686904164576,742,0.24535875564475665,0.38233818364274963,0.37230306071249375
1764,Harford,2372,Harford Precinct 03-017,2236,589,1025,136,2372,1.0,0.9426644182124789,0.05733558178752108,758,0.24831365935919056,0.4321247892074199,0.31956155143338955
1765,Harford,2779,Harford Precinct 03-018,2379,685,905,400,2779,1.0,0.8560633321338611,0.1439366678661389,1189,0.24649154372076287,0.3256567110471393,0.4278517452320979
1766,Harford,2558,Harford Precinct 03-019,2363,639,1276,195,2558,1.0,0.9237685691946833,0.07623143080531665,643,0.24980453479280687,0.4988272087568413,0.2513682564503518
1767,Harford,2823,Harford Precinct 03-021,2432,723,1238,391,2823,1.0,0.8614948636202622,0.13850513637973788,862,0.2561105207226355,0.4385405596882749,0.3053489195890896
1768,Worcester,2575,Worcester Precinct 03-002,2428,357,751,147,2575,1.0,0.9429126213592233,0.0570873786407767,1467,0.13864077669902913,0.2916504854368932,0.5697087378640777
1769,Worcester,6559,Worcester Precinct 07-001,5942,1308,2184,617,6559,1.0,0.9059307821314224,0.09406921786857753,3067,0.1994206433907608,0.3329775880469584,0.46760176856228086
1770,Carroll,7060,Carroll Precinct 13-001,6426,1789,3063,634,7060,1.0,0.9101983002832861,0.08980169971671388,2208,0.25339943342776206,0.4338526912181303,0.31274787535410764
1771,Montgomery,5066,Montgomery Precinct 02-002,2200,1849,565,2866,5066,1.0,0.43426766679826295,0.5657323332017371,2652,0.3649822345045401,0.11152783260955389,0.5234899328859061
1772,Montgomery,4594,Montgomery Precinct 02-003,1819,1578,329,2775,4594,1.0,0.3959512407488028,0.6040487592511972,2687,0.3434915106660862,0.07161515019590771,0.5848933391380061
1773,Montgomery,4893,Montgomery Precinct 04-014,2595,1765,410,2298,4893,1.0,0.530349478847333,0.4696505211526671,2718,0.360719395054159,0.08379317392192928,0.5554874310239117
1774,Montgomery,8267,Montgomery Precinct 05-013,1288,2001,106,6979,8267,1.0,0.15580016934801016,0.8441998306519899,6160,0.24204669166565865,0.012822063626466675,0.7451312447078747
1775,Montgomery,5042,Montgomery Precinct 05-023,1026,2367,278,4016,5042,1.0,0.203490678302261,0.796509321697739,2397,0.4694565648552162,0.05513685045616819,0.47540658468861563
1776,Montgomery,7187,Montgomery Precinct 05-012,3273,2411,438,3914,7187,1.0,0.45540559343258663,0.5445944065674134,4338,0.33546681508278836,0.06094336997356338,0.6035898149436483
1777,Montgomery,4205,Montgomery Precinct 06-002,2503,1300,687,1702,4205,1.0,0.595243757431629,0.404756242568371,2218,0.3091557669441142,0.1633769322235434,0.5274673008323425
1778,Montgomery,4050,Montgomery Precinct 07-019,3278,2472,587,772,4050,1.0,0.8093827160493827,0.19061728395061728,991,0.6103703703703703,0.14493827160493827,0.24469135802469136
1779,Montgomery,3999,Montgomery Precinct 07-023,3100,2143,612,899,3999,1.0,0.7751937984496124,0.2248062015503876,1244,0.5358839709927482,0.15303825956489123,0.3110777694423606
1780,Montgomery,3316,Montgomery Precinct 09-005,1609,1256,397,1707,3316,1.0,0.4852231604342581,0.5147768395657418,1663,0.37876960193003617,0.11972255729794934,0.5015078407720145
1781,Montgomery,5404,Montgomery Precinct 09-009,1874,1884,356,3530,5404,1.0,0.34678016284233903,0.653219837157661,3164,0.34863064396743154,0.06587712805329386,0.5854922279792746
1782,Montgomery,4358,Montgomery Precinct 09-022,1537,1657,447,2821,4358,1.0,0.3526847177604406,0.6473152822395595,2254,0.38022028453419,0.10256998623221661,0.5172097292335934
1783,Montgomery,5285,Montgomery Precinct 13-021,1585,2171,105,3700,5285,1.0,0.29990539262062443,0.7000946073793756,3009,0.41078524124881743,0.019867549668874173,0.5693472090823084
1784,Montgomery,5580,Montgomery Precinct 13-015,1569,2307,263,4011,5580,1.0,0.28118279569892474,0.7188172043010753,3010,0.4134408602150538,0.047132616487455196,0.5394265232974911
1785,Montgomery,4493,Montgomery Precinct 13-058,2208,2124,360,2285,4493,1.0,0.4914311150678834,0.5085688849321166,2009,0.4727353661250835,0.08012463832628533,0.4471399955486312
1786,Montgomery,3906,Montgomery Precinct 13-038,3422,2225,953,484,3906,1.0,0.8760880696364567,0.12391193036354327,728,0.5696364567332309,0.2439836149513569,0.1863799283154122
1787,Montgomery,5201,Montgomery Precinct 13-002,1770,2643,496,3431,5201,1.0,0.34031916939050183,0.6596808306094982,2062,0.5081715054797155,0.09536627571620843,0.3964622188040761
1788,Montgomery,4646,Montgomery Precinct 13-056,1538,1502,318,3108,4646,1.0,0.3310374515712441,0.6689625484287559,2826,0.3232888506241929,0.06844597503228583,0.6082651743435213
1789,Montgomery,5489,Montgomery Precinct 13-049,1754,783,122,3735,5489,1.0,0.31954818728365825,0.6804518127163418,4584,0.14264893423210057,0.02222627072326471,0.8351247950446348
1790,Montgomery,2651,Montgomery Precinct 13-014,1982,1712,236,669,2651,1.0,0.7476423990946812,0.2523576009053187,703,0.6457940399849114,0.08902301018483591,0.26518294983025276
1791,Montgomery,6281,Montgomery Precinct 09-015,2477,2211,428,3804,6281,1.0,0.39436395478427,0.60563604521573,3642,0.3520140105078809,0.06814201560261104,0.579843973889508
1792,Montgomery,7135,Montgomery Precinct 09-028,2268,839,264,4867,7135,1.0,0.3178696566222845,0.6821303433777155,6032,0.11758934828311142,0.03700070077084793,0.8454099509460407
1793,Montgomery,5420,Montgomery Precinct 09-026,1771,2098,424,3649,5420,1.0,0.3267527675276753,0.6732472324723248,2898,0.38708487084870846,0.07822878228782287,0.5346863468634686
1794,Carroll,4768,Carroll Precinct 04-003,4514,955,2018,254,4768,1.0,0.9467281879194631,0.05327181208053691,1795,0.20029362416107382,0.42323825503355705,0.3764681208053691
1795,Frederick,4416,Frederick Precinct 02-005,3731,1846,747,685,4416,1.0,0.8448822463768116,0.15511775362318841,1823,0.4180253623188406,0.16915760869565216,0.41281702898550726
1796,Frederick,6484,Frederick Precinct 02-004,2621,1713,641,3863,6484,1.0,0.4042257865515114,0.5957742134484886,4130,0.2641887723627391,0.09885872917951881,0.6369524984577422
1797,Montgomery,3644,Montgomery Precinct 08-007,2562,1422,863,1082,3644,1.0,0.7030735455543359,0.2969264544456641,1359,0.3902305159165752,0.23682766190998902,0.3729418221734358
1798,Montgomery,4038,Montgomery Precinct 13-068,1615,2014,106,2423,4038,1.0,0.39995047052996535,0.6000495294700346,1918,0.49876176324913324,0.026250619118375434,0.4749876176324913
1799,Queen Anne's,3460,Queen Anne's Precinct 02-001,2950,795,1374,510,3460,1.0,0.8526011560693642,0.14739884393063585,1291,0.22976878612716764,0.39710982658959537,0.373121387283237
1800,Queen Anne's,6268,Queen Anne's Precinct 03-002,5455,1388,2385,813,6268,1.0,0.870293554562859,0.12970644543714102,2495,0.22144224633056797,0.3805041480536056,0.3980536056158264
1801,Queen Anne's,5103,Queen Anne's Precinct 04-002,4556,1129,1846,547,5103,1.0,0.8928081520674114,0.10719184793258868,2128,0.2212424064275916,0.361747991377621,0.4170096021947874
1802,Queen Anne's,3757,Queen Anne's Precinct 04-003,3516,810,1722,241,3757,1.0,0.9358530742613788,0.06414692573862124,1225,0.21559755123768964,0.45834442374234763,0.3260580250199627
1803,Queen Anne's,4917,Queen Anne's Precinct 05-002,4108,1105,1872,809,4917,1.0,0.8354687817775066,0.1645312182224934,1940,0.22473052674394955,0.38071995118974983,0.3945495220663006
1804,Washington,1117,Washington Precinct 24-001,918,88,174,199,1117,1.0,0.8218442256042973,0.17815577439570277,855,0.07878245299910475,0.1557743957027753,0.76544315129812
1805,Washington,5439,Washington Precinct 17-001,4429,781,621,1010,5439,1.0,0.8143041000183857,0.18569589998161426,4037,0.14359257216400073,0.1141753998896856,0.7422320279463137
1806,Wicomico,619,Wicomico Precinct 01-001,507,28,55,112,619,1.0,0.8190630048465266,0.18093699515347333,536,0.045234248788368334,0.0888529886914378,0.8659127625201939
1807,Wicomico,1374,Wicomico Precinct 07-001,1108,361,629,266,1374,1.0,0.8064046579330422,0.19359534206695778,384,0.2627365356622999,0.45778748180494905,0.2794759825327511
1808,Worcester,2745,Worcester Precinct 01-002,2016,179,376,729,2745,1.0,0.7344262295081967,0.26557377049180325,2190,0.06520947176684881,0.13697632058287795,0.7978142076502732
