,COUNTY,VAP,NAME,WVAP,COMP14D,COMP14R,OVAP,TOT_VOTES,factor,WVAP_pct,OVAP_pct,COMP14None,COMP14D_pct,COMP14R_pct,COMP14None_pct
0,Somerset,404,Somerset Precinct 02-001,324,93,111,80,404,1.0,0.801980198019802,0.19801980198019803,200,0.2301980198019802,0.2747524752475248,0.49504950495049505
1,Somerset,726,Somerset Precinct 05-001,591,173,235,135,726,1.0,0.8140495867768595,0.1859504132231405,318,0.23829201101928374,0.3236914600550964,0.4380165289256198
2,Somerset,1165,Somerset Precinct 03-001,861,235,328,304,1165,1.0,0.7390557939914163,0.2609442060085837,602,0.2017167381974249,0.2815450643776824,0.5167381974248927
3,Somerset,217,Somerset Precinct 13-003,159,37,63,58,217,1.0,0.7327188940092166,0.2672811059907834,117,0.17050691244239632,0.2903225806451613,0.5391705069124424
4,Somerset,3664,Somerset Precinct 13-002,1072,76,75,2592,3664,1.0,0.2925764192139738,0.7074235807860262,3513,0.02074235807860262,0.02046943231441048,0.9587882096069869
5,Somerset,151,Somerset Precinct 13-001,122,18,48,29,151,1.0,0.8079470198675497,0.19205298013245034,85,0.11920529801324503,0.31788079470198677,0.5629139072847682
6,Somerset,2355,Somerset Precinct 01-002,1257,424,273,1098,2355,1.0,0.5337579617834395,0.4662420382165605,1658,0.1800424628450106,0.1159235668789809,0.7040339702760084
7,Somerset,186,Somerset Precinct 01-003,56,70,41,130,186,1.0,0.3010752688172043,0.6989247311827957,75,0.3763440860215054,0.22043010752688172,0.4032258064516129
8,Somerset,1267,Somerset Precinct 15-002,234,262,74,1033,1267,1.0,0.18468823993685873,0.8153117600631413,931,0.2067876874506709,0.05840568271507498,0.7348066298342542
9,Somerset,1039,Somerset Precinct 01-001,633,162,124,406,1039,1.0,0.6092396535129933,0.39076034648700675,753,0.15591915303176132,0.11934552454282965,0.7247353224254091
10,Somerset,3771,Somerset Precinct 15-001,692,211,101,3079,3771,1.0,0.18350570140546274,0.8164942985945373,3459,0.05595332802970034,0.026783346592415803,0.9172633253778838
11,Worcester,2315,Worcester Precinct 01-001,1155,971,1053,1160,2315,1.0,0.49892008639308855,0.5010799136069114,291,0.4194384449244061,0.4548596112311015,0.12570194384449243
12,Somerset,919,Somerset Precinct 04-001,711,152,239,208,919,1.0,0.7736670293797606,0.22633297062023938,528,0.16539717083786726,0.2600652883569097,0.5745375408052231
13,Dorchester,70,Dorchester Precinct 18-001,65,13,17,5,70,1.0,0.9285714285714286,0.07142857142857142,40,0.18571428571428572,0.24285714285714285,0.5714285714285714
14,Dorchester,49,Dorchester Precinct 11-001,44,13,21,5,49,1.0,0.8979591836734694,0.10204081632653061,15,0.2653061224489796,0.42857142857142855,0.30612244897959184
15,Dorchester,145,Dorchester Precinct 13-002,79,58,15,66,145,1.0,0.5448275862068965,0.45517241379310347,72,0.4,0.10344827586206896,0.496551724137931
16,Dorchester,206,Dorchester Precinct 17-001,169,69,34,37,206,1.0,0.8203883495145631,0.1796116504854369,103,0.33495145631067963,0.1650485436893204,0.5
17,Dorchester,63,Dorchester Precinct 14-002,39,23,7,24,63,1.0,0.6190476190476191,0.38095238095238093,33,0.36507936507936506,0.1111111111111111,0.5238095238095238
18,Wicomico,1349,Wicomico Precinct 17-001,1025,351,370,324,1349,1.0,0.759822090437361,0.24017790956263899,628,0.2601927353595256,0.2742772424017791,0.46553002223869533
19,Dorchester,308,Dorchester Precinct 03-001,274,91,68,34,308,1.0,0.8896103896103896,0.11038961038961038,149,0.29545454545454547,0.22077922077922077,0.4837662337662338
20,Cecil,4593,Cecil Precinct 05-003,4361,802,1366,232,4593,1.0,0.9494883518397561,0.05051164816024385,2425,0.17461354234704987,0.2974091008055737,0.5279773568473765
21,Kent,1682,Kent Precinct 01-002,1494,473,415,188,1682,1.0,0.8882282996432818,0.1117717003567182,794,0.2812128418549346,0.24673008323424495,0.47205707491082044
22,Cecil,2280,Cecil Precinct 02-001,2088,384,516,192,2280,1.0,0.9157894736842105,0.08421052631578947,1380,0.16842105263157894,0.22631578947368422,0.6052631578947368
23,Cecil,2076,Cecil Precinct 02-002,1934,336,445,142,2076,1.0,0.9315992292870906,0.06840077071290944,1295,0.16184971098265896,0.21435452793834298,0.623795761078998
24,Cecil,4897,Cecil Precinct 05-002,4539,816,1304,358,4897,1.0,0.9268940167449459,0.07310598325505412,2777,0.1666326322238105,0.2662854809066776,0.567081886869512
25,Cecil,3665,Cecil Precinct 09-001,3546,525,1014,119,3665,1.0,0.9675306957708049,0.03246930422919509,2126,0.1432469304229195,0.2766712141882674,0.5800818553888131
26,Cecil,2554,Cecil Precinct 05-004,2220,289,350,334,2554,1.0,0.8692247454972593,0.1307752545027408,1915,0.11315583398590447,0.1370399373531715,0.749804228660924
27,Cecil,4984,Cecil Precinct 05-001,4641,446,693,343,4984,1.0,0.9311797752808989,0.06882022471910113,3845,0.08948635634028893,0.13904494382022473,0.7714686998394864
28,Cecil,7016,Cecil Precinct 03-002,6111,675,1030,905,7016,1.0,0.8710091220068416,0.1289908779931585,5311,0.09620866590649943,0.1468072976054732,0.7569840364880274
29,Cecil,6045,Cecil Precinct 03-003,4995,542,628,1050,6045,1.0,0.826302729528536,0.17369727047146402,4875,0.08966087675765096,0.10388751033912325,0.8064516129032258
30,Cecil,4668,Cecil Precinct 04-001,4445,724,1041,223,4668,1.0,0.9522279348757497,0.04777206512425022,2903,0.15509854327335046,0.22300771208226222,0.6218937446443873
31,Cecil,6876,Cecil Precinct 03-001,5322,759,798,1554,6876,1.0,0.7739965095986039,0.22600349040139617,5319,0.11038394415357766,0.11605584642233857,0.7735602094240838
32,Cecil,1863,Cecil Precinct 04-002,1152,348,277,711,1863,1.0,0.6183574879227053,0.38164251207729466,1238,0.18679549114331723,0.14868491680085882,0.6645195920558239
33,Worcester,1381,Worcester Precinct 04-001,1135,541,839,246,1381,2.315436241610738,0.8218682114409848,0.1781317885590152,1,0.3917451122375091,0.6075307748008689,0.000724112961622013
34,Worcester,2209,Worcester Precinct 02-001,1098,155,81,1111,2209,1.0,0.49705749207786326,0.5029425079221367,1973,0.07016749660479855,0.03666817564508828,0.8931643277501131
35,Worcester,2685,Worcester Precinct 04-002,2330,171,220,355,2685,1.0,0.8677839851024208,0.13221601489757914,2294,0.06368715083798883,0.08193668528864059,0.8543761638733706
36,Worcester,1007,Worcester Precinct 02-002,790,696,310,217,1007,1.4089635854341738,0.7845084409136047,0.21549155908639522,1,0.6911618669314796,0.30784508440913605,0.0009930486593843098
37,Wicomico,2459,Wicomico Precinct 15-001,1971,385,619,488,2459,1.0,0.8015453436356242,0.19845465636437576,1455,0.156567710451403,0.2517283448556324,0.5917039446929646
38,Wicomico,2235,Wicomico Precinct 16-002,1532,358,388,703,2235,1.0,0.6854586129753915,0.3145413870246085,1489,0.16017897091722594,0.17360178970917226,0.6662192393736018
39,Wicomico,2655,Wicomico Precinct 08-004,2377,420,515,278,2655,1.0,0.8952919020715631,0.10470809792843691,1720,0.15819209039548024,0.19397363465160075,0.647834274952919
40,Wicomico,1417,Wicomico Precinct 08-003,1099,79,106,318,1417,1.0,0.7755822159491884,0.2244177840508116,1232,0.05575158786167961,0.0748059280169372,0.8694424841213833
41,Wicomico,3627,Wicomico Precinct 13-003,2905,876,735,722,3627,1.0,0.8009374138406397,0.19906258615936034,2016,0.24152191894127378,0.20264681555004135,0.5558312655086849
42,Wicomico,5667,Wicomico Precinct 13-001,4424,145,65,1243,5667,1.0,0.7806599611787541,0.2193400388212458,5457,0.025586730192341627,0.01146991353449797,0.9629433562731604
43,Wicomico,439,Wicomico Precinct 09-004,293,243,195,146,439,1.752,0.6674259681093394,0.3325740318906606,1,0.5535307517084282,0.44419134396355353,0.002277904328018223
44,Wicomico,3486,Wicomico Precinct 09-002,433,499,11,3053,3486,1.0,0.12421113023522662,0.8757888697647733,2976,0.1431440045897877,0.003155479059093517,0.8537005163511188
45,Wicomico,4914,Wicomico Precinct 13-002,2595,472,246,2319,4914,1.0,0.5280830280830281,0.4719169719169719,4196,0.09605209605209605,0.050061050061050064,0.8538868538868539
46,Wicomico,1299,Wicomico Precinct 08-002,1161,493,805,138,1299,1.3779193205944797,0.8937644341801386,0.10623556581986143,1,0.37952270977675134,0.619707467282525,0.0007698229407236335
47,Wicomico,4839,Wicomico Precinct 05-002,2095,132,101,2744,4839,1.0,0.43294069022525317,0.5670593097747468,4606,0.02727836329820211,0.020872081008472824,0.9518495556933251
48,Wicomico,1862,Wicomico Precinct 09-001,1151,659,86,711,1862,1.0,0.6181525241675617,0.3818474758324382,1117,0.35392051557465093,0.04618689581095596,0.5998925886143931
49,Wicomico,1802,Wicomico Precinct 08-001,1508,181,399,294,1802,1.0,0.8368479467258602,0.16315205327413984,1222,0.1004439511653718,0.2214206437291898,0.6781354051054383
50,Wicomico,4054,Wicomico Precinct 05-004,3069,504,557,985,4054,1.0,0.7570300937345831,0.24296990626541687,2993,0.12432165762210162,0.13739516526887025,0.7382831771090281
51,Wicomico,2944,Wicomico Precinct 05-003,2205,591,435,739,2944,1.0,0.7489809782608695,0.25101902173913043,1918,0.20074728260869565,0.14775815217391305,0.6514945652173914
52,Wicomico,1613,Wicomico Precinct 05-005,1432,612,886,181,1613,1.0,0.8877867327960323,0.11221326720396776,115,0.3794172349659021,0.5492870427774333,0.0712957222566646
53,Wicomico,1021,Wicomico Precinct 11-002,527,472,548,494,1021,1.9883040935672514,0.5161606268364348,0.4838393731635651,1,0.4622918707149853,0.5367286973555337,0.0009794319294809011
54,Wicomico,3288,Wicomico Precinct 11-001,2372,73,7,916,3288,1.0,0.7214111922141119,0.27858880778588807,3208,0.022201946472019465,0.0021289537712895377,0.975669099756691
55,Wicomico,3390,Wicomico Precinct 05-006,2762,426,650,628,3390,1.0,0.8147492625368732,0.18525073746312684,2314,0.1256637168141593,0.19174041297935104,0.6825958702064897
56,Anne Arundel,2236,Anne Arundel Precinct 07-025,1913,514,599,323,2236,1.0,0.8555456171735242,0.14445438282647585,1123,0.2298747763864043,0.2678890876565295,0.5022361359570662
57,Anne Arundel,1839,Anne Arundel Precinct 07-003,1501,510,403,338,1839,1.0,0.8162044589450789,0.18379554105492116,926,0.27732463295269166,0.21914083741163676,0.5035345296356716
58,Anne Arundel,2418,Anne Arundel Precinct 07-010,2221,487,649,197,2418,1.0,0.9185277088502894,0.08147229114971051,1282,0.20140612076095948,0.2684036393713813,0.5301902398676592
59,Anne Arundel,2785,Anne Arundel Precinct 07-019,2513,268,385,272,2785,1.0,0.9023339317773789,0.09766606822262118,2132,0.096229802513465,0.13824057450628366,0.7655296229802514
60,Anne Arundel,2923,Anne Arundel Precinct 07-006,2723,504,818,200,2923,1.0,0.9315771467670202,0.06842285323297982,1601,0.17242559014710915,0.27984946972288743,0.5477249401300034
61,Wicomico,1426,Wicomico Precinct 05-007,1279,281,493,147,1426,1.0,0.896914446002805,0.10308555399719495,652,0.197054698457223,0.34572230014025246,0.45722300140252453
62,Wicomico,662,Wicomico Precinct 06-001,619,88,242,43,662,1.0,0.9350453172205438,0.0649546827794562,332,0.13293051359516617,0.36555891238670696,0.5015105740181269
63,Wicomico,2682,Wicomico Precinct 04-001,2441,261,568,241,2682,1.0,0.9101416853094706,0.08985831469052946,1853,0.09731543624161074,0.2117822520507084,0.6909023117076808
64,Wicomico,1593,Wicomico Precinct 14-001,1453,193,358,140,1593,1.0,0.9121155053358443,0.08788449466415568,1042,0.12115505335844319,0.22473320778405526,0.6541117388575016
65,Worcester,1868,Worcester Precinct 04-003,1543,306,416,325,1868,1.0,0.826017130620985,0.173982869379015,1146,0.16381156316916487,0.22269807280513917,0.6134903640256959
66,Worcester,2502,Worcester Precinct 02-003,1154,234,177,1348,2502,1.0,0.4612310151878497,0.5387689848121503,2091,0.09352517985611511,0.07074340527577938,0.8357314148681055
67,Worcester,2723,Worcester Precinct 03-003,2418,242,269,305,2723,1.0,0.8879911861917004,0.11200881380829968,2212,0.08887256702166728,0.09878810135879544,0.8123393316195373
68,Worcester,1802,Worcester Precinct 06-002,1664,140,298,138,1802,1.0,0.9234184239733629,0.07658157602663707,1364,0.07769145394006659,0.16537180910099888,0.7569367369589345
69,Worcester,2430,Worcester Precinct 05-002,2271,740,867,159,2430,1.0,0.9345679012345679,0.0654320987654321,823,0.3045267489711934,0.3567901234567901,0.33868312757201646
70,Worcester,4184,Worcester Precinct 05-001,3965,660,867,219,4184,1.0,0.9476577437858509,0.05234225621414914,2657,0.1577437858508604,0.20721797323135754,0.635038240917782
71,Worcester,1964,Worcester Precinct 03-001,1858,575,962,106,1964,1.0,0.9460285132382892,0.0539714867617108,427,0.29276985743380857,0.48981670061099797,0.2174134419551935
72,Worcester,2243,Worcester Precinct 06-001,2142,714,1034,101,2243,1.0,0.9549710209540794,0.04502897904592064,495,0.3183236736513598,0.46098974587605884,0.22068658047258136
73,Worcester,1917,Worcester Precinct 06-003,1754,358,662,163,1917,1.0,0.9149713093375065,0.08502869066249348,897,0.18675013041210226,0.34533124673969745,0.4679186228482003
74,Montgomery,3490,Montgomery Precinct 04-007,1550,688,327,1940,3490,1.0,0.44412607449856734,0.5558739255014327,2475,0.197134670487106,0.09369627507163324,0.7091690544412608
75,Montgomery,2962,Montgomery Precinct 04-006,1536,622,337,1426,2962,1.0,0.5185685347738015,0.4814314652261985,2003,0.2099932478055368,0.1137744767049291,0.6762322754895341
76,Montgomery,1587,Montgomery Precinct 04-027,360,140,41,1227,1587,1.0,0.22684310018903592,0.7731568998109641,1406,0.08821676118462508,0.0258349086326402,0.8859483301827347
77,Montgomery,1951,Montgomery Precinct 04-009,995,505,193,956,1951,1.0,0.5099948744233727,0.4900051255766274,1253,0.25884161968221425,0.09892362890825218,0.6422347514095336
78,Montgomery,3199,Montgomery Precinct 13-051,2034,997,491,1165,3199,1.0,0.6358236949046577,0.36417630509534227,1711,0.3116598937167865,0.15348546420756487,0.5348546420756486
79,Montgomery,1806,Montgomery Precinct 04-034,1249,556,383,557,1806,1.0,0.6915836101882613,0.30841638981173863,867,0.3078626799557032,0.21207087486157253,0.48006644518272423
80,Montgomery,2832,Montgomery Precinct 13-043,911,520,229,1921,2832,1.0,0.321680790960452,0.678319209039548,2083,0.18361581920903955,0.08086158192090395,0.7355225988700564
81,Montgomery,2301,Montgomery Precinct 13-045,911,457,237,1390,2301,1.0,0.3959148196436332,0.6040851803563668,1607,0.19860930030421556,0.10299869621903521,0.6983920034767492
82,Montgomery,4265,Montgomery Precinct 13-036,1040,628,202,3225,4265,1.0,0.24384525205158264,0.7561547479484173,3435,0.14724501758499414,0.04736225087924971,0.8053927315357562
83,Montgomery,3162,Montgomery Precinct 13-037,1002,426,192,2160,3162,1.0,0.31688804554079697,0.683111954459203,2544,0.1347248576850095,0.06072106261859583,0.8045540796963947
84,Montgomery,3854,Montgomery Precinct 13-035,962,624,229,2892,3854,1.0,0.24961079398028022,0.7503892060197198,3001,0.16190970420342501,0.05941878567721848,0.7786715101193565
85,Montgomery,5497,Montgomery Precinct 13-064,833,793,85,4664,5497,1.0,0.15153720211024194,0.8484627978897581,4619,0.1442605057303984,0.015462979807167546,0.840276514462434
86,Montgomery,2249,Montgomery Precinct 13-052,1568,664,376,681,2249,1.0,0.6971987550022232,0.3028012449977768,1209,0.29524232992441085,0.16718541574032902,0.5375722543352601
87,Montgomery,2706,Montgomery Precinct 08-003,2131,894,737,575,2706,1.0,0.7875092387287509,0.21249076127124908,1075,0.3303769401330377,0.27235772357723576,0.39726533628972654
88,Montgomery,2330,Montgomery Precinct 13-046,1386,577,408,944,2330,1.0,0.5948497854077254,0.4051502145922747,1345,0.24763948497854077,0.17510729613733905,0.5772532188841202
89,Montgomery,1337,Montgomery Precinct 08-004,1020,324,325,317,1337,1.0,0.762902019446522,0.23709798055347794,688,0.2423335826477188,0.24308152580403888,0.5145848915482424
90,Montgomery,2775,Montgomery Precinct 08-008,1990,777,657,785,2775,1.0,0.7171171171171171,0.2828828828828829,1341,0.28,0.23675675675675675,0.48324324324324325
91,Montgomery,3472,Montgomery Precinct 08-009,2306,1005,713,1166,3472,1.0,0.6641705069124424,0.3358294930875576,1754,0.2894585253456221,0.20535714285714285,0.505184331797235
92,Montgomery,3315,Montgomery Precinct 08-001,2336,1022,715,979,3315,1.0,0.7046757164404224,0.2953242835595777,1578,0.3082956259426848,0.21568627450980393,0.4760180995475113
93,Montgomery,2576,Montgomery Precinct 08-012,1661,692,552,915,2576,1.0,0.6447981366459627,0.35520186335403725,1332,0.2686335403726708,0.21428571428571427,0.5170807453416149
94,Montgomery,2565,Montgomery Precinct 08-005,2188,728,768,377,2565,1.0,0.8530214424951267,0.1469785575048733,1069,0.2838206627680312,0.2994152046783626,0.4167641325536062
95,Montgomery,3510,Montgomery Precinct 01-002,2324,509,607,1186,3510,1.0,0.6621082621082621,0.3378917378917379,2394,0.145014245014245,0.17293447293447292,0.6820512820512821
96,Montgomery,3657,Montgomery Precinct 12-003,2956,775,1091,701,3657,1.0,0.8083128247197157,0.1916871752802844,1791,0.21192234071643423,0.29833196609242546,0.48974569319114025
97,Montgomery,2213,Montgomery Precinct 12-001,1875,378,671,338,2213,1.0,0.8472661545413466,0.1527338454586534,1164,0.17080885675553548,0.3032083145051966,0.5259828287392679
98,Montgomery,2541,Montgomery Precinct 01-001,2052,472,710,489,2541,1.0,0.807556080283353,0.19244391971664698,1359,0.18575364029909486,0.2794175521448249,0.5348288075560803
99,Howard,1720,Howard Precinct 04-003,1518,453,730,202,1720,1.0,0.8825581395348837,0.11744186046511627,537,0.2633720930232558,0.42441860465116277,0.3122093023255814
100,Frederick,3630,Frederick Precinct 14-001,3427,902,1216,203,3630,1.0,0.9440771349862259,0.0559228650137741,1512,0.24848484848484848,0.3349862258953168,0.41652892561983473
101,Frederick,2062,Frederick Precinct 03-001,1930,492,626,132,2062,1.0,0.9359844810863239,0.06401551891367604,944,0.23860329776915615,0.30358874878758485,0.457807953443259
102,Frederick,4117,Frederick Precinct 23-001,3207,960,977,910,4117,1.0,0.7789652659703667,0.22103473402963322,2180,0.23317949963565704,0.23730871994170513,0.5295117804226378
103,Frederick,674,Frederick Precinct 24-003,646,183,167,28,674,1.0,0.9584569732937686,0.04154302670623145,324,0.271513353115727,0.24777448071216618,0.4807121661721068
104,Frederick,2134,Frederick Precinct 03-003,1924,515,648,210,2134,1.0,0.901593252108716,0.09840674789128398,971,0.24133083411433928,0.3036551077788191,0.4550140581068416
105,Frederick,1667,Frederick Precinct 24-001,1533,503,499,134,1667,1.0,0.9196160767846431,0.08038392321535692,665,0.3017396520695861,0.29934013197360526,0.39892021595680865
106,Frederick,3265,Frederick Precinct 02-015,2683,935,771,582,3265,1.0,0.8217457886676875,0.1782542113323124,1559,0.28637059724349156,0.23614088820826953,0.4774885145482389
107,Frederick,3578,Frederick Precinct 26-001,3149,920,913,429,3578,1.0,0.8801006148686417,0.1198993851313583,1745,0.257126886528787,0.25517048630519845,0.48770262716601454
108,Washington,2005,Washington Precinct 07-002,1820,265,532,185,2005,1.0,0.9077306733167082,0.09226932668329177,1208,0.13216957605985039,0.26533665835411474,0.602493765586035
109,Washington,2584,Washington Precinct 07-001,2474,339,745,110,2584,1.0,0.9574303405572755,0.04256965944272446,1500,0.13119195046439627,0.288312693498452,0.5804953560371517
110,Washington,883,Washington Precinct 14-001,858,119,263,25,883,1.0,0.9716874292185731,0.028312570781426953,501,0.1347678369195923,0.29784824462061155,0.5673839184597962
111,Washington,1184,Washington Precinct 14-002,1120,113,218,64,1184,1.0,0.9459459459459459,0.05405405405405406,853,0.09543918918918919,0.18412162162162163,0.7204391891891891
112,Frederick,1799,Frederick Precinct 10-001,1737,212,565,62,1799,1.0,0.9655364091161757,0.03446359088382435,1022,0.1178432462479155,0.3140633685380767,0.5680933852140078
113,Frederick,2997,Frederick Precinct 15-001,2874,436,806,123,2997,1.0,0.958958958958959,0.04104104104104104,1755,0.1454788121454788,0.2689356022689356,0.5855855855855856
114,Frederick,3794,Frederick Precinct 15-002,3627,512,918,167,3794,1.0,0.955983131259884,0.04401686874011597,2364,0.13494992092778071,0.24196099103848182,0.6230890880337375
115,Frederick,1007,Frederick Precinct 04-001,964,142,296,43,1007,1.0,0.9572989076464746,0.04270109235352532,569,0.141012909632572,0.2939424031777557,0.5650446871896723
116,Frederick,4025,Frederick Precinct 07-002,2268,969,903,1757,4025,1.0,0.5634782608695652,0.4365217391304348,2153,0.24074534161490682,0.22434782608695653,0.5349068322981366
117,Frederick,2425,Frederick Precinct 09-001,2177,643,975,248,2425,1.0,0.8977319587628866,0.1022680412371134,807,0.2651546391752577,0.4020618556701031,0.33278350515463917
118,Frederick,2868,Frederick Precinct 09-006,2447,746,784,421,2868,1.0,0.8532078103207811,0.14679218967921898,1338,0.2601115760111576,0.2733612273361227,0.4665271966527197
119,Frederick,3752,Frederick Precinct 13-001,3415,965,1138,337,3752,1.0,0.910181236673774,0.08981876332622601,1649,0.2571961620469083,0.3033049040511727,0.43949893390191896
120,Frederick,3625,Frederick Precinct 09-007,3267,917,1148,358,3625,1.0,0.9012413793103449,0.09875862068965517,1560,0.25296551724137933,0.3166896551724138,0.4303448275862069
121,Frederick,3137,Frederick Precinct 09-004,2926,681,1082,211,3137,1.0,0.932738284985655,0.06726171501434491,1374,0.21708638826904686,0.34491552438635636,0.4379980873445968
122,Frederick,3312,Frederick Precinct 09-002,3071,750,1092,241,3312,1.0,0.9272342995169082,0.07276570048309179,1470,0.22644927536231885,0.32971014492753625,0.4438405797101449
123,Frederick,1427,Frederick Precinct 09-005,1331,347,428,96,1427,1.0,0.9327259985984583,0.0672740014015417,652,0.2431674842326559,0.2999299229152067,0.45690259285213736
124,Frederick,3254,Frederick Precinct 26-002,2717,707,864,537,3254,1.0,0.8349723417332514,0.16502765826674862,1683,0.21727105101413643,0.26551936078672406,0.5172095881991395
125,Frederick,2580,Frederick Precinct 11-001,2415,450,791,165,2580,1.0,0.936046511627907,0.06395348837209303,1339,0.1744186046511628,0.3065891472868217,0.5189922480620155
126,Frederick,1877,Frederick Precinct 08-001,1780,368,640,97,1877,1.0,0.94832179009057,0.051678209909429944,869,0.19605753862546618,0.3409696323921151,0.46297282898241876
127,Frederick,1703,Frederick Precinct 17-001,1646,342,531,57,1703,1.0,0.9665296535525543,0.03347034644744568,830,0.2008220786846741,0.3118027011156782,0.4873752201996477
128,Frederick,4393,Frederick Precinct 18-001,3975,895,1470,418,4393,1.0,0.9048486228090143,0.09515137719098565,2028,0.20373321192806737,0.33462326428408834,0.4616435237878443
129,Howard,1498,Howard Precinct 04-001,1349,311,558,149,1498,1.0,0.9005340453938585,0.09946595460614152,629,0.2076101468624833,0.3724966622162884,0.4198931909212283
130,Frederick,2489,Frederick Precinct 18-002,2395,427,960,94,2489,1.0,0.9622338288469264,0.03776617115307352,1102,0.1715548413017276,0.38569706709521895,0.44274809160305345
131,Howard,1440,Howard Precinct 04-005,1280,388,682,160,1440,1.0,0.8888888888888888,0.1111111111111111,370,0.26944444444444443,0.4736111111111111,0.2569444444444444
132,Carroll,2986,Carroll Precinct 09-002,2814,382,609,172,2986,1.0,0.942397856664434,0.05760214333556597,1995,0.12793034159410582,0.20395177494976557,0.6681178834561285
133,Frederick,1309,Frederick Precinct 19-001,1228,255,474,81,1309,1.0,0.9381207028265852,0.061879297173414824,580,0.19480519480519481,0.36210847975553856,0.4430863254392666
134,Carroll,1186,Carroll Precinct 12-001,1086,244,281,100,1186,1.0,0.9156829679595279,0.08431703204047218,661,0.2057335581787521,0.23693086003372682,0.5573355817875211
135,Carroll,2833,Carroll Precinct 11-001,2645,610,854,188,2833,1.0,0.9336392516766678,0.06636074832333215,1369,0.215319449346982,0.3014472290857748,0.4832333215672432
136,Frederick,1991,Frederick Precinct 24-002,1555,383,434,436,1991,1.0,0.7810145655449523,0.21898543445504773,1174,0.19236564540431944,0.2179809141135108,0.5896534404821697
137,Frederick,3176,Frederick Precinct 03-002,3012,795,1101,164,3176,1.0,0.9483627204030227,0.05163727959697733,1280,0.25031486146095716,0.3466624685138539,0.40302267002518893
138,Frederick,3128,Frederick Precinct 16-001,2963,695,1077,165,3128,1.0,0.9472506393861893,0.05274936061381074,1356,0.22218670076726343,0.34430946291560105,0.43350383631713557
139,Frederick,1661,Frederick Precinct 06-001,1618,302,612,43,1661,1.0,0.9741119807344973,0.02588801926550271,747,0.18181818181818182,0.36845273931366646,0.4497290788681517
140,Frederick,2498,Frederick Precinct 21-001,2294,523,674,204,2498,1.0,0.9183346677341874,0.08166533226581266,1301,0.20936749399519616,0.2698158526821457,0.5208166533226581
141,Frederick,1672,Frederick Precinct 02-014,1157,378,310,515,1672,1.0,0.6919856459330144,0.30801435406698563,984,0.22607655502392343,0.1854066985645933,0.5885167464114832
142,Frederick,2944,Frederick Precinct 02-006,2149,687,609,795,2944,1.0,0.7299592391304348,0.27004076086956524,1648,0.23335597826086957,0.20686141304347827,0.5597826086956522
143,Frederick,2897,Frederick Precinct 01-002,1883,694,537,1014,2897,1.0,0.64998274076631,0.35001725923369004,1666,0.23955816361753537,0.18536416983085952,0.5750776665516051
144,Frederick,2912,Frederick Precinct 02-016,1692,539,284,1220,2912,1.0,0.5810439560439561,0.41895604395604397,2089,0.18509615384615385,0.09752747252747253,0.7173763736263736
146,Frederick,92,Frederick Precinct 23-002,90,12,12,2,92,1.0,0.9782608695652174,0.021739130434782608,68,0.13043478260869565,0.13043478260869565,0.7391304347826086
147,Frederick,2535,Frederick Precinct 02-017,1087,427,190,1448,2535,1.0,0.4287968441814596,0.5712031558185404,1918,0.16844181459566074,0.07495069033530571,0.7566074950690336
148,Frederick,5267,Frederick Precinct 02-008,2880,832,512,2387,5267,1.0,0.5468008353901652,0.45319916460983484,3923,0.15796468577938105,0.09720903740269603,0.7448262768179229
149,Frederick,4053,Frederick Precinct 02-013,2109,755,372,1944,4053,1.0,0.5203552923760177,0.47964470762398226,2926,0.18628176659264742,0.0917838638045892,0.7219343696027634
150,Frederick,3697,Frederick Precinct 02-001,2254,783,346,1443,3697,1.0,0.6096835271842034,0.39031647281579657,2568,0.21179334595618068,0.09358939680822288,0.6946172572355964
151,Frederick,1499,Frederick Precinct 02-002,1162,304,180,337,1499,1.0,0.7751834556370913,0.2248165443629086,1015,0.2028018679119413,0.12008005336891261,0.6771180787191461
152,Frederick,3655,Frederick Precinct 02-011,2395,593,288,1260,3655,1.0,0.655266757865937,0.3447332421340629,2774,0.1622435020519836,0.07879616963064295,0.7589603283173735
153,Frederick,1931,Frederick Precinct 07-004,1435,448,407,496,1931,1.0,0.7431382703262558,0.25686172967374415,1076,0.23200414293112376,0.21077162092180218,0.5572242361470741
154,Frederick,1452,Frederick Precinct 09-003,1268,282,347,184,1452,1.0,0.8732782369146006,0.12672176308539945,823,0.19421487603305784,0.23898071625344353,0.5668044077134986
155,Frederick,3429,Frederick Precinct 02-003,2866,837,428,563,3429,1.0,0.8358121901428988,0.16418780985710119,2164,0.2440944881889764,0.12481773111694372,0.6310877806940799
156,Frederick,3603,Frederick Precinct 02-007,2732,871,550,871,3603,1.0,0.7582570080488482,0.24174299195115181,2182,0.24174299195115181,0.15265056897030252,0.6056064390785456
157,Frederick,1560,Frederick Precinct 02-018,1056,426,358,504,1560,1.0,0.676923076923077,0.3230769230769231,776,0.27307692307692305,0.22948717948717948,0.49743589743589745
158,Frederick,1203,Frederick Precinct 09-008,1049,321,290,154,1203,1.0,0.8719866999168745,0.12801330008312553,592,0.26683291770573564,0.24106400665004157,0.4921030756442228
159,Frederick,584,Frederick Precinct 13-002,482,26,52,102,584,1.0,0.8253424657534246,0.17465753424657535,506,0.04452054794520548,0.08904109589041095,0.8664383561643836
160,Frederick,1787,Frederick Precinct 21-002,1398,439,423,389,1787,1.0,0.7823167319529939,0.21768326804700616,925,0.24566312255176273,0.23670956911024063,0.5176273083379966
161,Frederick,3099,Frederick Precinct 21-003,2373,688,726,726,3099,1.0,0.7657308809293321,0.23426911907066797,1685,0.22200709906421426,0.23426911907066797,0.5437237818651178
162,Frederick,4379,Frederick Precinct 02-010,2919,1017,718,1460,4379,1.0,0.6665905457867093,0.3334094542132907,2644,0.2322448047499429,0.16396437542817996,0.6037908198218771
163,Frederick,2457,Frederick Precinct 20-001,2341,419,717,116,2457,1.0,0.9527879527879528,0.04721204721204721,1321,0.17053317053317052,0.29181929181929184,0.5376475376475377
164,Washington,1945,Washington Precinct 08-000,1896,326,534,49,1945,1.0,0.9748071979434447,0.02519280205655527,1085,0.16760925449871467,0.2745501285347044,0.5578406169665809
165,Frederick,2373,Frederick Precinct 12-001,2028,560,665,345,2373,1.0,0.854614412136536,0.14538558786346398,1148,0.2359882005899705,0.28023598820059,0.4837758112094395
166,Frederick,1222,Frederick Precinct 22-001,1156,317,353,66,1222,1.0,0.9459901800327333,0.054009819967266774,552,0.25941080196399346,0.2888707037643208,0.45171849427168576
167,Washington,1846,Washington Precinct 19-000,1762,311,608,84,1846,1.0,0.9544962080173348,0.04550379198266522,927,0.1684723726977248,0.3293607800650054,0.5021668472372698
168,Washington,2585,Washington Precinct 06-002,2446,415,616,139,2585,1.0,0.9462282398452612,0.053771760154738876,1554,0.16054158607350097,0.23829787234042554,0.6011605415860735
169,Washington,2120,Washington Precinct 06-001,2021,390,580,99,2120,1.0,0.9533018867924529,0.046698113207547166,1150,0.18396226415094338,0.27358490566037735,0.5424528301886793
170,Washington,2992,Washington Precinct 16-000,2783,442,863,209,2992,1.0,0.9301470588235294,0.06985294117647059,1687,0.14772727272727273,0.28843582887700536,0.5638368983957219
171,Washington,3446,Washington Precinct 02-000,3270,501,754,176,3446,1.0,0.9489262913522926,0.05107370864770749,2191,0.1453859547301219,0.2188044109112014,0.6358096343586768
172,Washington,3981,Washington Precinct 23-000,3821,413,1037,160,3981,1.0,0.9598090931926652,0.04019090680733484,2531,0.10374277819643306,0.26048731474503894,0.635769907058528
173,Washington,2569,Washington Precinct 26-003,2433,390,620,136,2569,1.0,0.9470611132736473,0.05293888672635266,1559,0.1518100428182172,0.24133904242896068,0.6068509147528222
174,Washington,3543,Washington Precinct 26-001,3247,456,669,296,3543,1.0,0.9164549816539656,0.08354501834603444,2418,0.12870448772226925,0.18882303132938189,0.6824724809483489
175,Washington,2281,Washington Precinct 26-002,2020,358,462,261,2281,1.0,0.8855765015344147,0.11442349846558526,1461,0.1569487067075844,0.20254274441034634,0.6405085488820693
176,Washington,2361,Washington Precinct 10-002,1969,425,635,392,2361,1.0,0.833968657348581,0.1660313426514189,1301,0.18000847098686998,0.2689538331215587,0.5510376958915714
177,Washington,1736,Washington Precinct 03-004,1327,114,118,409,1736,1.0,0.7644009216589862,0.23559907834101382,1504,0.06566820276497695,0.06797235023041474,0.8663594470046083
178,Washington,2009,Washington Precinct 03-003,1620,199,240,389,2009,1.0,0.8063713290194127,0.19362867098058736,1570,0.09905425584868094,0.11946241911398706,0.781483325037332
179,Washington,1404,Washington Precinct 03-002,1228,194,139,176,1404,1.0,0.8746438746438746,0.12535612535612536,1071,0.13817663817663817,0.099002849002849,0.7628205128205128
180,Washington,2964,Washington Precinct 13-001,2854,319,833,110,2964,1.0,0.9628879892037787,0.037112010796221326,1812,0.10762483130904184,0.2810391363022942,0.611336032388664
181,Washington,2396,Washington Precinct 25-004,1777,296,305,619,2396,1.0,0.741652754590985,0.25834724540901505,1795,0.12353923205342238,0.12729549248747912,0.7491652754590985
182,Washington,2917,Washington Precinct 25-002,2460,278,260,457,2917,1.0,0.8433321906067878,0.1566678093932122,2379,0.09530339389784025,0.08913267055193692,0.8155639355502229
183,Washington,1556,Washington Precinct 13-002,1358,224,350,198,1556,1.0,0.8727506426735219,0.12724935732647816,982,0.14395886889460155,0.2249357326478149,0.6311053984575835
184,Washington,947,Washington Precinct 10-004,919,165,216,28,947,1.0,0.9704329461457233,0.029567053854276663,566,0.17423442449841606,0.22808870116156282,0.5976768743400211
185,Washington,4870,Washington Precinct 10-001,3171,421,605,1699,4870,1.0,0.651129363449692,0.34887063655030803,3844,0.0864476386036961,0.12422997946611909,0.7893223819301848
186,Washington,1255,Washington Precinct 03-001,1023,125,87,232,1255,1.0,0.8151394422310757,0.1848605577689243,1043,0.099601593625498,0.06932270916334661,0.8310756972111554
187,Washington,1160,Washington Precinct 25-001,490,148,34,670,1160,1.0,0.4224137931034483,0.5775862068965517,978,0.12758620689655173,0.029310344827586206,0.843103448275862
188,Washington,2628,Washington Precinct 22-001,1978,269,169,650,2628,1.0,0.7526636225266362,0.24733637747336376,2190,0.10235920852359208,0.06430745814307458,0.8333333333333334
189,Washington,2275,Washington Precinct 22-002,1694,281,305,581,2275,1.0,0.7446153846153846,0.2553846153846154,1689,0.12351648351648352,0.13406593406593406,0.7424175824175824
190,Washington,1661,Washington Precinct 10-003,1445,283,375,216,1661,1.0,0.8699578567128236,0.1300421432871764,1003,0.1703792895845876,0.22576760987357014,0.6038531005418423
191,Washington,2430,Washington Precinct 21-002,1997,364,364,433,2430,1.0,0.8218106995884774,0.17818930041152264,1702,0.14979423868312758,0.14979423868312758,0.7004115226337448
192,Washington,1170,Washington Precinct 21-003,1051,309,217,119,1170,1.0,0.8982905982905983,0.10170940170940171,644,0.2641025641025641,0.18547008547008548,0.5504273504273505
193,Washington,2431,Washington Precinct 27-001,2230,480,711,201,2431,1.0,0.9173179761415056,0.08268202385849445,1240,0.1974496092143151,0.2924722336487042,0.5100781571369807
194,Washington,2591,Washington Precinct 21-001,2125,452,436,466,2591,1.0,0.8201466615206484,0.17985333847935162,1703,0.1744500192975685,0.1682747973755307,0.6572751833269008
195,Washington,3190,Washington Precinct 27-002,2627,452,665,563,3190,1.0,0.8235109717868339,0.17648902821316614,2073,0.14169278996865203,0.2084639498432602,0.6498432601880878
196,Washington,2782,Washington Precinct 18-002,2491,387,634,291,2782,1.0,0.8953989935298347,0.10460100647016535,1761,0.13910855499640545,0.22789360172537743,0.6329978432782171
197,Washington,3320,Washington Precinct 18-003,2539,421,466,781,3320,1.0,0.7647590361445783,0.23524096385542168,2433,0.12680722891566265,0.14036144578313253,0.7328313253012049
198,Washington,2141,Washington Precinct 18-001,2034,296,605,107,2141,1.0,0.9500233535730966,0.04997664642690332,1240,0.13825315273236805,0.2825782344698739,0.5791686127977581
199,Washington,2206,Washington Precinct 09-000,2147,321,634,59,2206,1.0,0.9732547597461468,0.02674524025385313,1251,0.1455122393472348,0.2873980054397099,0.5670897552130553
200,Charles,2592,Charles Precinct 03-001,1691,465,566,901,2592,1.0,0.652391975308642,0.34760802469135804,1561,0.17939814814814814,0.2183641975308642,0.6022376543209876
201,Charles,1606,Charles Precinct 02-001,1303,276,468,303,1606,1.0,0.811332503113325,0.18866749688667497,862,0.1718555417185554,0.29140722291407223,0.5367372353673724
202,Charles,3125,Charles Precinct 10-001,1544,699,526,1581,3125,1.0,0.49408,0.50592,1900,0.22368,0.16832,0.608
203,Charles,2755,Charles Precinct 07-002,1062,747,330,1693,2755,1.0,0.385480943738657,0.6145190562613431,1678,0.2711433756805808,0.11978221415607986,0.6090744101633394
204,Charles,3366,Charles Precinct 07-003,1393,982,401,1973,3366,1.0,0.4138443256090315,0.5861556743909685,1983,0.2917409387997623,0.11913250148544266,0.589126559714795
205,Charles,1655,Charles Precinct 07-001,1311,247,285,344,1655,1.0,0.7921450151057402,0.20785498489425983,1123,0.14924471299093656,0.17220543806646527,0.6785498489425982
206,Charles,2514,Charles Precinct 07-004,947,927,257,1567,2514,1.0,0.37669053301511535,0.6233094669848847,1330,0.36873508353221957,0.10222752585521082,0.5290373906125696
207,St. Mary's,1701,St. Mary's Precinct 03-004,1508,320,562,193,1701,1.0,0.8865373309817755,0.11346266901822458,819,0.18812463256907702,0.3303938859494415,0.48148148148148145
208,St. Mary's,2001,St. Mary's Precinct 03-003,1791,320,666,210,2001,1.0,0.8950524737631185,0.10494752623688156,1015,0.15992003998001,0.3328335832083958,0.5072463768115942
209,Charles,2440,Charles Precinct 01-002,1878,505,777,562,2440,1.0,0.769672131147541,0.230327868852459,1158,0.2069672131147541,0.31844262295081965,0.4745901639344262
210,Charles,1733,Charles Precinct 04-002,1449,263,595,284,1733,1.0,0.8361223312175419,0.16387766878245816,875,0.1517599538372764,0.34333525678015003,0.5049047893825735
211,Charles,2359,Charles Precinct 01-003,1637,555,671,722,2359,1.0,0.6939381093683764,0.3060618906316236,1133,0.23526918185671894,0.2844425604069521,0.48028825773632894
212,Charles,2485,Charles Precinct 01-004,1976,436,640,509,2485,1.0,0.7951710261569417,0.20482897384305834,1409,0.17545271629778672,0.2575452716297787,0.5670020120724346
213,Charles,3599,Charles Precinct 05-001,2920,651,874,679,3599,1.0,0.81133648235621,0.18866351764378994,2074,0.18088357877188108,0.24284523478744097,0.576271186440678
214,Charles,2563,Charles Precinct 04-001,2230,390,776,333,2563,1.0,0.870074131876707,0.12992586812329301,1397,0.15216543113538822,0.3027701911822083,0.5450643776824035
215,Charles,2392,Charles Precinct 08-001,1757,665,1005,635,2392,1.0,0.7345317725752508,0.2654682274247492,722,0.27801003344481606,0.42015050167224083,0.30183946488294316
216,Charles,2371,Charles Precinct 06-001,1797,486,657,574,2371,1.0,0.7579080556727119,0.24209194432728806,1228,0.20497680303669338,0.27709827077182625,0.5179249261914803
217,Charles,3623,Charles Precinct 06-014,1425,1146,477,2198,3623,1.0,0.3933204526635385,0.6066795473364615,2000,0.31631244824730886,0.1316588462600055,0.5520287054926856
218,Allegany,1719,Allegany Precinct 29-002,1637,388,419,82,1719,1.0,0.9522978475858057,0.0477021524141943,912,0.2257126236183828,0.24374636416521234,0.5305410122164049
219,Allegany,3235,Allegany Precinct 06-006,1942,288,328,1293,3235,1.0,0.6003091190108192,0.3996908809891808,2619,0.08902627511591962,0.10139103554868624,0.8095826893353941
220,Allegany,1207,Allegany Precinct 06-005,1034,281,197,173,1207,1.0,0.8566694283347142,0.14333057166528584,729,0.2328086164043082,0.1632145816072908,0.603976801988401
221,Allegany,800,Allegany Precinct 06-003,740,154,108,60,800,1.0,0.925,0.075,538,0.1925,0.135,0.6725
222,Allegany,1902,Allegany Precinct 29-001,1833,408,519,69,1902,1.0,0.9637223974763407,0.03627760252365931,975,0.21451104100946372,0.27287066246056785,0.5126182965299685
223,Allegany,1522,Allegany Precinct 06-001,1409,345,188,113,1522,1.0,0.9257555847568988,0.07424441524310119,989,0.2266754270696452,0.12352168199737187,0.6498028909329829
224,Allegany,1679,Allegany Precinct 20-000,1648,223,368,31,1679,1.0,0.9815366289458011,0.01846337105419893,1088,0.13281715306730196,0.2191780821917808,0.6480047647409172
225,Allegany,928,Allegany Precinct 04-005,911,145,143,17,928,1.0,0.9816810344827587,0.018318965517241378,640,0.15625,0.1540948275862069,0.6896551724137931
226,Allegany,1457,Allegany Precinct 04-003,1352,203,179,105,1457,1.0,0.9279341111873713,0.0720658888126287,1075,0.1393273850377488,0.12285518188057652,0.7378174330816747
227,Allegany,1118,Allegany Precinct 04-002,951,106,81,167,1118,1.0,0.8506261180679785,0.14937388193202147,931,0.09481216457960644,0.07245080500894455,0.832737030411449
228,Allegany,1603,Allegany Precinct 04-008,1511,266,237,92,1603,1.0,0.9426076107298814,0.05739238927011853,1100,0.16593886462882096,0.14784778540237056,0.6862133499688085
229,Allegany,1425,Allegany Precinct 04-004,1355,334,261,70,1425,1.0,0.9508771929824561,0.04912280701754386,830,0.2343859649122807,0.1831578947368421,0.5824561403508772
230,Allegany,856,Allegany Precinct 14-000,766,121,69,90,856,1.0,0.8948598130841121,0.10514018691588785,666,0.1413551401869159,0.08060747663551401,0.7780373831775701
231,Allegany,1491,Allegany Precinct 05-004,1387,260,176,104,1491,1.0,0.9302481556002683,0.06975184439973173,1055,0.1743796109993293,0.11804158283031523,0.7075788061703555
232,Allegany,2358,Allegany Precinct 23-000,2120,412,342,238,2358,1.0,0.899067005937235,0.10093299406276506,1604,0.17472434266327397,0.1450381679389313,0.6802374893977947
233,Allegany,624,Allegany Precinct 05-006,619,93,130,5,624,1.0,0.9919871794871795,0.008012820512820512,401,0.14903846153846154,0.20833333333333334,0.6426282051282052
234,Allegany,2552,Allegany Precinct 22-001,2173,310,289,379,2552,1.0,0.8514890282131662,0.14851097178683387,1953,0.12147335423197492,0.11324451410658307,0.765282131661442
235,Allegany,3185,Allegany Precinct 16-000,1973,251,406,1212,3185,1.0,0.6194662480376766,0.38053375196232336,2528,0.07880690737833596,0.12747252747252746,0.7937205651491366
236,Allegany,1346,Allegany Precinct 34-000,1324,288,361,22,1346,1.0,0.9836552748885586,0.01634472511144131,697,0.2139673105497771,0.26820208023774145,0.5178306092124815
237,Allegany,956,Allegany Precinct 21-000,934,153,247,22,956,1.0,0.9769874476987448,0.02301255230125523,556,0.1600418410041841,0.2583682008368201,0.5815899581589958
238,Allegany,944,Allegany Precinct 02-000,924,111,224,20,944,1.0,0.9788135593220338,0.0211864406779661,609,0.11758474576271187,0.23728813559322035,0.6451271186440678
239,Allegany,852,Allegany Precinct 03-000,839,101,224,13,852,1.0,0.9847417840375586,0.015258215962441314,527,0.11854460093896714,0.26291079812206575,0.6185446009389671
240,Allegany,746,Allegany Precinct 01-000,734,101,243,12,746,1.0,0.9839142091152815,0.0160857908847185,402,0.1353887399463807,0.3257372654155496,0.5388739946380697
241,Washington,2643,Washington Precinct 05-000,2584,233,736,59,2643,1.0,0.9776768823306848,0.022323117669315173,1674,0.088157396897465,0.2784714339765418,0.6333711691259932
242,Frederick,3605,Frederick Precinct 25-001,3213,678,684,392,3605,1.0,0.8912621359223301,0.1087378640776699,2243,0.18807212205270457,0.1897364771151179,0.6221914008321775
243,Washington,1589,Washington Precinct 15-000,1563,162,441,26,1589,1.0,0.9836375078665828,0.016362492133417242,986,0.10195091252359975,0.2775330396475771,0.6205160478288232
244,Washington,2398,Washington Precinct 04-000,2339,313,743,59,2398,1.0,0.9753961634695579,0.024603836530442035,1342,0.1305254378648874,0.30984153461217684,0.5596330275229358
245,Washington,563,Washington Precinct 11-002,546,85,146,17,563,1.0,0.9698046181172292,0.03019538188277087,332,0.15097690941385436,0.25932504440497334,0.5896980461811723
246,Washington,2586,Washington Precinct 01-000,2492,458,738,94,2586,1.0,0.9636504253673627,0.03634957463263728,1390,0.177107501933488,0.2853828306264501,0.5375096674400619
247,Washington,1721,Washington Precinct 20-000,1673,234,521,48,1721,1.0,0.9721092388146426,0.02789076118535735,966,0.13596746077861707,0.3027309703660662,0.5613015688553167
248,Washington,6302,Washington Precinct 12-000,3018,278,602,3284,6302,1.0,0.4788955887019994,0.5211044112980007,5422,0.04411298000634719,0.09552523008568709,0.8603617899079657
249,Washington,929,Washington Precinct 11-001,892,165,263,37,929,1.0,0.9601722282023681,0.03982777179763186,501,0.17761033369214208,0.2831001076426265,0.5392895586652314
250,Garrett,746,Garrett Precinct 08-002,735,62,207,11,746,1.0,0.985254691689008,0.014745308310991957,477,0.08310991957104558,0.2774798927613941,0.6394101876675603
251,Garrett,572,Garrett Precinct 08-001,565,52,138,7,572,1.0,0.9877622377622378,0.012237762237762238,382,0.09090909090909091,0.24125874125874125,0.6678321678321678
252,Garrett,1056,Garrett Precinct 14-002,1037,123,278,19,1056,1.0,0.9820075757575758,0.017992424242424244,655,0.11647727272727272,0.26325757575757575,0.6202651515151515
253,Garrett,1898,Garrett Precinct 07-000,1852,200,450,46,1898,1.0,0.9757639620653319,0.02423603793466807,1248,0.1053740779768177,0.23709167544783982,0.6575342465753424
254,Garrett,2642,Garrett Precinct 16-000,2604,283,606,38,2642,1.0,0.9856169568508706,0.014383043149129448,1753,0.10711582134746404,0.22937168811506434,0.6635124905374716
255,Garrett,1535,Garrett Precinct 10-000,1521,175,419,14,1535,1.0,0.9908794788273616,0.009120521172638436,941,0.11400651465798045,0.2729641693811075,0.613029315960912
256,Garrett,2412,Garrett Precinct 14-001,2373,266,562,39,2412,1.0,0.9838308457711443,0.01616915422885572,1584,0.11028192371475953,0.2330016583747927,0.6567164179104478
257,Garrett,1811,Garrett Precinct 06-000,1677,248,448,134,1811,1.0,0.9260077305356157,0.07399226946438432,1115,0.13694091662065158,0.2473771397018222,0.6156819436775263
258,Garrett,562,Garrett Precinct 13-000,558,69,113,4,562,1.0,0.9928825622775801,0.0071174377224199285,380,0.12277580071174377,0.20106761565836298,0.6761565836298933
259,Garrett,1486,Garrett Precinct 01-000,1470,240,432,16,1486,1.0,0.9892328398384926,0.010767160161507403,814,0.16150740242261102,0.29071332436069985,0.5477792732166891
260,Garrett,1547,Garrett Precinct 02-000,1514,165,373,33,1547,1.0,0.9786683904330963,0.021331609566903685,1009,0.10665804783451842,0.24111182934712347,0.6522301228183581
261,Garrett,1443,Garrett Precinct 05-000,1420,187,468,23,1443,1.0,0.9840609840609841,0.01593901593901594,788,0.1295911295911296,0.32432432432432434,0.546084546084546
262,Garrett,725,Garrett Precinct 12-000,708,84,206,17,725,1.0,0.976551724137931,0.023448275862068966,435,0.11586206896551725,0.28413793103448276,0.6
263,Garrett,655,Garrett Precinct 04-000,637,68,188,18,655,1.0,0.9725190839694656,0.02748091603053435,399,0.10381679389312977,0.2870229007633588,0.6091603053435114
264,Garrett,140,Garrett Precinct 11-000,136,14,29,4,140,1.0,0.9714285714285714,0.02857142857142857,97,0.1,0.20714285714285716,0.6928571428571428
265,Allegany,2806,Allegany Precinct 08-000,2755,335,565,51,2806,1.0,0.9818246614397719,0.018175338560228082,1906,0.11938702779757662,0.20135424091233073,0.6792587312900926
266,Allegany,1114,Allegany Precinct 09-000,1103,141,240,11,1114,1.0,0.9901256732495511,0.009874326750448833,733,0.12657091561938957,0.21543985637342908,0.6579892280071813
267,Allegany,1650,Allegany Precinct 10-000,1628,195,387,22,1650,1.0,0.9866666666666667,0.013333333333333334,1068,0.11818181818181818,0.23454545454545456,0.6472727272727272
268,Allegany,1273,Allegany Precinct 31-000,1251,150,330,22,1273,1.0,0.9827179890023566,0.01728201099764336,793,0.1178318931657502,0.25923016496465046,0.6229379418695994
269,Garrett,627,Garrett Precinct 03-002,615,89,157,12,627,1.0,0.9808612440191388,0.019138755980861243,381,0.1419457735247209,0.2503987240829346,0.6076555023923444
270,Garrett,2171,Garrett Precinct 03-001,2136,197,588,35,2171,1.0,0.9838783970520497,0.016121602947950252,1386,0.09074159373560571,0.27084292952556427,0.63841547673883
271,Garrett,421,Garrett Precinct 15-000,419,88,147,2,421,1.0,0.995249406175772,0.004750593824228029,186,0.20902612826603326,0.3491686460807601,0.4418052256532066
272,Garrett,988,Garrett Precinct 09-000,964,152,277,24,988,1.0,0.9757085020242915,0.024291497975708502,559,0.15384615384615385,0.28036437246963564,0.5657894736842105
273,Allegany,1685,Allegany Precinct 18-000,1660,256,437,25,1685,1.0,0.9851632047477745,0.01483679525222552,992,0.1519287833827893,0.2593471810089021,0.5887240356083087
274,Allegany,4960,Allegany Precinct 26-000,3677,500,353,1283,4960,1.0,0.7413306451612903,0.2586693548387097,4107,0.10080645161290322,0.07116935483870968,0.8280241935483871
275,Allegany,1016,Allegany Precinct 11-000,971,260,184,45,1016,1.0,0.9557086614173228,0.04429133858267716,572,0.2559055118110236,0.18110236220472442,0.562992125984252
276,Allegany,2829,Allegany Precinct 12-000,2623,495,442,206,2829,1.0,0.9271827500883705,0.07281724991162955,1892,0.17497348886532343,0.15623895369388477,0.6687875574407918
277,Allegany,1572,Allegany Precinct 24-000,1544,248,340,28,1572,1.0,0.9821882951653944,0.017811704834605598,984,0.15776081424936386,0.21628498727735368,0.6259541984732825
278,Allegany,1653,Allegany Precinct 07-002,1584,333,459,69,1653,1.0,0.9582577132486388,0.041742286751361164,861,0.2014519056261343,0.2776769509981851,0.5208711433756806
279,Allegany,1346,Allegany Precinct 29-003,1304,284,307,42,1346,1.0,0.9687964338781575,0.031203566121842496,755,0.21099554234769688,0.22808320950965824,0.5609212481426449
280,Allegany,1884,Allegany Precinct 13-000,1845,265,379,39,1884,1.0,0.9792993630573248,0.020700636942675158,1240,0.14065817409766454,0.20116772823779194,0.6581740976645435
281,Allegany,3275,Allegany Precinct 07-001,2017,306,383,1258,3275,1.0,0.6158778625954199,0.3841221374045802,2586,0.0934351145038168,0.11694656488549618,0.789618320610687
282,Harford,3035,Harford Precinct 03-023,2597,818,776,438,3035,1.0,0.8556836902800659,0.1443163097199341,1441,0.2695222405271829,0.2556836902800659,0.47479406919275124
283,Harford,3016,Harford Precinct 03-022,2720,698,935,296,3016,1.0,0.9018567639257294,0.09814323607427056,1383,0.23143236074270557,0.3100132625994695,0.45855437665782495
284,Harford,3085,Harford Precinct 04-001,2968,594,937,117,3085,1.0,0.9620745542949757,0.03792544570502431,1554,0.19254457050243112,0.30372771474878446,0.5037277147487844
285,Harford,2129,Harford Precinct 04-006,2056,453,692,73,2129,1.0,0.9657116016909347,0.03428839830906529,984,0.21277595115077502,0.3250352278064819,0.46218882104274306
286,Harford,2731,Harford Precinct 04-003,2662,571,999,69,2731,1.0,0.9747345294763823,0.025265470523617724,1161,0.20908092273892348,0.36580007323324787,0.42511900402782865
287,Harford,2632,Harford Precinct 04-004,2493,525,866,139,2632,1.0,0.9471884498480243,0.05281155015197568,1241,0.19946808510638298,0.3290273556231003,0.4715045592705167
288,Harford,4062,Harford Precinct 03-005,3803,879,1395,259,4062,1.0,0.9362383062530774,0.0637616937469227,1788,0.21639586410635156,0.3434268833087149,0.4401772525849335
289,Harford,2376,Harford Precinct 05-002,2261,548,814,115,2376,1.0,0.9515993265993266,0.0484006734006734,1014,0.23063973063973064,0.3425925925925926,0.42676767676767674
290,Harford,1712,Harford Precinct 03-004,1595,385,624,117,1712,1.0,0.9316588785046729,0.0683411214953271,703,0.22488317757009346,0.3644859813084112,0.41063084112149534
291,Harford,2679,Harford Precinct 05-003,2566,498,950,113,2679,1.0,0.9578200821201941,0.0421799178798059,1231,0.1858902575587906,0.3546099290780142,0.45949981336319523
292,Harford,1922,Harford Precinct 01-003,1115,388,222,807,1922,1.0,0.5801248699271592,0.4198751300728408,1312,0.20187304890738814,0.11550468262226847,0.6826222684703434
293,Harford,2731,Harford Precinct 01-005,1671,620,332,1060,2731,1.0,0.6118637861589161,0.3881362138410839,1779,0.2270230684730868,0.12156719150494324,0.6514097400219699
294,Harford,3854,Harford Precinct 01-010,2529,1029,732,1325,3854,1.0,0.656201349247535,0.34379865075246496,2093,0.26699532952776334,0.18993253762324858,0.543072132848988
295,Harford,3035,Harford Precinct 01-019,1562,855,287,1473,3035,1.0,0.514662273476112,0.48533772652388796,1893,0.28171334431630973,0.09456342668863262,0.6237232289950576
296,Harford,1603,Harford Precinct 02-019,986,123,69,617,1603,1.0,0.6150966936993137,0.3849033063006862,1411,0.07673112913287586,0.043044291952588895,0.8802245789145352
297,Harford,2076,Harford Precinct 01-018,1562,540,482,514,2076,1.0,0.7524084778420038,0.24759152215799615,1054,0.26011560693641617,0.2321772639691715,0.5077071290944123
298,Harford,1794,Harford Precinct 01-017,1518,328,441,276,1794,1.0,0.8461538461538461,0.15384615384615385,1025,0.18283166109253066,0.24581939799331104,0.5713489409141583
299,Harford,3477,Harford Precinct 01-016,2382,866,584,1095,3477,1.0,0.6850733390854185,0.31492666091458155,2027,0.24906528616623527,0.16796088582111016,0.5829738280126546
300,Harford,3030,Harford Precinct 01-020,1753,982,493,1277,3030,1.0,0.5785478547854785,0.42145214521452146,1555,0.3240924092409241,0.1627062706270627,0.5132013201320133
301,Harford,2453,Harford Precinct 03-020,2282,619,801,171,2453,1.0,0.9302894415002039,0.06971055849979617,1033,0.25234406848756624,0.32653893192009786,0.4211169995923359
302,Harford,2703,Harford Precinct 03-002,2479,680,841,224,2703,1.0,0.9171291157972623,0.0828708842027377,1182,0.25157232704402516,0.3111357750647429,0.43729189789123196
303,Harford,1877,Harford Precinct 02-003,1397,420,307,480,1877,1.0,0.7442727757059137,0.2557272242940863,1150,0.2237613212573255,0.1635588705380927,0.6126798082045818
304,Harford,327,Harford Precinct 02-001,263,143,107,64,327,1.0,0.8042813455657493,0.19571865443425077,77,0.43730886850152906,0.327217125382263,0.23547400611620795
305,Harford,2551,Harford Precinct 02-015,1517,687,330,1034,2551,1.0,0.5946687573500588,0.4053312426499412,1534,0.2693061544492356,0.1293610348882791,0.6013328106624853
306,Harford,3443,Harford Precinct 02-010,1918,781,352,1525,3443,1.0,0.5570723206505954,0.4429276793494046,2310,0.2268370607028754,0.10223642172523961,0.670926517571885
307,Harford,2679,Harford Precinct 02-014,1630,522,204,1049,2679,1.0,0.6084359835759612,0.3915640164240388,1953,0.1948488241881299,0.0761478163493841,0.729003359462486
308,Harford,2411,Harford Precinct 02-011,1702,679,502,709,2411,1.0,0.705931148900871,0.294068851099129,1230,0.281625881377022,0.20821236001659063,0.5101617586063873
309,Harford,264,Harford Precinct 02-004,242,43,57,22,264,1.0,0.9166666666666666,0.08333333333333333,164,0.16287878787878787,0.2159090909090909,0.6212121212121212
310,Harford,3615,Harford Precinct 02-002,3332,917,1104,283,3615,1.0,0.9217150760719225,0.07828492392807745,1594,0.2536652835408022,0.3053941908713693,0.4409405255878285
311,Kent,703,Kent Precinct 03-002,547,228,122,156,703,1.0,0.7780938833570412,0.22190611664295876,353,0.32432432432432434,0.17354196301564723,0.5021337126600285
312,Harford,295,Harford Precinct 02-005,242,22,32,53,295,1.0,0.8203389830508474,0.17966101694915254,241,0.07457627118644068,0.10847457627118644,0.8169491525423729
313,Harford,137,Harford Precinct 06-005,57,97,33,80,137,1.0,0.41605839416058393,0.583941605839416,7,0.708029197080292,0.24087591240875914,0.051094890510948905
314,Harford,794,Harford Precinct 06-007,641,95,86,153,794,1.0,0.8073047858942065,0.19269521410579346,613,0.11964735516372796,0.10831234256926953,0.7720403022670025
315,Harford,3367,Harford Precinct 06-006,2576,1057,940,791,3367,1.0,0.7650727650727651,0.23492723492723494,1370,0.31392931392931395,0.27918027918027916,0.4068904068904069
316,Harford,2179,Harford Precinct 06-003,1655,612,420,524,2179,1.0,0.7595227168425883,0.24047728315741165,1147,0.28086278109224416,0.19274896741624598,0.5263882514915099
317,Harford,2603,Harford Precinct 06-001,1942,584,327,661,2603,1.0,0.746062235881675,0.253937764118325,1692,0.22435651171724932,0.12562427967729542,0.6500192086054553
318,Harford,340,Harford Precinct 06-004,310,56,35,30,340,1.0,0.9117647058823529,0.08823529411764706,249,0.16470588235294117,0.10294117647058823,0.7323529411764705
319,Harford,1986,Harford Precinct 06-002,1564,699,591,422,1986,1.0,0.7875125881168177,0.21248741188318226,696,0.35196374622356497,0.297583081570997,0.3504531722054381
320,Harford,1712,Harford Precinct 05-004,1537,384,491,175,1712,1.0,0.8977803738317757,0.1022196261682243,837,0.22429906542056074,0.2867990654205608,0.4889018691588785
321,Harford,2884,Harford Precinct 05-001,2747,562,915,137,2884,1.0,0.95249653259362,0.04750346740638003,1407,0.19486823855755894,0.31726768377253817,0.4878640776699029
322,Cecil,3106,Cecil Precinct 08-001,2998,429,903,108,3106,1.0,0.9652285898261429,0.03477141017385705,1774,0.13811976819059885,0.2907276239536381,0.571152607855763
323,Cecil,2976,Cecil Precinct 07-001,2676,559,903,300,2976,1.0,0.8991935483870968,0.10080645161290322,1514,0.18783602150537634,0.3034274193548387,0.508736559139785
324,Cecil,2543,Cecil Precinct 06-002,2437,510,946,106,2543,1.0,0.9583169484860401,0.04168305151395989,1087,0.2005505308690523,0.37200157294534014,0.4274478961856075
325,Cecil,1360,Cecil Precinct 07-003,1200,187,171,160,1360,1.0,0.8823529411764706,0.11764705882352941,1002,0.1375,0.12573529411764706,0.736764705882353
326,Cecil,4824,Cecil Precinct 07-002,4018,873,866,806,4824,1.0,0.8329187396351575,0.16708126036484244,3085,0.18097014925373134,0.17951907131011607,0.6395107794361525
327,Cecil,5437,Cecil Precinct 06-001,5216,718,1361,221,5437,1.0,0.9593525841456686,0.04064741585433143,3358,0.13205812028692293,0.25032186867757955,0.6176200110354975
328,Talbot,3502,Talbot Precinct 04-001,3079,895,937,423,3502,1.0,0.8792118789263278,0.12078812107367219,1670,0.2555682467161622,0.2675613934894346,0.4768703597944032
329,Caroline,1679,Caroline Precinct 06-001,1505,354,402,174,1679,1.0,0.8963668850506253,0.10363311494937463,923,0.21083978558665872,0.2394282310899345,0.5497319833234068
330,Queen Anne's,1487,Queen Anne's Precinct 06-001,1354,400,515,133,1487,1.0,0.9105581708137189,0.0894418291862811,572,0.26899798251513113,0.34633490248823134,0.3846671149966375
331,Caroline,5431,Caroline Precinct 03-001,4422,905,879,1009,5431,1.0,0.8142146934266249,0.18578530657337508,3647,0.16663597864113422,0.16184864665807402,0.6715153747007917
332,Caroline,2698,Caroline Precinct 07-001,2113,573,571,585,2698,1.0,0.7831727205337287,0.2168272794662713,1554,0.21237954040029652,0.21163825055596738,0.5759822090437361
333,Caroline,4170,Caroline Precinct 02-001,3650,675,871,520,4170,1.0,0.8752997601918465,0.12470023980815348,2624,0.1618705035971223,0.20887290167865707,0.6292565947242206
334,Kent,1602,Kent Precinct 02-001,1238,436,378,364,1602,1.0,0.7727840199750312,0.2272159800249688,788,0.2721598002496879,0.23595505617977527,0.4918851435705368
335,Queen Anne's,2401,Queen Anne's Precinct 07-001,2007,592,458,394,2401,1.0,0.8359017076218243,0.16409829237817575,1351,0.24656393169512703,0.19075385256143274,0.5626822157434402
336,Queen Anne's,2015,Queen Anne's Precinct 01-001,1735,409,500,280,2015,1.0,0.8610421836228288,0.13895781637717122,1106,0.20297766749379653,0.24813895781637718,0.5488833746898263
337,Caroline,2467,Caroline Precinct 01-001,1711,275,361,756,2467,1.0,0.6935549250101337,0.30644507498986623,1831,0.1114714227807053,0.14633157681394407,0.7421970004053506
338,Kent,1324,Kent Precinct 01-001,1011,319,313,313,1324,1.0,0.763595166163142,0.236404833836858,692,0.24093655589123866,0.236404833836858,0.5226586102719033
339,Cecil,3990,Cecil Precinct 01-001,3666,671,891,324,3990,1.0,0.9187969924812031,0.081203007518797,2428,0.16817042606516291,0.22330827067669173,0.6085213032581454
340,Anne Arundel,3247,Anne Arundel Precinct 07-009,2512,462,468,735,3247,1.0,0.7736372035725285,0.2263627964274715,2317,0.14228518632583922,0.14413304588851247,0.7135817677856483
341,Calvert,2692,Calvert Precinct 02-003,2313,488,866,379,2692,1.0,0.8592124814264487,0.14078751857355126,1338,0.1812778603268945,0.32169390787518576,0.4970282317979198
342,Calvert,2653,Calvert Precinct 02-006,2176,498,742,477,2653,1.0,0.8202035431586883,0.17979645684131174,1413,0.1877120241236336,0.2796833773087071,0.5326045985676593
343,Calvert,3474,Calvert Precinct 02-008,2865,568,842,609,3474,1.0,0.8246977547495682,0.17530224525043178,2064,0.16350028785261947,0.24237190558434082,0.5941278065630398
344,Calvert,3228,Calvert Precinct 03-003,2225,642,812,1003,3228,1.0,0.6892812887236679,0.3107187112763321,1774,0.19888475836431227,0.25154894671623296,0.5495662949194547
345,Calvert,1651,Calvert Precinct 02-007,1552,488,874,99,1651,1.0,0.9400363416111448,0.05996365838885524,289,0.29557843731072075,0.5293761356753482,0.17504542701393094
346,Calvert,2880,Calvert Precinct 03-005,2457,716,838,423,2880,1.0,0.853125,0.146875,1326,0.24861111111111112,0.29097222222222224,0.46041666666666664
347,Calvert,2230,Calvert Precinct 03-007,1946,574,1008,284,2230,1.0,0.8726457399103139,0.1273542600896861,648,0.25739910313901343,0.45201793721973094,0.2905829596412556
348,Calvert,3074,Calvert Precinct 03-004,2642,510,774,432,3074,1.0,0.8594664931685101,0.1405335068314899,1790,0.16590761223162004,0.2517891997397528,0.5823031880286272
349,Calvert,2683,Calvert Precinct 03-008,2217,727,908,466,2683,1.0,0.8263138278046962,0.17368617219530377,1048,0.2709653373089825,0.33842713380544165,0.39060752888557587
350,Anne Arundel,2407,Anne Arundel Precinct 07-021,2072,487,733,335,2407,1.0,0.8608226007478189,0.13917739925218114,1187,0.2023265475695887,0.30452845866223516,0.49314499376817617
351,Anne Arundel,2960,Anne Arundel Precinct 07-001,2718,645,809,242,2960,1.0,0.9182432432432432,0.08175675675675675,1506,0.2179054054054054,0.2733108108108108,0.5087837837837837
352,Frederick,4356,Frederick Precinct 01-001,3809,1025,1245,547,4356,1.0,0.8744260789715336,0.12557392102846648,2086,0.23530762167125804,0.2858126721763085,0.4788797061524334
353,Montgomery,2107,Montgomery Precinct 03-002,1792,524,694,315,2107,1.0,0.8504983388704319,0.14950166112956811,889,0.24869482676791646,0.3293782629330802,0.4219269102990033
354,Montgomery,2553,Montgomery Precinct 03-001,2159,612,723,394,2553,1.0,0.8456717587152369,0.15432824128476302,1218,0.23971797884841364,0.28319623971797886,0.4770857814336075
355,Montgomery,1784,Montgomery Precinct 11-000,1537,473,485,247,1784,1.0,0.8615470852017937,0.1384529147982063,826,0.2651345291479821,0.2718609865470852,0.46300448430493274
356,Frederick,2131,Frederick Precinct 07-001,1866,510,553,265,2131,1.0,0.8756452369779446,0.12435476302205538,1068,0.2393242609103707,0.2595025809479118,0.5011731581417175
357,Montgomery,2683,Montgomery Precinct 10-010,2126,805,636,557,2683,1.0,0.7923965710026091,0.20760342899739098,1242,0.30003727171077155,0.23704808050689527,0.4629146477823332
358,Montgomery,2533,Montgomery Precinct 10-002,1848,571,663,685,2533,1.0,0.7295696802210817,0.2704303197789183,1299,0.22542439794709832,0.26174496644295303,0.5128306356099487
359,Montgomery,1582,Montgomery Precinct 10-001,1196,320,350,386,1582,1.0,0.7560050568900126,0.24399494310998734,912,0.202275600505689,0.22123893805309736,0.5764854614412137
360,Montgomery,1642,Montgomery Precinct 10-013,1102,540,276,540,1642,1.0,0.6711327649208283,0.32886723507917176,826,0.32886723507917176,0.16808769792935443,0.5030450669914738
361,Montgomery,2293,Montgomery Precinct 10-006,1631,754,343,662,2293,1.0,0.7112952464020933,0.28870475359790665,1196,0.32882686436982117,0.14958569559529,0.5215874400348888
362,Montgomery,2754,Montgomery Precinct 10-007,2119,846,540,635,2754,1.0,0.7694262890341321,0.23057371096586782,1368,0.30718954248366015,0.19607843137254902,0.49673202614379086
363,Montgomery,2878,Montgomery Precinct 07-003,2258,1175,391,620,2878,1.0,0.7845726198749131,0.21542738012508686,1312,0.4082696316886727,0.13585823488533705,0.45587213342599026
364,Montgomery,2119,Montgomery Precinct 07-022,1760,926,271,359,2119,1.0,0.830580462482303,0.16941953751769703,922,0.43699858423784804,0.12789051439358187,0.43511090136857006
365,Montgomery,2648,Montgomery Precinct 10-009,1916,623,657,732,2648,1.0,0.7235649546827795,0.2764350453172205,1368,0.23527190332326284,0.2481117824773414,0.5166163141993958
366,Montgomery,1510,Montgomery Precinct 10-004,1093,524,252,417,1510,1.0,0.723841059602649,0.276158940397351,734,0.34701986754966885,0.16688741721854305,0.4860927152317881
367,Montgomery,2274,Montgomery Precinct 10-005,1625,748,410,649,2274,1.0,0.7145998240985049,0.2854001759014952,1116,0.3289357959542656,0.1802990325417766,0.49076517150395776
368,Montgomery,3358,Montgomery Precinct 04-012,2173,1097,543,1185,3358,1.0,0.6471113758189398,0.35288862418106015,1718,0.3266825491363907,0.1617033948779035,0.5116140559857058
369,Montgomery,2320,Montgomery Precinct 10-003,1721,683,455,599,2320,1.0,0.7418103448275862,0.25818965517241377,1182,0.2943965517241379,0.1961206896551724,0.5094827586206897
370,Montgomery,3272,Montgomery Precinct 07-015,2621,1188,513,651,3272,1.0,0.801039119804401,0.19896088019559902,1571,0.363080684596577,0.15678484107579463,0.48013447432762835
371,St. Mary's,2659,St. Mary's Precinct 07-001,2221,541,651,438,2659,1.0,0.8352764197066567,0.16472358029334336,1467,0.2034599473486273,0.24482888303873637,0.5517111696126363
372,St. Mary's,2636,St. Mary's Precinct 04-003,2211,424,692,425,2636,1.0,0.8387708649468892,0.16122913505311076,1520,0.16084977238239756,0.26251896813353565,0.5766312594840668
373,St. Mary's,2127,St. Mary's Precinct 04-002,1873,257,524,254,2127,1.0,0.8805829807240244,0.11941701927597555,1346,0.12082745651151858,0.2463563704748472,0.6328161730136342
374,St. Mary's,2525,St. Mary's Precinct 03-002,1979,518,539,546,2525,1.0,0.7837623762376238,0.21623762376237624,1468,0.20514851485148514,0.21346534653465346,0.5813861386138613
375,St. Mary's,2671,St. Mary's Precinct 04-001,2400,421,823,271,2671,1.0,0.8985398727068513,0.10146012729314863,1427,0.15761886933732686,0.30812429801572444,0.5342568326469487
376,St. Mary's,3052,St. Mary's Precinct 05-001,2652,502,926,400,3052,1.0,0.8689384010484927,0.1310615989515072,1624,0.16448230668414154,0.30340760157273916,0.5321100917431193
377,St. Mary's,3010,St. Mary's Precinct 05-002,2584,408,797,426,3010,1.0,0.8584717607973422,0.1415282392026578,1805,0.13554817275747508,0.26478405315614617,0.5996677740863787
378,Charles,2571,Charles Precinct 09-002,1957,459,689,614,2571,1.0,0.7611824192921043,0.23881758070789577,1423,0.17852975495915985,0.2679891092959938,0.5534811357448464
379,St. Mary's,2846,St. Mary's Precinct 05-003,2609,316,850,237,2846,1.0,0.9167252283907238,0.08327477160927618,1680,0.11103302881236823,0.2986647926914968,0.590302178496135
380,St. Mary's,2045,St. Mary's Precinct 03-001,1545,326,554,500,2045,1.0,0.7555012224938875,0.24449877750611246,1165,0.15941320293398534,0.2709046454767726,0.5696821515892421
381,St. Mary's,2258,St. Mary's Precinct 06-004,1826,304,582,432,2258,1.0,0.8086802480070859,0.1913197519929141,1372,0.13463241806908768,0.2577502214348981,0.6076173604960142
382,St. Mary's,2382,St. Mary's Precinct 06-002,2168,324,691,214,2382,1.0,0.910159529806885,0.08984047019311503,1367,0.13602015113350127,0.29009235936188077,0.573887489504618
383,St. Mary's,2804,St. Mary's Precinct 03-005,2463,451,888,341,2804,1.0,0.8783880171184023,0.12161198288159772,1465,0.16084165477888732,0.3166904422253923,0.5224679029957204
384,St. Mary's,1613,St. Mary's Precinct 06-001,1464,272,532,149,1613,1.0,0.907625542467452,0.09237445753254804,809,0.16862988220706757,0.32982021078735274,0.5015499070055797
385,Calvert,3560,Calvert Precinct 02-002,2532,637,733,1028,3560,1.0,0.7112359550561798,0.28876404494382024,2190,0.1789325842696629,0.2058988764044944,0.6151685393258427
386,Calvert,3011,Calvert Precinct 02-001,2414,650,844,597,3011,1.0,0.8017270009963468,0.19827299900365328,1517,0.2158751245433411,0.2803055463301229,0.503819329126536
387,Charles,2356,Charles Precinct 09-001,1447,600,599,909,2356,1.0,0.6141765704584041,0.38582342954159593,1157,0.2546689303904924,0.25424448217317486,0.49108658743633277
388,Prince George's,1692,Prince George's Precinct 08-001,980,315,243,712,1692,1.0,0.5791962174940898,0.42080378250591016,1134,0.18617021276595744,0.14361702127659576,0.6702127659574468
389,Prince George's,2531,Prince George's Precinct 11-002,511,1182,206,2020,2531,1.0,0.20189648360331885,0.7981035163966812,1143,0.4670090873172659,0.08139075464243382,0.4516001580403003
390,Prince George's,3507,Prince George's Precinct 15-001,574,1520,206,2933,3507,1.0,0.16367265469061876,0.8363273453093812,1781,0.433418876532649,0.05873966353008269,0.5078414599372684
391,Prince George's,3267,Prince George's Precinct 15-004,469,1333,172,2798,3267,1.0,0.1435567799204163,0.8564432200795837,1762,0.40801958983777165,0.052647689011325376,0.5393327211509029
392,Prince George's,2065,Prince George's Precinct 04-001,1341,567,423,724,2065,1.0,0.6493946731234866,0.3506053268765133,1075,0.2745762711864407,0.20484261501210654,0.5205811138014528
393,Calvert,2367,Calvert Precinct 03-006,2018,505,914,349,2367,1.0,0.8525559780312632,0.1474440219687368,948,0.21335023236163922,0.3861427967891846,0.4005069708491762
394,Prince George's,1133,Prince George's Precinct 03-001,419,377,131,714,1133,1.0,0.3698146513680494,0.6301853486319505,625,0.3327449249779347,0.11562224183583407,0.5516328331862312
395,Frederick,5452,Frederick Precinct 05-001,4981,688,981,471,5452,1.0,0.9136096845194424,0.08639031548055759,3783,0.12619222303741745,0.17993396918561996,0.6938738077769626
396,Carroll,1084,Carroll Precinct 10-001,1040,186,298,44,1084,1.0,0.959409594095941,0.04059040590405904,600,0.17158671586715868,0.27490774907749077,0.5535055350553506
397,Carroll,7012,Carroll Precinct 01-001,6558,1149,1576,454,7012,1.0,0.9352538505419281,0.06474614945807187,4287,0.1638619509412436,0.22475755847119225,0.6113804905875642
398,Carroll,1424,Carroll Precinct 02-001,1389,338,475,35,1424,1.0,0.9754213483146067,0.02457865168539326,611,0.23735955056179775,0.3335674157303371,0.42907303370786515
399,Carroll,1786,Carroll Precinct 02-002,1731,377,566,55,1786,1.0,0.9692049272116461,0.030795072788353865,843,0.2110862262038074,0.3169092945128779,0.4720044792833147
400,Prince George's,1983,Prince George's Precinct 12-002,167,591,61,1816,1983,1.0,0.08421583459404942,0.9157841654059505,1331,0.2980332829046899,0.030761472516389308,0.6712052445789208
401,Prince George's,4528,Prince George's Precinct 12-009,53,734,21,4475,4528,1.0,0.011704946996466431,0.9882950530035336,3773,0.16210247349823323,0.004637809187279152,0.8332597173144877
402,Prince George's,4488,Prince George's Precinct 12-004,126,1106,55,4362,4488,1.0,0.02807486631016043,0.9719251336898396,3327,0.2464349376114082,0.012254901960784314,0.7413101604278075
403,Prince George's,4072,Prince George's Precinct 12-006,80,921,50,3992,4072,1.0,0.019646365422396856,0.9803536345776032,3101,0.22617878192534382,0.012278978388998035,0.7615422396856582
404,Prince George's,3288,Prince George's Precinct 12-012,212,901,62,3076,3288,1.0,0.06447688564476886,0.9355231143552312,2325,0.27402676399026765,0.018856447688564478,0.7071167883211679
405,Prince George's,2724,Prince George's Precinct 12-016,113,608,30,2611,2724,1.0,0.041483113069016156,0.9585168869309838,2086,0.22320117474302498,0.011013215859030838,0.7657856093979442
406,Prince George's,3144,Prince George's Precinct 12-003,178,789,37,2966,3144,1.0,0.056615776081424936,0.943384223918575,2318,0.25095419847328243,0.011768447837150127,0.7372773536895675
407,Prince George's,1980,Prince George's Precinct 12-007,69,745,52,1911,1980,1.0,0.03484848484848485,0.9651515151515152,1183,0.37626262626262624,0.026262626262626262,0.5974747474747475
408,Prince George's,1110,Prince George's Precinct 12-017,127,181,8,983,1110,1.0,0.11441441441441441,0.8855855855855855,921,0.16306306306306306,0.007207207207207207,0.8297297297297297
409,Prince George's,3753,Prince George's Precinct 12-013,94,1204,41,3659,3753,1.0,0.025046629363176125,0.9749533706368239,2508,0.32081001865174524,0.010924593658406609,0.6682653876898481
410,Prince George's,2131,Prince George's Precinct 06-008,57,701,20,2074,2131,1.0,0.02674800563115908,0.9732519943688409,1410,0.328953542937588,0.009385265133740028,0.661661191928672
411,Prince George's,4750,Prince George's Precinct 06-017,139,1112,52,4611,4750,1.0,0.02926315789473684,0.9707368421052631,3586,0.23410526315789473,0.010947368421052631,0.7549473684210526
412,Prince George's,2691,Prince George's Precinct 06-009,88,736,30,2603,2691,1.0,0.032701597918989224,0.9672984020810108,1925,0.27350427350427353,0.011148272017837236,0.7153474544778893
413,Prince George's,2205,Prince George's Precinct 06-012,55,611,33,2150,2205,1.0,0.024943310657596373,0.9750566893424036,1561,0.27709750566893426,0.014965986394557823,0.707936507936508
414,Montgomery,1927,Montgomery Precinct 07-005,1663,915,267,264,1927,1.0,0.8629994810586403,0.13700051894135962,745,0.47483134405812144,0.13855734302023873,0.38661131292163986
415,Montgomery,2403,Montgomery Precinct 13-039,1605,835,183,798,2403,1.0,0.6679151061173533,0.33208489388264667,1385,0.3474823137744486,0.07615480649188515,0.5763628797336663
416,Montgomery,4752,Montgomery Precinct 13-047,2084,1037,108,2668,4752,1.0,0.4385521885521885,0.5614478114478114,3607,0.21822390572390574,0.022727272727272728,0.7590488215488216
417,Montgomery,2398,Montgomery Precinct 13-004,1617,1234,90,781,2398,1.0,0.6743119266055045,0.3256880733944954,1074,0.5145954962468724,0.03753127606338615,0.44787322768974147
418,Montgomery,3101,Montgomery Precinct 13-008,1299,911,84,1802,3101,1.0,0.41889712995807804,0.581102870041922,2106,0.29377620122541115,0.02708803611738149,0.6791357626572073
419,Montgomery,2029,Montgomery Precinct 13-003,1652,839,311,377,2029,1.0,0.8141941843272548,0.1858058156727452,879,0.413504189255791,0.15327747658945293,0.433218334154756
420,Montgomery,3334,Montgomery Precinct 13-016,768,780,90,2566,3334,1.0,0.23035392921415718,0.7696460707858428,2464,0.23395320935812838,0.026994601079784044,0.7390521895620876
421,Montgomery,2788,Montgomery Precinct 13-065,1261,452,56,1527,2788,1.0,0.45229555236728836,0.5477044476327116,2280,0.16212338593974174,0.020086083213773313,0.8177905308464849
422,Montgomery,2551,Montgomery Precinct 13-007,1648,1149,182,903,2551,1.0,0.6460211681693454,0.35397883183065465,1220,0.45041160329282637,0.07134457075656606,0.4782438259506076
423,Montgomery,2274,Montgomery Precinct 13-024,1361,903,225,913,2274,1.0,0.5985048372911169,0.401495162708883,1146,0.3970976253298153,0.09894459102902374,0.503957783641161
424,Baltimore County,2889,Baltimore County Precinct 11-019,2270,632,468,619,2889,1.0,0.7857390100380754,0.21426098996192455,1789,0.21876081689165802,0.16199376947040497,0.619245413637937
425,Baltimore County,4130,Baltimore County Precinct 14-003,2875,770,529,1255,4130,1.0,0.6961259079903148,0.30387409200968524,2831,0.1864406779661017,0.12808716707021792,0.6854721549636804
426,Baltimore County,1265,Baltimore County Precinct 11-013,891,209,197,374,1265,1.0,0.7043478260869566,0.2956521739130435,859,0.16521739130434782,0.15573122529644268,0.6790513833992095
427,Baltimore County,3157,Baltimore County Precinct 15-010,2444,669,403,713,3157,1.0,0.774152676591701,0.22584732340829902,2085,0.21191004117833387,0.12765283496990815,0.660437123851758
428,Baltimore County,5523,Baltimore County Precinct 15-005,2822,1411,855,2701,5523,1.0,0.5109541915625566,0.48904580843744344,3257,0.2554770957812783,0.1548071700162955,0.5897157342024262
429,Baltimore County,1411,Baltimore County Precinct 15-009,1311,320,353,100,1411,1.0,0.9291282778171509,0.07087172218284904,738,0.22678951098511693,0.25017717930545713,0.523033309709426
430,Baltimore County,6204,Baltimore County Precinct 15-004,4276,747,409,1928,6204,1.0,0.6892327530625403,0.3107672469374597,5048,0.12040618955512572,0.06592520954223081,0.8136686009026435
431,Baltimore County,3736,Baltimore County Precinct 11-012,3099,825,796,637,3736,1.0,0.8294967880085653,0.1705032119914347,2115,0.22082441113490364,0.21306209850107066,0.5661134903640257
432,Baltimore County,2316,Baltimore County Precinct 11-007,1947,1082,1036,369,2316,1.0,0.8406735751295337,0.15932642487046633,198,0.46718480138169255,0.4473229706390328,0.08549222797927461
433,Baltimore County,2818,Baltimore County Precinct 11-014,2465,656,654,353,2818,1.0,0.8747338537970192,0.12526614620298085,1508,0.23278921220723917,0.2320794889992903,0.5351312987934705
434,Baltimore County,2037,Baltimore County Precinct 11-006,1892,500,533,145,2037,1.0,0.9288168875797742,0.07118311242022582,1004,0.24545900834560627,0.2616593028964163,0.49288168875797744
435,Baltimore County,3470,Baltimore County Precinct 11-022,2749,698,732,721,3470,1.0,0.7922190201729107,0.20778097982708935,2040,0.2011527377521614,0.21095100864553315,0.5878962536023055
436,Baltimore County,2386,Baltimore County Precinct 11-005,1880,493,577,506,2386,1.0,0.787929589270746,0.21207041072925398,1316,0.2066219614417435,0.24182732606873428,0.5515507124895223
437,Baltimore County,4029,Baltimore County Precinct 11-003,3873,963,1507,156,4029,1.0,0.9612807148175726,0.0387192851824274,1559,0.23901712583767684,0.37403822288409033,0.3869446512782328
438,Baltimore County,2502,Baltimore County Precinct 11-001,2338,760,822,164,2502,1.0,0.9344524380495604,0.06554756195043965,920,0.3037569944044764,0.328537170263789,0.3677058353317346
439,Baltimore County,300,Baltimore County Precinct 10-005,276,127,105,24,300,1.0,0.92,0.08,68,0.42333333333333334,0.35,0.22666666666666666
440,Baltimore County,1364,Baltimore County Precinct 10-003,1284,467,559,80,1364,1.0,0.9413489736070382,0.05865102639296188,338,0.34237536656891493,0.40982404692082114,0.24780058651026393
441,Harford,2560,Harford Precinct 04-002,2438,694,971,122,2560,1.0,0.95234375,0.04765625,895,0.27109375,0.379296875,0.349609375
442,Baltimore County,3090,Baltimore County Precinct 11-002,2978,859,1130,112,3090,1.0,0.9637540453074434,0.036245954692556634,1101,0.2779935275080906,0.3656957928802589,0.35631067961165047
443,Harford,2984,Harford Precinct 03-006,2861,833,1023,123,2984,1.0,0.9587801608579088,0.04121983914209115,1128,0.27915549597855227,0.342828418230563,0.3780160857908847
444,Harford,3240,Harford Precinct 04-005,3026,662,1115,214,3240,1.0,0.9339506172839506,0.06604938271604938,1463,0.204320987654321,0.3441358024691358,0.45154320987654323
445,Baltimore County,3678,Baltimore County Precinct 15-007,2778,707,500,900,3678,1.0,0.7553017944535073,0.24469820554649266,2471,0.19222403480152256,0.13594344752582926,0.6718325176726482
446,Baltimore County,2060,Baltimore County Precinct 15-025,1956,599,725,104,2060,1.0,0.9495145631067962,0.05048543689320388,736,0.29077669902912623,0.35194174757281554,0.3572815533980582
447,Baltimore County,3091,Baltimore County Precinct 15-008,2496,676,611,595,3091,1.0,0.8075056615981883,0.1924943384018117,1804,0.218699450016176,0.19767065674538983,0.5836298932384342
448,Baltimore County,2662,Baltimore County Precinct 15-006,2499,645,835,163,2662,1.0,0.9387678437265214,0.06123215627347859,1182,0.24229902329075884,0.3136739293764087,0.44402704733283244
449,Baltimore County,2544,Baltimore County Precinct 11-004,1999,515,586,545,2544,1.0,0.7857704402515723,0.21422955974842767,1443,0.202437106918239,0.23034591194968554,0.5672169811320755
450,Baltimore County,86,Baltimore County Precinct 11-020,73,20,30,13,86,1.0,0.8488372093023255,0.1511627906976744,36,0.23255813953488372,0.3488372093023256,0.4186046511627907
451,Harford,2747,Harford Precinct 01-045,2393,707,683,354,2747,1.0,0.8711321441572625,0.12886785584273752,1357,0.2573716781943939,0.2486348744084456,0.49399344739716056
452,Prince George's,2194,Prince George's Precinct 12-008,175,763,41,2019,2194,1.0,0.07976298997265269,0.9202370100273473,1390,0.3477666362807657,0.018687329079307202,0.6335460346399271
453,Prince George's,2657,Prince George's Precinct 12-015,108,930,54,2549,2657,1.0,0.04064734663153933,0.9593526533684607,1673,0.35001881821603315,0.020323673315769664,0.6296575084681972
454,Charles,3603,Charles Precinct 06-006,1784,843,461,1819,3603,1.0,0.49514293644185403,0.504857063558146,2299,0.23397169025811823,0.1279489314460172,0.6380793782958646
455,Charles,2547,Charles Precinct 06-018,447,1166,147,2100,2547,1.0,0.17550058892815076,0.8244994110718492,1234,0.45779348252846486,0.05771495877502945,0.4844915586965057
456,Charles,2806,Charles Precinct 06-009,1003,707,202,1803,2806,1.0,0.357448325017819,0.642551674982181,1897,0.25196008553100496,0.07198859586600143,0.6760513186029936
457,Charles,2084,Charles Precinct 06-008,812,563,198,1272,2084,1.0,0.3896353166986564,0.6103646833013435,1323,0.2701535508637236,0.09500959692898273,0.6348368522072937
458,Charles,2626,Charles Precinct 06-016,1097,513,234,1529,2626,1.0,0.41774562071591775,0.5822543792840823,1879,0.19535415079969534,0.0891089108910891,0.7155369383092155
459,Charles,3458,Charles Precinct 06-015,1025,712,168,2433,3458,1.0,0.2964141122035859,0.7035858877964141,2578,0.20589936379410065,0.048582995951417005,0.7455176402544823
460,Charles,1862,Charles Precinct 06-011,599,744,236,1263,1862,1.0,0.3216970998925886,0.6783029001074113,882,0.3995703544575725,0.1267454350161117,0.47368421052631576
461,Charles,3992,Charles Precinct 06-007,1423,840,284,2569,3992,1.0,0.3564629258517034,0.6435370741482966,2868,0.21042084168336672,0.07114228456913828,0.718436873747495
462,Charles,2617,Charles Precinct 06-005,575,1080,178,2042,2617,1.0,0.21971723347344288,0.7802827665265571,1359,0.4126862820022927,0.06801681314482232,0.5192969048528849
463,Charles,1743,Charles Precinct 06-017,855,441,196,888,1743,1.0,0.4905335628227194,0.5094664371772806,1106,0.25301204819277107,0.11244979919678715,0.6345381526104418
464,Charles,2599,Charles Precinct 06-022,659,583,124,1940,2599,1.0,0.2535590611773759,0.7464409388226241,1892,0.22431704501731436,0.0477106579453636,0.727972297037322
465,Charles,1568,Charles Precinct 06-012,649,433,155,919,1568,1.0,0.4139030612244898,0.5860969387755102,980,0.27614795918367346,0.09885204081632654,0.625
466,Charles,2347,Charles Precinct 08-004,1718,717,621,629,2347,1.0,0.731998295696634,0.268001704303366,1009,0.30549637835534726,0.26459309757136773,0.42991052407328506
467,Charles,1345,Charles Precinct 08-005,1032,58,136,313,1345,1.0,0.7672862453531598,0.23271375464684016,1151,0.04312267657992565,0.10111524163568773,0.8557620817843866
468,Charles,2167,Charles Precinct 08-003,1317,539,349,850,2167,1.0,0.6077526534379326,0.3922473465620674,1279,0.24873096446700507,0.16105214582371943,0.5902168897092755
469,Charles,2164,Charles Precinct 08-002,1349,584,486,815,2164,1.0,0.6233826247689463,0.3766173752310536,1094,0.2698706099815157,0.2245841035120148,0.5055452865064695
470,Prince George's,3323,Prince George's Precinct 09-007,221,1487,122,3102,3323,1.0,0.06650616912428528,0.9334938308757147,1714,0.4474872103520915,0.0367138128197412,0.5157989768281673
471,Prince George's,2034,Prince George's Precinct 09-004,273,881,89,1761,2034,1.0,0.13421828908554573,0.8657817109144543,1064,0.4331366764995084,0.04375614552605703,0.5231071779744346
472,Prince George's,3032,Prince George's Precinct 09-005,266,1183,77,2766,3032,1.0,0.08773087071240106,0.912269129287599,1772,0.39017150395778366,0.025395778364116096,0.5844327176781002
473,Prince George's,3691,Prince George's Precinct 09-001,425,1546,127,3266,3691,1.0,0.11514494716878895,0.884855052831211,2018,0.4188566784069358,0.034408019506908694,0.5467353020861555
474,Prince George's,2377,Prince George's Precinct 09-010,356,912,89,2021,2377,1.0,0.14976861590239798,0.850231384097602,1376,0.38367690366007573,0.037442153975599496,0.5788809423643247
475,Prince George's,3501,Prince George's Precinct 09-002,398,1135,82,3103,3501,1.0,0.11368180519851472,0.8863181948014853,2284,0.32419308768923166,0.023421879463010567,0.6523850328477577
476,Prince George's,4703,Prince George's Precinct 09-008,452,2016,149,4251,4703,1.0,0.09610886668084201,0.9038911333191579,2538,0.42866255581543694,0.031681905166914735,0.5396555390176483
477,Prince George's,2747,Prince George's Precinct 09-006,357,1452,110,2390,2747,1.0,0.12995995631598106,0.8700400436840189,1185,0.5285766290498726,0.04004368401892974,0.43137968693119766
478,Prince George's,2862,Prince George's Precinct 11-004,854,1570,275,2008,2862,1.0,0.2983927323549965,0.7016072676450035,1017,0.5485674353598882,0.09608665269042628,0.3553459119496855
479,Prince George's,2840,Prince George's Precinct 11-001,589,1074,152,2251,2840,1.0,0.2073943661971831,0.7926056338028169,1614,0.37816901408450704,0.05352112676056338,0.5683098591549296
480,Prince George's,4018,Prince George's Precinct 09-011,519,1223,129,3499,4018,1.0,0.12916874066699852,0.8708312593330015,2666,0.3043802887008462,0.03210552513688402,0.6635141861622698
481,Prince George's,1565,Prince George's Precinct 09-009,577,484,79,988,1565,1.0,0.36869009584664536,0.6313099041533546,1002,0.3092651757188498,0.05047923322683706,0.6402555910543131
482,Prince George's,3439,Prince George's Precinct 11-003,484,1406,125,2955,3439,1.0,0.14073858679848794,0.8592614132015121,1908,0.4088397790055249,0.036347775516138416,0.5548124454783367
483,Prince George's,2108,Prince George's Precinct 15-003,209,1093,75,1899,2108,1.0,0.099146110056926,0.900853889943074,940,0.5185009487666035,0.03557874762808349,0.4459203036053131
484,Prince George's,820,Prince George's Precinct 01-007,488,621,198,332,820,1.2371601208459215,0.5951219512195122,0.40487804878048783,1,0.7573170731707317,0.24146341463414633,0.0012195121951219512
485,Prince George's,2108,Prince George's Precinct 06-014,231,533,41,1877,2108,1.0,0.10958254269449716,0.8904174573055028,1534,0.2528462998102467,0.019449715370018977,0.7277039848197343
486,Prince George's,1176,Prince George's Precinct 06-002,134,525,46,1042,1176,1.0,0.11394557823129252,0.8860544217687075,605,0.44642857142857145,0.0391156462585034,0.5144557823129252
487,Prince George's,2560,Prince George's Precinct 06-013,365,1012,126,2195,2560,1.0,0.142578125,0.857421875,1422,0.3953125,0.04921875,0.55546875
488,Prince George's,3164,Prince George's Precinct 06-024,123,595,21,3041,3164,1.0,0.0388748419721871,0.9611251580278128,2548,0.18805309734513273,0.00663716814159292,0.8053097345132744
489,Prince George's,3700,Prince George's Precinct 06-015,61,952,42,3639,3700,1.0,0.016486486486486488,0.9835135135135135,2706,0.2572972972972973,0.011351351351351352,0.7313513513513513
490,Prince George's,576,Prince George's Precinct 06-021,41,204,11,535,576,1.0,0.07118055555555555,0.9288194444444444,361,0.3541666666666667,0.019097222222222224,0.6267361111111112
491,Prince George's,4119,Prince George's Precinct 06-004,104,858,32,4015,4119,1.0,0.02524884680747754,0.9747511531925225,3229,0.20830298616168974,0.007768875940762321,0.7839281378975479
492,Prince George's,4084,Prince George's Precinct 06-022,93,1062,46,3991,4084,1.0,0.02277179236043095,0.9772282076395691,2976,0.26003917727717923,0.011263467189030362,0.7286973555337904
493,Prince George's,3744,Prince George's Precinct 06-006,97,854,34,3647,3744,1.0,0.02590811965811966,0.9740918803418803,2856,0.2280982905982906,0.009081196581196582,0.7628205128205128
494,Prince George's,2295,Prince George's Precinct 06-018,268,689,71,2027,2295,1.0,0.11677559912854031,0.8832244008714597,1535,0.3002178649237473,0.03093681917211329,0.6688453159041394
495,Prince George's,4108,Prince George's Precinct 06-007,492,1350,101,3616,4108,1.0,0.11976630963972736,0.8802336903602727,2657,0.32862706913339823,0.024586173320350537,0.6467867575462513
496,Prince George's,1925,Prince George's Precinct 09-003,1159,60,42,766,1925,1.0,0.6020779220779221,0.3979220779220779,1823,0.03116883116883117,0.02181818181818182,0.947012987012987
497,Prince George's,3624,Prince George's Precinct 06-016,134,852,34,3490,3624,1.0,0.0369757174392936,0.9630242825607064,2738,0.23509933774834438,0.009381898454746136,0.7555187637969095
498,Prince George's,1985,Prince George's Precinct 06-005,102,664,33,1883,1985,1.0,0.05138539042821159,0.9486146095717884,1288,0.3345088161209068,0.01662468513853904,0.6488664987405541
499,Prince George's,3207,Prince George's Precinct 06-010,129,995,51,3078,3207,1.0,0.040224508886810104,0.9597754911131899,2161,0.3102588088556283,0.015902712815715623,0.6738384783286561
500,Prince George's,2204,Prince George's Precinct 06-011,132,926,62,2072,2204,1.0,0.05989110707803993,0.9401088929219601,1216,0.42014519056261346,0.028130671506352088,0.5517241379310345
501,Prince George's,3824,Prince George's Precinct 06-001,272,1126,72,3552,3824,1.0,0.07112970711297072,0.9288702928870293,2626,0.2944560669456067,0.01882845188284519,0.6867154811715481
502,Prince George's,4367,Prince George's Precinct 06-003,124,1239,51,4243,4367,1.0,0.028394779024501948,0.9716052209754981,3077,0.28371880009159606,0.011678497824593542,0.7046027020838104
503,Prince George's,2231,Prince George's Precinct 18-011,68,552,42,2163,2231,1.0,0.03047960555804572,0.9695203944419543,1637,0.24742268041237114,0.01882563872702824,0.7337516808606006
504,Prince George's,2252,Prince George's Precinct 18-004,81,488,27,2171,2252,1.0,0.03596802841918295,0.9640319715808171,1737,0.216696269982238,0.011989342806394316,0.7713143872113677
505,Prince George's,3235,Prince George's Precinct 18-001,86,1060,33,3149,3235,1.0,0.026584234930448224,0.9734157650695517,2142,0.3276661514683153,0.010200927357032458,0.6621329211746523
506,Prince George's,1927,Prince George's Precinct 02-007,906,774,217,1021,1927,1.0,0.4701608718214842,0.5298391281785159,936,0.40166061235080436,0.1126102750389206,0.485729112610275
507,Prince George's,1859,Prince George's Precinct 18-005,22,489,20,1837,1859,1.0,0.011834319526627219,0.9881656804733728,1350,0.26304464766003227,0.010758472296933835,0.7261968800430338
508,Prince George's,2460,Prince George's Precinct 18-003,23,676,27,2437,2460,1.0,0.00934959349593496,0.990650406504065,1757,0.27479674796747966,0.01097560975609756,0.7142276422764228
509,Prince George's,158,Prince George's Precinct 18-012,5,47,3,153,158,1.0,0.03164556962025317,0.9683544303797469,108,0.2974683544303797,0.0189873417721519,0.6835443037974683
510,Prince George's,3010,Prince George's Precinct 02-003,624,956,133,2386,3010,1.0,0.20730897009966778,0.7926910299003322,1921,0.3176079734219269,0.044186046511627906,0.6382059800664451
511,Prince George's,1792,Prince George's Precinct 18-009,52,706,43,1740,1792,1.0,0.029017857142857144,0.9709821428571429,1043,0.3939732142857143,0.023995535714285716,0.58203125
512,Prince George's,2682,Prince George's Precinct 06-019,56,746,29,2626,2682,1.0,0.020879940343027592,0.9791200596569725,1907,0.27815063385533184,0.01081282624906786,0.7110365398956003
513,Prince George's,2589,Prince George's Precinct 18-007,40,922,35,2549,2589,1.0,0.01544998068752414,0.9845500193124759,1632,0.3561220548474314,0.013518733101583623,0.6303592120509849
514,Prince George's,1021,Prince George's Precinct 18-010,7,419,16,1014,1021,1.0,0.0068560235063663075,0.9931439764936337,586,0.4103819784524976,0.015670910871694418,0.5739471106758081
515,Prince George's,3626,Prince George's Precinct 18-006,28,1249,40,3598,3626,1.0,0.007722007722007722,0.9922779922779923,2337,0.34445670159955877,0.011031439602868174,0.6445118587975731
516,Prince George's,2067,Prince George's Precinct 18-002,31,534,16,2036,2067,1.0,0.014997581035316884,0.9850024189646831,1517,0.25834542815674894,0.0077406869859700045,0.733913884857281
517,Prince George's,1716,Prince George's Precinct 18-008,12,611,17,1704,1716,1.0,0.006993006993006993,0.993006993006993,1088,0.3560606060606061,0.009906759906759906,0.634032634032634
518,Prince George's,2019,Prince George's Precinct 13-017,34,672,21,1985,2019,1.0,0.016840019811788013,0.9831599801882119,1326,0.3328380386329866,0.010401188707280832,0.6567607726597325
519,Prince George's,3377,Prince George's Precinct 13-002,56,713,21,3321,3377,1.0,0.01658276576843352,0.9834172342315665,2643,0.21113414273023393,0.00621853716316257,0.7826473201066035
520,Prince George's,3376,Prince George's Precinct 13-016,73,1160,45,3303,3376,1.0,0.021623222748815167,0.9783767772511849,2171,0.34360189573459715,0.013329383886255925,0.643068720379147
521,Prince George's,1837,Prince George's Precinct 06-023,120,648,33,1717,1837,1.0,0.065323897659227,0.934676102340773,1156,0.3527490473598258,0.017964071856287425,0.6292868807838867
522,Prince George's,2581,Prince George's Precinct 15-006,524,1067,132,2057,2581,1.0,0.2030220844633863,0.7969779155366137,1382,0.4134056567222007,0.05114296784192174,0.5354513754358776
523,Prince George's,1908,Prince George's Precinct 15-002,268,914,52,1640,1908,1.0,0.14046121593291405,0.859538784067086,942,0.4790356394129979,0.027253668763102725,0.4937106918238994
524,Prince George's,3547,Prince George's Precinct 06-020,113,1282,49,3434,3547,1.0,0.0318579080913448,0.9681420919086552,2216,0.36143219622215955,0.01381449111925571,0.6247533126585847
525,Prince George's,3847,Prince George's Precinct 13-009,155,1213,56,3692,3847,1.0,0.04029113595009098,0.9597088640499091,2578,0.31531063166103457,0.014556797504549,0.6701325708344165
526,Prince George's,3713,Prince George's Precinct 13-007,71,1462,43,3642,3713,1.0,0.019122003770535956,0.980877996229464,2208,0.3937516832749798,0.011580931861028817,0.5946673848639914
527,Prince George's,2328,Prince George's Precinct 13-001,22,439,21,2306,2328,1.0,0.009450171821305841,0.9905498281786942,1868,0.18857388316151202,0.00902061855670103,0.802405498281787
528,Prince George's,3108,Prince George's Precinct 13-008,39,555,23,3069,3108,1.0,0.012548262548262547,0.9874517374517374,2530,0.17857142857142858,0.0074002574002574005,0.814028314028314
529,Prince George's,2837,Prince George's Precinct 13-014,46,1326,66,2791,2837,1.0,0.016214310891787098,0.9837856891082128,1445,0.46739513570673247,0.02326401127952062,0.5093408530137469
530,Prince George's,2601,Prince George's Precinct 13-006,72,1174,42,2529,2601,1.0,0.02768166089965398,0.972318339100346,1385,0.45136485966935797,0.016147635524798153,0.532487504805844
531,Prince George's,2331,Prince George's Precinct 13-004,111,782,41,2220,2331,1.0,0.047619047619047616,0.9523809523809523,1508,0.3354783354783355,0.01758901758901759,0.646932646932647
532,Prince George's,3707,Prince George's Precinct 13-010,139,1471,73,3568,3707,1.0,0.03749662800107904,0.962503371998921,2163,0.3968168330186134,0.019692473698408416,0.5834906932829782
533,Prince George's,2929,Prince George's Precinct 13-012,55,1414,66,2874,2929,1.0,0.018777739842949812,0.9812222601570502,1449,0.4827586206896552,0.022533287811539775,0.49470809149880507
534,Prince George's,3609,Prince George's Precinct 13-011,78,1541,65,3531,3609,1.0,0.021612635078969242,0.9783873649210307,2003,0.42698808534220006,0.01801052923247437,0.5550013854253256
535,Prince George's,2772,Prince George's Precinct 02-001,146,463,26,2626,2772,1.0,0.05266955266955267,0.9473304473304474,2283,0.16702741702741702,0.00937950937950938,0.8235930735930735
538,Prince George's,5983,Prince George's Precinct 02-008,376,1026,95,5607,5983,1.0,0.06284472672572289,0.9371552732742772,4862,0.17148587665050977,0.01587832191208424,0.812635801437406
539,Prince George's,1018,Prince George's Precinct 16-001,194,197,31,824,1018,1.0,0.1905697445972495,0.8094302554027505,790,0.19351669941060903,0.030451866404715127,0.7760314341846758
540,Prince George's,21,Prince George's Precinct 02-098,3,0,0,18,21,1.0,0.14285714285714285,0.8571428571428571,21,0.0,0.0,1.0
541,Prince George's,2869,Prince George's Precinct 02-005,244,414,71,2625,2869,1.0,0.08504705472289996,0.9149529452771,2384,0.1443011502265598,0.02474729871035204,0.8309515510630882
542,Prince George's,28,Prince George's Precinct 19-005,8,1,0,20,28,1.0,0.2857142857142857,0.7142857142857143,27,0.03571428571428571,0.0,0.9642857142857143
543,Prince George's,3247,Prince George's Precinct 19-004,243,399,66,3004,3247,1.0,0.0748383122882661,0.9251616877117339,2782,0.12288266091777025,0.020326455189405606,0.8567908838928241
544,Prince George's,4769,Prince George's Precinct 19-001,1023,756,187,3746,4769,1.0,0.21451037953449362,0.7854896204655064,3826,0.15852379953868737,0.03921157475361711,0.8022646257076955
545,Prince George's,5173,Prince George's Precinct 21-002,4074,398,154,1099,5173,1.0,0.7875507442489851,0.2124492557510149,4621,0.07693794703266964,0.029769959404600813,0.8932920935627295
546,Prince George's,3965,Prince George's Precinct 21-001,2283,628,224,1682,3965,1.0,0.5757881462799496,0.42421185372005044,3113,0.1583858764186633,0.05649432534678436,0.7851197982345524
547,Prince George's,4029,Prince George's Precinct 19-002,566,611,128,3463,4029,1.0,0.14048150905931994,0.8595184909406801,3290,0.15165053363117398,0.03176966989327377,0.8165797964755522
548,Talbot,3288,Talbot Precinct 01-005,2835,849,693,453,3288,1.0,0.8622262773722628,0.13777372262773724,1746,0.25821167883211676,0.21076642335766424,0.531021897810219
549,Queen Anne's,1965,Queen Anne's Precinct 05-001,1696,535,499,269,1965,1.0,0.8631043256997456,0.13689567430025446,931,0.272264631043257,0.2539440203562341,0.4737913486005089
550,Kent,2183,Kent Precinct 05-001,1951,686,474,232,2183,1.0,0.8937242327072835,0.10627576729271644,1023,0.3142464498396702,0.21713238662391204,0.46862116353641775
551,Kent,1510,Kent Precinct 06-001,1162,413,258,348,1510,1.0,0.7695364238410596,0.2304635761589404,839,0.27350993377483446,0.17086092715231788,0.5556291390728477
552,Kent,1044,Kent Precinct 07-001,813,388,192,231,1044,1.0,0.7787356321839081,0.22126436781609196,464,0.3716475095785441,0.1839080459770115,0.4444444444444444
553,Kent,1669,Kent Precinct 04-002,1050,434,187,619,1669,1.0,0.6291192330736968,0.3708807669263032,1048,0.26003594967046134,0.11204313960455363,0.627920910724985
554,Kent,1589,Kent Precinct 03-001,1256,516,342,333,1589,1.0,0.790434235368156,0.20956576463184393,731,0.3247325361862807,0.21522970421648835,0.460037759597231
555,Kent,3343,Kent Precinct 04-001,2785,662,281,558,3343,1.0,0.833084056236913,0.16691594376308705,2400,0.19802572539635058,0.08405623691295244,0.717918037690697
556,Baltimore City,1090,Baltimore City Precinct 26-028,142,335,22,948,1090,1.0,0.13027522935779817,0.8697247706422019,733,0.3073394495412844,0.02018348623853211,0.6724770642201835
557,Baltimore City,1429,Baltimore City Precinct 26-027,322,431,44,1107,1429,1.0,0.22533240027991602,0.7746675997200839,954,0.30160951714485656,0.03079076277116865,0.6675997200839748
558,Baltimore City,1467,Baltimore City Precinct 27-007,472,366,44,995,1467,1.0,0.321745057941377,0.678254942058623,1057,0.24948875255623723,0.029993183367416496,0.7205180640763463
559,Baltimore City,985,Baltimore City Precinct 26-030,419,308,43,566,985,1.0,0.42538071065989846,0.5746192893401015,634,0.31269035532994927,0.04365482233502538,0.6436548223350254
560,Baltimore County,3508,Baltimore County Precinct 15-022,3315,764,834,193,3508,1.0,0.9449828962371721,0.05501710376282782,1910,0.217787913340935,0.2377423033067275,0.5444697833523375
561,Baltimore County,4160,Baltimore County Precinct 15-021,3797,942,1014,363,4160,1.0,0.9127403846153846,0.08725961538461538,2204,0.2264423076923077,0.24375,0.5298076923076923
562,Baltimore County,4692,Baltimore County Precinct 15-020,4264,831,810,428,4692,1.0,0.9087809036658141,0.09121909633418585,3051,0.17710997442455242,0.17263427109974425,0.6502557544757033
563,Baltimore County,2809,Baltimore County Precinct 15-015,2416,413,479,393,2809,1.0,0.8600925596297615,0.13990744037023853,1917,0.14702741189035243,0.17052331790672837,0.6824492702029192
564,Baltimore County,1897,Baltimore County Precinct 15-013,1758,413,455,139,1897,1.0,0.926726410121244,0.07327358987875593,1029,0.2177121771217712,0.23985239852398524,0.5424354243542435
565,Baltimore County,2156,Baltimore County Precinct 15-012,1954,507,483,202,2156,1.0,0.9063079777365491,0.09369202226345083,1166,0.23515769944341372,0.22402597402597402,0.5408163265306123
566,Baltimore County,3144,Baltimore County Precinct 15-016,2489,437,429,655,3144,1.0,0.7916666666666666,0.20833333333333334,2278,0.1389949109414758,0.1364503816793893,0.7245547073791349
567,Baltimore County,3506,Baltimore County Precinct 15-017,1421,876,275,2085,3506,1.0,0.40530519110096974,0.5946948088990303,2355,0.24985738733599544,0.07843696520250998,0.6717056474614945
568,Baltimore County,5453,Baltimore County Precinct 15-023,1748,898,170,3705,5453,1.0,0.3205574912891986,0.6794425087108014,4385,0.1646799926645883,0.031175499724922062,0.8041445076104896
569,Baltimore County,975,Baltimore County Precinct 15-024,813,203,161,162,975,1.0,0.8338461538461538,0.16615384615384615,611,0.2082051282051282,0.16512820512820514,0.6266666666666667
570,Baltimore County,2919,Baltimore County Precinct 15-018,2086,570,487,833,2919,1.0,0.7146282973621103,0.2853717026378897,1862,0.19527235354573483,0.1668379582048647,0.6378896882494005
571,Baltimore County,3443,Baltimore County Precinct 15-019,3220,664,795,223,3443,1.0,0.9352309032820215,0.06476909671797851,1984,0.19285506825442927,0.23090328202149288,0.5762416497240779
572,Baltimore County,1739,Baltimore County Precinct 15-026,1696,476,670,43,1739,1.0,0.9752731454859115,0.024726854514088556,593,0.273720529039678,0.3852788959171938,0.34100057504312825
573,Baltimore County,2441,Baltimore County Precinct 12-012,2188,469,462,253,2441,1.0,0.8963539532978287,0.10364604670217124,1510,0.1921343711593609,0.18926669397787793,0.6185989348627612
574,Baltimore City,502,Baltimore City Precinct 26-001,417,59,36,85,502,1.0,0.8306772908366534,0.1693227091633466,407,0.11752988047808766,0.07171314741035857,0.8107569721115537
575,Baltimore City,2426,Baltimore City Precinct 26-002,1008,284,66,1418,2426,1.0,0.4154987633965375,0.5845012366034625,2076,0.1170651277823578,0.02720527617477329,0.8557295960428689
576,Baltimore City,2095,Baltimore City Precinct 26-003,1404,244,143,691,2095,1.0,0.6701670644391408,0.3298329355608592,1708,0.11646778042959427,0.06825775656324583,0.8152744630071599
577,Baltimore County,2668,Baltimore County Precinct 12-010,2310,547,349,358,2668,1.0,0.8658170914542729,0.13418290854572715,1772,0.20502248875562218,0.1308095952023988,0.664167916041979
578,Baltimore County,2639,Baltimore County Precinct 12-008,2315,424,399,324,2639,1.0,0.8772262220538083,0.12277377794619174,1816,0.16066691928760896,0.15119363395225463,0.6881394467601364
579,Baltimore County,3982,Baltimore County Precinct 12-003,3387,600,606,595,3982,1.0,0.8505775991963838,0.14942240080361627,2776,0.15067805123053743,0.15218483174284278,0.6971371170266197
580,Baltimore County,3256,Baltimore County Precinct 12-002,2763,519,414,493,3256,1.0,0.8485872235872236,0.15141277641277642,2323,0.1593980343980344,0.12714987714987716,0.7134520884520884
581,Baltimore City,782,Baltimore City Precinct 26-005,514,109,64,268,782,1.0,0.6572890025575447,0.34271099744245526,609,0.13938618925831203,0.08184143222506395,0.7787723785166241
582,Baltimore City,1623,Baltimore City Precinct 26-004,1098,191,101,525,1623,1.0,0.6765249537892791,0.3234750462107209,1331,0.11768330252618607,0.06223043746149107,0.8200862600123229
583,Baltimore City,1434,Baltimore City Precinct 26-007,799,180,119,635,1434,1.0,0.5571827057182706,0.44281729428172945,1135,0.12552301255230125,0.08298465829846582,0.791492329149233
584,Baltimore City,1562,Baltimore City Precinct 26-014,1050,118,80,512,1562,1.0,0.6722151088348272,0.32778489116517284,1364,0.07554417413572344,0.05121638924455826,0.8732394366197183
585,Baltimore City,1463,Baltimore City Precinct 26-015,116,456,30,1347,1463,1.0,0.07928913192071087,0.9207108680792891,977,0.3116883116883117,0.02050580997949419,0.6678058783321941
586,Baltimore City,4697,Baltimore City Precinct 26-029,597,1086,71,4100,4697,1.0,0.12710240579093038,0.8728975942090696,3540,0.2312114115392804,0.015116031509474133,0.7536725569512455
587,Baltimore County,2846,Baltimore County Precinct 12-001,2343,390,400,503,2846,1.0,0.8232607167955025,0.17673928320449753,2056,0.13703443429374562,0.14054813773717498,0.7224174279690794
588,Baltimore County,4204,Baltimore County Precinct 12-007,3764,720,676,440,4204,1.0,0.8953377735490009,0.10466222645099905,2808,0.17126546146527116,0.16079923882017128,0.6679352997145576
589,Baltimore County,3540,Baltimore County Precinct 12-006,2774,514,371,766,3540,1.0,0.7836158192090396,0.21638418079096045,2655,0.14519774011299436,0.10480225988700564,0.75
590,Baltimore County,3308,Baltimore County Precinct 12-005,2994,581,519,314,3308,1.0,0.9050785973397824,0.09492140266021766,2208,0.1756348246674728,0.1568923821039903,0.6674727932285369
591,Baltimore County,4898,Baltimore County Precinct 12-004,4398,742,762,500,4898,1.0,0.897917517354022,0.10208248264597795,3394,0.15149040424663127,0.15557370355247038,0.6929358922008984
592,Baltimore County,2424,Baltimore County Precinct 15-001,1845,338,208,579,2424,1.0,0.7611386138613861,0.23886138613861385,1878,0.13943894389438943,0.0858085808580858,0.7747524752475248
593,Baltimore County,3263,Baltimore County Precinct 15-002,2829,602,563,434,3263,1.0,0.8669935642047196,0.1330064357952804,2098,0.18449279803861476,0.172540606803555,0.6429665951578302
594,Baltimore County,1177,Baltimore County Precinct 15-014,1054,187,237,123,1177,1.0,0.8954970263381479,0.10450297366185217,753,0.1588785046728972,0.20135938827527614,0.6397621070518267
595,Anne Arundel,2234,Anne Arundel Precinct 03-013,2120,478,783,114,2234,1.0,0.9489704565801254,0.051029543419874666,973,0.21396598030438674,0.3504923903312444,0.43554162936436885
596,Anne Arundel,2342,Anne Arundel Precinct 03-018,2095,493,761,247,2342,1.0,0.894534585824082,0.10546541417591802,1088,0.21050384286934246,0.32493595217762594,0.4645602049530316
597,Anne Arundel,2290,Anne Arundel Precinct 03-016,2008,413,538,282,2290,1.0,0.8768558951965065,0.12314410480349346,1339,0.18034934497816593,0.2349344978165939,0.5847161572052402
598,Anne Arundel,2081,Anne Arundel Precinct 03-001,1849,399,556,232,2081,1.0,0.8885151369533878,0.1114848630466122,1126,0.1917347429120615,0.2671792407496396,0.5410860163382989
599,Anne Arundel,3428,Anne Arundel Precinct 03-003,2995,581,759,433,3428,1.0,0.8736872812135356,0.1263127187864644,2088,0.16948658109684947,0.22141190198366395,0.6091015169194866
600,Anne Arundel,2683,Anne Arundel Precinct 03-021,2255,491,558,428,2683,1.0,0.8404770778978755,0.1595229221021245,1634,0.18300409988818486,0.20797614610510623,0.6090197540067089
601,Anne Arundel,2353,Anne Arundel Precinct 03-007,2050,480,511,303,2353,1.0,0.8712282192945177,0.12877178070548237,1362,0.20399490012749683,0.21716957076073098,0.5788355291117722
602,Anne Arundel,1767,Anne Arundel Precinct 03-020,1677,378,544,90,1767,1.0,0.9490662139219015,0.050933786078098474,845,0.21392190152801357,0.3078664402942841,0.47821165817770234
603,Anne Arundel,2826,Anne Arundel Precinct 03-024,2556,525,609,270,2826,1.0,0.9044585987261147,0.09554140127388536,1692,0.18577494692144372,0.21549893842887474,0.5987261146496815
604,Anne Arundel,2071,Anne Arundel Precinct 03-019,1963,410,688,108,2071,1.0,0.9478512795750845,0.0521487204249155,973,0.19797199420569772,0.33220666344760985,0.4698213423466924
605,Anne Arundel,1896,Anne Arundel Precinct 03-014,1804,363,477,92,1896,1.0,0.9514767932489452,0.04852320675105485,1056,0.19145569620253164,0.25158227848101267,0.5569620253164557
606,Anne Arundel,1673,Anne Arundel Precinct 03-002,1598,337,352,75,1673,1.0,0.9551703526598924,0.04482964734010759,984,0.20143454871488345,0.21040047818290497,0.5881649731022116
607,Anne Arundel,2247,Anne Arundel Precinct 03-010,2134,496,741,113,2247,1.0,0.94971072541166,0.05028927458834001,1010,0.22073876279483756,0.32977303070761016,0.4494882064975523
608,Anne Arundel,2451,Anne Arundel Precinct 03-011,2354,561,818,97,2451,1.0,0.9604243166054671,0.039575683394532844,1072,0.22888616891064872,0.33374133006935947,0.43737250101999187
609,Anne Arundel,1573,Anne Arundel Precinct 03-015,1519,373,581,54,1573,1.0,0.9656706929434202,0.034329307056579786,619,0.23712650985378259,0.3693579148124603,0.39351557533375714
610,Anne Arundel,2235,Anne Arundel Precinct 03-012,2128,473,753,107,2235,1.0,0.9521252796420582,0.04787472035794183,1009,0.2116331096196868,0.33691275167785234,0.45145413870246087
611,Baltimore County,1456,Baltimore County Precinct 12-009,1157,181,149,299,1456,1.0,0.7946428571428571,0.20535714285714285,1126,0.12431318681318682,0.10233516483516483,0.7733516483516484
612,Baltimore County,4122,Baltimore County Precinct 12-011,3270,663,488,852,4122,1.0,0.7933042212518195,0.2066957787481805,2971,0.16084425036390101,0.11838913148956817,0.7207666181465308
613,Baltimore County,1905,Baltimore County Precinct 12-013,167,542,20,1738,1905,1.0,0.08766404199475065,0.9123359580052494,1343,0.2845144356955381,0.010498687664041995,0.7049868766404199
614,Queen Anne's,2329,Queen Anne's Precinct 04-006,2231,641,817,98,2329,1.0,0.9579218548733361,0.0420781451266638,871,0.27522541863460714,0.3507943323314727,0.37398024903392013
615,Queen Anne's,2722,Queen Anne's Precinct 04-001,2538,654,807,184,2722,1.0,0.9324026451138868,0.06759735488611315,1261,0.2402645113886848,0.2964731814842028,0.4632623071271124
616,Anne Arundel,1837,Anne Arundel Precinct 05-014,1658,412,465,179,1837,1.0,0.9025585193249864,0.09744148067501361,960,0.22427871529667937,0.25313010342950465,0.522591181273816
617,Anne Arundel,1098,Anne Arundel Precinct 05-034,1013,312,320,85,1098,1.0,0.9225865209471766,0.07741347905282331,466,0.28415300546448086,0.29143897996357016,0.424408014571949
618,Anne Arundel,1456,Anne Arundel Precinct 05-016,1317,316,347,139,1456,1.0,0.904532967032967,0.09546703296703296,793,0.21703296703296704,0.23832417582417584,0.5446428571428571
619,Anne Arundel,1144,Anne Arundel Precinct 05-009,1105,303,344,39,1144,1.0,0.9659090909090909,0.03409090909090909,497,0.26486013986013984,0.3006993006993007,0.4344405594405594
620,Anne Arundel,1735,Anne Arundel Precinct 03-023,1629,408,515,106,1735,1.0,0.9389048991354467,0.06109510086455332,812,0.23515850144092218,0.2968299711815562,0.4680115273775216
621,Anne Arundel,999,Anne Arundel Precinct 05-010,929,216,289,70,999,1.0,0.92992992992993,0.07007007007007007,494,0.21621621621621623,0.28928928928928926,0.4944944944944945
622,Anne Arundel,1854,Anne Arundel Precinct 03-022,1472,476,486,382,1854,1.0,0.7939590075512406,0.20604099244875945,892,0.25674217907227614,0.2621359223300971,0.4811218985976268
623,Anne Arundel,2079,Anne Arundel Precinct 03-017,1958,392,665,121,2079,1.0,0.9417989417989417,0.0582010582010582,1022,0.18855218855218855,0.31986531986531985,0.49158249158249157
624,Anne Arundel,1898,Anne Arundel Precinct 05-011,1645,501,501,253,1898,1.0,0.8667017913593256,0.1332982086406744,896,0.26396206533192834,0.26396206533192834,0.4720758693361433
625,Anne Arundel,2039,Anne Arundel Precinct 05-004,1832,558,540,207,2039,1.0,0.8984796468857283,0.1015203531142717,941,0.27366356056890634,0.26483570377636095,0.4615007356547327
626,Anne Arundel,1847,Anne Arundel Precinct 05-005,1625,554,452,222,1847,1.0,0.8798050893340552,0.12019491066594477,841,0.2999458581483487,0.24472116946399566,0.45533297238765563
627,Anne Arundel,1366,Anne Arundel Precinct 05-023,1291,434,330,75,1366,1.0,0.945095168374817,0.05490483162518302,602,0.31771595900439237,0.24158125915080528,0.4407027818448023
628,Anne Arundel,1716,Anne Arundel Precinct 05-003,1503,443,474,213,1716,1.0,0.8758741258741258,0.12412587412587413,799,0.25815850815850816,0.2762237762237762,0.46561771561771564
629,Anne Arundel,2381,Anne Arundel Precinct 05-026,1899,987,854,482,2381,1.0,0.7975640487190256,0.20243595128097439,540,0.4145317093658127,0.3586728265434691,0.22679546409071819
630,Anne Arundel,2632,Anne Arundel Precinct 05-021,2196,702,676,436,2632,1.0,0.8343465045592705,0.1656534954407295,1254,0.26671732522796354,0.256838905775076,0.4764437689969605
631,Anne Arundel,1760,Anne Arundel Precinct 06-030,1534,586,426,226,1760,1.0,0.8715909090909091,0.12840909090909092,748,0.33295454545454545,0.24204545454545454,0.425
632,Anne Arundel,1526,Anne Arundel Precinct 06-025,1416,480,484,110,1526,1.0,0.927916120576671,0.07208387942332896,562,0.3145478374836173,0.31716906946264745,0.36828309305373524
633,Anne Arundel,1818,Anne Arundel Precinct 05-020,1541,495,454,277,1818,1.0,0.8476347634763476,0.15236523652365236,869,0.2722772277227723,0.24972497249724973,0.47799779977997797
634,Anne Arundel,1940,Anne Arundel Precinct 05-028,1748,255,252,192,1940,1.0,0.9010309278350516,0.09896907216494845,1433,0.13144329896907217,0.12989690721649486,0.738659793814433
635,Anne Arundel,1531,Anne Arundel Precinct 05-027,1364,472,491,167,1531,1.0,0.8909209666884389,0.10907903331156107,568,0.3082952318745918,0.3207054212932724,0.37099934683213587
636,Anne Arundel,1702,Anne Arundel Precinct 05-013,1627,512,583,75,1702,1.0,0.9559341950646298,0.04406580493537015,607,0.3008225616921269,0.3425381903642773,0.35663924794359575
637,Anne Arundel,2718,Anne Arundel Precinct 05-018,2265,562,544,453,2718,1.0,0.8333333333333334,0.16666666666666666,1612,0.20676968359087564,0.20014716703458427,0.5930831493745401
638,Anne Arundel,2136,Anne Arundel Precinct 05-022,1936,594,600,200,2136,1.0,0.9063670411985019,0.09363295880149813,942,0.27808988764044945,0.2808988764044944,0.4410112359550562
639,Anne Arundel,2178,Anne Arundel Precinct 05-001,1856,626,769,322,2178,1.0,0.852157943067034,0.14784205693296604,783,0.2874196510560147,0.3530762167125803,0.359504132231405
640,Anne Arundel,2073,Anne Arundel Precinct 05-017,1891,659,622,182,2073,1.0,0.9122045344910757,0.08779546550892427,792,0.31789676796912686,0.30004823926676316,0.38205499276411
641,Anne Arundel,2525,Anne Arundel Precinct 05-002,2062,701,629,463,2525,1.0,0.8166336633663366,0.18336633663366336,1195,0.27762376237623765,0.2491089108910891,0.47326732673267324
642,Prince George's,2195,Prince George's Precinct 14-003,1525,562,381,670,2195,1.0,0.6947608200455581,0.3052391799544419,1252,0.2560364464692483,0.17357630979498861,0.5703872437357631
643,Prince George's,3107,Prince George's Precinct 14-009,934,1160,298,2173,3107,1.0,0.30061152236884453,0.6993884776311554,1649,0.3733504988735114,0.09591245574509173,0.5307370453813969
644,Prince George's,3658,Prince George's Precinct 14-011,1034,868,335,2624,3658,1.0,0.2826681246582832,0.7173318753417168,2455,0.23728813559322035,0.09158009841443411,0.6711317659923456
645,Prince George's,2812,Prince George's Precinct 14-005,1565,687,376,1247,2812,1.0,0.5565433854907539,0.44345661450924606,1749,0.24431009957325747,0.1337126600284495,0.621977240398293
646,Prince George's,1482,Prince George's Precinct 07-017,301,610,69,1181,1482,1.0,0.20310391363022942,0.7968960863697706,803,0.4116059379217274,0.0465587044534413,0.5418353576248313
647,Prince George's,2094,Prince George's Precinct 07-003,1459,512,436,635,2094,1.0,0.6967526265520535,0.3032473734479465,1146,0.24450811843361986,0.2082139446036294,0.5472779369627507
648,Prince George's,3594,Prince George's Precinct 07-010,650,1394,236,2944,3594,1.0,0.1808569838619922,0.8191430161380078,1964,0.38786867000556485,0.06566499721758487,0.5464663327768503
649,Prince George's,1540,Prince George's Precinct 07-002,1095,378,326,445,1540,1.0,0.711038961038961,0.288961038961039,836,0.24545454545454545,0.21168831168831168,0.5428571428571428
650,Prince George's,2018,Prince George's Precinct 14-004,1357,502,385,661,2018,1.0,0.6724479682854311,0.32755203171456887,1131,0.2487611496531219,0.19078295341922696,0.5604558969276512
651,Prince George's,2095,Prince George's Precinct 07-004,1404,516,391,691,2095,1.0,0.6701670644391408,0.3298329355608592,1188,0.24630071599045347,0.18663484486873508,0.5670644391408115
652,Prince George's,1545,Prince George's Precinct 14-006,1146,348,354,399,1545,1.0,0.7417475728155339,0.258252427184466,843,0.22524271844660193,0.229126213592233,0.545631067961165
653,Prince George's,2933,Prince George's Precinct 07-007,962,1054,250,1971,2933,1.0,0.32799181725196047,0.6720081827480395,1629,0.35935901807023524,0.08523695874531197,0.5554040231844528
654,Anne Arundel,1620,Anne Arundel Precinct 07-026,1426,531,600,194,1620,1.0,0.8802469135802469,0.11975308641975309,489,0.3277777777777778,0.37037037037037035,0.30185185185185187
655,Anne Arundel,2128,Anne Arundel Precinct 04-010,1684,88,60,444,2128,1.0,0.7913533834586466,0.20864661654135339,1980,0.041353383458646614,0.02819548872180451,0.9304511278195489
656,Anne Arundel,2733,Anne Arundel Precinct 04-016,2032,456,348,701,2733,1.0,0.743505305525064,0.25649469447493595,1929,0.1668496158068057,0.12733260153677278,0.7058177826564215
657,Anne Arundel,1530,Anne Arundel Precinct 07-014,1357,454,438,173,1530,1.0,0.8869281045751634,0.1130718954248366,638,0.29673202614379085,0.28627450980392155,0.4169934640522876
658,Anne Arundel,2243,Anne Arundel Precinct 07-016,1754,584,444,489,2243,1.0,0.7819884083816317,0.21801159161836825,1215,0.2603655818100758,0.19794917521176994,0.5416852429781542
659,Anne Arundel,1864,Anne Arundel Precinct 07-015,1650,613,576,214,1864,1.0,0.8851931330472103,0.1148068669527897,675,0.328862660944206,0.3090128755364807,0.3621244635193133
660,Anne Arundel,2124,Anne Arundel Precinct 07-018,1735,514,559,389,2124,1.0,0.8168549905838042,0.18314500941619585,1051,0.24199623352165725,0.2631826741996234,0.4948210922787194
661,Anne Arundel,3122,Anne Arundel Precinct 04-023,2305,664,678,817,3122,1.0,0.7383087764253684,0.26169122357463165,1780,0.21268417680973734,0.21716848174247277,0.5701473414477899
662,Anne Arundel,2399,Anne Arundel Precinct 04-022,1498,522,341,901,2399,1.0,0.6244268445185494,0.3755731554814506,1536,0.21759066277615674,0.1421425593997499,0.6402667778240934
663,Anne Arundel,1929,Anne Arundel Precinct 04-008,1617,463,519,312,1929,1.0,0.838258164852255,0.16174183514774496,947,0.24002073613271124,0.2690513219284603,0.4909279419388284
664,Anne Arundel,2249,Anne Arundel Precinct 07-008,1808,464,562,441,2249,1.0,0.8039128501556247,0.19608714984437528,1223,0.20631391729657625,0.2498888394842152,0.5437972432192085
665,Anne Arundel,2263,Anne Arundel Precinct 07-007,2076,497,707,187,2263,1.0,0.9173663278833407,0.0826336721166593,1059,0.21961997348652232,0.312417145382236,0.46796288113124174
666,Anne Arundel,1835,Anne Arundel Precinct 07-004,1530,409,495,305,1835,1.0,0.8337874659400545,0.16621253405994552,931,0.22288828337874658,0.26975476839237056,0.5073569482288829
667,Anne Arundel,2323,Anne Arundel Precinct 07-011,1990,152,243,333,2323,1.0,0.8566508824795523,0.14334911752044768,1928,0.0654326302195437,0.10460611278519157,0.8299612569952648
668,Anne Arundel,1203,Anne Arundel Precinct 07-027,977,514,667,226,1203,1.0,0.8121363258520365,0.18786367414796343,22,0.42726517040731504,0.5544472152950956,0.01828761429758936
669,Anne Arundel,2006,Anne Arundel Precinct 07-013,1841,545,728,165,2006,1.0,0.9177467597208375,0.08225324027916252,733,0.2716849451645065,0.3629112662013958,0.3654037886340977
670,Anne Arundel,2140,Anne Arundel Precinct 07-022,1966,422,710,174,2140,1.0,0.9186915887850468,0.08130841121495327,1008,0.197196261682243,0.3317757009345794,0.47102803738317756
671,Anne Arundel,2009,Anne Arundel Precinct 07-017,1700,311,359,309,2009,1.0,0.8461921353907417,0.15380786460925833,1339,0.15480338476854155,0.17869586859133899,0.6665007466401195
672,Anne Arundel,1853,Anne Arundel Precinct 07-020,1435,443,358,418,1853,1.0,0.7744198596869941,0.22558014031300594,1052,0.2390717754991905,0.19320021586616298,0.5677280086346466
673,Anne Arundel,2151,Anne Arundel Precinct 07-024,1764,548,693,387,2151,1.0,0.8200836820083682,0.1799163179916318,910,0.2547652254765225,0.32217573221757323,0.42305904230590424
674,Anne Arundel,2719,Anne Arundel Precinct 04-021,1999,723,726,720,2719,1.0,0.7351967635159985,0.26480323648400145,1270,0.2659065833026848,0.26700993012136814,0.46708348657594706
675,Anne Arundel,1631,Anne Arundel Precinct 06-028,1259,407,476,372,1631,1.0,0.7719190680564071,0.22808093194359289,748,0.24954015941140403,0.2918454935622318,0.45861434702636417
676,Anne Arundel,2014,Anne Arundel Precinct 04-004,1753,552,643,261,2014,1.0,0.8704071499503475,0.12959285004965243,819,0.2740814299900695,0.31926514399205563,0.40665342601787485
677,Anne Arundel,1699,Anne Arundel Precinct 07-023,1518,553,714,181,1699,1.0,0.8934667451442024,0.10653325485579752,432,0.32548557975279574,0.42024720423778694,0.2542672160094173
678,Anne Arundel,2203,Anne Arundel Precinct 07-012,2057,352,343,146,2203,1.0,0.9337267362687245,0.06627326373127554,1508,0.15978211529732184,0.15569677712210622,0.6845211075805719
679,Anne Arundel,1374,Anne Arundel Precinct 06-020,1317,460,364,57,1374,1.0,0.9585152838427947,0.04148471615720524,550,0.33478893740902477,0.264919941775837,0.4002911208151383
680,Anne Arundel,2873,Anne Arundel Precinct 07-005,2447,668,736,426,2873,1.0,0.8517229376957883,0.14827706230421162,1469,0.2325095718760877,0.2561782109293422,0.5113122171945701
681,Anne Arundel,2103,Anne Arundel Precinct 06-019,1955,594,598,148,2103,1.0,0.9296243461721351,0.07037565382786495,911,0.28245363766048504,0.2843556823585354,0.43319067998097954
682,Anne Arundel,1864,Anne Arundel Precinct 06-026,1752,614,702,112,1864,1.0,0.9399141630901288,0.060085836909871244,548,0.3293991416309013,0.37660944206008584,0.2939914163090129
683,Anne Arundel,1098,Anne Arundel Precinct 06-027,991,265,336,107,1098,1.0,0.9025500910746812,0.09744990892531877,497,0.24134790528233152,0.30601092896174864,0.45264116575591984
684,Anne Arundel,2583,Anne Arundel Precinct 04-015,2338,735,812,245,2583,1.0,0.9051490514905149,0.0948509485094851,1036,0.2845528455284553,0.3143631436314363,0.4010840108401084
685,Anne Arundel,3191,Anne Arundel Precinct 06-021,2803,664,670,388,3191,1.0,0.8784080225634597,0.12159197743654027,1857,0.20808523973675963,0.20996552804763396,0.5819492322156063
686,Anne Arundel,1255,Anne Arundel Precinct 06-031,1182,420,492,73,1255,1.0,0.9418326693227091,0.05816733067729084,343,0.3346613545816733,0.39203187250996013,0.2733067729083665
687,Anne Arundel,3699,Anne Arundel Precinct 04-006,1002,1076,205,2697,3699,1.0,0.2708840227088402,0.7291159772911597,2418,0.29088942957556096,0.05542038388753717,0.6536901865369019
688,Howard,1703,Howard Precinct 06-007,920,359,180,783,1703,1.0,0.540223135642983,0.45977686435701703,1164,0.21080446271285966,0.10569583088667057,0.6834997064004698
689,Howard,3903,Howard Precinct 06-029,1974,1250,543,1929,3903,1.0,0.5057647963105304,0.49423520368946966,2110,0.32026646169613116,0.13912375096079937,0.5406097873430694
690,Howard,1011,Howard Precinct 06-030,438,318,108,573,1011,1.0,0.4332344213649852,0.5667655786350149,585,0.314540059347181,0.10682492581602374,0.5786350148367952
691,Howard,2972,Howard Precinct 01-006,1817,483,314,1155,2972,1.0,0.6113728129205922,0.3886271870794078,2175,0.16251682368775236,0.10565275908479138,0.7318304172274562
692,Anne Arundel,5212,Anne Arundel Precinct 01-023,1471,174,67,3741,5212,1.0,0.28223330775134303,0.717766692248657,4971,0.03338449731389102,0.012854950115118956,0.95376055257099
693,Anne Arundel,5070,Anne Arundel Precinct 01-022,3022,1242,795,2048,5070,1.0,0.5960552268244576,0.4039447731755424,3033,0.24497041420118343,0.15680473372781065,0.598224852071006
694,Howard,4044,Howard Precinct 01-015,1543,1071,442,2501,4044,1.0,0.3815529179030663,0.6184470820969338,2531,0.26483679525222553,0.109297725024728,0.6258654797230465
695,Anne Arundel,2020,Anne Arundel Precinct 04-020,1529,471,370,491,2020,1.0,0.7569306930693069,0.24306930693069306,1179,0.23316831683168318,0.18316831683168316,0.5836633663366336
696,Anne Arundel,1510,Anne Arundel Precinct 04-005,1100,351,244,410,1510,1.0,0.7284768211920529,0.271523178807947,915,0.2324503311258278,0.16158940397350993,0.6059602649006622
697,Anne Arundel,1589,Anne Arundel Precinct 06-024,1066,612,308,523,1589,1.0,0.670862177470107,0.329137822529893,669,0.38514789175582126,0.19383259911894274,0.421019509125236
698,Anne Arundel,1801,Anne Arundel Precinct 06-010,1437,279,269,364,1801,1.0,0.7978900610771793,0.20210993892282064,1253,0.15491393670183232,0.14936146585230428,0.6957245974458635
699,Anne Arundel,2354,Anne Arundel Precinct 06-003,448,507,76,1906,2354,1.0,0.1903143585386576,0.8096856414613424,1771,0.21537807986406118,0.03228547153780799,0.7523364485981309
700,Anne Arundel,3339,Anne Arundel Precinct 06-022,2543,558,514,796,3339,1.0,0.7616052710392333,0.2383947289607667,2267,0.16711590296495957,0.1539383048817011,0.6789457921533393
701,Anne Arundel,2337,Anne Arundel Precinct 06-014,603,707,168,1734,2337,1.0,0.25802310654685495,0.7419768934531451,1462,0.3025246041934104,0.07188703465982028,0.6255883611467694
702,Anne Arundel,1784,Anne Arundel Precinct 06-004,869,217,70,915,1784,1.0,0.48710762331838564,0.5128923766816144,1497,0.12163677130044843,0.03923766816143498,0.8391255605381166
703,Anne Arundel,1134,Anne Arundel Precinct 06-013,492,409,142,642,1134,1.0,0.43386243386243384,0.5661375661375662,583,0.36067019400352734,0.12522045855379188,0.5141093474426808
704,Anne Arundel,1646,Anne Arundel Precinct 06-002,1480,640,467,166,1646,1.0,0.8991494532199271,0.10085054678007291,539,0.3888213851761847,0.28371810449574725,0.32746051032806806
705,Anne Arundel,1709,Anne Arundel Precinct 06-009,1578,544,391,131,1709,1.0,0.9233469865418373,0.07665301345816267,774,0.318314803978935,0.22878876535985956,0.4528964306612054
706,Anne Arundel,1407,Anne Arundel Precinct 06-005,1154,336,353,253,1407,1.0,0.820184790334044,0.17981520966595593,718,0.23880597014925373,0.2508884150675195,0.5103056147832267
707,Anne Arundel,1924,Anne Arundel Precinct 06-006,397,332,89,1527,1924,1.0,0.20634095634095634,0.7936590436590436,1503,0.17255717255717257,0.04625779625779626,0.7811850311850311
708,Anne Arundel,1590,Anne Arundel Precinct 06-023,1409,594,348,181,1590,1.0,0.8861635220125786,0.11383647798742139,648,0.37358490566037733,0.2188679245283019,0.4075471698113208
709,Anne Arundel,2555,Anne Arundel Precinct 06-017,1841,514,336,714,2555,1.0,0.7205479452054795,0.27945205479452057,1705,0.20117416829745596,0.13150684931506848,0.6673189823874756
710,Anne Arundel,1846,Anne Arundel Precinct 06-007,1193,344,171,653,1846,1.0,0.6462621885157096,0.35373781148429034,1331,0.18634886240520043,0.09263271939328277,0.7210184182015168
711,Anne Arundel,2292,Anne Arundel Precinct 06-015,921,437,202,1371,2292,1.0,0.4018324607329843,0.5981675392670157,1653,0.19066317626527052,0.0881326352530541,0.7212041884816754
712,Anne Arundel,1228,Anne Arundel Precinct 06-016,525,321,95,703,1228,1.0,0.42752442996742673,0.5724755700325733,812,0.26140065146579805,0.07736156351791532,0.6612377850162866
713,Anne Arundel,2314,Anne Arundel Precinct 06-001,1951,849,517,363,2314,1.0,0.8431287813310285,0.15687121866897147,948,0.3668971477960242,0.22342264477095938,0.4096802074330164
714,Anne Arundel,2135,Anne Arundel Precinct 06-012,1373,616,354,762,2135,1.0,0.6430913348946136,0.35690866510538644,1165,0.28852459016393445,0.16580796252927402,0.5456674473067916
715,Anne Arundel,1420,Anne Arundel Precinct 06-008,1092,613,323,328,1420,1.0,0.7690140845070422,0.23098591549295774,484,0.4316901408450704,0.22746478873239437,0.3408450704225352
716,Anne Arundel,2303,Anne Arundel Precinct 06-018,1977,605,429,326,2303,1.0,0.8584455058619193,0.14155449413808077,1269,0.2627008250108554,0.1862787668258793,0.5510204081632653
717,Anne Arundel,6313,Anne Arundel Precinct 06-011,4882,367,226,1431,6313,1.0,0.7733248851576113,0.22667511484238873,5720,0.058134009187391096,0.035799144622208144,0.9060668461904008
718,Anne Arundel,1104,Anne Arundel Precinct 06-029,958,322,354,146,1104,1.0,0.8677536231884058,0.1322463768115942,428,0.2916666666666667,0.32065217391304346,0.38768115942028986
719,Prince George's,2532,Prince George's Precinct 05-012,333,1225,146,2199,2532,1.0,0.13151658767772512,0.8684834123222749,1161,0.48380726698262244,0.05766192733017378,0.4585308056872038
720,Charles,3857,Charles Precinct 01-001,2541,738,641,1316,3857,1.0,0.6588021778584392,0.3411978221415608,2478,0.19134042001555612,0.16619134042001554,0.6424682395644283
721,Charles,3570,Charles Precinct 06-002,2072,981,666,1498,3570,1.0,0.5803921568627451,0.4196078431372549,1923,0.2747899159663866,0.1865546218487395,0.5386554621848739
722,Charles,1581,Charles Precinct 06-003,476,758,183,1105,1581,1.0,0.3010752688172043,0.6989247311827957,640,0.4794433902593295,0.1157495256166983,0.40480708412397215
723,Charles,1855,Charles Precinct 06-019,983,629,376,872,1855,1.0,0.5299191374663073,0.47008086253369274,850,0.3390835579514825,0.20269541778975741,0.4582210242587601
724,Charles,2458,Charles Precinct 06-004,796,1052,225,1662,2458,1.0,0.32384052074857606,0.676159479251424,1181,0.42799023596419855,0.09153783563873068,0.4804719283970708
725,Charles,1494,Charles Precinct 06-020,801,387,218,693,1494,1.0,0.536144578313253,0.463855421686747,889,0.25903614457831325,0.1459170013386881,0.5950468540829986
726,Charles,1968,Charles Precinct 06-010,596,1173,273,1372,1968,1.0,0.30284552845528456,0.6971544715447154,522,0.5960365853658537,0.13871951219512196,0.2652439024390244
727,Charles,1478,Charles Precinct 06-021,501,499,170,977,1478,1.0,0.33897158322056836,0.6610284167794317,809,0.3376184032476319,0.11502029769959404,0.547361299052774
728,Charles,3773,Charles Precinct 06-013,1407,1081,451,2366,3773,1.0,0.37291280148423006,0.62708719851577,2241,0.28650940895838856,0.119533527696793,0.5939570633448185
729,Prince George's,2131,Prince George's Precinct 05-008,1047,728,287,1084,2131,1.0,0.4913186297512905,0.5086813702487095,1116,0.341623650868137,0.1346785546691694,0.5236977944626936
730,Prince George's,3225,Prince George's Precinct 05-007,467,1414,216,2758,3225,1.0,0.1448062015503876,0.8551937984496124,1595,0.43844961240310076,0.06697674418604652,0.4945736434108527
731,Prince George's,1984,Prince George's Precinct 05-002,266,902,96,1718,1984,1.0,0.13407258064516128,0.8659274193548387,986,0.45463709677419356,0.04838709677419355,0.4969758064516129
732,Prince George's,2501,Prince George's Precinct 12-014,295,922,136,2206,2501,1.0,0.11795281887245102,0.882047181127549,1443,0.36865253898440625,0.05437824870051979,0.5769692123150739
733,Prince George's,3254,Prince George's Precinct 12-010,477,1193,171,2777,3254,1.0,0.14658881376767055,0.8534111862323295,1890,0.36662569145666873,0.052550706822372464,0.5808236017209588
734,Prince George's,3255,Prince George's Precinct 05-005,506,1434,193,2749,3255,1.0,0.1554531490015361,0.8445468509984639,1628,0.44055299539170506,0.059293394777265744,0.5001536098310292
735,Prince George's,1334,Prince George's Precinct 05-010,244,413,85,1090,1334,1.0,0.18290854572713644,0.8170914542728636,836,0.3095952023988006,0.06371814092953523,0.6266866566716641
736,Prince George's,522,Prince George's Precinct 05-009,88,215,47,434,522,1.0,0.1685823754789272,0.8314176245210728,260,0.4118773946360153,0.09003831417624521,0.49808429118773945
737,Prince George's,3343,Prince George's Precinct 05-001,752,1695,242,2591,3343,1.0,0.2249476518097517,0.7750523481902483,1406,0.5070296141190548,0.07239006880047862,0.42058031708046667
738,Prince George's,2929,Prince George's Precinct 05-004,274,1228,94,2655,2929,1.0,0.09354728576305907,0.906452714236941,1607,0.4192557186753158,0.03209286445885968,0.5486514168658245
739,Prince George's,2112,Prince George's Precinct 05-011,181,842,85,1931,2112,1.0,0.08570075757575757,0.9142992424242424,1185,0.39867424242424243,0.04024621212121212,0.5610795454545454
740,Prince George's,2992,Prince George's Precinct 05-006,233,1133,116,2759,2992,1.0,0.07787433155080214,0.9221256684491979,1743,0.3786764705882353,0.03877005347593583,0.5825534759358288
741,Prince George's,3474,Prince George's Precinct 12-005,353,978,123,3121,3474,1.0,0.10161197466896948,0.8983880253310305,2373,0.2815198618307427,0.03540587219343696,0.6830742659758203
742,Prince George's,2412,Prince George's Precinct 12-001,299,510,104,2113,2412,1.0,0.12396351575456054,0.8760364842454395,1798,0.21144278606965175,0.04311774461028192,0.7454394693200663
743,Prince George's,4027,Prince George's Precinct 12-011,258,1275,107,3769,4027,1.0,0.06406754407747703,0.9359324559225229,2645,0.31661286317357834,0.0265706481251552,0.6568164887012664
744,Prince George's,2706,Prince George's Precinct 05-003,217,1028,109,2489,2706,1.0,0.08019216555801921,0.9198078344419808,1569,0.37989652623798964,0.04028085735402809,0.5798226164079823
745,Dorchester,352,Dorchester Precinct 03-002,175,100,56,177,352,1.0,0.4971590909090909,0.5028409090909091,196,0.2840909090909091,0.1590909090909091,0.5568181818181818
746,Wicomico,723,Wicomico Precinct 01-002,643,213,265,80,723,1.0,0.8893499308437067,0.11065006915629322,245,0.2946058091286307,0.3665283540802213,0.338865836791148
747,Dorchester,2143,Dorchester Precinct 14-001,1953,414,437,190,2143,1.0,0.9113392440503967,0.08866075594960336,1292,0.19318712085860942,0.20391973868408772,0.6028931404573028
748,Dorchester,1584,Dorchester Precinct 02-001,1461,355,399,123,1584,1.0,0.9223484848484849,0.07765151515151515,830,0.22411616161616163,0.2518939393939394,0.523989898989899
749,Dorchester,445,Dorchester Precinct 02-002,249,123,75,196,445,1.0,0.5595505617977528,0.4404494382022472,247,0.27640449438202247,0.16853932584269662,0.5550561797752809
750,Dorchester,2140,Dorchester Precinct 15-001,1678,469,392,462,2140,1.0,0.7841121495327102,0.21588785046728973,1279,0.2191588785046729,0.18317757009345795,0.5976635514018691
751,Caroline,3115,Caroline Precinct 04-001,2572,702,641,543,3115,1.0,0.8256821829855537,0.17431781701444624,1772,0.22536115569823434,0.2057784911717496,0.568860353130016
752,Dorchester,1210,Dorchester Precinct 15-003,472,408,131,738,1210,1.0,0.39008264462809916,0.6099173553719008,671,0.3371900826446281,0.10826446280991736,0.5545454545454546
753,Dorchester,1557,Dorchester Precinct 01-001,1369,252,409,188,1557,1.0,0.8792549775208734,0.12074502247912652,896,0.16184971098265896,0.262684649967887,0.575465639049454
754,Dorchester,128,Dorchester Precinct 15-002,105,29,22,23,128,1.0,0.8203125,0.1796875,77,0.2265625,0.171875,0.6015625
755,Dorchester,506,Dorchester Precinct 12-002,213,99,36,293,506,1.0,0.4209486166007905,0.5790513833992095,371,0.1956521739130435,0.07114624505928854,0.733201581027668
756,Dorchester,387,Dorchester Precinct 12-001,270,77,65,117,387,1.0,0.6976744186046512,0.3023255813953488,245,0.19896640826873385,0.16795865633074936,0.6330749354005168
757,Caroline,3507,Caroline Precinct 05-001,2406,587,496,1101,3507,1.0,0.6860564585115483,0.31394354148845166,2424,0.16737952666096378,0.14143142286854862,0.6911890504704876
758,Caroline,1652,Caroline Precinct 08-001,1474,321,375,178,1652,1.0,0.8922518159806295,0.10774818401937046,956,0.19430992736077482,0.22699757869249396,0.5786924939467313
759,Wicomico,1986,Wicomico Precinct 02-001,1571,343,639,415,1986,1.0,0.7910372608257804,0.20896273917421954,1004,0.17270896273917422,0.3217522658610272,0.5055387713997986
760,Wicomico,3096,Wicomico Precinct 16-001,2295,453,532,801,3096,1.0,0.7412790697674418,0.25872093023255816,2111,0.14631782945736435,0.17183462532299743,0.6818475452196382
761,Wicomico,2299,Wicomico Precinct 09-005,1878,307,318,421,2299,1.0,0.8168769030013049,0.18312309699869508,1674,0.13353632013919095,0.13832100913440626,0.7281426707264028
762,Wicomico,2337,Wicomico Precinct 09-003,1743,332,72,594,2337,1.0,0.7458279845956355,0.25417201540436457,1933,0.14206247325631152,0.03080872913992298,0.8271287976037656
763,Wicomico,2879,Wicomico Precinct 09-006,698,803,1174,2181,2879,1.0,0.24244529350468913,0.7575547064953109,902,0.27891629037860366,0.4077804793331018,0.31330323028829454
764,Wicomico,126,Wicomico Precinct 15-002,114,52,73,12,126,1.1363636363636365,0.9047619047619048,0.09523809523809523,1,0.4126984126984127,0.5793650793650794,0.007936507936507936
765,Wicomico,527,Wicomico Precinct 01-003,431,107,296,96,527,1.0,0.8178368121442126,0.18216318785578747,124,0.2030360531309298,0.5616698292220114,0.23529411764705882
766,Wicomico,584,Wicomico Precinct 10-002,542,19,26,42,584,1.0,0.928082191780822,0.07191780821917808,539,0.032534246575342464,0.04452054794520548,0.922945205479452
767,Wicomico,435,Wicomico Precinct 10-001,171,215,160,264,435,1.0,0.3931034482758621,0.6068965517241379,60,0.4942528735632184,0.367816091954023,0.13793103448275862
768,Anne Arundel,1446,Anne Arundel Precinct 05-007,1323,422,507,123,1446,1.0,0.9149377593360996,0.08506224066390042,517,0.2918395573997234,0.3506224066390041,0.3575380359612725
769,Anne Arundel,1348,Anne Arundel Precinct 02-013,1068,361,353,280,1348,1.0,0.7922848664688428,0.20771513353115728,634,0.2678041543026706,0.26186943620178044,0.47032640949554894
770,Anne Arundel,1465,Anne Arundel Precinct 05-024,1398,386,524,67,1465,1.0,0.9542662116040955,0.04573378839590444,555,0.26348122866894197,0.357679180887372,0.378839590443686
771,Anne Arundel,918,Anne Arundel Precinct 05-029,841,217,256,77,918,1.0,0.9161220043572985,0.08387799564270153,445,0.23638344226579522,0.2788671023965142,0.48474945533769065
772,Anne Arundel,1829,Anne Arundel Precinct 05-025,1691,379,457,138,1829,1.0,0.9245489338436303,0.0754510661563696,993,0.2072170585019136,0.2498633132859486,0.5429196282121378
773,Anne Arundel,1771,Anne Arundel Precinct 05-008,1550,516,529,221,1771,1.0,0.8752117447769622,0.12478825522303783,726,0.29136081309994355,0.2987012987012987,0.40993788819875776
774,Anne Arundel,512,Anne Arundel Precinct 05-032,276,186,120,236,512,1.0,0.5390625,0.4609375,206,0.36328125,0.234375,0.40234375
775,Anne Arundel,1378,Anne Arundel Precinct 05-006,1331,462,414,47,1378,1.0,0.9658925979680697,0.034107402031930335,502,0.3352685050798258,0.30043541364296084,0.36429608127721336
776,Anne Arundel,1402,Anne Arundel Precinct 05-012,1244,307,383,158,1402,1.0,0.8873038516405135,0.11269614835948645,712,0.21897289586305277,0.2731811697574893,0.5078459343794579
777,Anne Arundel,956,Anne Arundel Precinct 05-030,750,206,273,206,956,1.0,0.7845188284518828,0.21548117154811716,477,0.21548117154811716,0.28556485355648537,0.4989539748953975
778,Anne Arundel,1159,Anne Arundel Precinct 03-009,1038,242,324,121,1159,1.0,0.8955996548748921,0.10440034512510785,593,0.2088006902502157,0.27955133735979293,0.5116479723899914
779,Anne Arundel,2203,Anne Arundel Precinct 03-005,1873,484,599,330,2203,1.0,0.8502042669087608,0.14979573309123922,1120,0.21970040853381753,0.27190195188379485,0.5083976395823877
780,Anne Arundel,584,Anne Arundel Precinct 05-031,419,122,118,165,584,1.0,0.7174657534246576,0.2825342465753425,344,0.2089041095890411,0.20205479452054795,0.589041095890411
781,Anne Arundel,2474,Anne Arundel Precinct 02-020,1732,471,410,742,2474,1.0,0.7000808407437349,0.29991915925626517,1593,0.19037995149555376,0.16572352465642684,0.6438965238480194
782,Anne Arundel,1793,Anne Arundel Precinct 02-011,1380,267,267,413,1793,1.0,0.769659788064696,0.23034021193530396,1259,0.14891243725599554,0.14891243725599554,0.702175125488009
783,Anne Arundel,2031,Anne Arundel Precinct 02-012,1669,266,279,362,2031,1.0,0.8217626784835057,0.17823732151649435,1486,0.1309699655342196,0.13737075332348597,0.7316592811422944
784,Anne Arundel,3219,Anne Arundel Precinct 02-019,1615,497,224,1604,3219,1.0,0.501708605156881,0.49829139484311896,2498,0.15439577508543026,0.06958682820751787,0.7760173967070518
785,Anne Arundel,3140,Anne Arundel Precinct 03-008,2252,616,425,888,3140,1.0,0.7171974522292993,0.28280254777070063,2099,0.1961783439490446,0.13535031847133758,0.6684713375796179
786,Anne Arundel,2930,Anne Arundel Precinct 02-010,2396,421,510,534,2930,1.0,0.8177474402730376,0.18225255972696247,1999,0.14368600682593857,0.17406143344709898,0.6822525597269624
787,Anne Arundel,3008,Anne Arundel Precinct 02-022,2642,507,530,366,3008,1.0,0.8783244680851063,0.12167553191489362,1971,0.1685505319148936,0.1761968085106383,0.6552526595744681
788,Anne Arundel,2034,Anne Arundel Precinct 03-025,1099,510,246,935,2034,1.0,0.54031465093412,0.45968534906588004,1278,0.25073746312684364,0.12094395280235988,0.6283185840707964
789,Anne Arundel,3117,Anne Arundel Precinct 03-004,2564,537,691,553,3117,1.0,0.8225858196984279,0.17741418030157202,1889,0.17228103946102022,0.2216875200513314,0.6060314404876483
790,Anne Arundel,3560,Anne Arundel Precinct 03-006,2742,1266,1173,818,3560,1.0,0.7702247191011236,0.22977528089887642,1121,0.3556179775280899,0.3294943820224719,0.3148876404494382
791,Anne Arundel,1490,Anne Arundel Precinct 01-002,1350,435,483,140,1490,1.0,0.9060402684563759,0.09395973154362416,572,0.29194630872483224,0.32416107382550335,0.3838926174496644
792,Anne Arundel,1231,Anne Arundel Precinct 01-011,1154,315,398,77,1231,1.0,0.9374492282696995,0.06255077173030058,518,0.255889520714866,0.3233143785540211,0.4207961007311129
793,Anne Arundel,1787,Anne Arundel Precinct 01-007,1593,393,428,194,1787,1.0,0.8914381645215445,0.1085618354784555,966,0.21992165640738667,0.2395075545607163,0.540570789031897
794,Anne Arundel,1878,Anne Arundel Precinct 01-001,1569,526,463,309,1878,1.0,0.8354632587859425,0.1645367412140575,889,0.28008519701810436,0.24653887113951012,0.4733759318423855
795,Anne Arundel,1406,Anne Arundel Precinct 01-010,1312,431,382,94,1406,1.0,0.9331436699857752,0.06685633001422475,593,0.30654338549075394,0.2716927453769559,0.4217638691322902
796,Baltimore County,1239,Baltimore County Precinct 13-006,980,201,179,259,1239,1.0,0.7909604519774012,0.20903954802259886,859,0.162227602905569,0.14447134786117838,0.6933010492332526
797,Baltimore County,2979,Baltimore County Precinct 13-007,1367,441,210,1612,2979,1.0,0.4588788183954347,0.5411211816045652,2328,0.14803625377643503,0.07049345417925479,0.7814702920443102
798,Baltimore County,5380,Baltimore County Precinct 13-009,3849,853,583,1531,5380,1.0,0.7154275092936803,0.2845724907063197,3944,0.15855018587360595,0.108364312267658,0.7330855018587361
799,Anne Arundel,2426,Anne Arundel Precinct 01-008,2132,523,563,294,2426,1.0,0.8788128606760099,0.12118713932399011,1340,0.21558120362737015,0.23206924979389942,0.5523495465787304
800,Anne Arundel,2202,Anne Arundel Precinct 01-004,1450,583,234,752,2202,1.0,0.6584922797456857,0.34150772025431425,1385,0.2647593097184378,0.10626702997275204,0.6289736603088102
801,Anne Arundel,2201,Anne Arundel Precinct 01-014,1607,416,375,594,2201,1.0,0.7301226715129486,0.2698773284870513,1410,0.1890049977283053,0.1703771013175829,0.6406179009541118
802,Anne Arundel,4021,Anne Arundel Precinct 01-012,1909,656,215,2112,4021,1.0,0.4747575230042278,0.5252424769957722,3150,0.1631434966426262,0.05346928624720219,0.7833872171101716
803,Anne Arundel,2018,Anne Arundel Precinct 01-015,1685,515,339,333,2018,1.0,0.8349851337958375,0.16501486620416253,1164,0.25520317145688803,0.16798810703666997,0.576808721506442
804,Baltimore County,2262,Baltimore County Precinct 13-008,1953,397,433,309,2262,1.0,0.863395225464191,0.13660477453580902,1432,0.1755083996463307,0.1914235190097259,0.6330680813439434
805,Baltimore City,3265,Baltimore City Precinct 25-005,822,520,77,2443,3265,1.0,0.2517611026033691,0.748238897396631,2668,0.15926493108728942,0.02358346094946401,0.8171516079632466
806,Anne Arundel,1443,Anne Arundel Precinct 01-013,1092,254,148,351,1443,1.0,0.7567567567567568,0.24324324324324326,1041,0.176022176022176,0.10256410256410256,0.7214137214137214
807,Baltimore City,2660,Baltimore City Precinct 25-008,74,510,25,2586,2660,1.0,0.027819548872180452,0.9721804511278196,2125,0.19172932330827067,0.009398496240601503,0.7988721804511278
808,Baltimore City,1089,Baltimore City Precinct 25-009,9,333,11,1080,1089,1.0,0.008264462809917356,0.9917355371900827,745,0.30578512396694213,0.010101010101010102,0.6841138659320477
809,Baltimore City,1595,Baltimore City Precinct 25-010,46,374,16,1549,1595,1.0,0.02884012539184953,0.9711598746081505,1205,0.23448275862068965,0.010031347962382446,0.7554858934169278
810,Baltimore City,3555,Baltimore City Precinct 25-003,2570,506,287,985,3555,1.0,0.7229254571026723,0.2770745428973277,2762,0.14233473980309425,0.08073136427566807,0.7769338959212377
811,Baltimore City,929,Baltimore City Precinct 20-009,527,137,39,402,929,1.0,0.5672766415500539,0.4327233584499462,753,0.147470398277718,0.04198062432723358,0.8105489773950484
812,Baltimore City,1049,Baltimore City Precinct 20-005,28,298,10,1021,1049,1.0,0.02669208770257388,0.9733079122974261,741,0.2840800762631077,0.009532888465204958,0.7063870352716873
813,Baltimore City,3568,Baltimore City Precinct 25-004,2774,394,236,794,3568,1.0,0.7774663677130045,0.22253363228699552,2938,0.11042600896860987,0.06614349775784753,0.8234304932735426
814,Baltimore City,756,Baltimore City Precinct 20-010,333,87,18,423,756,1.0,0.44047619047619047,0.5595238095238095,651,0.11507936507936507,0.023809523809523808,0.8611111111111112
815,Baltimore City,2322,Baltimore City Precinct 20-003,54,456,14,2268,2322,1.0,0.023255813953488372,0.9767441860465116,1852,0.19638242894056848,0.006029285099052541,0.797588285960379
816,Baltimore City,2303,Baltimore City Precinct 20-011,848,236,50,1455,2303,1.0,0.36821537125488496,0.6317846287451151,2017,0.10247503256621798,0.021710811984368215,0.8758141554494138
817,Baltimore City,950,Baltimore City Precinct 20-002,70,158,11,880,950,1.0,0.07368421052631578,0.9263157894736842,781,0.16631578947368422,0.011578947368421053,0.8221052631578948
818,Baltimore City,1760,Baltimore City Precinct 16-013,14,438,20,1746,1760,1.0,0.007954545454545454,0.9920454545454546,1302,0.24886363636363637,0.011363636363636364,0.7397727272727272
819,Baltimore City,1950,Baltimore City Precinct 16-012,10,529,25,1940,1950,1.0,0.005128205128205128,0.9948717948717949,1396,0.2712820512820513,0.01282051282051282,0.7158974358974359
820,Baltimore City,240,Baltimore City Precinct 20-004,4,72,5,236,240,1.0,0.016666666666666666,0.9833333333333333,163,0.3,0.020833333333333332,0.6791666666666667
821,Baltimore City,1495,Baltimore City Precinct 16-008,24,252,6,1471,1495,1.0,0.016053511705685617,0.9839464882943144,1237,0.16856187290969898,0.004013377926421404,0.8274247491638796
822,Baltimore City,901,Baltimore City Precinct 26-031,516,218,101,385,901,1.0,0.5726970033296337,0.42730299667036625,582,0.24195338512763595,0.1120976692563818,0.6459489456159823
823,Baltimore County,2920,Baltimore County Precinct 14-011,1954,627,371,966,2920,1.0,0.6691780821917809,0.3308219178082192,1922,0.21472602739726027,0.12705479452054794,0.6582191780821918
824,Baltimore County,2766,Baltimore County Precinct 14-007,2061,723,462,705,2766,1.0,0.745119305856833,0.25488069414316705,1581,0.2613882863340564,0.16702819956616052,0.571583514099783
825,Baltimore County,3521,Baltimore County Precinct 14-008,1352,1192,329,2169,3521,1.0,0.38398182334564046,0.6160181766543595,2000,0.3385401874467481,0.09343936381709742,0.5680204487361545
826,Baltimore City,2719,Baltimore City Precinct 27-008,1192,781,183,1527,2719,1.0,0.4383964692901802,0.5616035307098198,1755,0.2872379551305627,0.06730415593968371,0.6454578889297535
827,Baltimore City,2670,Baltimore City Precinct 27-011,1688,800,279,982,2670,1.0,0.6322097378277154,0.36779026217228467,1591,0.299625468164794,0.10449438202247191,0.5958801498127341
828,Baltimore City,842,Baltimore City Precinct 27-010,645,210,105,197,842,1.0,0.7660332541567696,0.2339667458432304,527,0.2494061757719715,0.12470308788598575,0.6258907363420427
829,Baltimore County,4086,Baltimore County Precinct 09-022,3162,1137,662,924,4086,1.0,0.7738619676945668,0.2261380323054332,2287,0.27826725403817915,0.16201664219285364,0.5597161037689672
830,Baltimore County,2181,Baltimore County Precinct 14-012,1973,590,530,208,2181,1.0,0.9046309032553874,0.09536909674461257,1061,0.27051811095827605,0.24300779458963778,0.4864740944520862
831,Baltimore County,723,Baltimore County Precinct 14-014,485,172,89,238,723,1.0,0.6708160442600276,0.32918395573997233,462,0.23789764868603042,0.12309820193637622,0.6390041493775933
832,Baltimore County,3444,Baltimore County Precinct 14-006,2936,1014,750,508,3444,1.0,0.8524970963995354,0.14750290360046459,1680,0.29442508710801396,0.21777003484320556,0.4878048780487805
833,Baltimore County,2262,Baltimore County Precinct 14-001,2044,627,530,218,2262,1.0,0.9036251105216623,0.09637488947833775,1105,0.27718832891246686,0.23430592396109637,0.4885057471264368
834,Baltimore County,2561,Baltimore County Precinct 14-010,1869,779,408,692,2561,1.0,0.7297930495900039,0.2702069504099961,1374,0.304178055447091,0.15931276844982428,0.5365091761030847
835,Baltimore County,4471,Baltimore County Precinct 14-009,1738,1169,391,2733,4471,1.0,0.38872735405949455,0.6112726459405055,2911,0.2614627600089465,0.08745247148288973,0.6510847685081638
836,Baltimore County,1191,Baltimore County Precinct 14-005,540,158,63,651,1191,1.0,0.4534005037783375,0.5465994962216625,970,0.13266162888329136,0.05289672544080604,0.8144416456759026
837,Baltimore County,2619,Baltimore County Precinct 11-016,1527,386,215,1092,2619,1.0,0.5830469644902635,0.41695303550973656,2018,0.14738449789996183,0.08209240168003054,0.7705231004200076
838,Baltimore County,4063,Baltimore County Precinct 14-002,2593,1036,735,1470,4063,1.0,0.6381983755845434,0.36180162441545655,2292,0.2549840019689884,0.18090081220772827,0.5641151858232832
839,Baltimore County,3933,Baltimore County Precinct 11-011,2948,812,702,985,3933,1.0,0.7495550470378846,0.25044495296211544,2419,0.20645817442156114,0.17848970251716248,0.6150521230612764
840,Baltimore County,3413,Baltimore County Precinct 09-023,2320,842,522,1093,3413,1.0,0.6797538822150601,0.32024611778493994,2049,0.246703779665983,0.15294462349838853,0.6003515968356284
841,Baltimore County,2956,Baltimore County Precinct 09-025,2214,714,533,742,2956,1.0,0.7489851150202977,0.2510148849797023,1709,0.24154262516914748,0.18031123139377536,0.5781461434370772
842,Baltimore County,2895,Baltimore County Precinct 11-009,2192,741,553,703,2895,1.0,0.7571675302245251,0.24283246977547496,1601,0.2559585492227979,0.1910189982728843,0.5530224525043178
843,Baltimore County,3895,Baltimore County Precinct 09-024,3019,1178,819,876,3895,1.0,0.7750962772785622,0.22490372272143774,1898,0.3024390243902439,0.21026957637997432,0.48729139922978176
844,Baltimore County,3694,Baltimore County Precinct 11-015,3631,744,554,63,3694,1.0,0.9829453167298322,0.01705468327016784,2396,0.2014076881429345,0.14997292907417434,0.6486193827828912
845,Baltimore County,731,Baltimore County Precinct 11-021,560,173,123,171,731,1.0,0.7660738714090287,0.23392612859097128,435,0.23666210670314639,0.16826265389876882,0.5950752393980848
846,Baltimore County,2824,Baltimore County Precinct 11-008,2388,535,562,436,2824,1.0,0.8456090651558074,0.15439093484419264,1727,0.18944759206798867,0.1990084985835694,0.6115439093484419
847,Baltimore County,3720,Baltimore County Precinct 11-010,2780,808,576,940,3720,1.0,0.7473118279569892,0.25268817204301075,2336,0.2172043010752688,0.15483870967741936,0.6279569892473118
848,Baltimore County,1942,Baltimore County Precinct 11-018,1553,187,183,389,1942,1.0,0.7996910401647785,0.20030895983522143,1572,0.09629248197734294,0.09423274974253347,0.8094747682801235
849,Baltimore County,3460,Baltimore County Precinct 11-017,2820,859,774,640,3460,1.0,0.815028901734104,0.18497109826589594,1827,0.24826589595375723,0.22369942196531792,0.5280346820809249
850,Baltimore County,2630,Baltimore County Precinct 15-003,2325,576,529,305,2630,1.0,0.8840304182509505,0.11596958174904944,1525,0.21901140684410647,0.2011406844106464,0.5798479087452472
851,Baltimore County,3634,Baltimore County Precinct 14-013,1814,625,328,1820,3634,1.0,0.4991744634012108,0.5008255365987893,2681,0.17198679141441936,0.09025866813428729,0.7377545404512933
852,Baltimore County,3333,Baltimore County Precinct 15-011,2680,639,497,653,3333,1.0,0.804080408040804,0.19591959195919592,2197,0.19171917191719173,0.1491149114911491,0.6591659165916591
853,Baltimore County,343,Baltimore County Precinct 14-004,274,135,95,69,343,1.0,0.7988338192419825,0.20116618075801748,113,0.3935860058309038,0.27696793002915454,0.3294460641399417
854,Dorchester,232,Dorchester Precinct 04-001,207,63,51,25,232,1.0,0.8922413793103449,0.10775862068965517,118,0.27155172413793105,0.21982758620689655,0.5086206896551724
855,Dorchester,427,Dorchester Precinct 16-001,400,89,155,27,427,1.0,0.936768149882904,0.06323185011709602,183,0.20843091334894615,0.3629976580796253,0.42857142857142855
856,Dorchester,271,Dorchester Precinct 05-001,247,84,51,24,271,1.0,0.9114391143911439,0.08856088560885608,136,0.30996309963099633,0.1881918819188192,0.5018450184501845
857,Dorchester,544,Dorchester Precinct 09-001,469,186,160,75,544,1.0,0.8621323529411765,0.13786764705882354,198,0.34191176470588236,0.29411764705882354,0.3639705882352941
858,Dorchester,182,Dorchester Precinct 13-001,166,66,65,16,182,1.0,0.9120879120879121,0.08791208791208792,51,0.3626373626373626,0.35714285714285715,0.2802197802197802
859,Dorchester,801,Dorchester Precinct 08-001,769,262,191,32,801,1.0,0.9600499375780275,0.039950062421972535,348,0.32709113607990015,0.23845193508114856,0.4344569288389513
860,Talbot,724,Talbot Precinct 02-002,701,237,197,23,724,1.0,0.9682320441988951,0.031767955801104975,290,0.32734806629834257,0.27209944751381215,0.4005524861878453
861,Talbot,2603,Talbot Precinct 02-001,2274,863,546,329,2603,1.0,0.8736073761044948,0.12639262389550518,1194,0.33154053015751056,0.2097579715712639,0.4587014982712255
862,Talbot,1245,Talbot Precinct 02-003,1065,422,353,180,1245,1.0,0.8554216867469879,0.14457831325301204,470,0.3389558232931727,0.28353413654618476,0.37751004016064255
863,Dorchester,834,Dorchester Precinct 07-003,668,219,166,166,834,1.0,0.8009592326139089,0.19904076738609114,449,0.26258992805755393,0.19904076738609114,0.5383693045563549
864,Dorchester,3660,Dorchester Precinct 07-002,756,954,99,2904,3660,1.0,0.20655737704918034,0.7934426229508197,2607,0.260655737704918,0.027049180327868853,0.7122950819672131
865,Dorchester,2964,Dorchester Precinct 07-006,2484,791,505,480,2964,1.0,0.8380566801619433,0.16194331983805668,1668,0.26686909581646423,0.1703778677462888,0.562753036437247
866,Dorchester,2345,Dorchester Precinct 07-001,1564,427,246,781,2345,1.0,0.6669509594882729,0.33304904051172707,1672,0.18208955223880596,0.10490405117270789,0.7130063965884862
867,Dorchester,768,Dorchester Precinct 07-004,446,150,58,322,768,1.0,0.5807291666666666,0.4192708333333333,560,0.1953125,0.07552083333333333,0.7291666666666666
868,Dorchester,197,Dorchester Precinct 07-007,79,105,18,118,197,1.0,0.4010152284263959,0.5989847715736041,74,0.5329949238578681,0.09137055837563451,0.3756345177664975
869,Dorchester,351,Dorchester Precinct 07-005,167,63,16,184,351,1.0,0.4757834757834758,0.5242165242165242,272,0.1794871794871795,0.045584045584045586,0.7749287749287749
870,Talbot,2495,Talbot Precinct 03-001,1972,734,619,523,2495,1.0,0.790380761523046,0.2096192384769539,1142,0.294188376753507,0.24809619238476954,0.45771543086172345
871,Talbot,1083,Talbot Precinct 03-003,997,447,349,86,1083,1.0,0.9205909510618652,0.07940904893813482,287,0.41274238227146814,0.322253000923361,0.26500461680517085
872,Talbot,4545,Talbot Precinct 01-001,3472,1189,820,1073,4545,1.0,0.7639163916391639,0.23608360836083608,2536,0.2616061606160616,0.18041804180418042,0.557975797579758
873,Talbot,3290,Talbot Precinct 01-003,2061,848,489,1229,3290,1.0,0.6264437689969605,0.37355623100303953,1953,0.25775075987841944,0.14863221884498481,0.5936170212765958
874,Talbot,5989,Talbot Precinct 01-002,4606,1487,904,1383,5989,1.0,0.7690766405075973,0.23092335949240275,3598,0.24828852896977793,0.1509433962264151,0.600768074803807
875,Somerset,1960,Somerset Precinct 07-001,1282,420,346,678,1960,1.0,0.6540816326530612,0.34591836734693876,1194,0.21428571428571427,0.17653061224489797,0.6091836734693877
876,Baltimore City,1038,Baltimore City Precinct 12-011,130,249,25,908,1038,1.0,0.1252408477842004,0.8747591522157996,764,0.2398843930635838,0.024084778420038536,0.7360308285163777
877,Baltimore City,1718,Baltimore City Precinct 12-008,988,484,45,730,1718,1.0,0.5750873108265425,0.42491268917345754,1189,0.2817229336437718,0.02619324796274738,0.6920838183934808
878,Baltimore City,1916,Baltimore City Precinct 12-010,382,430,25,1534,1916,1.0,0.19937369519832984,0.8006263048016702,1461,0.2244258872651357,0.013048016701461378,0.7625260960334029
879,Anne Arundel,3468,Anne Arundel Precinct 01-018,2157,717,345,1311,3468,1.0,0.6219723183391004,0.3780276816608997,2406,0.20674740484429066,0.09948096885813149,0.6937716262975778
880,Anne Arundel,1823,Anne Arundel Precinct 01-017,1402,321,232,421,1823,1.0,0.7690619857377948,0.23093801426220514,1270,0.17608337904552934,0.1272627537026879,0.6966538672517828
881,Anne Arundel,2523,Anne Arundel Precinct 01-016,1828,451,309,695,2523,1.0,0.724534284581847,0.275465715418153,1763,0.17875544986127626,0.12247324613555291,0.6987713040031708
882,Baltimore City,1139,Baltimore City Precinct 25-011,672,126,71,467,1139,1.0,0.5899912203687445,0.4100087796312555,942,0.1106233538191396,0.06233538191395961,0.8270412642669008
883,Baltimore City,2273,Baltimore City Precinct 25-012,1279,240,117,994,2273,1.0,0.5626924769027717,0.4373075230972283,1916,0.10558732952045755,0.051473823141223056,0.8429388473383194
884,Baltimore City,1483,Baltimore City Precinct 25-014,468,196,34,1015,1483,1.0,0.3155765340525961,0.6844234659474039,1253,0.13216453135536074,0.022926500337154418,0.8449089683074849
885,Baltimore City,1262,Baltimore City Precinct 25-013,750,119,41,512,1262,1.0,0.5942947702060222,0.40570522979397783,1102,0.09429477020602219,0.03248811410459588,0.873217115689382
886,Baltimore City,1628,Baltimore City Precinct 25-015,701,195,40,927,1628,1.0,0.4305896805896806,0.5694103194103194,1393,0.11977886977886978,0.02457002457002457,0.8556511056511057
887,Baltimore City,2415,Baltimore City Precinct 25-016,1616,253,94,799,2415,1.0,0.6691511387163561,0.3308488612836439,2068,0.10476190476190476,0.038923395445134575,0.8563146997929607
888,Baltimore City,2673,Baltimore City Precinct 24-004,2448,690,322,225,2673,1.0,0.9158249158249159,0.08417508417508418,1661,0.25813692480359146,0.12046389824167603,0.6213991769547325
889,Baltimore City,878,Baltimore City Precinct 24-002,775,223,116,103,878,1.0,0.8826879271070615,0.11731207289293849,539,0.2539863325740319,0.13211845102505695,0.6138952164009112
890,Baltimore City,722,Baltimore City Precinct 24-001,632,238,115,90,722,1.0,0.8753462603878116,0.12465373961218837,369,0.3296398891966759,0.1592797783933518,0.5110803324099723
891,Baltimore City,1728,Baltimore City Precinct 24-003,1531,520,251,197,1728,1.0,0.8859953703703703,0.11400462962962964,957,0.30092592592592593,0.14525462962962962,0.5538194444444444
892,Baltimore City,1994,Baltimore City Precinct 03-003,1421,388,178,573,1994,1.0,0.7126379137412236,0.28736208625877635,1428,0.1945837512537613,0.08926780341023069,0.7161484453360081
893,Baltimore City,3017,Baltimore City Precinct 24-005,2786,912,552,231,3017,1.0,0.9234338747099768,0.0765661252900232,1553,0.3022870401060656,0.18296320848525024,0.5147497514086842
894,Baltimore City,2635,Baltimore City Precinct 02-003,2167,614,226,468,2635,1.0,0.8223908918406072,0.1776091081593928,1795,0.2330170777988615,0.0857685009487666,0.681214421252372
895,Baltimore City,2074,Baltimore City Precinct 02-002,1402,435,152,672,2074,1.0,0.6759884281581485,0.3240115718418515,1487,0.20973963355834138,0.07328833172613308,0.7169720347155255
896,Baltimore City,2117,Baltimore City Precinct 01-002,1706,560,182,411,2117,1.0,0.8058573452999528,0.19414265470004724,1375,0.26452527161076994,0.08597071327350024,0.6495040151157299
897,Baltimore City,1947,Baltimore City Precinct 01-003,1710,367,217,237,1947,1.0,0.8782742681047766,0.12172573189522343,1363,0.18849512069851052,0.11145351823317926,0.7000513610683102
898,Baltimore City,2617,Baltimore City Precinct 05-001,202,300,17,2415,2617,1.0,0.07718761941153993,0.92281238058846,2300,0.1146350783339702,0.006495987772258311,0.8788689338937715
899,Baltimore City,658,Baltimore City Precinct 10-004,17,167,10,641,658,1.0,0.025835866261398176,0.9741641337386018,481,0.25379939209726443,0.015197568389057751,0.7310030395136778
900,Baltimore City,5665,Baltimore City Precinct 10-003,789,84,7,4876,5665,1.0,0.13927625772285968,0.8607237422771403,5574,0.014827890556045897,0.001235657546337158,0.9839364518976169
901,Baltimore City,836,Baltimore City Precinct 03-002,231,151,16,605,836,1.0,0.27631578947368424,0.7236842105263158,669,0.180622009569378,0.019138755980861243,0.8002392344497608
902,Calvert,2365,Calvert Precinct 01-004,1979,529,789,386,2365,1.0,0.8367864693446089,0.16321353065539113,1047,0.22367864693446088,0.333615221987315,0.4427061310782241
903,Calvert,2363,Calvert Precinct 02-004,1630,661,661,733,2363,1.0,0.6898011002962336,0.3101988997037664,1041,0.2797291578501904,0.2797291578501904,0.44054168429961915
904,Calvert,2969,Calvert Precinct 01-003,2481,484,718,488,2969,1.0,0.8356348939036713,0.16436510609632873,1767,0.16301785112832604,0.24183226675648367,0.5951498821151903
905,Calvert,3541,Calvert Precinct 01-006,2855,569,861,686,3541,1.0,0.806269415419373,0.19373058458062695,2111,0.16068907088393108,0.24315165207568484,0.5961592770403841
906,Calvert,2965,Calvert Precinct 02-005,2571,593,977,394,2965,1.0,0.8671163575042159,0.13288364249578416,1395,0.2,0.3295109612141653,0.47048903878583476
907,Calvert,3099,Calvert Precinct 03-002,2465,602,637,634,3099,1.0,0.7954178767344304,0.20458212326556954,1860,0.19425621168118748,0.20555017747660537,0.6001936108422071
908,Calvert,2398,Calvert Precinct 03-001,2042,534,511,356,2398,1.0,0.8515429524603837,0.14845704753961636,1353,0.2226855713094245,0.21309424520433695,0.5642201834862385
909,Anne Arundel,2629,Anne Arundel Precinct 07-002,2349,639,801,280,2629,1.0,0.893495625713199,0.10650437428680107,1189,0.24305819703309242,0.304678585013313,0.45226321795359453
910,Talbot,757,Talbot Precinct 05-002,734,287,237,23,757,1.0,0.9696169088507266,0.03038309114927345,233,0.37912813738441214,0.3130779392338177,0.30779392338177014
911,Talbot,886,Talbot Precinct 05-001,809,360,200,77,886,1.0,0.9130925507900677,0.08690744920993228,326,0.40632054176072235,0.22573363431151242,0.36794582392776526
912,Dorchester,373,Dorchester Precinct 06-001,350,131,93,23,373,1.0,0.938337801608579,0.06166219839142091,149,0.3512064343163539,0.24932975871313673,0.39946380697050937
913,Baltimore City,2765,Baltimore City Precinct 07-004,124,466,25,2641,2765,1.0,0.04484629294755877,0.9551537070524412,2274,0.16853526220614828,0.009041591320072333,0.8224231464737793
914,Baltimore City,3497,Baltimore City Precinct 26-010,1389,441,142,2108,3497,1.0,0.3971975979410924,0.6028024020589077,2914,0.12610809265084358,0.0406062339147841,0.8332856734343723
915,Baltimore City,923,Baltimore City Precinct 26-012,85,128,9,838,923,1.0,0.09209100758396534,0.9079089924160346,786,0.13867822318526543,0.009750812567713976,0.8515709642470206
916,Baltimore City,3245,Baltimore City Precinct 08-010,18,955,38,3227,3245,1.0,0.005546995377503852,0.9944530046224962,2252,0.2942989214175655,0.011710323574730355,0.6939907550077041
917,Baltimore City,577,Baltimore City Precinct 08-011,13,153,6,564,577,1.0,0.022530329289428077,0.9774696707105719,418,0.2651646447140381,0.010398613518197574,0.7244367417677643
918,Baltimore City,1998,Baltimore City Precinct 08-003,70,436,17,1928,1998,1.0,0.035035035035035036,0.964964964964965,1545,0.2182182182182182,0.00850850850850851,0.7732732732732732
919,Baltimore City,1675,Baltimore City Precinct 26-019,143,481,17,1532,1675,1.0,0.0853731343283582,0.9146268656716418,1177,0.2871641791044776,0.010149253731343283,0.7026865671641791
920,Baltimore City,783,Baltimore City Precinct 26-020,50,223,14,733,783,1.0,0.06385696040868455,0.9361430395913155,546,0.2848020434227331,0.017879948914431672,0.6973180076628352
921,Baltimore City,1709,Baltimore City Precinct 26-011,785,188,64,924,1709,1.0,0.4593329432416618,0.5406670567583383,1457,0.11000585137507314,0.037448800468110006,0.8525453481568168
922,Baltimore City,1355,Baltimore City Precinct 26-013,1074,144,102,281,1355,1.0,0.792619926199262,0.207380073800738,1109,0.10627306273062731,0.07527675276752767,0.818450184501845
923,Baltimore City,339,Baltimore City Precinct 26-017,33,128,9,306,339,1.0,0.09734513274336283,0.9026548672566371,202,0.3775811209439528,0.02654867256637168,0.5958702064896755
924,Baltimore City,2928,Baltimore City Precinct 26-018,256,749,41,2672,2928,1.0,0.08743169398907104,0.912568306010929,2138,0.25580601092896177,0.014002732240437158,0.730191256830601
925,Baltimore City,1249,Baltimore City Precinct 26-016,74,370,11,1175,1249,1.0,0.059247397918334666,0.9407526020816653,868,0.2962369895916733,0.008807045636509208,0.6949559647718174
926,Howard,2116,Howard Precinct 04-004,1753,540,807,363,2116,1.0,0.8284499054820416,0.1715500945179584,769,0.2551984877126654,0.3813799621928166,0.36342155009451793
927,Carroll,6623,Carroll Precinct 14-002,6214,1399,2047,409,6623,1.0,0.9382455080779103,0.061754491922089684,3177,0.21123357994866374,0.3090744375660577,0.47969198248527856
928,Carroll,3192,Carroll Precinct 05-001,2872,814,906,320,3192,1.0,0.899749373433584,0.10025062656641603,1472,0.2550125313283208,0.28383458646616544,0.46115288220551376
929,Carroll,647,Carroll Precinct 05-006,626,199,156,21,647,1.0,0.9675425038639877,0.03245749613601236,292,0.3075734157650695,0.241112828438949,0.45131375579598143
930,Howard,2206,Howard Precinct 03-002,1871,733,879,335,2206,1.0,0.8481414324569356,0.15185856754306437,594,0.3322756119673617,0.3984587488667271,0.2692656391659112
931,Carroll,2786,Carroll Precinct 14-001,2611,705,921,175,2786,1.0,0.9371859296482412,0.06281407035175879,1160,0.25305096913137115,0.33058147882268485,0.416367552045944
932,Carroll,2559,Carroll Precinct 05-005,2276,626,762,283,2559,1.0,0.889409925752247,0.11059007424775302,1171,0.24462680734661976,0.2977725674091442,0.457600625244236
933,Carroll,2727,Carroll Precinct 09-001,2601,821,1257,126,2727,1.0,0.9537953795379538,0.0462046204620462,649,0.30106343967730104,0.46094609460946095,0.23799046571323798
934,Carroll,5574,Carroll Precinct 07-007,5011,1150,1340,563,5574,1.0,0.8989953354861858,0.10100466451381414,3084,0.20631503408683172,0.24040186580552567,0.5532831001076426
935,Carroll,1903,Carroll Precinct 07-008,1759,411,555,144,1903,1.0,0.9243300052548608,0.07566999474513926,937,0.2159747766684183,0.29164477141355755,0.49238045191802415
936,Carroll,960,Carroll Precinct 07-005,945,300,236,15,960,1.0,0.984375,0.015625,424,0.3125,0.24583333333333332,0.44166666666666665
937,Carroll,2365,Carroll Precinct 04-002,2282,515,790,83,2365,1.0,0.9649048625792812,0.03509513742071882,1060,0.21775898520084566,0.33403805496828753,0.44820295983086683
938,Carroll,2537,Carroll Precinct 07-006,2326,560,609,211,2537,1.0,0.9168309026409145,0.08316909735908554,1368,0.22073314938904218,0.24004729996058335,0.5392195506503744
939,Carroll,3647,Carroll Precinct 07-003,3100,580,534,547,3647,1.0,0.8500137098985467,0.14998629010145326,2533,0.15903482314230874,0.14642171647929805,0.6945434603783932
940,Carroll,2385,Carroll Precinct 07-001,2135,336,394,250,2385,1.0,0.8951781970649895,0.10482180293501048,1655,0.14088050314465408,0.16519916142557653,0.6939203354297694
941,Carroll,7644,Carroll Precinct 05-004,6509,1831,2244,1135,7644,1.0,0.8515175300889587,0.14848246991104133,3569,0.23953427524856097,0.29356357927786497,0.46690214547357406
942,Howard,3762,Howard Precinct 03-005,2617,886,858,1145,3762,1.0,0.6956406166932483,0.3043593833067517,2018,0.2355130249867092,0.22807017543859648,0.5364167995746943
943,Carroll,4313,Carroll Precinct 05-002,3922,1254,1601,391,4313,1.0,0.9093438441919778,0.09065615580802226,1458,0.2907488986784141,0.3712033387433341,0.3380477625782518
944,St. Mary's,2003,St. Mary's Precinct 01-002,1697,389,550,306,2003,1.0,0.8472291562656016,0.1527708437343984,1064,0.19420868696954569,0.2745881178232651,0.5312031952071892
945,St. Mary's,3822,St. Mary's Precinct 01-001,3130,541,737,692,3822,1.0,0.8189429618001046,0.18105703819989535,2544,0.14154892726321297,0.19283097854526426,0.6656200941915228
946,Somerset,179,Somerset Precinct 10-001,171,59,37,8,179,1.0,0.9553072625698324,0.0446927374301676,83,0.329608938547486,0.20670391061452514,0.46368715083798884
947,Dorchester,308,Dorchester Precinct 10-001,300,67,57,8,308,1.0,0.974025974025974,0.025974025974025976,184,0.21753246753246752,0.18506493506493507,0.5974025974025974
948,St. Mary's,3575,St. Mary's Precinct 08-003,2427,551,760,1148,3575,1.0,0.6788811188811189,0.3211188811188811,2264,0.1541258741258741,0.2125874125874126,0.6332867132867133
949,St. Mary's,2881,St. Mary's Precinct 08-005,2361,361,694,520,2881,1.0,0.8195071155848663,0.18049288441513364,1826,0.12530371398819853,0.24088858035404373,0.6338077056577577
950,St. Mary's,402,St. Mary's Precinct 08-008,339,94,144,63,402,1.0,0.8432835820895522,0.15671641791044777,164,0.23383084577114427,0.3582089552238806,0.4079601990049751
951,St. Mary's,1160,St. Mary's Precinct 08-010,735,169,169,425,1160,1.0,0.6336206896551724,0.36637931034482757,822,0.1456896551724138,0.1456896551724138,0.7086206896551724
952,St. Mary's,1548,St. Mary's Precinct 08-002,1377,267,513,171,1548,1.0,0.8895348837209303,0.11046511627906977,768,0.17248062015503876,0.3313953488372093,0.49612403100775193
953,St. Mary's,2841,St. Mary's Precinct 06-003,2593,455,1026,248,2841,1.0,0.9127067933826117,0.08729320661738825,1360,0.16015487504399858,0.3611404435058078,0.47870468145019357
954,St. Mary's,2052,St. Mary's Precinct 08-006,1617,273,533,435,2052,1.0,0.7880116959064327,0.21198830409356725,1246,0.13304093567251463,0.2597465886939571,0.6072124756335283
955,Calvert,2874,Calvert Precinct 01-001,2444,646,752,430,2874,1.0,0.8503827418232429,0.14961725817675714,1476,0.22477383437717466,0.2616562282533055,0.5135699373695198
956,Calvert,2535,Calvert Precinct 01-007,2065,603,922,470,2535,1.0,0.814595660749507,0.1854043392504931,1010,0.2378698224852071,0.3637080867850099,0.398422090729783
957,Calvert,3483,Calvert Precinct 01-005,2710,561,860,773,3483,1.0,0.7780648865920183,0.22193511340798164,2062,0.16106804478897502,0.24691358024691357,0.5920183749641114
958,Calvert,3411,Calvert Precinct 01-002,2504,583,616,907,3411,1.0,0.7340955731457051,0.26590442685429494,2212,0.17091761946643214,0.18059220170038112,0.6484901788331867
959,St. Mary's,2376,St. Mary's Precinct 02-002,2085,438,697,291,2376,1.0,0.8775252525252525,0.12247474747474747,1241,0.18434343434343434,0.29335016835016836,0.5223063973063973
960,St. Mary's,2833,St. Mary's Precinct 02-001,2361,521,881,472,2833,1.0,0.8333921637839746,0.1666078362160254,1431,0.1839039887045535,0.3109777620896576,0.505118249205789
961,St. Mary's,3761,St. Mary's Precinct 08-009,1768,557,395,1993,3761,1.0,0.47008774262164316,0.5299122573783568,2809,0.14809890986439778,0.10502525923956395,0.7468758308960383
962,St. Mary's,2579,St. Mary's Precinct 08-007,1260,499,451,1319,2579,1.0,0.48856145792943,0.5114385420705699,1629,0.1934858472276076,0.17487398216362932,0.6316401706087631
963,St. Mary's,3761,St. Mary's Precinct 08-001,2189,448,499,1572,3761,1.0,0.5820260568997607,0.4179739431002393,2814,0.11911725604892316,0.13267747939377825,0.7482052645572986
964,St. Mary's,5431,St. Mary's Precinct 08-004,3460,746,1034,1971,5431,1.0,0.6370834100533972,0.36291658994660286,3651,0.1373596022831891,0.19038851040324065,0.6722518873135702
965,Baltimore County,3555,Baltimore County Precinct 08-011,2068,432,336,1487,3555,1.0,0.5817158931082982,0.4182841068917018,2787,0.12151898734177215,0.09451476793248945,0.7839662447257384
966,Baltimore County,2505,Baltimore County Precinct 08-006,1379,1042,337,1126,2505,1.0,0.550499001996008,0.449500998003992,1126,0.4159680638722555,0.1345309381237525,0.449500998003992
967,Baltimore County,1757,Baltimore County Precinct 08-003,1549,569,390,208,1757,1.0,0.8816163915765509,0.11838360842344905,798,0.32384746727376207,0.221969265793967,0.4541832669322709
968,Baltimore County,2017,Baltimore County Precinct 08-022,1757,702,502,260,2017,1.0,0.8710956866633615,0.12890431333663857,813,0.3480416460089241,0.24888448190381754,0.4030738720872583
969,Baltimore County,2489,Baltimore County Precinct 08-001,2208,665,696,281,2489,1.0,0.8871032543190036,0.11289674568099639,1128,0.26717557251908397,0.27963037364403376,0.45319405383688227
970,Baltimore County,1888,Baltimore County Precinct 08-025,1659,446,432,229,1888,1.0,0.878707627118644,0.12129237288135593,1010,0.23622881355932204,0.2288135593220339,0.534957627118644
971,Baltimore County,2437,Baltimore County Precinct 08-004,2117,834,711,320,2437,1.0,0.8686910135412392,0.13130898645876077,892,0.34222404595814526,0.29175215428805906,0.3660237997537957
972,Baltimore County,1477,Baltimore County Precinct 10-002,1372,459,543,105,1477,1.0,0.9289099526066351,0.07109004739336493,475,0.3107650643195667,0.3676371022342586,0.32159783344617465
973,Baltimore County,1876,Baltimore County Precinct 10-004,1797,545,775,79,1876,1.0,0.9578891257995735,0.04211087420042644,556,0.2905117270788913,0.4131130063965885,0.29637526652452023
974,Baltimore County,3018,Baltimore County Precinct 10-001,2857,834,1032,161,3018,1.0,0.9466534128561962,0.053346587143803845,1152,0.27634194831013914,0.341948310139165,0.3817097415506958
975,Baltimore County,3508,Baltimore County Precinct 05-001,3315,912,1104,193,3508,1.0,0.9449828962371721,0.05501710376282782,1492,0.25997719498289623,0.314709236031927,0.42531356898517675
976,Baltimore County,1975,Baltimore County Precinct 06-001,1875,499,693,100,1975,1.0,0.9493670886075949,0.05063291139240506,783,0.25265822784810127,0.3508860759493671,0.3964556962025316
977,Baltimore County,2338,Baltimore County Precinct 06-002,2220,600,825,118,2338,1.0,0.9495295124037639,0.0504704875962361,913,0.2566295979469632,0.35286569717707444,0.39050470487596234
978,Baltimore County,2472,Baltimore County Precinct 07-003,2274,748,796,198,2472,1.0,0.9199029126213593,0.08009708737864078,928,0.30258899676375406,0.3220064724919094,0.37540453074433655
979,Baltimore County,1071,Baltimore County Precinct 07-002,1032,366,385,39,1071,1.0,0.9635854341736695,0.036414565826330535,320,0.34173669467787116,0.35947712418300654,0.2987861811391223
980,Baltimore County,3153,Baltimore County Precinct 07-001,2987,811,1093,166,3153,1.0,0.9473517285125278,0.05264827148747225,1249,0.2572153504598795,0.3466539803361878,0.39613066920393275
981,St. Mary's,210,St. Mary's Precinct 09-001,181,54,55,29,210,1.0,0.861904761904762,0.1380952380952381,101,0.2571428571428571,0.2619047619047619,0.48095238095238096
982,Baltimore City,2683,Baltimore City Precinct 26-024,242,590,23,2441,2683,1.0,0.09019754006708908,0.9098024599329109,2070,0.21990309355199403,0.008572493477450614,0.7715244129705553
983,Baltimore City,2299,Baltimore City Precinct 26-025,146,352,19,2153,2299,1.0,0.06350587211831231,0.9364941278816877,1928,0.15311004784688995,0.008264462809917356,0.8386254893431927
984,Baltimore City,1812,Baltimore City Precinct 26-026,482,468,77,1330,1812,1.0,0.26600441501103755,0.7339955849889624,1267,0.2582781456953642,0.04249448123620309,0.6992273730684326
985,Baltimore City,2585,Baltimore City Precinct 27-005,1273,756,179,1312,2585,1.0,0.49245647969052225,0.5075435203094778,1650,0.29245647969052224,0.06924564796905222,0.6382978723404256
986,Baltimore City,3355,Baltimore City Precinct 27-006,959,900,133,2396,3355,1.0,0.28584202682563337,0.7141579731743666,2322,0.26825633383010433,0.03964232488822653,0.6921013412816691
987,Baltimore City,780,Baltimore City Precinct 27-019,33,223,9,747,780,1.0,0.04230769230769231,0.9576923076923077,548,0.2858974358974359,0.011538461538461539,0.7025641025641025
988,Baltimore City,2289,Baltimore City Precinct 27-015,400,674,57,1889,2289,1.0,0.17474879860200962,0.8252512013979904,1558,0.2944517256443862,0.02490170380078637,0.6806465705548275
989,Baltimore County,3836,Baltimore County Precinct 09-020,464,1080,94,3372,3836,1.0,0.12095933263816476,0.8790406673618353,2662,0.28154327424400416,0.024504692387904068,0.6939520333680917
990,Baltimore County,2342,Baltimore County Precinct 09-028,897,701,132,1445,2342,1.0,0.38300597779675494,0.6169940222032451,1509,0.29931682322801023,0.05636208368915457,0.6443210930828351
991,Baltimore County,2528,Baltimore County Precinct 09-019,1774,720,408,754,2528,1.0,0.7017405063291139,0.29825949367088606,1400,0.2848101265822785,0.16139240506329114,0.5537974683544303
992,Baltimore City,2647,Baltimore City Precinct 27-014,1453,812,216,1194,2647,1.0,0.5489233094068757,0.4510766905931243,1619,0.3067623724971666,0.08160181337363052,0.6116358141292029
993,Baltimore City,3409,Baltimore City Precinct 27-013,915,739,141,2494,3409,1.0,0.26840715752420063,0.7315928424757994,2529,0.2167791141097096,0.04136110296274567,0.7418597829275447
994,Baltimore City,1492,Baltimore City Precinct 27-009,843,505,126,649,1492,1.0,0.5650134048257373,0.43498659517426275,861,0.33847184986595175,0.08445040214477212,0.5770777479892761
995,Baltimore City,762,Baltimore City Precinct 27-012,550,178,75,212,762,1.0,0.7217847769028871,0.2782152230971129,509,0.2335958005249344,0.0984251968503937,0.6679790026246719
996,Baltimore County,3661,Baltimore County Precinct 09-021,3095,1021,809,566,3661,1.0,0.8453974323955203,0.15460256760447966,1831,0.27888555039606666,0.22097787489756898,0.5001365747063644
997,Baltimore County,2909,Baltimore County Precinct 09-029,2172,144,13,737,2909,1.0,0.7466483327603988,0.25335166723960123,2752,0.049501546923341355,0.00446888965280165,0.946029563423857
998,Baltimore County,2194,Baltimore County Precinct 09-012,1804,610,307,390,2194,1.0,0.8222424794895169,0.17775752051048313,1277,0.2780309936189608,0.13992707383773928,0.5820419325433
999,Baltimore County,2160,Baltimore County Precinct 09-007,1829,762,636,331,2160,1.0,0.8467592592592592,0.15324074074074073,762,0.3527777777777778,0.29444444444444445,0.3527777777777778
1000,Baltimore County,2993,Baltimore County Precinct 09-011,2118,735,282,875,2993,1.0,0.707651186100902,0.2923488138990979,1976,0.24557300367524224,0.09421984630805212,0.6602071500167056
1001,Baltimore County,5056,Baltimore County Precinct 09-010,3865,1488,691,1191,5056,1.0,0.7644382911392406,0.2355617088607595,2877,0.29430379746835444,0.13666930379746836,0.5690268987341772
1002,Baltimore County,1644,Baltimore County Precinct 08-015,1440,664,450,204,1644,1.0,0.8759124087591241,0.12408759124087591,530,0.40389294403892945,0.2737226277372263,0.3223844282238443
1003,Baltimore County,1925,Baltimore County Precinct 08-014,1650,530,362,275,1925,1.0,0.8571428571428571,0.14285714285714285,1033,0.2753246753246753,0.18805194805194805,0.5366233766233767
1004,Baltimore County,2163,Baltimore County Precinct 08-012,1905,814,651,258,2163,1.0,0.8807212205270458,0.11927877947295423,698,0.3763291724456773,0.30097087378640774,0.32269995376791494
1005,Baltimore County,5466,Baltimore County Precinct 08-005,3011,253,230,2455,5466,1.0,0.5508598609586535,0.44914013904134653,4983,0.04628613245517746,0.04207830223197951,0.9116355653128431
1006,Baltimore County,1075,Baltimore County Precinct 09-016,915,385,241,160,1075,1.0,0.8511627906976744,0.14883720930232558,449,0.3581395348837209,0.2241860465116279,0.41767441860465115
1007,Baltimore County,1627,Baltimore County Precinct 09-017,1118,456,216,509,1627,1.0,0.6871542716656422,0.3128457283343577,955,0.2802704363859865,0.13275968039336203,0.5869698832206515
1008,Baltimore County,26,Baltimore County Precinct 09-027,20,4,6,6,26,1.0,0.7692307692307693,0.23076923076923078,16,0.15384615384615385,0.23076923076923078,0.6153846153846154
1009,Baltimore County,2576,Baltimore County Precinct 09-018,1975,696,378,601,2576,1.0,0.7666925465838509,0.23330745341614906,1502,0.2701863354037267,0.14673913043478262,0.5830745341614907
1010,Baltimore County,1631,Baltimore County Precinct 09-009,1412,662,502,219,1631,1.0,0.8657265481299816,0.1342734518700184,467,0.40588595953402823,0.3077866339668915,0.28632740649908034
1011,Baltimore County,1132,Baltimore County Precinct 09-026,975,408,307,157,1132,1.0,0.8613074204946997,0.13869257950530034,417,0.36042402826855124,0.2712014134275618,0.36837455830388693
1012,Baltimore County,1592,Baltimore County Precinct 09-008,1465,620,518,127,1592,1.0,0.9202261306532663,0.07977386934673367,454,0.38944723618090454,0.32537688442211055,0.2851758793969849
1013,Baltimore County,2194,Baltimore County Precinct 08-007,1336,650,337,858,2194,1.0,0.6089334548769371,0.3910665451230629,1207,0.29626253418413856,0.1536007292616226,0.5501367365542388
1014,Baltimore City,751,Baltimore City Precinct 27-037,547,261,84,204,751,1.0,0.7283621837549934,0.27163781624500666,406,0.34753661784287615,0.1118508655126498,0.5406125166444741
1015,Baltimore City,1727,Baltimore City Precinct 27-038,993,453,76,734,1727,1.0,0.57498552403011,0.42501447596989,1198,0.26230457440648525,0.04400694846554719,0.6936884771279676
1016,Baltimore City,1669,Baltimore City Precinct 27-042,1261,696,207,408,1669,1.0,0.7555422408627921,0.2444577591372079,766,0.4170161773517076,0.12402636309167166,0.4589574595566207
1017,Baltimore City,1155,Baltimore City Precinct 27-044,1034,588,131,121,1155,1.0,0.8952380952380953,0.10476190476190476,436,0.509090909090909,0.11341991341991342,0.3774891774891775
1018,Baltimore City,1487,Baltimore City Precinct 27-040,1289,592,251,198,1487,1.0,0.8668459986550101,0.13315400134498992,644,0.3981170141223941,0.16879623402824478,0.43308675184936113
1019,Baltimore City,742,Baltimore City Precinct 27-039,645,383,109,97,742,1.0,0.8692722371967655,0.1307277628032345,250,0.5161725067385444,0.14690026954177898,0.33692722371967654
1020,Baltimore City,1929,Baltimore City Precinct 27-041,1446,726,209,483,1929,1.0,0.749611197511664,0.25038880248833595,994,0.37636080870917576,0.10834629341627787,0.5152928978745464
1021,Baltimore County,3216,Baltimore County Precinct 09-003,2807,1368,577,409,3216,1.0,0.8728233830845771,0.1271766169154229,1271,0.4253731343283582,0.17941542288557213,0.3952114427860697
1022,Baltimore County,3358,Baltimore County Precinct 03-008,2894,1187,414,464,3358,1.0,0.8618225134008338,0.13817748659916618,1757,0.35348421679571174,0.1232876712328767,0.5232281119714115
1023,Baltimore County,2600,Baltimore County Precinct 09-001,2400,945,705,200,2600,1.0,0.9230769230769231,0.07692307692307693,950,0.36346153846153845,0.27115384615384613,0.36538461538461536
1024,Baltimore County,2246,Baltimore County Precinct 08-017,2079,844,617,167,2246,1.0,0.9256455921638468,0.07435440783615316,785,0.3757791629563669,0.2747105966162066,0.3495102404274265
1025,Baltimore County,879,Baltimore County Precinct 08-018,784,335,265,95,879,1.0,0.8919226393629124,0.1080773606370876,279,0.38111490329920367,0.3014789533560865,0.3174061433447099
1026,Baltimore County,2530,Baltimore County Precinct 08-019,2247,717,704,283,2530,1.0,0.8881422924901186,0.11185770750988143,1109,0.283399209486166,0.2782608695652174,0.4383399209486166
1027,Baltimore County,2751,Baltimore County Precinct 08-009,2153,879,822,598,2751,1.0,0.7826245001817521,0.2173754998182479,1050,0.31952017448200654,0.29880043620501634,0.3816793893129771
1028,Baltimore County,2173,Baltimore County Precinct 08-010,1965,796,645,208,2173,1.0,0.9042797975149562,0.09572020248504372,732,0.36631385181776344,0.29682466635987115,0.3368614818223654
1029,Baltimore County,1707,Baltimore County Precinct 08-020,1487,403,330,220,1707,1.0,0.8711189220855302,0.12888107791446984,974,0.23608670181605154,0.19332161687170474,0.5705916813122437
1030,Baltimore County,1541,Baltimore County Precinct 09-002,1463,588,466,78,1541,1.0,0.9493835171966256,0.050616482803374434,487,0.381570408825438,0.30240103828682674,0.31602855288773524
1031,Baltimore County,4116,Baltimore County Precinct 09-004,3440,742,359,676,4116,1.0,0.8357628765792031,0.16423712342079688,3015,0.18027210884353742,0.08722060252672498,0.7325072886297376
1032,Baltimore County,3650,Baltimore County Precinct 09-005,3293,1209,655,357,3650,1.0,0.9021917808219178,0.09780821917808219,1786,0.33123287671232876,0.17945205479452056,0.4893150684931507
1033,Baltimore County,6430,Baltimore County Precinct 09-006,4497,309,139,1933,6430,1.0,0.6993779160186625,0.3006220839813375,5982,0.04805598755832037,0.02161741835147745,0.9303265940902021
1034,Baltimore County,621,Baltimore County Precinct 08-016,526,338,186,95,621,1.0,0.8470209339774557,0.1529790660225443,97,0.5442834138486312,0.2995169082125604,0.15619967793880837
1035,Baltimore County,2667,Baltimore County Precinct 08-013,2348,865,706,319,2667,1.0,0.880389951256093,0.11961004874390702,1096,0.3243344581927259,0.2647169103862017,0.41094863142107235
1036,Baltimore City,1338,Baltimore City Precinct 09-010,254,386,18,1084,1338,1.0,0.1898355754857997,0.8101644245142003,934,0.2884902840059791,0.013452914798206279,0.6980568011958147
1037,Baltimore City,1402,Baltimore City Precinct 09-003,246,448,24,1156,1402,1.0,0.1754636233951498,0.8245363766048502,930,0.3195435092724679,0.017118402282453638,0.6633380884450785
1038,Baltimore City,1166,Baltimore City Precinct 09-002,133,279,18,1033,1166,1.0,0.11406518010291596,0.885934819897084,869,0.23927958833619212,0.015437392795883362,0.7452830188679245
1039,Baltimore City,1002,Baltimore City Precinct 09-009,76,251,12,926,1002,1.0,0.07584830339321358,0.9241516966067864,739,0.250499001996008,0.011976047904191617,0.7375249500998003
1040,Baltimore City,1958,Baltimore City Precinct 09-004,484,759,45,1474,1958,1.0,0.24719101123595505,0.7528089887640449,1154,0.38764044943820225,0.022982635342185902,0.5893769152196119
1041,Baltimore City,1717,Baltimore City Precinct 09-005,367,560,33,1350,1717,1.0,0.21374490390215492,0.786255096097845,1124,0.326150262085032,0.0192195690157251,0.6546301688992429
1042,Baltimore City,782,Baltimore City Precinct 09-001,41,196,6,741,782,1.0,0.052429667519181586,0.9475703324808185,580,0.2506393861892583,0.0076726342710997444,0.7416879795396419
1043,Baltimore City,970,Baltimore City Precinct 27-036,32,250,18,938,970,1.0,0.032989690721649485,0.9670103092783505,702,0.25773195876288657,0.018556701030927835,0.7237113402061855
1044,Baltimore City,3261,Baltimore City Precinct 27-035,98,654,26,3163,3261,1.0,0.03005213124808341,0.9699478687519166,2581,0.20055197792088317,0.007973014412756822,0.79147500766636
1045,Baltimore City,1481,Baltimore City Precinct 27-026,265,333,23,1216,1481,1.0,0.17893315327481432,0.8210668467251857,1125,0.22484807562457798,0.015530047265361242,0.7596218771100608
1046,Baltimore City,1722,Baltimore City Precinct 27-027,33,465,18,1689,1722,1.0,0.01916376306620209,0.980836236933798,1239,0.2700348432055749,0.010452961672473868,0.7195121951219512
1047,Baltimore City,1372,Baltimore City Precinct 27-028,32,359,12,1340,1372,1.0,0.023323615160349854,0.9766763848396501,1001,0.26166180758017493,0.008746355685131196,0.7295918367346939
1048,Baltimore City,858,Baltimore City Precinct 27-029,10,256,12,848,858,1.0,0.011655011655011656,0.9883449883449883,590,0.29836829836829837,0.013986013986013986,0.6876456876456877
1049,Baltimore City,1643,Baltimore City Precinct 09-008,18,357,18,1625,1643,1.0,0.010955569080949483,0.9890444309190505,1268,0.2172854534388314,0.010955569080949483,0.7717589774802192
1050,Baltimore City,1933,Baltimore City Precinct 09-006,142,715,30,1791,1933,1.0,0.0734609415416451,0.9265390584583549,1188,0.36989136057941024,0.015519917227108122,0.6145887221934816
1051,Baltimore City,1819,Baltimore City Precinct 09-007,152,566,19,1667,1819,1.0,0.08356239692138538,0.9164376030786147,1234,0.31115997800989553,0.010445299615173173,0.6783947223749313
1052,Baltimore City,1296,Baltimore City Precinct 27-025,35,382,15,1261,1296,1.0,0.02700617283950617,0.9729938271604939,899,0.29475308641975306,0.011574074074074073,0.6936728395061729
1053,Baltimore City,1047,Baltimore City Precinct 27-024,138,171,4,909,1047,1.0,0.1318051575931232,0.8681948424068768,872,0.16332378223495703,0.0038204393505253103,0.8328557784145176
1054,Baltimore City,588,Baltimore City Precinct 27-023,30,237,8,558,588,1.0,0.05102040816326531,0.9489795918367347,343,0.4030612244897959,0.013605442176870748,0.5833333333333334
1055,Baltimore City,1632,Baltimore City Precinct 27-034,121,486,23,1511,1632,1.0,0.0741421568627451,0.9258578431372549,1123,0.2977941176470588,0.014093137254901961,0.6881127450980392
1056,Baltimore City,2316,Baltimore City Precinct 27-033,564,771,65,1752,2316,1.0,0.24352331606217617,0.7564766839378239,1480,0.3329015544041451,0.028065630397236616,0.6390328151986183
1057,Baltimore City,2778,Baltimore City Precinct 27-032,1010,794,98,1768,2778,1.0,0.36357091432685384,0.6364290856731462,1886,0.28581713462922964,0.035277177825773935,0.6789056875449964
1058,Baltimore County,2581,Baltimore County Precinct 09-014,1807,1028,279,774,2581,1.0,0.7001162340178225,0.2998837659821775,1274,0.39829523440526926,0.10809763657497094,0.4936071290197598
1059,Baltimore County,2145,Baltimore County Precinct 09-013,2025,1019,450,120,2145,1.0,0.9440559440559441,0.055944055944055944,676,0.4750582750582751,0.2097902097902098,0.3151515151515151
1060,Baltimore City,1703,Baltimore City Precinct 27-030,58,423,11,1645,1703,1.0,0.03405754550792719,0.9659424544920728,1269,0.24838520258367586,0.0064591896652965355,0.7451556077510276
1061,Baltimore City,2334,Baltimore City Precinct 27-031,141,739,28,2193,2334,1.0,0.060411311053984576,0.9395886889460154,1567,0.3166238217652099,0.011996572407883462,0.6713796058269066
1062,Baltimore City,2547,Baltimore City Precinct 27-022,207,885,31,2340,2547,1.0,0.0812720848056537,0.9187279151943463,1631,0.3474676089517079,0.012171181782489203,0.6403612092658029
1063,Baltimore City,2765,Baltimore City Precinct 27-021,234,832,29,2531,2765,1.0,0.08462929475587704,0.915370705244123,1904,0.30090415913200724,0.010488245931283906,0.6886075949367089
1064,Baltimore City,2623,Baltimore City Precinct 27-020,377,746,39,2246,2623,1.0,0.14372855508959206,0.856271444910408,1838,0.2844071673656119,0.014868471216164697,0.7007243614182234
1065,Baltimore County,3415,Baltimore County Precinct 09-015,1933,944,289,1482,3415,1.0,0.5660322108345535,0.43396778916544654,2182,0.27642752562225475,0.08462664714494876,0.6389458272327965
1066,Baltimore City,1108,Baltimore City Precinct 08-001,657,37,4,451,1108,1.0,0.5929602888086642,0.40703971119133575,1067,0.033393501805054154,0.0036101083032490976,0.9629963898916968
1067,Baltimore City,1540,Baltimore City Precinct 08-002,183,382,34,1357,1540,1.0,0.11883116883116883,0.8811688311688312,1124,0.24805194805194805,0.02207792207792208,0.7298701298701299
1068,Baltimore City,2756,Baltimore City Precinct 26-021,263,675,33,2493,2756,1.0,0.09542815674891146,0.9045718432510885,2048,0.2449201741654572,0.011973875181422351,0.7431059506531205
1069,Baltimore City,813,Baltimore City Precinct 26-022,102,212,13,711,813,1.0,0.12546125461254612,0.8745387453874539,588,0.2607626076260763,0.015990159901599015,0.7232472324723247
1070,Baltimore City,586,Baltimore City Precinct 27-002,406,322,52,180,586,1.0,0.6928327645051194,0.30716723549488056,212,0.5494880546075085,0.08873720136518772,0.36177474402730375
1071,Baltimore City,2370,Baltimore City Precinct 27-001,734,706,102,1636,2370,1.0,0.309704641350211,0.6902953586497891,1562,0.2978902953586498,0.043037974683544304,0.6590717299578059
1072,Baltimore City,3583,Baltimore City Precinct 27-018,801,597,101,2782,3583,1.0,0.22355567959810216,0.7764443204018978,2885,0.16662015071169411,0.028188668713368687,0.8051911805749372
1073,Baltimore City,1263,Baltimore City Precinct 27-017,466,430,56,797,1263,1.0,0.36896278701504354,0.6310372129849564,777,0.3404592240696754,0.04433887569279493,0.6152019002375297
1074,Baltimore City,642,Baltimore City Precinct 27-003,342,242,38,300,642,1.0,0.5327102803738317,0.4672897196261682,362,0.37694704049844235,0.059190031152647975,0.5638629283489096
1075,Baltimore City,676,Baltimore City Precinct 27-004,338,192,48,338,676,1.0,0.5,0.5,436,0.28402366863905326,0.07100591715976332,0.6449704142011834
1076,Baltimore City,796,Baltimore City Precinct 27-016,371,254,44,425,796,1.0,0.46608040201005024,0.5339195979899497,498,0.31909547738693467,0.05527638190954774,0.6256281407035176
1077,Baltimore City,1296,Baltimore City Precinct 26-023,120,304,23,1176,1296,1.0,0.09259259259259259,0.9074074074074074,969,0.2345679012345679,0.017746913580246913,0.7476851851851852
1078,Baltimore City,1224,Baltimore City Precinct 15-022,11,383,27,1213,1224,1.0,0.008986928104575163,0.9910130718954249,814,0.31290849673202614,0.022058823529411766,0.6650326797385621
1079,Baltimore City,2136,Baltimore City Precinct 15-024,9,450,15,2127,2136,1.0,0.004213483146067416,0.9957865168539326,1671,0.21067415730337077,0.007022471910112359,0.7823033707865169
1080,Baltimore City,964,Baltimore City Precinct 27-055,16,213,9,948,964,1.0,0.016597510373443983,0.983402489626556,742,0.22095435684647302,0.00933609958506224,0.7697095435684648
1081,Baltimore City,951,Baltimore City Precinct 15-025,20,174,8,931,951,1.0,0.02103049421661409,0.9789695057833859,769,0.1829652996845426,0.008412197686645636,0.8086225026288117
1082,Baltimore City,614,Baltimore City Precinct 27-054,17,117,8,597,614,1.0,0.02768729641693811,0.9723127035830619,489,0.19055374592833876,0.013029315960912053,0.7964169381107492
1083,Baltimore City,804,Baltimore City Precinct 27-058,10,168,4,794,804,1.0,0.012437810945273632,0.9875621890547264,632,0.208955223880597,0.004975124378109453,0.7860696517412935
1084,Baltimore City,1983,Baltimore City Precinct 27-053,65,419,11,1918,1983,1.0,0.03277861825516894,0.9672213817448311,1553,0.21129601613716592,0.005547150781643974,0.7831568330811901
1085,Baltimore City,3199,Baltimore City Precinct 27-052,85,776,36,3114,3199,1.0,0.026570803376055017,0.973429196623945,2387,0.24257580493904346,0.011253516723976243,0.7461706783369803
1086,Baltimore City,2203,Baltimore City Precinct 15-023,61,450,14,2142,2203,1.0,0.027689514298683614,0.9723104857013164,1739,0.20426690876078074,0.006354970494779845,0.7893781207444394
1087,Baltimore City,1066,Baltimore City Precinct 13-005,806,326,75,260,1066,1.0,0.7560975609756098,0.24390243902439024,665,0.3058161350844278,0.07035647279549719,0.6238273921200751
1088,Baltimore City,1038,Baltimore City Precinct 27-048,156,359,34,882,1038,1.0,0.15028901734104047,0.8497109826589595,645,0.34585741811175336,0.03275529865125241,0.6213872832369942
1089,Baltimore City,827,Baltimore City Precinct 27-043,692,388,66,135,827,1.0,0.8367593712212817,0.16324062877871826,373,0.46916565900846435,0.07980652962515115,0.45102781136638453
1090,Baltimore City,1140,Baltimore City Precinct 27-050,691,611,49,449,1140,1.0,0.606140350877193,0.393859649122807,480,0.5359649122807018,0.04298245614035088,0.42105263157894735
1091,Baltimore City,390,Baltimore City Precinct 27-051,146,92,5,244,390,1.0,0.37435897435897436,0.6256410256410256,293,0.2358974358974359,0.01282051282051282,0.7512820512820513
1092,Baltimore City,2674,Baltimore City Precinct 27-049,2164,1201,235,510,2674,1.0,0.8092744951383695,0.1907255048616305,1238,0.44913986537023187,0.08788332086761406,0.46297681376215405
1093,Baltimore County,4060,Baltimore County Precinct 03-009,2908,1197,427,1152,4060,1.0,0.716256157635468,0.28374384236453204,2436,0.29482758620689653,0.10517241379310345,0.6
1094,Baltimore City,777,Baltimore City Precinct 13-006,30,215,11,747,777,1.0,0.03861003861003861,0.9613899613899614,551,0.2767052767052767,0.014157014157014158,0.7091377091377091
1095,Baltimore City,1244,Baltimore City Precinct 13-004,1098,372,147,146,1244,1.0,0.882636655948553,0.11736334405144695,725,0.2990353697749196,0.11816720257234727,0.5827974276527331
1096,Baltimore City,2273,Baltimore City Precinct 13-003,1980,646,176,293,2273,1.0,0.8710954685437747,0.12890453145622524,1451,0.2842058952925649,0.0774307083150022,0.6383633963924329
1097,Baltimore City,2199,Baltimore City Precinct 13-011,1953,677,147,246,2199,1.0,0.888130968622101,0.11186903137789904,1375,0.30786721236925874,0.06684856753069578,0.6252842201000455
1098,Baltimore City,1290,Baltimore City Precinct 13-012,1174,640,132,116,1290,1.0,0.9100775193798449,0.08992248062015504,518,0.49612403100775193,0.10232558139534884,0.4015503875968992
1099,Baltimore City,2558,Baltimore City Precinct 13-001,1793,468,65,765,2558,1.0,0.700938232994527,0.29906176700547304,2025,0.18295543393275998,0.02541047693510555,0.7916340891321345
1100,Baltimore City,1628,Baltimore City Precinct 27-047,1104,380,108,524,1628,1.0,0.6781326781326781,0.32186732186732187,1140,0.2334152334152334,0.06633906633906633,0.7002457002457002
1101,Baltimore City,1385,Baltimore City Precinct 13-002,1103,420,95,282,1385,1.0,0.7963898916967509,0.2036101083032491,870,0.30324909747292417,0.06859205776173286,0.628158844765343
1102,Baltimore City,802,Baltimore City Precinct 27-046,669,447,78,133,802,1.0,0.8341645885286783,0.1658354114713217,277,0.557356608478803,0.09725685785536159,0.34538653366583544
1103,Baltimore City,4732,Baltimore City Precinct 27-045,3995,834,174,737,4732,1.0,0.8442519019442096,0.15574809805579037,3724,0.17624683009298395,0.036770921386306,0.7869822485207101
1104,Baltimore City,1486,Baltimore City Precinct 12-003,862,281,45,624,1486,1.0,0.5800807537012113,0.4199192462987887,1160,0.18909825033647376,0.03028263795423957,0.7806191117092867
1105,Baltimore City,1587,Baltimore City Precinct 12-006,1031,314,31,556,1587,1.0,0.649653434152489,0.350346565847511,1242,0.19785759294265912,0.019533711405166982,0.782608695652174
1106,Baltimore City,1914,Baltimore City Precinct 12-005,1218,379,24,696,1914,1.0,0.6363636363636364,0.36363636363636365,1511,0.1980146290491118,0.012539184952978056,0.7894461859979102
1107,Baltimore City,3814,Baltimore City Precinct 12-004,2068,365,45,1746,3814,1.0,0.5422128998426848,0.45778710015731516,3404,0.09570005243838489,0.011798636601992658,0.8925013109596225
1108,Baltimore City,2306,Baltimore City Precinct 12-002,1529,88,34,777,2306,1.0,0.663052905464007,0.3369470945359931,2184,0.03816131830008673,0.014744145706851692,0.9470945359930616
1109,Baltimore City,2090,Baltimore City Precinct 12-001,1535,1125,207,555,2090,1.0,0.7344497607655502,0.26555023923444976,758,0.5382775119617225,0.09904306220095693,0.3626794258373206
1110,Montgomery,1766,Montgomery Precinct 07-028,1362,660,289,404,1766,1.0,0.7712344280860702,0.2287655719139298,817,0.3737259343148358,0.1636466591166478,0.4626274065685164
1111,Montgomery,3027,Montgomery Precinct 10-012,1945,927,420,1082,3027,1.0,0.6425503799141064,0.35744962008589365,1680,0.3062438057482656,0.13875123885034688,0.5550049554013875
1112,Montgomery,1301,Montgomery Precinct 04-032,978,444,231,323,1301,1.0,0.7517294388931591,0.2482705611068409,626,0.3412759415833974,0.17755572636433511,0.4811683320522675
1113,Montgomery,2349,Montgomery Precinct 10-011,1333,493,162,1016,2349,1.0,0.56747552149851,0.43252447850149,1694,0.20987654320987653,0.06896551724137931,0.7211579395487442
1114,Montgomery,1957,Montgomery Precinct 04-013,1683,928,360,274,1957,1.0,0.8599897802759325,0.14001021972406746,669,0.4741951967296883,0.18395503321410323,0.3418497700562085
1115,Montgomery,2330,Montgomery Precinct 07-018,2050,1050,276,280,2330,1.0,0.8798283261802575,0.12017167381974249,1004,0.45064377682403434,0.1184549356223176,0.4309012875536481
1116,Montgomery,2454,Montgomery Precinct 07-024,2091,921,413,363,2454,1.0,0.8520782396088019,0.14792176039119803,1120,0.3753056234718826,0.16829665851670741,0.45639771801140994
1117,Montgomery,1711,Montgomery Precinct 07-027,1486,638,327,225,1711,1.0,0.8684979544126242,0.1315020455873758,746,0.3728813559322034,0.19111630625365283,0.43600233781414377
1118,Montgomery,3393,Montgomery Precinct 07-013,2701,1101,534,692,3393,1.0,0.7960506926024168,0.20394930739758327,1758,0.3244916003536693,0.15738284703801944,0.5181255526083113
1119,Montgomery,2602,Montgomery Precinct 07-012,2240,1073,325,362,2602,1.0,0.8608762490392006,0.13912375096079937,1204,0.4123750960799385,0.12490392006149116,0.46272098385857036
1120,Montgomery,4520,Montgomery Precinct 07-004,3440,1337,402,1080,4520,1.0,0.7610619469026548,0.23893805309734514,2781,0.2957964601769911,0.08893805309734513,0.6152654867256637
1121,Montgomery,1823,Montgomery Precinct 07-007,1553,790,245,270,1823,1.0,0.8518924849149753,0.14810751508502468,788,0.4333516182117389,0.13439385628085573,0.4322545255074054
1122,Montgomery,3525,Montgomery Precinct 07-011,2810,1247,278,715,3525,1.0,0.7971631205673759,0.2028368794326241,2000,0.353758865248227,0.07886524822695036,0.5673758865248227
1123,Montgomery,5321,Montgomery Precinct 07-026,3875,1347,338,1446,5321,1.0,0.7282465701935726,0.27175342980642736,3636,0.2531479045292238,0.06352189438075549,0.6833302010900206
1124,Montgomery,2181,Montgomery Precinct 07-001,1599,571,169,582,2181,1.0,0.7331499312242091,0.2668500687757909,1441,0.26180651077487394,0.07748739110499771,0.6607060981201284
1125,Montgomery,1793,Montgomery Precinct 07-002,1663,786,384,130,1793,1.0,0.9274958170663692,0.07250418293363078,623,0.43837144450641385,0.21416620189626326,0.3474623535973229
1126,Montgomery,2058,Montgomery Precinct 07-006,1844,787,269,214,2058,1.0,0.8960155490767736,0.10398445092322643,1002,0.3824101068999028,0.13070942662779397,0.4868804664723032
1127,Montgomery,1085,Montgomery Precinct 07-021,993,503,195,92,1085,1.0,0.9152073732718894,0.0847926267281106,387,0.46359447004608295,0.17972350230414746,0.3566820276497696
1128,Montgomery,2548,Montgomery Precinct 07-020,1786,774,400,762,2548,1.0,0.7009419152276295,0.2990580847723705,1374,0.30376766091051804,0.15698587127158556,0.5392464678178964
1129,Montgomery,2356,Montgomery Precinct 07-025,1718,792,337,638,2356,1.0,0.7292020373514432,0.2707979626485569,1227,0.3361629881154499,0.1430390492359932,0.5207979626485568
1130,Montgomery,3378,Montgomery Precinct 07-010,2587,1003,349,791,3378,1.0,0.7658377738306691,0.23416222616933097,2026,0.2969212551805802,0.10331557134399053,0.5997631734754293
1131,Montgomery,1339,Montgomery Precinct 07-031,1068,414,135,271,1339,1.0,0.7976101568334578,0.20238984316654218,790,0.30918595967139656,0.10082150858849888,0.5899925317401046
1132,Montgomery,3359,Montgomery Precinct 04-018,2439,923,448,920,3359,1.0,0.7261089610002978,0.2738910389997023,1988,0.2747841619529622,0.13337302768681156,0.5918428103602262
1133,Montgomery,2203,Montgomery Precinct 04-028,1437,320,81,766,2203,1.0,0.6522923286427599,0.3477076713572401,1802,0.14525646845211077,0.03676804357694054,0.8179754879709487
1134,Montgomery,3906,Montgomery Precinct 04-031,2703,868,282,1203,3906,1.0,0.6920122887864824,0.30798771121351765,2756,0.2222222222222222,0.07219662058371736,0.7055811571940604
1135,Montgomery,3257,Montgomery Precinct 04-010,2452,790,397,805,3257,1.0,0.7528400368437212,0.24715996315627878,2070,0.24255449800429843,0.12189131102241327,0.6355541909732882
1136,Montgomery,2490,Montgomery Precinct 04-017,1774,850,235,716,2490,1.0,0.7124497991967872,0.28755020080321286,1405,0.3413654618473896,0.09437751004016064,0.5642570281124498
1137,Montgomery,3550,Montgomery Precinct 04-008,2235,1022,294,1315,3550,1.0,0.6295774647887324,0.3704225352112676,2234,0.28788732394366195,0.0828169014084507,0.6292957746478873
1138,Baltimore County,2293,Baltimore County Precinct 02-005,122,1057,37,2171,2293,1.0,0.053205407762756216,0.9467945922372438,1199,0.46096816397732227,0.016136066288704752,0.522895769733973
1139,Baltimore County,2631,Baltimore County Precinct 02-009,196,798,37,2435,2631,1.0,0.07449638920562524,0.9255036107943747,1796,0.3033067274800456,0.014063093880653743,0.6826301786393006
1140,Baltimore County,3860,Baltimore County Precinct 02-014,432,1502,74,3428,3860,1.0,0.11191709844559586,0.8880829015544042,2284,0.389119170984456,0.01917098445595855,0.5917098445595855
1141,Baltimore County,578,Baltimore County Precinct 02-025,458,403,86,120,578,1.0,0.7923875432525952,0.20761245674740483,89,0.6972318339100346,0.14878892733564014,0.15397923875432526
1142,Baltimore County,398,Baltimore County Precinct 02-028,16,103,5,382,398,1.0,0.04020100502512563,0.9597989949748744,290,0.25879396984924624,0.01256281407035176,0.7286432160804021
1143,Baltimore County,2934,Baltimore County Precinct 02-007,310,870,43,2624,2934,1.0,0.1056578050443081,0.8943421949556919,2021,0.2965235173824131,0.01465576005453306,0.6888207225630538
1144,Baltimore County,532,Baltimore County Precinct 02-023,170,255,28,362,532,1.0,0.31954887218045114,0.6804511278195489,249,0.4793233082706767,0.05263157894736842,0.4680451127819549
1145,Baltimore County,2750,Baltimore County Precinct 02-008,424,1211,76,2326,2750,1.0,0.15418181818181817,0.8458181818181818,1463,0.44036363636363635,0.027636363636363636,0.532
1146,Baltimore County,1761,Baltimore County Precinct 03-014,1271,607,139,490,1761,1.0,0.7217490062464509,0.2782509937535491,1015,0.34469051675184553,0.07893242475865986,0.5763770584894946
1147,Baltimore County,3988,Baltimore County Precinct 02-029,1361,1025,122,2627,3988,1.0,0.34127382146439317,0.6587261785356068,2841,0.2570210631895687,0.030591775325977934,0.7123871614844534
1148,Baltimore County,2503,Baltimore County Precinct 02-026,1337,817,191,1166,2503,1.0,0.5341590091889732,0.46584099081102676,1495,0.32640831002796644,0.07630842988413904,0.5972832600878946
1149,Baltimore County,4357,Baltimore County Precinct 04-001,2178,991,270,2179,4357,1.0,0.4998852421390865,0.5001147578609135,3096,0.22745008033050265,0.06196924489327519,0.7105806747762222
1150,Baltimore County,4438,Baltimore County Precinct 02-015,1185,1463,135,3253,4438,1.0,0.26701216764308244,0.7329878323569176,2840,0.32965299684542587,0.030419107706173953,0.6399278954484002
1151,Baltimore County,4253,Baltimore County Precinct 04-002,1859,1054,332,2394,4253,1.0,0.4371032212555843,0.5628967787444157,2867,0.24782506466023982,0.07806254408652716,0.674112391253233
1152,Baltimore County,6218,Baltimore County Precinct 04-014,2105,838,138,4113,6218,1.0,0.3385332904470891,0.6614667095529109,5242,0.13477002251527823,0.02219363139273078,0.843036346091991
1153,Baltimore County,2859,Baltimore County Precinct 03-012,1558,759,199,1301,2859,1.0,0.5449457852395942,0.45505421476040575,1901,0.2654774396642183,0.0696047569080098,0.664917803427772
1154,Baltimore County,3010,Baltimore County Precinct 04-003,2691,1150,513,319,3010,1.0,0.8940199335548172,0.10598006644518272,1347,0.38205980066445183,0.17043189368770764,0.44750830564784055
1155,Baltimore County,3867,Baltimore County Precinct 02-002,159,1239,43,3708,3867,1.0,0.041117145073700546,0.9588828549262994,2585,0.32040341349883633,0.011119731057667443,0.6684768554434962
1156,Baltimore County,3676,Baltimore County Precinct 02-004,165,1175,42,3511,3676,1.0,0.04488574537540805,0.955114254624592,2459,0.31964091403699674,0.011425462459194777,0.6689336235038085
1157,Baltimore County,1730,Baltimore County Precinct 02-001,101,807,32,1629,1730,1.0,0.05838150289017341,0.9416184971098266,891,0.4664739884393064,0.018497109826589597,0.5150289017341041
1158,Baltimore County,3654,Baltimore County Precinct 03-001,569,1520,108,3085,3654,1.0,0.15571975916803504,0.844280240831965,2026,0.41598248494800216,0.029556650246305417,0.5544608648056923
1159,Baltimore County,1886,Baltimore County Precinct 03-004,949,765,169,937,1886,1.0,0.5031813361611877,0.4968186638388123,952,0.4056203605514316,0.08960763520678686,0.5047720042417816
1160,Baltimore County,2455,Baltimore County Precinct 03-003,535,1154,93,1920,2455,1.0,0.21792260692464357,0.7820773930753564,1208,0.47006109979633404,0.037881873727087574,0.4920570264765784
1161,Baltimore County,3558,Baltimore County Precinct 03-005,2386,1178,252,1172,3558,1.0,0.670601461495222,0.32939853850477796,2128,0.33108487914558743,0.07082630691399663,0.5980888139404159
1162,Baltimore County,2978,Baltimore County Precinct 03-002,1405,937,133,1573,2978,1.0,0.4717931497649429,0.5282068502350571,1908,0.31464069845533915,0.04466084620550705,0.6406984553391538
1163,Baltimore City,2988,Baltimore City Precinct 28-006,115,791,38,2873,2988,1.0,0.03848728246318608,0.9615127175368139,2159,0.26472556894243643,0.012717536813922356,0.7225568942436412
1164,Baltimore City,1374,Baltimore City Precinct 28-007,38,425,19,1336,1374,1.0,0.027656477438136828,0.9723435225618632,930,0.309315866084425,0.013828238719068414,0.6768558951965066
1165,Baltimore City,1808,Baltimore City Precinct 28-005,29,514,24,1779,1808,1.0,0.016039823008849558,0.9839601769911505,1270,0.2842920353982301,0.01327433628318584,0.702433628318584
1166,Baltimore City,2470,Baltimore City Precinct 28-002,50,687,21,2420,2470,1.0,0.020242914979757085,0.979757085020243,1762,0.27813765182186234,0.008502024291497975,0.7133603238866397
1167,Baltimore City,882,Baltimore City Precinct 28-004,11,218,14,871,882,1.0,0.012471655328798186,0.9875283446712018,650,0.2471655328798186,0.015873015873015872,0.7369614512471655
1168,Baltimore City,1074,Baltimore City Precinct 15-002,22,252,7,1052,1074,1.0,0.020484171322160148,0.9795158286778398,815,0.2346368715083799,0.006517690875232775,0.7588454376163873
1169,Baltimore City,2856,Baltimore City Precinct 15-009,38,763,33,2818,2856,1.0,0.01330532212885154,0.9866946778711485,2060,0.26715686274509803,0.011554621848739496,0.7212885154061625
1170,Carroll,2549,Carroll Precinct 05-003,2418,712,858,131,2549,1.0,0.9486072969792075,0.05139270302079247,979,0.2793252255786583,0.33660258925068653,0.38407218517065517
1171,Baltimore County,1541,Baltimore County Precinct 02-019,893,343,280,648,1541,1.0,0.5794938351719663,0.42050616482803377,918,0.2225827384815055,0.18170019467878,0.5957170668397145
1172,Baltimore County,1285,Baltimore County Precinct 02-018,223,629,79,1062,1285,1.0,0.1735408560311284,0.8264591439688715,577,0.4894941634241245,0.06147859922178988,0.4490272373540856
1173,Baltimore County,37,Baltimore County Precinct 02-022,11,20,3,26,37,1.0,0.2972972972972973,0.7027027027027027,14,0.5405405405405406,0.08108108108108109,0.3783783783783784
1174,Baltimore County,823,Baltimore County Precinct 02-020,304,351,49,519,823,1.0,0.36938031591737547,0.6306196840826246,423,0.4264884568651276,0.05953827460510328,0.5139732685297691
1175,Baltimore County,4946,Baltimore County Precinct 02-012,664,1445,149,4282,4946,1.0,0.13424989890820865,0.8657501010917914,3352,0.2921552769915083,0.030125353821269713,0.677719369187222
1176,Baltimore County,2695,Baltimore County Precinct 02-024,283,1039,63,2412,2695,1.0,0.10500927643784787,0.8949907235621521,1593,0.3855287569573284,0.023376623376623377,0.5910946196660483
1177,Baltimore County,1072,Baltimore County Precinct 02-021,779,319,298,293,1072,1.0,0.726679104477612,0.2733208955223881,455,0.29757462686567165,0.27798507462686567,0.4244402985074627
1178,Baltimore County,2206,Baltimore County Precinct 02-027,459,936,103,1747,2206,1.0,0.20806890299184044,0.7919310970081596,1167,0.4242973708068903,0.04669084315503173,0.529011786038078
1179,Baltimore County,2794,Baltimore County Precinct 04-012,1642,1484,461,1152,2794,1.0,0.5876879026485325,0.41231209735146745,849,0.5311381531853973,0.1649964209019327,0.30386542591267
1180,Baltimore County,3497,Baltimore County Precinct 04-006,2072,704,326,1425,3497,1.0,0.5925078638833285,0.40749213611667146,2467,0.20131541321132398,0.09322276236774378,0.7054618244209322
1181,Carroll,6184,Carroll Precinct 04-001,5840,1388,1875,344,6184,1.0,0.944372574385511,0.055627425614489,2921,0.2244501940491591,0.3032018111254851,0.4723479948253558
1182,Carroll,4802,Carroll Precinct 08-001,4594,1011,1470,208,4802,1.0,0.9566847147022074,0.043315285297792584,2321,0.21053727613494377,0.30612244897959184,0.4833402748854644
1183,Baltimore County,4554,Baltimore County Precinct 04-007,2661,1184,607,1893,4554,1.0,0.5843214756258235,0.4156785243741766,2763,0.25999121651295565,0.13328941589811155,0.6067193675889329
1184,Baltimore County,2479,Baltimore County Precinct 04-010,1427,572,244,1052,2479,1.0,0.5756353368293666,0.4243646631706333,1663,0.23073820088745461,0.09842678499394918,0.6708350141185963
1185,Baltimore County,4026,Baltimore County Precinct 04-008,3005,1016,675,1021,4026,1.0,0.7463984103328366,0.25360158966716345,2335,0.25235966219572775,0.1676602086438152,0.579980129160457
1186,Baltimore County,1997,Baltimore County Precinct 04-009,1790,542,524,207,1997,1.0,0.8963445167751627,0.10365548322483725,931,0.271407110665999,0.26239359038557836,0.46619929894842266
1187,Carroll,7419,Carroll Precinct 07-004,6548,1269,1430,871,7419,1.0,0.8825987329828818,0.11740126701711821,4720,0.17104731095835018,0.19274834883407468,0.6362043402075751
1188,Carroll,4295,Carroll Precinct 03-001,4156,799,1345,139,4295,1.0,0.9676367869615833,0.032363213038416765,2151,0.1860302677532014,0.3131548311990687,0.50081490104773
1189,Carroll,3836,Carroll Precinct 07-002,3328,678,833,508,3836,1.0,0.867570385818561,0.132429614181439,2325,0.1767466110531804,0.21715328467153286,0.6061001042752867
1190,Carroll,5993,Carroll Precinct 06-001,5728,1108,1856,265,5993,1.0,0.9557817453695978,0.04421825463040214,3029,0.18488236275654932,0.3096946437510429,0.5054229934924078
1191,Carroll,3510,Carroll Precinct 08-002,3268,745,1038,242,3510,1.0,0.931054131054131,0.06894586894586895,1727,0.21225071225071226,0.29572649572649573,0.49202279202279203
1192,Carroll,2717,Carroll Precinct 08-003,2574,567,821,143,2717,1.0,0.9473684210526315,0.05263157894736842,1329,0.20868605079131394,0.3021715126978285,0.48914243651085754
1193,Carroll,4591,Carroll Precinct 06-002,4324,1003,1535,267,4591,1.0,0.9418427357874102,0.05815726421258985,2053,0.2184709213678937,0.33434981485515136,0.44717926377695494
1194,Baltimore County,5767,Baltimore County Precinct 02-011,1008,1402,170,4759,5767,1.0,0.17478758453268597,0.825212415467314,4195,0.24310733483613664,0.029478064851742675,0.7274146003121207
1195,Baltimore County,4341,Baltimore County Precinct 02-010,384,1588,103,3957,4341,1.0,0.0884588804422944,0.9115411195577056,2650,0.3658143284957383,0.023727251785302925,0.6104584197189588
1196,Baltimore County,3194,Baltimore County Precinct 02-017,337,1126,65,2857,3194,1.0,0.10551033187226048,0.8944896681277396,2003,0.3525360050093926,0.020350657482780213,0.6271133375078272
1197,Baltimore County,1512,Baltimore County Precinct 02-016,259,618,42,1253,1512,1.0,0.1712962962962963,0.8287037037037037,852,0.4087301587301587,0.027777777777777776,0.5634920634920635
1198,Baltimore County,3573,Baltimore County Precinct 02-013,562,1328,109,3011,3573,1.0,0.15729079205149735,0.8427092079485027,2136,0.3716764623565631,0.030506577106073327,0.5978169605373636
1199,Baltimore County,3132,Baltimore County Precinct 02-003,421,814,87,2711,3132,1.0,0.13441890166028098,0.8655810983397191,2231,0.2598978288633461,0.027777777777777776,0.7123243933588761
1200,Baltimore County,3378,Baltimore County Precinct 02-006,350,1218,74,3028,3378,1.0,0.10361160449970397,0.896388395500296,2086,0.3605683836589698,0.021906453522794554,0.6175251628182357
1201,Baltimore City,1822,Baltimore City Precinct 03-001,235,337,15,1587,1822,1.0,0.12897914379802414,0.8710208562019759,1470,0.1849615806805708,0.00823271130625686,0.8068057080131723
1202,Baltimore City,356,Baltimore City Precinct 05-002,41,69,4,315,356,1.0,0.1151685393258427,0.8848314606741573,283,0.19382022471910113,0.011235955056179775,0.7949438202247191
1203,Baltimore City,1273,Baltimore City Precinct 10-002,8,374,16,1265,1273,1.0,0.006284367635506678,0.9937156323644933,883,0.29379418695993714,0.012568735271013355,0.6936370777690495
1204,Baltimore City,987,Baltimore City Precinct 10-001,13,363,11,974,987,1.0,0.013171225937183385,0.9868287740628167,613,0.3677811550151976,0.011144883485309016,0.6210739614994935
1205,Baltimore City,1789,Baltimore City Precinct 09-015,22,477,13,1767,1789,1.0,0.012297372833985467,0.9877026271660145,1299,0.26662940190050305,0.0072666294019005035,0.7261039686975964
1206,Baltimore City,1316,Baltimore City Precinct 12-007,363,493,27,953,1316,1.0,0.27583586626139817,0.7241641337386018,796,0.37462006079027355,0.020516717325227963,0.6048632218844985
1207,Baltimore City,1357,Baltimore City Precinct 09-014,18,421,24,1339,1357,1.0,0.013264554163596167,0.9867354458364038,912,0.3102431834929993,0.017686072218128224,0.6720707442888725
1208,Baltimore City,364,Baltimore City Precinct 09-011,6,50,1,358,364,1.0,0.016483516483516484,0.9835164835164835,313,0.13736263736263737,0.0027472527472527475,0.8598901098901099
1209,Baltimore City,917,Baltimore City Precinct 09-013,12,156,6,905,917,1.0,0.013086150490730643,0.9869138495092693,755,0.17011995637949837,0.006543075245365322,0.8233369683751364
1210,Baltimore City,1609,Baltimore City Precinct 09-012,36,424,14,1573,1609,1.0,0.022374145431945307,0.9776258545680547,1171,0.26351771286513365,0.00870105655686762,0.7277812305779987
1211,Baltimore City,1368,Baltimore City Precinct 02-001,706,279,62,662,1368,1.0,0.5160818713450293,0.48391812865497075,1027,0.20394736842105263,0.04532163742690058,0.7507309941520468
1212,Baltimore City,1117,Baltimore City Precinct 06-004,528,365,57,589,1117,1.0,0.4726947179946285,0.5273052820053715,695,0.3267681289167413,0.051029543419874666,0.622202327663384
1213,Baltimore City,475,Baltimore City Precinct 06-003,44,143,10,431,475,1.0,0.09263157894736843,0.9073684210526316,322,0.30105263157894735,0.021052631578947368,0.6778947368421052
1214,Baltimore City,1050,Baltimore City Precinct 07-001,14,251,14,1036,1050,1.0,0.013333333333333334,0.9866666666666667,785,0.23904761904761904,0.013333333333333334,0.7476190476190476
1215,Baltimore City,441,Baltimore City Precinct 08-007,11,410,18,430,441,1.0,0.024943310657596373,0.9750566893424036,13,0.9297052154195011,0.04081632653061224,0.02947845804988662
1216,Baltimore City,250,Baltimore City Precinct 07-002,11,51,5,239,250,1.0,0.044,0.956,194,0.204,0.02,0.776
1217,Baltimore City,819,Baltimore City Precinct 06-002,107,140,9,712,819,1.0,0.13064713064713065,0.8693528693528694,670,0.17094017094017094,0.01098901098901099,0.818070818070818
1218,Baltimore City,2445,Baltimore City Precinct 07-003,84,507,20,2361,2445,1.0,0.0343558282208589,0.9656441717791411,1918,0.20736196319018405,0.0081799591002045,0.7844580777096114
1219,Baltimore City,986,Baltimore City Precinct 08-008,30,408,91,956,986,1.0,0.030425963488843813,0.9695740365111561,487,0.41379310344827586,0.0922920892494929,0.49391480730223125
1220,Baltimore City,1928,Baltimore City Precinct 08-006,31,596,28,1897,1928,1.0,0.016078838174273857,0.9839211618257261,1304,0.3091286307053942,0.014522821576763486,0.6763485477178424
1221,Baltimore City,1774,Baltimore City Precinct 08-005,22,438,19,1752,1774,1.0,0.012401352874859075,0.9875986471251409,1317,0.24689966178128522,0.010710259301014656,0.7423900789177001
1222,Baltimore City,1071,Baltimore City Precinct 08-009,21,26,1,1050,1071,1.0,0.0196078431372549,0.9803921568627451,1044,0.02427637721755369,0.0009337068160597573,0.9747899159663865
1223,Baltimore City,473,Baltimore City Precinct 08-004,8,103,7,465,473,1.0,0.016913319238900635,0.9830866807610994,363,0.21775898520084566,0.014799154334038054,0.7674418604651163
1224,Baltimore City,951,Baltimore City Precinct 26-008,818,234,167,133,951,1.0,0.8601472134595163,0.1398527865404837,550,0.24605678233438485,0.17560462670872765,0.5783385909568874
1225,Baltimore City,2859,Baltimore City Precinct 01-004,2482,485,312,377,2859,1.0,0.8681357117873383,0.13186428821266177,2062,0.1696397341727877,0.10912906610703044,0.7212311997201819
1226,Baltimore City,3180,Baltimore City Precinct 01-005,2843,700,452,337,3180,1.0,0.8940251572327044,0.1059748427672956,2028,0.22012578616352202,0.1421383647798742,0.6377358490566037
1227,Baltimore City,3113,Baltimore City Precinct 26-009,2667,626,402,446,3113,1.0,0.856729842595567,0.14327015740443302,2085,0.2010921940250562,0.12913588178605848,0.6697719241888853
1228,Baltimore City,1478,Baltimore City Precinct 26-006,963,173,83,515,1478,1.0,0.6515561569688768,0.34844384303112313,1222,0.11705006765899864,0.05615696887686062,0.8267929634641408
1229,Baltimore City,1558,Baltimore City Precinct 01-001,1017,336,126,541,1558,1.0,0.6527599486521181,0.3472400513478819,1096,0.21566110397946084,0.08087291399229782,0.7034659820282413
1230,Baltimore City,3120,Baltimore City Precinct 06-005,1381,642,100,1739,3120,1.0,0.4426282051282051,0.5573717948717949,2378,0.20576923076923076,0.03205128205128205,0.7621794871794871
1231,Baltimore City,1744,Baltimore City Precinct 06-001,198,317,26,1546,1744,1.0,0.11353211009174312,0.8864678899082569,1401,0.18176605504587157,0.014908256880733946,0.8033256880733946
1232,Baltimore City,1555,Baltimore City Precinct 23-001,1384,301,181,171,1555,1.0,0.890032154340836,0.10996784565916398,1073,0.19356913183279742,0.11639871382636656,0.690032154340836
1233,Baltimore City,1449,Baltimore City Precinct 22-002,1253,513,187,196,1449,1.0,0.8647342995169082,0.13526570048309178,749,0.35403726708074534,0.1290545203588682,0.5169082125603864
1234,Baltimore City,1095,Baltimore City Precinct 22-001,797,342,103,298,1095,1.0,0.7278538812785388,0.27214611872146116,650,0.31232876712328766,0.09406392694063927,0.593607305936073
1235,Baltimore City,1382,Baltimore City Precinct 19-001,24,383,11,1358,1382,1.0,0.017366136034732273,0.9826338639652678,988,0.2771345875542692,0.007959479015918957,0.7149059334298119
1236,Baltimore City,1137,Baltimore City Precinct 16-003,9,229,10,1128,1137,1.0,0.0079155672823219,0.9920844327176781,898,0.20140721196130168,0.008795074758135445,0.7897977132805629
1237,Baltimore City,1737,Baltimore City Precinct 16-002,27,313,11,1710,1737,1.0,0.015544041450777202,0.9844559585492227,1413,0.18019573978123202,0.0063327576280944155,0.8134715025906736
1238,Baltimore City,985,Baltimore City Precinct 16-001,18,204,8,967,985,1.0,0.018274111675126905,0.9817258883248731,773,0.20710659898477157,0.008121827411167513,0.7847715736040609
1239,Baltimore City,1226,Baltimore City Precinct 18-001,14,269,11,1212,1226,1.0,0.011419249592169658,0.9885807504078303,946,0.21941272430668843,0.00897226753670473,0.7716150081566069
1240,Baltimore City,1367,Baltimore City Precinct 17-002,16,554,30,1351,1367,1.0,0.011704462326261888,0.9882955376737381,783,0.40526700804681787,0.021945866861741038,0.5727871250914411
1241,Baltimore City,1008,Baltimore City Precinct 14-003,24,221,9,984,1008,1.0,0.023809523809523808,0.9761904761904762,778,0.21924603174603174,0.008928571428571428,0.7718253968253969
1242,Baltimore City,1794,Baltimore City Precinct 15-019,31,27,2,1763,1794,1.0,0.017279821627647716,0.9827201783723523,1765,0.015050167224080268,0.0011148272017837235,0.9838350055741361
1243,Baltimore City,529,Baltimore City Precinct 14-005,4,141,6,525,529,1.0,0.007561436672967864,0.9924385633270322,382,0.2665406427221172,0.011342155009451797,0.722117202268431
1244,Baltimore City,1897,Baltimore City Precinct 13-008,110,578,28,1787,1897,1.0,0.05798629414865577,0.9420137058513443,1291,0.3046916183447549,0.014760147601476014,0.6805482340537691
1245,Baltimore City,1483,Baltimore City Precinct 13-007,15,409,10,1468,1483,1.0,0.010114632501685773,0.9898853674983142,1064,0.27579231287929873,0.006743088334457181,0.7174645987862441
1246,Baltimore City,2314,Baltimore City Precinct 14-004,223,703,53,2091,2314,1.0,0.09636992221261884,0.9036300777873811,1558,0.30380293863439933,0.022904062229904928,0.6732929991356957
1247,Baltimore City,1277,Baltimore City Precinct 13-009,88,339,17,1189,1277,1.0,0.06891151135473766,0.9310884886452623,921,0.2654659357870008,0.01331245105716523,0.721221613155834
1248,Baltimore City,1887,Baltimore City Precinct 13-010,272,553,35,1615,1887,1.0,0.14414414414414414,0.8558558558558559,1299,0.29305776364599895,0.018547959724430314,0.6883942766295708
1249,Baltimore City,588,Baltimore City Precinct 04-003,33,188,8,555,588,1.0,0.05612244897959184,0.9438775510204082,392,0.3197278911564626,0.013605442176870748,0.6666666666666666
1250,Baltimore City,2521,Baltimore City Precinct 04-002,1231,433,88,1290,2521,1.0,0.48829829432764776,0.5117017056723523,2000,0.1717572391907973,0.03490678302261008,0.7933359777865926
1251,Baltimore City,1979,Baltimore City Precinct 17-001,162,55,2,1817,1979,1.0,0.08185952501263265,0.9181404749873674,1922,0.027791814047498736,0.001010611419909045,0.9711975745325923
1252,Baltimore City,1028,Baltimore City Precinct 11-004,115,14,1,913,1028,1.0,0.11186770428015565,0.8881322957198443,1013,0.013618677042801557,0.0009727626459143969,0.9854085603112841
1253,Baltimore City,1704,Baltimore City Precinct 11-003,892,598,60,812,1704,1.0,0.5234741784037559,0.4765258215962441,1046,0.35093896713615025,0.035211267605633804,0.613849765258216
1254,Baltimore City,2097,Baltimore City Precinct 04-001,924,151,27,1173,2097,1.0,0.4406294706723891,0.5593705293276109,1919,0.07200762994754412,0.012875536480686695,0.9151168335717692
1255,Baltimore City,2967,Baltimore City Precinct 11-006,1600,681,89,1367,2967,1.0,0.5392652510953826,0.46073474890461746,2197,0.2295247724974722,0.029996629592180656,0.7404785979103472
1256,Baltimore City,870,Baltimore City Precinct 11-005,547,365,34,323,870,1.0,0.628735632183908,0.37126436781609196,471,0.41954022988505746,0.03908045977011494,0.5413793103448276
1257,Baltimore City,645,Baltimore City Precinct 11-002,302,178,21,343,645,1.0,0.4682170542635659,0.5317829457364341,446,0.27596899224806204,0.03255813953488372,0.6914728682170542
1258,Baltimore City,1818,Baltimore City Precinct 11-007,1109,509,53,709,1818,1.0,0.61001100110011,0.38998899889988997,1256,0.27997799779978,0.029152915291529153,0.6908690869086909
1259,Baltimore City,1899,Baltimore City Precinct 11-001,1177,557,61,722,1899,1.0,0.6197998946814113,0.3802001053185887,1281,0.29331226961558715,0.032122169562927856,0.674565560821485
1260,Baltimore City,1670,Baltimore City Precinct 14-002,830,294,17,840,1670,1.0,0.49700598802395207,0.5029940119760479,1359,0.17604790419161676,0.010179640718562874,0.8137724550898203
1261,Baltimore City,1524,Baltimore City Precinct 14-001,930,344,34,594,1524,1.0,0.610236220472441,0.38976377952755903,1146,0.22572178477690288,0.02230971128608924,0.7519685039370079
1262,Baltimore City,2304,Baltimore City Precinct 12-009,1078,476,73,1226,2304,1.0,0.4678819444444444,0.5321180555555556,1755,0.2065972222222222,0.031684027777777776,0.76171875
1263,Baltimore City,1485,Baltimore City Precinct 12-012,447,400,22,1038,1485,1.0,0.301010101010101,0.6989898989898989,1063,0.26936026936026936,0.014814814814814815,0.7158249158249158
1264,Montgomery,3965,Montgomery Precinct 07-008,2981,880,264,984,3965,1.0,0.7518284993694829,0.24817150063051702,2821,0.22194199243379573,0.06658259773013872,0.7114754098360656
1265,Montgomery,2847,Montgomery Precinct 07-009,2231,893,286,616,2847,1.0,0.7836318932209343,0.21636810677906568,1668,0.31366350544432736,0.1004566210045662,0.5858798735511064
1266,Montgomery,1400,Montgomery Precinct 07-032,1222,448,260,178,1400,1.0,0.8728571428571429,0.12714285714285714,692,0.32,0.18571428571428572,0.4942857142857143
1267,Montgomery,1964,Montgomery Precinct 07-016,1563,810,279,401,1964,1.0,0.7958248472505092,0.20417515274949083,875,0.4124236252545825,0.14205702647657842,0.4455193482688391
1268,Montgomery,3443,Montgomery Precinct 04-004,2536,1005,323,907,3443,1.0,0.7365669474295672,0.26343305257043276,2115,0.29189660180075516,0.0938135347081034,0.6142898634911415
1269,Montgomery,5607,Montgomery Precinct 04-015,2542,355,135,3065,5607,1.0,0.45336186909220616,0.5466381309077938,5117,0.06331371499910826,0.024077046548956663,0.9126092384519351
1270,Montgomery,4958,Montgomery Precinct 13-025,1182,766,250,3776,4958,1.0,0.23840258168616377,0.7615974183138362,3942,0.15449778136345302,0.050423557886244454,0.7950786607503025
1271,Montgomery,2485,Montgomery Precinct 13-034,1903,823,327,582,2485,1.0,0.7657947686116701,0.23420523138833,1335,0.33118712273641854,0.13158953722334005,0.5372233400402414
1272,Montgomery,2625,Montgomery Precinct 13-040,1669,773,310,956,2625,1.0,0.6358095238095238,0.3641904761904762,1542,0.2944761904761905,0.1180952380952381,0.5874285714285714
1273,Montgomery,1874,Montgomery Precinct 06-009,1464,574,729,410,1874,1.0,0.7812166488794023,0.21878335112059766,571,0.3062966915688367,0.3890074706510139,0.3046958377801494
1274,Montgomery,2092,Montgomery Precinct 06-001,1647,507,566,445,2092,1.0,0.7872848948374761,0.2127151051625239,1019,0.24235181644359466,0.27055449330783937,0.48709369024856597
1275,Montgomery,4802,Montgomery Precinct 06-011,1585,543,374,3217,4802,1.0,0.33007080383173676,0.6699291961682632,3885,0.11307788421491045,0.07788421491045398,0.8090379008746356
1276,Montgomery,3610,Montgomery Precinct 06-007,1633,706,510,1977,3610,1.0,0.4523545706371191,0.5476454293628809,2394,0.1955678670360111,0.14127423822714683,0.6631578947368421
1277,Montgomery,4116,Montgomery Precinct 06-010,1639,745,303,2477,4116,1.0,0.39820213799805637,0.6017978620019436,3068,0.18100097181729835,0.07361516034985423,0.7453838678328474
1278,Montgomery,4374,Montgomery Precinct 02-004,2221,895,457,2153,4374,1.0,0.5077732053040696,0.4922267946959305,3022,0.20461819844535895,0.10448102423411065,0.6909007773205305
1279,Montgomery,3017,Montgomery Precinct 06-006,1327,694,422,1690,3017,1.0,0.4398409015578389,0.560159098442161,1901,0.2300298309579052,0.13987404706662246,0.6300961219754724
1280,Montgomery,2009,Montgomery Precinct 06-005,1479,996,707,530,2009,1.0,0.7361871577899453,0.26381284221005474,306,0.4957690393230463,0.3519163763066202,0.1523145843703335
1281,Montgomery,1603,Montgomery Precinct 06-014,922,286,169,681,1603,1.0,0.5751715533374921,0.4248284466625078,1148,0.1784154709918902,0.10542732376793512,0.7161572052401747
1282,Montgomery,1874,Montgomery Precinct 06-013,1179,491,289,695,1874,1.0,0.6291355389541089,0.37086446104589116,1094,0.26200640341515474,0.1542155816435432,0.583778014941302
1283,Montgomery,2208,Montgomery Precinct 06-004,1418,797,325,790,2208,1.0,0.6422101449275363,0.35778985507246375,1086,0.36096014492753625,0.14719202898550723,0.49184782608695654
1284,Montgomery,3777,Montgomery Precinct 09-027,2856,999,568,921,3777,1.0,0.756155679110405,0.24384432088959493,2210,0.26449563145353455,0.1503839025681758,0.5851204659782896
1285,Montgomery,2727,Montgomery Precinct 04-020,1503,1310,800,1224,2727,1.0,0.5511551155115512,0.44884488448844884,617,0.4803813714704804,0.29336266960029334,0.22625595892922626
1286,Montgomery,3226,Montgomery Precinct 04-024,1681,623,341,1545,3226,1.0,0.5210787352758834,0.47892126472411656,2262,0.1931184128952263,0.10570365778053317,0.7011779293242405
1287,Montgomery,3648,Montgomery Precinct 06-008,1578,551,251,2070,3648,1.0,0.43256578947368424,0.5674342105263158,2846,0.15104166666666666,0.06880482456140351,0.7801535087719298
1288,Montgomery,4395,Montgomery Precinct 09-035,3188,1038,649,1207,4395,1.0,0.7253697383390216,0.27463026166097837,2708,0.23617747440273038,0.14766780432309443,0.6161547212741753
1289,Baltimore City,1691,Baltimore City Precinct 16-009,6,440,23,1685,1691,1.0,0.0035481963335304554,0.9964518036664696,1228,0.26020106445890007,0.013601419278533412,0.7261975162625666
1290,Baltimore City,1025,Baltimore City Precinct 16-010,10,246,10,1015,1025,1.0,0.00975609756097561,0.9902439024390244,769,0.24,0.00975609756097561,0.7502439024390244
1291,Baltimore City,936,Baltimore City Precinct 16-011,6,229,8,930,936,1.0,0.00641025641025641,0.9935897435897436,699,0.24465811965811965,0.008547008547008548,0.7467948717948718
1292,Baltimore City,365,Baltimore City Precinct 15-012,13,62,2,352,365,1.0,0.03561643835616438,0.9643835616438357,301,0.16986301369863013,0.005479452054794521,0.8246575342465754
1293,Baltimore City,1645,Baltimore City Precinct 15-007,21,431,13,1624,1645,1.0,0.01276595744680851,0.9872340425531915,1201,0.2620060790273556,0.007902735562310031,0.7300911854103344
1294,Baltimore City,754,Baltimore City Precinct 15-013,5,185,6,749,754,1.0,0.006631299734748011,0.993368700265252,563,0.2453580901856764,0.007957559681697613,0.746684350132626
1295,Baltimore City,813,Baltimore City Precinct 15-015,5,174,5,808,813,1.0,0.006150061500615006,0.993849938499385,634,0.2140221402214022,0.006150061500615006,0.7798277982779828
1296,Baltimore City,1295,Baltimore City Precinct 15-014,10,395,17,1285,1295,1.0,0.007722007722007722,0.9922779922779923,883,0.305019305019305,0.013127413127413128,0.6818532818532819
1297,Baltimore City,1699,Baltimore City Precinct 15-006,17,589,22,1682,1699,1.0,0.010005885815185403,0.9899941141848146,1088,0.3466745144202472,0.012948793407886992,0.6403766921718658
1298,Baltimore City,964,Baltimore City Precinct 16-007,6,421,16,958,964,1.0,0.006224066390041493,0.9937759336099585,527,0.4367219917012448,0.016597510373443983,0.5466804979253111
1299,Baltimore City,1884,Baltimore City Precinct 16-006,7,450,23,1877,1884,1.0,0.0037154989384288748,0.9962845010615711,1411,0.23885350318471338,0.012208067940552018,0.7489384288747346
1300,Baltimore City,1791,Baltimore City Precinct 20-001,30,454,16,1761,1791,1.0,0.01675041876046901,0.983249581239531,1321,0.2534896705750977,0.00893355667225014,0.7375767727526521
1301,Baltimore City,764,Baltimore City Precinct 16-004,12,143,6,752,764,1.0,0.015706806282722512,0.9842931937172775,615,0.18717277486910994,0.007853403141361256,0.8049738219895288
1302,Baltimore City,2126,Baltimore City Precinct 16-005,27,474,24,2099,2126,1.0,0.012699905926622766,0.9873000940733773,1628,0.22295390404515522,0.011288805268109126,0.7657572906867357
1303,Baltimore City,1404,Baltimore City Precinct 15-018,4,691,31,1400,1404,1.0,0.002849002849002849,0.9971509971509972,682,0.49216524216524216,0.02207977207977208,0.48575498575498577
1304,Baltimore City,1040,Baltimore City Precinct 15-016,9,243,7,1031,1040,1.0,0.008653846153846154,0.9913461538461539,790,0.23365384615384616,0.006730769230769231,0.7596153846153846
1305,Baltimore City,2987,Baltimore City Precinct 15-020,37,616,25,2950,2987,1.0,0.012387010378305993,0.987612989621694,2346,0.20622698359558084,0.008369601606963508,0.7854034147974557
1306,Baltimore City,1237,Baltimore City Precinct 15-021,14,291,8,1223,1237,1.0,0.01131770412287793,0.9886822958771221,938,0.23524656426839127,0.0064672594987873885,0.7582861762328214
1307,Baltimore City,1807,Baltimore City Precinct 15-017,23,493,23,1784,1807,1.0,0.012728278915329275,0.9872717210846708,1291,0.2728278915329275,0.012728278915329275,0.7144438295517432
1308,Baltimore City,1062,Baltimore City Precinct 25-006,24,301,9,1038,1062,1.0,0.022598870056497175,0.9774011299435028,752,0.2834274952919021,0.00847457627118644,0.7080979284369114
1309,Baltimore City,596,Baltimore City Precinct 25-007,133,125,13,463,596,1.0,0.2231543624161074,0.7768456375838926,458,0.20973154362416108,0.02181208053691275,0.7684563758389261
1310,Baltimore City,2234,Baltimore City Precinct 21-003,992,419,71,1242,2234,1.0,0.4440465532676813,0.5559534467323187,1744,0.18755595344673232,0.03178155774395703,0.7806624888093107
1311,Baltimore City,3343,Baltimore City Precinct 19-002,1090,383,58,2253,3343,1.0,0.3260544421178582,0.6739455578821418,2902,0.11456775351480707,0.01734968591085851,0.8680825605743344
1312,Baltimore City,489,Baltimore City Precinct 21-004,246,145,16,243,489,1.0,0.5030674846625767,0.49693251533742333,328,0.2965235173824131,0.032719836400818,0.6707566462167689
1313,Baltimore City,1952,Baltimore City Precinct 18-002,558,388,55,1394,1952,1.0,0.2858606557377049,0.7141393442622951,1509,0.1987704918032787,0.02817622950819672,0.7730532786885246
1314,Baltimore City,1673,Baltimore City Precinct 21-002,672,456,69,1001,1673,1.0,0.401673640167364,0.5983263598326359,1148,0.27256425582785415,0.041243275552898986,0.6861924686192469
1315,Baltimore City,2033,Baltimore City Precinct 23-003,1802,430,247,231,2033,1.0,0.8863748155435317,0.11362518445646827,1356,0.2115100836202656,0.12149532710280374,0.6669945892769307
1316,Baltimore City,1153,Baltimore City Precinct 21-001,755,202,38,398,1153,1.0,0.6548135299219427,0.34518647007805725,913,0.17519514310494363,0.03295750216825672,0.7918473547267997
1317,Baltimore City,1038,Baltimore City Precinct 23-002,584,285,67,454,1038,1.0,0.5626204238921002,0.4373795761078998,686,0.2745664739884393,0.06454720616570328,0.6608863198458574
1318,Baltimore City,2506,Baltimore City Precinct 20-007,148,573,29,2358,2506,1.0,0.05905826017557861,0.9409417398244214,1904,0.2286512370311253,0.01157222665602554,0.7597765363128491
1319,Baltimore City,2106,Baltimore City Precinct 28-010,255,650,55,1851,2106,1.0,0.12108262108262108,0.8789173789173789,1401,0.30864197530864196,0.026115859449192782,0.6652421652421653
1320,Baltimore City,458,Baltimore City Precinct 28-012,55,392,56,403,458,1.0,0.12008733624454149,0.8799126637554585,10,0.8558951965065502,0.1222707423580786,0.021834061135371178
1321,Baltimore City,2423,Baltimore City Precinct 28-009,274,553,40,2149,2423,1.0,0.1130829550144449,0.8869170449855551,1830,0.2282294676021461,0.01650846058605035,0.7552620718118036
1322,Baltimore City,1962,Baltimore City Precinct 28-011,173,638,41,1789,1962,1.0,0.08817533129459736,0.9118246687054027,1283,0.3251783893985729,0.02089704383282365,0.6539245667686034
1323,Baltimore City,3079,Baltimore City Precinct 20-006,15,880,35,3064,3079,1.0,0.004871711594673595,0.9951282884053264,2164,0.28580708022085094,0.01136732705423839,0.7028255927249106
1324,Baltimore City,3001,Baltimore City Precinct 16-014,29,911,28,2972,3001,1.0,0.009663445518160613,0.9903365544818394,2062,0.303565478173942,0.009330223258913695,0.6871042985671443
1325,Baltimore City,1740,Baltimore City Precinct 28-008,83,412,12,1657,1740,1.0,0.04770114942528736,0.9522988505747126,1316,0.2367816091954023,0.006896551724137931,0.7563218390804598
1326,Baltimore City,1451,Baltimore City Precinct 15-011,43,397,20,1408,1451,1.0,0.029634734665747762,0.9703652653342523,1034,0.27360441075120606,0.013783597518952447,0.7126119917298415
1327,Baltimore City,1492,Baltimore City Precinct 15-010,39,515,24,1453,1492,1.0,0.02613941018766756,0.9738605898123325,953,0.34517426273458446,0.0160857908847185,0.6387399463806971
1328,Anne Arundel,1793,Anne Arundel Precinct 04-013,1507,315,478,286,1793,1.0,0.8404907975460123,0.15950920245398773,1000,0.17568321249302846,0.26659230340211937,0.5577244841048522
1329,Anne Arundel,2683,Anne Arundel Precinct 02-021,2136,652,877,547,2683,1.0,0.7961237420797614,0.20387625792023853,1154,0.24301155423033918,0.3268729034662691,0.4301155423033917
1330,Anne Arundel,1317,Anne Arundel Precinct 05-015,1236,252,339,81,1317,1.0,0.9384965831435079,0.06150341685649203,726,0.19134396355353075,0.25740318906605925,0.55125284738041
1331,Anne Arundel,1928,Anne Arundel Precinct 02-018,1261,445,266,667,1928,1.0,0.654045643153527,0.345954356846473,1217,0.2308091286307054,0.13796680497925312,0.6312240663900415
1332,Anne Arundel,2386,Anne Arundel Precinct 02-015,1415,610,350,971,2386,1.0,0.5930427493713327,0.4069572506286672,1426,0.25565800502933783,0.14668901927912825,0.597652975691534
1333,Anne Arundel,1151,Anne Arundel Precinct 05-033,988,388,592,163,1151,1.0,0.8583840139009556,0.1416159860990443,171,0.3370981754995656,0.5143353605560382,0.14856646394439618
1334,Anne Arundel,2500,Anne Arundel Precinct 02-004,1644,649,462,856,2500,1.0,0.6576,0.3424,1389,0.2596,0.1848,0.5556
1335,Anne Arundel,2846,Anne Arundel Precinct 02-009,1587,586,342,1259,2846,1.0,0.5576247364722418,0.44237526352775824,1918,0.20590302178496134,0.12016865776528461,0.673928320449754
1336,Anne Arundel,2844,Anne Arundel Precinct 02-007,2016,616,499,828,2844,1.0,0.7088607594936709,0.2911392405063291,1729,0.21659634317862167,0.17545710267229256,0.6079465541490858
1337,Anne Arundel,2177,Anne Arundel Precinct 01-009,1913,411,511,264,2177,1.0,0.8787322002756086,0.12126779972439136,1255,0.18879191548001836,0.2347266881028939,0.5764813964170877
1338,Anne Arundel,2304,Anne Arundel Precinct 02-003,1599,441,376,705,2304,1.0,0.6940104166666666,0.3059895833333333,1487,0.19140625,0.16319444444444445,0.6453993055555556
1339,Anne Arundel,3752,Anne Arundel Precinct 02-017,1881,557,222,1871,3752,1.0,0.5013326226012793,0.4986673773987207,2973,0.148454157782516,0.059168443496801705,0.7923773987206824
1340,Anne Arundel,4380,Anne Arundel Precinct 02-014,1844,719,179,2536,4380,1.0,0.42100456621004567,0.5789954337899543,3482,0.16415525114155252,0.0408675799086758,0.7949771689497717
1341,Anne Arundel,1399,Anne Arundel Precinct 02-002,1086,413,338,313,1399,1.0,0.7762687634024303,0.2237312365975697,648,0.2952108649035025,0.2416011436740529,0.4631879914224446
1342,Anne Arundel,3009,Anne Arundel Precinct 02-005,1892,472,315,1117,3009,1.0,0.6287803256895979,0.37121967431040215,2222,0.1568627450980392,0.10468594217347957,0.7384513127284812
1343,Anne Arundel,2023,Anne Arundel Precinct 02-006,1608,351,321,415,2023,1.0,0.7948591201186357,0.2051408798813643,1351,0.17350469599604548,0.15867523479980228,0.6678200692041523
1344,Anne Arundel,2540,Anne Arundel Precinct 01-003,2035,441,445,505,2540,1.0,0.8011811023622047,0.19881889763779528,1654,0.1736220472440945,0.17519685039370078,0.6511811023622047
1345,Anne Arundel,1582,Anne Arundel Precinct 02-016,1282,268,292,300,1582,1.0,0.8103666245259166,0.18963337547408343,1022,0.16940581542351454,0.1845764854614412,0.6460176991150443
1346,Anne Arundel,2689,Anne Arundel Precinct 02-008,2286,535,538,403,2689,1.0,0.8501301599107475,0.1498698400892525,1616,0.19895872071402007,0.20007437709185572,0.6009669021941242
1347,Anne Arundel,1929,Anne Arundel Precinct 04-014,1789,441,536,140,1929,1.0,0.9274235355106273,0.07257646448937273,952,0.2286158631415241,0.27786417833074134,0.49351995852773456
1348,Anne Arundel,1584,Anne Arundel Precinct 05-019,1501,357,485,83,1584,1.0,0.94760101010101,0.052398989898989896,742,0.22537878787878787,0.3061868686868687,0.4684343434343434
1349,Howard,2057,Howard Precinct 02-008,1283,627,488,774,2057,1.0,0.6237238697131745,0.3762761302868255,942,0.3048128342245989,0.23723869713174525,0.4579484686436558
1350,Baltimore County,4946,Baltimore County Precinct 01-017,607,1425,126,4339,4946,1.0,0.12272543469470279,0.8772745653052972,3395,0.28811160533764657,0.02547513141932875,0.6864132632430247
1351,Baltimore County,3184,Baltimore County Precinct 01-012,2973,1068,750,211,3184,1.0,0.9337311557788944,0.06626884422110553,1366,0.33542713567839194,0.23555276381909548,0.42902010050251255
1352,Baltimore County,2703,Baltimore County Precinct 01-011,2226,872,594,477,2703,1.0,0.8235294117647058,0.17647058823529413,1237,0.3226045135035146,0.21975582685904552,0.45763965963743986
1353,Baltimore County,2485,Baltimore County Precinct 01-013,2365,1037,595,120,2485,1.0,0.9517102615694165,0.0482897384305835,853,0.41730382293762575,0.23943661971830985,0.3432595573440644
1354,Baltimore County,3127,Baltimore County Precinct 01-010,2439,1002,483,688,3127,1.0,0.7799808122801407,0.2200191877198593,1642,0.3204349216501439,0.15446114486728493,0.5251039334825711
1355,Baltimore County,3549,Baltimore County Precinct 01-003,1415,1141,296,2134,3549,1.0,0.3987038602423218,0.6012961397576783,2112,0.3214990138067061,0.08340377571146802,0.5950972104818258
1356,Baltimore County,3716,Baltimore County Precinct 01-004,1339,1264,320,2377,3716,1.0,0.36033369214208827,0.6396663078579118,2132,0.3401506996770721,0.0861141011840689,0.573735199138859
1357,Baltimore County,2265,Baltimore County Precinct 01-002,437,635,92,1828,2265,1.0,0.19293598233995585,0.8070640176600441,1538,0.2803532008830022,0.04061810154525387,0.6790286975717439
1358,Howard,2252,Howard Precinct 01-008,1565,537,397,687,2252,1.0,0.6949378330373002,0.30506216696269983,1318,0.23845470692717585,0.17628774422735347,0.5852575488454707
1359,Howard,1598,Howard Precinct 01-013,988,532,393,610,1598,1.0,0.6182728410513142,0.38172715894868586,673,0.33291614518147683,0.24593241551939926,0.4211514392991239
1360,Howard,2627,Howard Precinct 01-001,2032,835,688,595,2627,1.0,0.7735059002664636,0.22649409973353635,1104,0.31785306433193755,0.26189569851541683,0.4202512371526456
1361,Baltimore County,5998,Baltimore County Precinct 01-014,3956,735,589,2042,5998,1.0,0.6595531843947983,0.34044681560520174,4674,0.122540846948983,0.0981993997999333,0.7792597532510837
1362,Baltimore County,2893,Baltimore County Precinct 13-004,2610,741,710,283,2893,1.0,0.9021776702385067,0.09782232976149326,1442,0.2561354994815071,0.24541997926028344,0.4984445212582095
1363,Baltimore County,3240,Baltimore County Precinct 13-003,2835,740,635,405,3240,1.0,0.875,0.125,1865,0.22839506172839505,0.19598765432098766,0.5756172839506173
1364,Baltimore County,2641,Baltimore County Precinct 13-002,2319,509,438,322,2641,1.0,0.8780764861794774,0.12192351382052254,1694,0.1927300265051117,0.16584627035213934,0.641423703142749
1365,Baltimore County,2840,Baltimore County Precinct 13-005,2397,702,708,443,2840,1.0,0.8440140845070423,0.15598591549295773,1430,0.2471830985915493,0.24929577464788732,0.5035211267605634
1366,Baltimore County,3604,Baltimore County Precinct 01-009,1703,757,269,1901,3604,1.0,0.47253052164261933,0.5274694783573807,2578,0.2100443951165372,0.0746392896781354,0.7153163152053275
1367,Baltimore County,3870,Baltimore County Precinct 01-015,2674,943,485,1196,3870,1.0,0.6909560723514212,0.3090439276485788,2442,0.24366925064599484,0.12532299741602068,0.6310077519379845
1368,Baltimore County,2349,Baltimore County Precinct 01-007,1200,617,205,1149,2349,1.0,0.5108556832694764,0.4891443167305236,1527,0.2626649638143891,0.08727117922520221,0.6500638569604087
1369,Baltimore County,4333,Baltimore County Precinct 01-008,3296,1140,613,1037,4333,1.0,0.7606738979921532,0.23932610200784676,2580,0.2630971613201015,0.14147242095545812,0.5954304177244404
1370,Baltimore County,4435,Baltimore County Precinct 01-005,1415,1372,253,3020,4435,1.0,0.31905298759864714,0.6809470124013529,2810,0.3093573844419391,0.057046223224351746,0.6335963923337091
1371,Baltimore County,4619,Baltimore County Precinct 01-001,871,1459,144,3748,4619,1.0,0.1885689543191167,0.8114310456808833,3016,0.31586923576531717,0.03117557912968175,0.6529551851050011
1372,Baltimore County,4031,Baltimore County Precinct 01-006,733,1615,133,3298,4031,1.0,0.18184073430910444,0.8181592656908956,2283,0.400645001240387,0.03299429421979658,0.5663607045398165
1373,Baltimore County,4012,Baltimore County Precinct 13-001,2036,586,323,1976,4012,1.0,0.5074775672981057,0.49252243270189433,3103,0.146061814556331,0.08050847457627118,0.7734297108673978
1374,Baltimore County,2661,Baltimore County Precinct 01-016,2481,847,494,180,2661,1.0,0.9323562570462233,0.06764374295377677,1320,0.3183013904547163,0.18564449455092072,0.496054114994363
1375,Baltimore City,2932,Baltimore City Precinct 28-015,976,598,110,1956,2932,1.0,0.3328785811732606,0.6671214188267395,2224,0.20395634379263303,0.03751705320600273,0.7585266030013642
1376,Baltimore City,2794,Baltimore City Precinct 25-001,329,891,62,2465,2794,1.0,0.11775232641374374,0.8822476735862562,1841,0.3188976377952756,0.02219040801717967,0.6589119541875448
1377,Baltimore City,742,Baltimore City Precinct 28-014,55,189,12,687,742,1.0,0.07412398921832884,0.9258760107816711,541,0.25471698113207547,0.016172506738544475,0.72911051212938
1378,Baltimore City,2138,Baltimore City Precinct 25-002,205,536,38,1933,2138,1.0,0.09588400374181479,0.9041159962581852,1564,0.2507015902712816,0.01777362020579981,0.7315247895229187
1379,Baltimore City,1494,Baltimore City Precinct 28-013,105,373,13,1389,1494,1.0,0.07028112449799197,0.929718875502008,1108,0.249665327978581,0.008701472556894244,0.7416331994645248
1380,Baltimore City,714,Baltimore City Precinct 20-008,104,143,11,610,714,1.0,0.14565826330532214,0.8543417366946778,560,0.20028011204481794,0.015406162464985995,0.7843137254901961
1381,Montgomery,3114,Montgomery Precinct 09-033,1608,309,159,1506,3114,1.0,0.5163776493256262,0.4836223506743738,2646,0.09922928709055877,0.051059730250481696,0.8497109826589595
1382,Montgomery,5213,Montgomery Precinct 09-006,2366,932,411,2847,5213,1.0,0.4538653366583541,0.5461346633416458,3870,0.17878380970650298,0.07884135814310378,0.7423748321503932
1383,Montgomery,2473,Montgomery Precinct 06-003,1678,707,457,795,2473,1.0,0.6785281035179943,0.32147189648200564,1309,0.28588758592802266,0.18479579458148,0.5293166194904974
1384,Montgomery,6411,Montgomery Precinct 09-008,2167,839,296,4244,6411,1.0,0.3380127905163001,0.6619872094836999,5276,0.13086881921697083,0.04617064420527219,0.822960536577757
1385,Montgomery,3028,Montgomery Precinct 09-029,1472,637,330,1556,3028,1.0,0.4861294583883752,0.5138705416116248,2061,0.21036988110964333,0.10898282694848084,0.6806472919418758
1386,Montgomery,4029,Montgomery Precinct 09-018,1196,544,232,2833,4029,1.0,0.2968478530652767,0.7031521469347233,3253,0.1350210970464135,0.0575825266815587,0.8073963762720278
1387,Montgomery,4242,Montgomery Precinct 09-034,1276,658,236,2966,4242,1.0,0.3008015087223008,0.6991984912776992,3348,0.1551155115511551,0.055634134842055635,0.7892503536067893
1388,Montgomery,3583,Montgomery Precinct 09-013,2194,855,451,1389,3583,1.0,0.6123360312587217,0.38766396874127823,2277,0.23862684900921016,0.12587217415573543,0.6355009768350545
1389,Montgomery,3560,Montgomery Precinct 09-003,1141,457,177,2419,3560,1.0,0.3205056179775281,0.6794943820224719,2926,0.12837078651685394,0.049719101123595504,0.8219101123595506
1390,Montgomery,2530,Montgomery Precinct 09-024,734,429,195,1796,2530,1.0,0.2901185770750988,0.7098814229249012,1906,0.16956521739130434,0.07707509881422925,0.7533596837944664
1391,Montgomery,5966,Montgomery Precinct 09-016,1159,514,150,4807,5966,1.0,0.1942675159235669,0.8057324840764332,5302,0.08615487763995977,0.025142474019443514,0.8887026483405968
1392,Montgomery,3092,Montgomery Precinct 09-030,1208,630,311,1884,3092,1.0,0.3906856403622251,0.6093143596377749,2151,0.203751617076326,0.10058214747736093,0.6956662354463131
1393,Montgomery,2943,Montgomery Precinct 09-011,1407,691,365,1536,2943,1.0,0.4780835881753313,0.5219164118246687,1887,0.23479442745497792,0.12402310567448183,0.6411824668705403
1394,Montgomery,3185,Montgomery Precinct 09-012,1599,813,392,1586,3185,1.0,0.5020408163265306,0.49795918367346936,1980,0.2552590266875981,0.12307692307692308,0.6216640502354788
1395,Montgomery,3625,Montgomery Precinct 02-005,2174,784,460,1451,3625,1.0,0.5997241379310345,0.40027586206896554,2381,0.2162758620689655,0.12689655172413794,0.6568275862068965
1396,Montgomery,3808,Montgomery Precinct 02-008,1638,596,462,2170,3808,1.0,0.43014705882352944,0.5698529411764706,2750,0.1565126050420168,0.1213235294117647,0.7221638655462185
1397,Frederick,2241,Frederick Precinct 07-003,2023,560,684,218,2241,1.0,0.9027219991075413,0.09727800089245872,997,0.249888442659527,0.30522088353413657,0.44489067380633646
1398,Montgomery,407,Montgomery Precinct 02-007,369,14,23,38,407,1.0,0.9066339066339066,0.09336609336609336,370,0.0343980343980344,0.056511056511056514,0.9090909090909091
1399,Montgomery,4880,Montgomery Precinct 02-001,1835,907,510,3045,4880,1.0,0.3760245901639344,0.6239754098360656,3463,0.1858606557377049,0.10450819672131148,0.7096311475409836
1400,Montgomery,4636,Montgomery Precinct 02-011,1893,886,533,2743,4636,1.0,0.40832614322691974,0.5916738567730803,3217,0.1911130284728214,0.11496980155306298,0.6939171699741156
1401,Montgomery,2216,Montgomery Precinct 02-006,1328,665,412,888,2216,1.0,0.5992779783393501,0.4007220216606498,1139,0.3000902527075812,0.18592057761732853,0.5139891696750902
1402,Montgomery,2500,Montgomery Precinct 09-025,933,498,301,1567,2500,1.0,0.3732,0.6268,1701,0.1992,0.1204,0.6804
1403,Montgomery,2308,Montgomery Precinct 12-004,1876,492,677,432,2308,1.0,0.8128249566724437,0.18717504332755633,1139,0.21317157712305027,0.29332755632582325,0.4935008665511265
1404,Montgomery,3657,Montgomery Precinct 12-005,2314,540,616,1343,3657,1.0,0.6327590921520372,0.3672409078479628,2501,0.14766201804757997,0.16844407984686902,0.683893902105551
1405,Montgomery,2594,Montgomery Precinct 12-002,2223,456,799,371,2594,1.0,0.8569776407093292,0.14302235929067078,1339,0.17579028527370855,0.3080185042405551,0.5161912104857364
1406,Montgomery,2048,Montgomery Precinct 04-026,1442,497,240,606,2048,1.0,0.7041015625,0.2958984375,1311,0.24267578125,0.1171875,0.64013671875
1407,Montgomery,2523,Montgomery Precinct 04-023,1989,62,49,534,2523,1.0,0.7883472057074911,0.2116527942925089,2412,0.024573919936583432,0.019421323820848196,0.9560047562425684
1408,Montgomery,2581,Montgomery Precinct 04-021,1825,955,374,756,2581,1.0,0.7070902750871755,0.29290972491282447,1252,0.37001162340178223,0.14490507555211157,0.48508330104610614
1409,Howard,1452,Howard Precinct 02-005,1077,452,322,375,1452,1.0,0.7417355371900827,0.25826446280991733,678,0.31129476584022037,0.22176308539944903,0.4669421487603306
1410,Howard,2087,Howard Precinct 02-015,1499,568,467,588,2087,1.0,0.7182558696693819,0.2817441303306181,1052,0.2721609966459032,0.22376617153809295,0.5040728318160038
1411,Howard,2065,Howard Precinct 02-018,1679,666,502,386,2065,1.0,0.8130750605326876,0.18692493946731234,897,0.3225181598062954,0.2430992736077482,0.4343825665859564
1412,Howard,2274,Howard Precinct 02-011,1600,524,473,674,2274,1.0,0.7036059806508356,0.2963940193491645,1277,0.23043095866314864,0.20800351802990324,0.5615655233069481
1413,Howard,1532,Howard Precinct 02-019,1154,453,418,378,1532,1.0,0.7532637075718016,0.24673629242819844,661,0.29569190600522194,0.27284595300261094,0.4314621409921671
1414,Howard,327,Howard Precinct 02-021,278,121,76,49,327,1.0,0.8501529051987767,0.14984709480122324,130,0.37003058103975534,0.2324159021406728,0.39755351681957185
1415,Howard,2492,Howard Precinct 02-012,1768,668,498,724,2492,1.0,0.709470304975923,0.29052969502407705,1326,0.2680577849117175,0.1998394863563403,0.5321027287319422
1416,Howard,1902,Howard Precinct 02-006,1286,484,357,616,1902,1.0,0.676130389064143,0.323869610935857,1061,0.2544689800210305,0.18769716088328076,0.5578338590956887
1417,Howard,4633,Howard Precinct 02-009,1730,648,261,2903,4633,1.0,0.37340815886034967,0.6265918411396504,3724,0.13986617742283616,0.05633498812864235,0.8037988344485215
1418,Howard,1313,Howard Precinct 02-024,1031,423,314,282,1313,1.0,0.7852246763137852,0.21477532368621477,576,0.32216298552932215,0.23914699162223915,0.43869002284843867
1419,Howard,1532,Howard Precinct 02-007,1267,516,483,265,1532,1.0,0.827023498694517,0.17297650130548303,533,0.3368146214099217,0.3152741514360313,0.347911227154047
1420,Prince George's,6329,Prince George's Precinct 15-005,503,2393,150,5826,6329,1.0,0.07947543055775004,0.9205245694422499,3786,0.37810080581450467,0.02370042660767894,0.5981987675778164
1421,Prince George's,2130,Prince George's Precinct 03-004,136,945,66,1994,2130,1.0,0.06384976525821597,0.936150234741784,1119,0.44366197183098594,0.030985915492957747,0.5253521126760563
1422,Prince George's,2572,Prince George's Precinct 03-005,235,819,48,2337,2572,1.0,0.09136858475894245,0.9086314152410575,1705,0.31842923794712286,0.01866251944012442,0.6629082426127527
1423,Prince George's,3005,Prince George's Precinct 03-003,330,1715,156,2675,3005,1.0,0.10981697171381032,0.8901830282861897,1134,0.5707154742096506,0.0519134775374376,0.3773710482529118
1424,Prince George's,2643,Prince George's Precinct 07-012,84,1147,45,2559,2643,1.0,0.03178206583427923,0.9682179341657208,1451,0.4339765418085509,0.0170261066969353,0.5489973514945138
1425,Prince George's,1936,Prince George's Precinct 13-013,57,817,54,1879,1936,1.0,0.029442148760330578,0.9705578512396694,1065,0.422004132231405,0.027892561983471075,0.550103305785124
1426,Prince George's,2052,Prince George's Precinct 07-013,142,944,67,1910,2052,1.0,0.06920077972709551,0.9307992202729045,1041,0.4600389863547758,0.032651072124756333,0.5073099415204678
1427,Prince George's,2806,Prince George's Precinct 03-006,90,1385,67,2716,2806,1.0,0.03207412687099073,0.9679258731290092,1354,0.49358517462580187,0.023877405559515324,0.48253741981468284
1428,Prince George's,2583,Prince George's Precinct 07-015,80,1483,82,2503,2583,1.0,0.03097173828881146,0.9690282617111885,1018,0.5741385985288424,0.031746031746031744,0.39411536972512584
1429,Prince George's,3410,Prince George's Precinct 07-011,119,1611,78,3291,3410,1.0,0.034897360703812316,0.9651026392961877,1721,0.4724340175953079,0.02287390029325513,0.5046920821114369
1430,Prince George's,3276,Prince George's Precinct 07-009,309,1596,142,2967,3276,1.0,0.09432234432234432,0.9056776556776557,1538,0.48717948717948717,0.043345543345543344,0.4694749694749695
1431,Prince George's,3105,Prince George's Precinct 03-002,469,1164,127,2636,3105,1.0,0.15104669887278582,0.8489533011272141,1814,0.3748792270531401,0.04090177133655395,0.5842190016103059
1432,Prince George's,2246,Prince George's Precinct 07-006,744,843,216,1502,2246,1.0,0.3312555654496883,0.6687444345503116,1187,0.3753339269813001,0.09617097061442564,0.5284951024042742
1433,Prince George's,2272,Prince George's Precinct 07-008,707,718,164,1565,2272,1.0,0.31117957746478875,0.6888204225352113,1390,0.3160211267605634,0.0721830985915493,0.6117957746478874
1434,Prince George's,1809,Prince George's Precinct 07-014,794,599,225,1015,1809,1.0,0.4389165284687673,0.5610834715312327,985,0.33112216694306246,0.12437810945273632,0.5444997236042012
1435,Prince George's,5609,Prince George's Precinct 07-001,1105,1710,264,4504,5609,1.0,0.19700481369228026,0.8029951863077197,3635,0.30486717775004457,0.047067213407024425,0.648065608842931
1436,Prince George's,2447,Prince George's Precinct 14-007,635,923,171,1812,2447,1.0,0.2595014303228443,0.7404985696771557,1353,0.3771965672251737,0.06988148753575807,0.5529219452390682
1437,Prince George's,2578,Prince George's Precinct 14-001,1082,962,255,1496,2578,1.0,0.4197051978277735,0.5802948021722265,1361,0.37315748642358415,0.09891388673390225,0.5279286268425136
1438,Prince George's,1468,Prince George's Precinct 07-016,687,454,209,781,1468,1.0,0.46798365122615804,0.532016348773842,805,0.30926430517711173,0.14237057220708446,0.5483651226158038
1439,Prince George's,1951,Prince George's Precinct 14-010,641,666,153,1310,1951,1.0,0.3285494618144541,0.6714505381855459,1132,0.34136340338288057,0.07842132239876987,0.5802152742183496
1440,Prince George's,2627,Prince George's Precinct 07-005,1543,650,433,1084,2627,1.0,0.5873620098972212,0.41263799010277885,1544,0.24743052912066996,0.16482679862961552,0.5877426722497145
1441,Montgomery,1933,Montgomery Precinct 13-031,950,625,150,983,1933,1.0,0.49146404552509054,0.5085359544749095,1158,0.3233316088980859,0.0775995861355406,0.5990688049663735
1442,Montgomery,1911,Montgomery Precinct 13-059,1023,558,186,888,1911,1.0,0.5353218210361067,0.46467817896389324,1167,0.29199372056514916,0.09733124018838304,0.6106750392464678
1443,Montgomery,3612,Montgomery Precinct 13-027,1645,882,253,1967,3612,1.0,0.45542635658914726,0.5445736434108527,2477,0.2441860465116279,0.07004429678848284,0.6857696566998892
1444,Montgomery,4634,Montgomery Precinct 13-030,871,607,181,3763,4634,1.0,0.18795856711264566,0.8120414328873543,3846,0.1309883470004316,0.03905912818299525,0.8299525248165731
1445,Montgomery,4064,Montgomery Precinct 13-029,1148,739,243,2916,4064,1.0,0.2824803149606299,0.71751968503937,3082,0.18184055118110237,0.05979330708661417,0.7583661417322834
1446,Montgomery,1911,Montgomery Precinct 13-053,1016,574,224,895,1911,1.0,0.531658817373103,0.4683411826268969,1113,0.30036630036630035,0.11721611721611722,0.5824175824175825
1447,Montgomery,4095,Montgomery Precinct 13-032,1317,906,156,2778,4095,1.0,0.32161172161172163,0.6783882783882784,3033,0.22124542124542124,0.0380952380952381,0.7406593406593407
1448,Montgomery,4453,Montgomery Precinct 13-044,1126,738,206,3327,4453,1.0,0.2528632382663373,0.7471367617336627,3509,0.16573096788681788,0.04626094767572423,0.7880080844374578
1449,Montgomery,2314,Montgomery Precinct 13-010,1108,567,59,1206,2314,1.0,0.4788245462402766,0.5211754537597234,1688,0.24503025064822817,0.02549697493517718,0.7294727744165946
1450,Montgomery,3425,Montgomery Precinct 13-005,1473,996,143,1952,3425,1.0,0.4300729927007299,0.56992700729927,2286,0.2908029197080292,0.04175182481751825,0.6674452554744525
1451,Montgomery,2283,Montgomery Precinct 13-019,1401,886,247,882,2283,1.0,0.6136662286465178,0.38633377135348224,1150,0.38808585194918965,0.10819097678493211,0.5037231712658782
1452,Montgomery,2350,Montgomery Precinct 13-050,1442,885,126,908,2350,1.0,0.6136170212765958,0.38638297872340427,1339,0.37659574468085105,0.05361702127659575,0.5697872340425532
1453,Montgomery,3765,Montgomery Precinct 13-013,1279,903,117,2486,3765,1.0,0.3397078353253652,0.6602921646746348,2745,0.2398406374501992,0.031075697211155377,0.7290836653386454
1454,Montgomery,2381,Montgomery Precinct 13-023,1843,1005,384,538,2381,1.0,0.7740445191096178,0.2259554808903822,992,0.42209155816883664,0.16127677446451072,0.4166316673666527
1455,Montgomery,1565,Montgomery Precinct 13-042,700,490,126,865,1565,1.0,0.4472843450479233,0.5527156549520766,949,0.31309904153354634,0.08051118210862619,0.6063897763578274
1456,Montgomery,1679,Montgomery Precinct 13-057,841,316,95,838,1679,1.0,0.5008933889219773,0.4991066110780226,1268,0.18820726622989875,0.05658129839189994,0.7552114353782013
1457,Montgomery,2284,Montgomery Precinct 13-063,625,321,125,1659,2284,1.0,0.2736427320490368,0.7263572679509632,1838,0.14054290718038528,0.05472854640980736,0.8047285464098074
1458,Montgomery,3381,Montgomery Precinct 13-011,1574,1106,263,1807,3381,1.0,0.4655427388346643,0.5344572611653357,2012,0.32712215320910976,0.07778763679384798,0.5950902099970423
1459,Montgomery,2099,Montgomery Precinct 13-033,1120,644,235,979,2099,1.0,0.533587422582182,0.466412577417818,1220,0.30681276798475465,0.11195807527393997,0.5812291567413054
1460,Montgomery,1827,Montgomery Precinct 13-020,1491,639,384,336,1827,1.0,0.8160919540229885,0.1839080459770115,804,0.3497536945812808,0.21018062397372742,0.4400656814449918
1461,Prince George's,5205,Prince George's Precinct 17-007,218,1033,81,4987,5205,1.0,0.04188280499519693,0.9581171950048031,4091,0.1984630163304515,0.015561959654178675,0.7859750240153698
1462,Prince George's,3271,Prince George's Precinct 17-006,182,353,49,3089,3271,1.0,0.05564047691837359,0.9443595230816264,2869,0.10791806786915316,0.01498012840110058,0.8771018037297462
1463,Montgomery,2481,Montgomery Precinct 13-006,1675,1270,64,806,2481,1.0,0.675130995566304,0.3248690044336961,1147,0.5118903667875857,0.025796049979846837,0.4623135832325675
1464,Prince George's,6128,Prince George's Precinct 17-011,159,863,62,5969,6128,1.0,0.025946475195822456,0.9740535248041775,5203,0.1408289817232376,0.010117493472584857,0.8490535248041775
1465,Prince George's,1828,Prince George's Precinct 17-005,235,462,39,1593,1828,1.0,0.12855579868708972,0.8714442013129103,1327,0.2527352297592998,0.021334792122538294,0.725929978118162
1466,Prince George's,11788,Prince George's Precinct 17-003,289,526,64,11499,11788,1.0,0.024516457414319646,0.9754835425856804,11198,0.04462164913471327,0.005429250084832033,0.9499491007804547
1467,Prince George's,2108,Prince George's Precinct 20-004,210,695,73,1898,2108,1.0,0.09962049335863378,0.9003795066413662,1340,0.32969639468690703,0.03462998102466793,0.635673624288425
1468,Prince George's,4017,Prince George's Precinct 13-015,398,1278,125,3619,4017,1.0,0.0990789146128952,0.9009210853871048,2614,0.3181478715459298,0.031117749564351507,0.6507343788897187
1469,Prince George's,2880,Prince George's Precinct 20-008,292,891,69,2588,2880,1.0,0.10138888888888889,0.8986111111111111,1920,0.309375,0.023958333333333335,0.6666666666666666
1470,Prince George's,4069,Prince George's Precinct 14-002,436,1285,101,3633,4069,1.0,0.10715163430818384,0.8928483656918161,2683,0.31580240845416563,0.024821823543868273,0.6593757680019661
1471,Prince George's,1627,Prince George's Precinct 20-009,352,731,84,1275,1627,1.0,0.21634910878918254,0.7836508912108174,812,0.44929317762753535,0.05162876459741856,0.4990780577750461
1472,Prince George's,3117,Prince George's Precinct 21-013,555,1016,111,2562,3117,1.0,0.17805582290664101,0.821944177093359,1990,0.3259544433750401,0.0356111645813282,0.6384343920436317
1473,Prince George's,2475,Prince George's Precinct 10-011,490,679,133,1985,2475,1.0,0.19797979797979798,0.802020202020202,1663,0.27434343434343433,0.053737373737373736,0.6719191919191919
1474,Prince George's,3268,Prince George's Precinct 14-008,577,633,86,2691,3268,1.0,0.17656058751529988,0.8234394124847001,2549,0.19369645042839656,0.02631578947368421,0.7799877600979193
1475,Prince George's,1816,Prince George's Precinct 10-010,503,567,134,1313,1816,1.0,0.27698237885462557,0.7230176211453745,1115,0.31222466960352424,0.07378854625550661,0.6139867841409692
1476,Montgomery,2828,Montgomery Precinct 13-028,772,402,142,2056,2828,1.0,0.272984441301273,0.727015558698727,2284,0.14214992927864215,0.05021216407355021,0.8076379066478077
1477,Montgomery,2804,Montgomery Precinct 13-001,1219,648,268,1585,2804,1.0,0.4347360912981455,0.5652639087018545,1888,0.23109843081312412,0.09557774607703282,0.6733238231098431
1478,Montgomery,3327,Montgomery Precinct 13-055,474,451,51,2853,3327,1.0,0.1424706943192065,0.8575293056807936,2825,0.1355575593627893,0.015329125338142471,0.8491133152990682
1479,Montgomery,4237,Montgomery Precinct 13-054,3592,1445,653,645,4237,1.0,0.8477696483360868,0.15223035166391313,2139,0.3410431909369837,0.15411848005664386,0.5048383290063725
1480,Montgomery,2942,Montgomery Precinct 13-069,2441,934,405,501,2942,1.0,0.8297076818490823,0.17029231815091775,1603,0.3174711080897349,0.13766145479265807,0.5448674371176071
1481,Montgomery,2381,Montgomery Precinct 13-061,1119,1245,457,1262,2381,1.0,0.46997060058798823,0.5300293994120118,679,0.5228895422091558,0.19193616127677446,0.2851742965140697
1482,Montgomery,1528,Montgomery Precinct 05-022,892,523,194,636,1528,1.0,0.5837696335078534,0.4162303664921466,811,0.34227748691099474,0.12696335078534032,0.5307591623036649
1483,Montgomery,3868,Montgomery Precinct 05-009,1730,1261,537,2138,3868,1.0,0.44725956566701136,0.5527404343329886,2070,0.3260082730093071,0.1388314374353671,0.5351602895553258
1484,Montgomery,3207,Montgomery Precinct 05-016,1526,1116,429,1681,3207,1.0,0.4758341128780792,0.5241658871219208,1662,0.3479887745556595,0.13376987839101964,0.5182413470533208
1485,Montgomery,2145,Montgomery Precinct 08-010,1308,594,329,837,2145,1.0,0.6097902097902098,0.3902097902097902,1222,0.27692307692307694,0.1533799533799534,0.5696969696969697
1486,Montgomery,2954,Montgomery Precinct 08-011,1813,773,448,1141,2954,1.0,0.6137440758293838,0.3862559241706161,1733,0.26167907921462424,0.15165876777251186,0.586662153012864
1487,Montgomery,3717,Montgomery Precinct 08-002,2746,1158,840,971,3717,1.0,0.7387678235135863,0.2612321764864138,1719,0.3115415657788539,0.22598870056497175,0.46246973365617433
1488,Montgomery,3819,Montgomery Precinct 08-006,2643,981,849,1176,3819,1.0,0.6920659858601729,0.3079340141398272,1989,0.25687352710133543,0.22230950510604872,0.5208169677926159
1489,Montgomery,3868,Montgomery Precinct 05-011,1493,793,204,2375,3868,1.0,0.3859875904860393,0.6140124095139607,2871,0.20501551189245087,0.052740434332988625,0.7422440537745605
1490,Montgomery,2076,Montgomery Precinct 05-008,519,1024,307,1557,2076,1.0,0.25,0.75,745,0.4932562620423892,0.1478805394990366,0.3588631984585742
1491,Montgomery,3479,Montgomery Precinct 05-015,1827,819,584,1652,3479,1.0,0.5251509054325956,0.47484909456740443,2076,0.23541247484909456,0.1678643288301236,0.5967231963207819
1492,Montgomery,3713,Montgomery Precinct 05-001,1392,992,384,2321,3713,1.0,0.37489900350121197,0.625100996498788,2337,0.26716940479396717,0.10342041475895503,0.6294101804470779
1493,Montgomery,3773,Montgomery Precinct 05-017,1397,954,328,2376,3773,1.0,0.37026239067055394,0.6297376093294461,2491,0.2528491916247018,0.08693347468857673,0.6602173336867214
1494,Montgomery,3392,Montgomery Precinct 05-019,1731,747,482,1661,3392,1.0,0.5103183962264151,0.4896816037735849,2163,0.2202240566037736,0.1420990566037736,0.6376768867924528
1495,Montgomery,1722,Montgomery Precinct 05-018,1069,365,326,653,1722,1.0,0.6207897793263647,0.3792102206736353,1031,0.21196283391405343,0.18931475029036005,0.5987224157955865
1496,Howard,2112,Howard Precinct 05-011,1724,576,665,388,2112,1.0,0.8162878787878788,0.18371212121212122,871,0.2727272727272727,0.31486742424242425,0.41240530303030304
1497,Howard,1558,Howard Precinct 05-020,1249,469,589,309,1558,1.0,0.8016688061617459,0.19833119383825418,500,0.3010269576379974,0.3780487804878049,0.3209242618741977
1498,Howard,1752,Howard Precinct 04-006,1451,507,805,301,1752,1.0,0.8281963470319634,0.17180365296803654,440,0.2893835616438356,0.4594748858447489,0.2511415525114155
1499,Howard,1427,Howard Precinct 04-002,1273,468,690,154,1427,1.0,0.8920812894183602,0.1079187105816398,269,0.32796075683251574,0.4835318850735809,0.1885073580939033
1500,Howard,2228,Howard Precinct 05-019,1846,650,838,382,2228,1.0,0.8285457809694794,0.17145421903052063,740,0.2917414721723519,0.3761220825852783,0.33213644524236985
1501,Howard,2504,Howard Precinct 05-001,1817,777,791,687,2504,1.0,0.7256389776357828,0.2743610223642173,936,0.3103035143769968,0.31589456869009586,0.3738019169329074
1502,Howard,1727,Howard Precinct 03-006,1346,493,592,381,1727,1.0,0.7793862188766647,0.22061378112333527,642,0.2854661262304574,0.34279096699478867,0.3717429067747539
1503,Prince George's,4719,Prince George's Precinct 01-001,1090,1100,317,3629,4719,1.0,0.23098114007204917,0.7690188599279508,3302,0.2331002331002331,0.06717524899343082,0.699724517906336
1504,Montgomery,4171,Montgomery Precinct 05-002,955,826,95,3216,4171,1.0,0.22896187964516904,0.771038120354831,3250,0.19803404459362264,0.022776312634859745,0.7791896427715176
1505,Montgomery,5053,Montgomery Precinct 05-021,610,866,115,4443,5053,1.0,0.12072036414011478,0.8792796358598852,4072,0.17138333663170394,0.022758757173956066,0.80585790619434
1506,Prince George's,3119,Prince George's Precinct 01-004,1032,643,322,2087,3119,1.0,0.3308752805386342,0.6691247194613659,2154,0.2061558191728118,0.10323821737736454,0.6906059634498236
1507,Prince George's,3959,Prince George's Precinct 10-013,1179,1226,325,2780,3959,1.0,0.2978024753725688,0.7021975246274311,2408,0.3096741601414499,0.08209143723162415,0.608234402626926
1508,Prince George's,3293,Prince George's Precinct 10-005,2310,945,671,983,3293,1.0,0.7014880048587914,0.29851199514120863,1677,0.28697236562405104,0.2037655633161251,0.5092620710598239
1509,Howard,2158,Howard Precinct 05-006,1511,985,801,647,2158,1.0,0.7001853568118629,0.29981464318813716,372,0.45644114921223355,0.371177015755329,0.17238183503243745
1510,Howard,2369,Howard Precinct 06-028,1575,778,683,794,2369,1.0,0.6648374841705361,0.33516251582946394,908,0.3284086112283664,0.28830730265934995,0.38328408611228365
1511,Howard,1568,Howard Precinct 06-032,1213,419,448,355,1568,1.0,0.7735969387755102,0.2264030612244898,701,0.26721938775510207,0.2857142857142857,0.44706632653061223
1512,Howard,1414,Howard Precinct 06-003,1102,456,335,312,1414,1.0,0.7793493635077794,0.22065063649222066,623,0.32248939179632247,0.2369165487977369,0.4405940594059406
1513,Howard,2320,Howard Precinct 05-005,1501,784,647,819,2320,1.0,0.6469827586206897,0.35301724137931034,889,0.33793103448275863,0.2788793103448276,0.38318965517241377
1514,Howard,1265,Howard Precinct 05-013,838,385,194,427,1265,1.0,0.6624505928853754,0.3375494071146245,686,0.30434782608695654,0.1533596837944664,0.542292490118577
1515,Prince George's,3641,Prince George's Precinct 10-006,792,1133,245,2849,3641,1.0,0.2175226586102719,0.7824773413897281,2263,0.311178247734139,0.06728920626201593,0.6215325460038451
1516,Prince George's,5674,Prince George's Precinct 10-012,1116,1533,274,4558,5674,1.0,0.19668664081776524,0.8033133591822348,3867,0.2701797673598872,0.04829044765597462,0.6815297849841382
1517,Prince George's,2589,Prince George's Precinct 10-008,672,491,177,1917,2589,1.0,0.25955967555040554,0.7404403244495944,1921,0.18964851293935883,0.06836616454229433,0.7419853225183468
1518,Prince George's,2312,Prince George's Precinct 10-007,684,577,183,1628,2312,1.0,0.2958477508650519,0.7041522491349481,1552,0.2495674740484429,0.0791522491349481,0.671280276816609
1519,Montgomery,2978,Montgomery Precinct 04-016,1734,1072,546,1244,2978,1.0,0.5822699798522498,0.4177300201477502,1360,0.35997313633310946,0.18334452652787106,0.45668233713901946
1520,Montgomery,3619,Montgomery Precinct 09-031,2072,760,332,1547,3619,1.0,0.5725338491295938,0.4274661508704062,2527,0.21000276319425257,0.0917380491848577,0.6982591876208898
1521,Montgomery,2298,Montgomery Precinct 04-025,1598,695,335,700,2298,1.0,0.6953872932985204,0.30461270670147955,1268,0.3024369016536118,0.14577893820713664,0.5517841601392516
1522,Montgomery,3285,Montgomery Precinct 04-002,2202,893,367,1083,3285,1.0,0.6703196347031963,0.32968036529680367,2025,0.27184170471841707,0.1117199391171994,0.6164383561643836
1523,Montgomery,4300,Montgomery Precinct 04-005,1924,677,339,2376,4300,1.0,0.4474418604651163,0.5525581395348838,3284,0.15744186046511627,0.07883720930232559,0.7637209302325582
1524,Montgomery,4790,Montgomery Precinct 04-030,2487,741,212,2303,4790,1.0,0.5192066805845511,0.48079331941544884,3837,0.1546972860125261,0.044258872651356994,0.801043841336117
1525,Montgomery,4662,Montgomery Precinct 04-003,3043,1246,465,1619,4662,1.0,0.6527241527241527,0.34727584727584726,2951,0.2672672672672673,0.09974259974259975,0.632990132990133
1526,Montgomery,5108,Montgomery Precinct 04-001,2098,921,372,3010,5108,1.0,0.4107282693813626,0.5892717306186375,3815,0.1803054032889585,0.07282693813625685,0.7468676585747847
1527,Montgomery,2330,Montgomery Precinct 04-019,1228,434,249,1102,2330,1.0,0.527038626609442,0.47296137339055794,1647,0.18626609442060085,0.10686695278969957,0.7068669527896996
1528,Montgomery,4373,Montgomery Precinct 09-002,1270,852,406,3103,4373,1.0,0.2904184770180654,0.7095815229819346,3115,0.19483192316487538,0.09284244225931855,0.7123256345758061
1529,Montgomery,2013,Montgomery Precinct 09-010,999,175,78,1014,2013,1.0,0.496274217585693,0.503725782414307,1760,0.08693492300049677,0.038748137108792845,0.8743169398907104
1530,Montgomery,2692,Montgomery Precinct 09-020,900,483,251,1792,2692,1.0,0.3343239227340267,0.6656760772659732,1958,0.17942050520059435,0.09323922734026746,0.7273402674591382
1531,Montgomery,6198,Montgomery Precinct 09-007,1690,790,200,4508,6198,1.0,0.27266860277508875,0.7273313972249112,5208,0.12746047111971603,0.032268473701193935,0.8402710551790901
1532,Montgomery,2732,Montgomery Precinct 09-021,1219,528,416,1513,2732,1.0,0.44619326500732065,0.5538067349926794,1788,0.19326500732064422,0.15226939970717424,0.6544655929721815
1533,Montgomery,3032,Montgomery Precinct 01-003,1503,971,535,1529,3032,1.0,0.495712401055409,0.5042875989445911,1526,0.32025065963060684,0.17645118733509235,0.5032981530343008
1534,Montgomery,2208,Montgomery Precinct 09-036,721,509,242,1487,2208,1.0,0.32653985507246375,0.6734601449275363,1457,0.23052536231884058,0.10960144927536232,0.6598731884057971
1535,Montgomery,2513,Montgomery Precinct 09-014,1479,664,380,1034,2513,1.0,0.5885395941106247,0.41146040588937527,1469,0.26422602467170714,0.15121368881814565,0.5845602865101472
1536,Montgomery,2630,Montgomery Precinct 09-037,879,488,249,1751,2630,1.0,0.33422053231939164,0.6657794676806084,1893,0.18555133079847907,0.09467680608365019,0.7197718631178707
1537,Montgomery,3688,Montgomery Precinct 09-004,1261,701,352,2427,3688,1.0,0.34191973969631234,0.6580802603036876,2635,0.19007592190889372,0.09544468546637744,0.7144793926247288
1538,Montgomery,2392,Montgomery Precinct 01-004,896,490,309,1496,2392,1.0,0.3745819397993311,0.6254180602006689,1593,0.2048494983277592,0.12918060200668896,0.6659698996655519
1539,Montgomery,1813,Montgomery Precinct 01-006,1015,388,341,798,1813,1.0,0.5598455598455598,0.44015444015444016,1084,0.21400992829564258,0.18808604522890238,0.597904026475455
1540,Montgomery,2859,Montgomery Precinct 01-005,1725,624,646,1134,2859,1.0,0.6033578174186779,0.39664218258132217,1589,0.21825813221406087,0.22595313046519763,0.5557887373207415
1541,Prince George's,4015,Prince George's Precinct 17-001,867,1153,116,3148,4015,1.0,0.21594022415940226,0.7840597758405977,2746,0.28717310087173104,0.028891656288916562,0.6839352428393525
1542,Prince George's,4299,Prince George's Precinct 17-004,184,657,49,4115,4299,1.0,0.04280065131425913,0.9571993486857409,3593,0.15282623866015352,0.011397999534775528,0.835775761805071
1543,Prince George's,4706,Prince George's Precinct 16-004,679,805,129,4027,4706,1.0,0.14428389290267743,0.8557161070973226,3772,0.1710582235444114,0.027411814704632383,0.8015299617509563
1544,Prince George's,2240,Prince George's Precinct 17-002,384,553,80,1856,2240,1.0,0.17142857142857143,0.8285714285714286,1607,0.246875,0.03571428571428571,0.7174107142857142
1545,Prince George's,2034,Prince George's Precinct 02-002,261,433,57,1773,2034,1.0,0.12831858407079647,0.8716814159292036,1544,0.2128810226155359,0.028023598820058997,0.7590953785644051
1547,Prince George's,951,Prince George's Precinct 16-002,359,292,78,592,951,1.0,0.3774973711882229,0.6225026288117771,581,0.3070452155625657,0.08201892744479496,0.6109358569926393
1548,Prince George's,4706,Prince George's Precinct 16-003,1856,1581,272,2850,4706,1.0,0.3943901402464938,0.6056098597535061,2853,0.3359541011474713,0.0577985550361241,0.6062473438164045
1549,Prince George's,154,Prince George's Precinct 16-005,43,34,9,111,154,1.0,0.2792207792207792,0.7207792207792207,111,0.22077922077922077,0.05844155844155844,0.7207792207792207
1550,Prince George's,6797,Prince George's Precinct 17-010,330,991,109,6467,6797,1.0,0.048550831249080474,0.9514491687509196,5697,0.14579961747829925,0.01603648668530234,0.8381638958363984
1551,Prince George's,5527,Prince George's Precinct 17-008,1048,593,105,4479,5527,1.0,0.1896146191423919,0.8103853808576081,4829,0.1072914781979374,0.01899764791025873,0.8737108738918039
1552,Prince George's,3704,Prince George's Precinct 17-009,589,489,75,3115,3704,1.0,0.1590172786177106,0.8409827213822895,3140,0.13201943844492442,0.020248380129589634,0.847732181425486
1553,Prince George's,1964,Prince George's Precinct 19-003,1471,880,221,493,1964,1.0,0.7489816700610998,0.2510183299389002,863,0.4480651731160896,0.1125254582484725,0.4394093686354379
1554,Prince George's,465,Prince George's Precinct 21-012,342,214,86,123,465,1.0,0.7354838709677419,0.2645161290322581,165,0.46021505376344085,0.18494623655913978,0.3548387096774194
1555,Prince George's,10748,Prince George's Precinct 21-017,6779,283,86,3969,10748,1.0,0.6307219947897283,0.36927800521027165,10379,0.026330480089318944,0.008001488649050986,0.96566803126163
1556,Montgomery,3296,Montgomery Precinct 13-018,1232,965,120,2064,3296,1.0,0.3737864077669903,0.6262135922330098,2211,0.29277912621359226,0.03640776699029126,0.6708131067961165
1557,Montgomery,6272,Montgomery Precinct 13-022,1086,955,112,5186,6272,1.0,0.17315051020408162,0.8268494897959183,5205,0.1522640306122449,0.017857142857142856,0.8298788265306123
1558,Montgomery,2160,Montgomery Precinct 05-003,883,1308,319,1277,2160,1.0,0.40879629629629627,0.5912037037037037,533,0.6055555555555555,0.1476851851851852,0.24675925925925926
1559,Prince George's,5990,Prince George's Precinct 17-012,431,716,70,5559,5990,1.0,0.07195325542570952,0.9280467445742905,5204,0.11953255425709516,0.011686143572621035,0.8687813021702838
1560,Montgomery,5829,Montgomery Precinct 05-014,601,439,78,5228,5829,1.0,0.10310516383599246,0.8968948361640076,5312,0.07531308972379482,0.013381369016984045,0.9113055412592211
1561,Montgomery,3086,Montgomery Precinct 05-010,859,529,140,2227,3086,1.0,0.2783538561244329,0.721646143875567,2417,0.17141931302657162,0.04536616979909268,0.7832145171743357
1562,Montgomery,2340,Montgomery Precinct 05-005,1093,775,223,1247,2340,1.0,0.4670940170940171,0.5329059829059829,1342,0.3311965811965812,0.0952991452991453,0.5735042735042735
1563,Montgomery,4504,Montgomery Precinct 05-006,1382,1061,309,3122,4504,1.0,0.30683836589698044,0.6931616341030196,3134,0.23556838365896982,0.0686056838365897,0.6958259325044405
1565,Prince George's,2857,Prince George's Precinct 21-005,441,537,122,2416,2857,1.0,0.1543577178858943,0.8456422821141057,2198,0.1879593979698985,0.042702135106755336,0.7693384669233462
1566,Prince George's,2323,Prince George's Precinct 21-015,1101,402,132,1222,2323,1.0,0.47395609126130006,0.5260439087387,1789,0.1730520878174774,0.056823073611709,0.7701248385708136
1567,Prince George's,1633,Prince George's Precinct 21-014,475,471,120,1158,1633,1.0,0.2908756889161053,0.7091243110838946,1042,0.288426209430496,0.07348438456827924,0.6380894060012248
1568,Prince George's,5119,Prince George's Precinct 01-003,746,928,145,4373,5119,1.0,0.14573158820082047,0.8542684117991796,4046,0.18128540730611448,0.028325844891580385,0.7903887478023052
1569,Montgomery,1247,Montgomery Precinct 05-004,492,705,229,755,1247,1.0,0.3945469125902165,0.6054530874097834,313,0.5653568564554932,0.18364073777064957,0.25100240577385724
1570,Howard,1476,Howard Precinct 05-023,899,486,166,577,1476,1.0,0.6090785907859079,0.39092140921409213,824,0.32926829268292684,0.11246612466124661,0.5582655826558266
1571,Howard,2674,Howard Precinct 05-009,883,612,173,1791,2674,1.0,0.33021690351533284,0.6697830964846672,1889,0.22887060583395663,0.06469708302169035,0.706432311144353
1572,Howard,837,Howard Precinct 05-002,604,322,116,233,837,1.0,0.7216248506571087,0.27837514934289126,399,0.3847072879330944,0.13859020310633213,0.4767025089605735
1573,Howard,70,Howard Precinct 02-022,57,23,4,13,70,1.0,0.8142857142857143,0.18571428571428572,43,0.32857142857142857,0.05714285714285714,0.6142857142857143
1574,Howard,2055,Howard Precinct 03-003,1577,599,620,478,2055,1.0,0.767396593673966,0.23260340632603407,836,0.29148418491484185,0.30170316301703165,0.4068126520681265
1575,Howard,1663,Howard Precinct 03-001,1335,477,478,328,1663,1.0,0.8027660853878533,0.19723391461214673,708,0.28683102826217677,0.28743235117257965,0.42573662056524353
1576,Howard,228,Howard Precinct 03-004,180,54,65,48,228,1.0,0.7894736842105263,0.21052631578947367,109,0.23684210526315788,0.2850877192982456,0.4780701754385965
1577,Howard,2119,Howard Precinct 02-017,1305,488,363,814,2119,1.0,0.6158565361019349,0.38414346389806514,1268,0.23029731005191129,0.171307220386975,0.5983954695611138
1578,Howard,2614,Howard Precinct 05-015,1651,905,363,963,2614,1.0,0.6315990818668707,0.3684009181331293,1346,0.34621270084162203,0.13886763580719205,0.5149196633511859
1579,Howard,2031,Howard Precinct 05-008,1199,730,146,832,2031,1.0,0.5903495814869523,0.4096504185130478,1155,0.35942885278188086,0.07188577055637617,0.568685376661743
1580,Howard,2609,Howard Precinct 05-004,1301,901,246,1308,2609,1.0,0.49865848984285166,0.5013415101571483,1462,0.34534304331161364,0.09428899961671139,0.560367957071675
1581,Howard,802,Howard Precinct 06-012,491,300,120,311,802,1.0,0.6122194513715711,0.3877805486284289,382,0.3740648379052369,0.14962593516209477,0.4763092269326683
1582,Howard,2061,Howard Precinct 06-008,763,536,154,1298,2061,1.0,0.37020863658418246,0.6297913634158175,1371,0.2600679281901989,0.07472100921882581,0.6652110625909753
1583,Howard,2606,Howard Precinct 06-017,1064,775,198,1542,2606,1.0,0.40828856485034537,0.5917114351496546,1633,0.29739063699155793,0.07597851112816577,0.6266308518802763
1584,Howard,2144,Howard Precinct 06-009,765,739,176,1379,2144,1.0,0.3568097014925373,0.6431902985074627,1229,0.34468283582089554,0.08208955223880597,0.5732276119402985
1585,Howard,850,Howard Precinct 05-014,658,298,158,192,850,1.0,0.7741176470588236,0.22588235294117648,394,0.35058823529411764,0.18588235294117647,0.46352941176470586
1586,Howard,1183,Howard Precinct 02-010,877,442,267,306,1183,1.0,0.7413355874894336,0.2586644125105664,474,0.37362637362637363,0.2256973795435334,0.400676246830093
1587,Howard,3236,Howard Precinct 05-003,1699,971,229,1537,3236,1.0,0.5250309023485785,0.47496909765142153,2036,0.300061804697157,0.0707663782447466,0.6291718170580964
1588,Howard,2420,Howard Precinct 05-016,1314,532,193,1106,2420,1.0,0.5429752066115703,0.4570247933884298,1695,0.21983471074380165,0.07975206611570249,0.7004132231404959
1589,Howard,993,Howard Precinct 02-014,745,386,146,248,993,1.0,0.7502517623363545,0.2497482376636455,461,0.38872104733131924,0.1470292044310171,0.46424974823766363
1590,Howard,1506,Howard Precinct 06-005,939,546,232,567,1506,1.0,0.6235059760956175,0.37649402390438247,728,0.36254980079681276,0.15405046480743692,0.48339973439575035
1591,Howard,1730,Howard Precinct 06-031,773,545,140,957,1730,1.0,0.44682080924855494,0.5531791907514451,1045,0.315028901734104,0.08092485549132948,0.6040462427745664
1592,Howard,1628,Howard Precinct 06-010,1035,708,271,593,1628,1.0,0.6357493857493858,0.3642506142506142,649,0.4348894348894349,0.16646191646191646,0.39864864864864863
1593,Howard,1514,Howard Precinct 06-011,851,653,262,663,1514,1.0,0.5620871862615587,0.4379128137384412,599,0.43130779392338175,0.17305151915455746,0.3956406869220608
1594,Howard,1798,Howard Precinct 06-021,607,434,97,1191,1798,1.0,0.3375973303670745,0.6624026696329255,1267,0.2413793103448276,0.053948832035595105,0.7046718576195773
1595,Howard,1657,Howard Precinct 06-014,910,682,191,747,1657,1.0,0.5491852745926373,0.4508147254073627,784,0.4115872057936029,0.11526855763427882,0.4731442365721183
1596,Howard,2698,Howard Precinct 06-016,1280,802,258,1418,2698,1.0,0.4744255003706449,0.5255744996293551,1638,0.2972572275759822,0.09562638991845812,0.6071163825055597
1597,Howard,1142,Howard Precinct 06-006,821,558,187,321,1142,1.0,0.7189141856392294,0.28108581436077057,397,0.4886164623467601,0.1637478108581436,0.3476357267950963
1598,Howard,1146,Howard Precinct 02-020,847,321,148,299,1146,1.0,0.7390924956369983,0.26090750436300175,677,0.2801047120418848,0.12914485165794065,0.5907504363001745
1599,Howard,965,Howard Precinct 02-013,738,361,167,227,965,1.0,0.7647668393782383,0.23523316062176167,437,0.37409326424870465,0.17305699481865286,0.45284974093264246
1600,Howard,2258,Howard Precinct 02-004,994,498,246,1264,2258,1.0,0.4402125775022144,0.5597874224977857,1514,0.22054915854738708,0.10894596988485385,0.6705048715677591
1601,Howard,2706,Howard Precinct 02-003,2051,857,575,655,2706,1.0,0.7579453067257945,0.24205469327420548,1274,0.31670362158167037,0.21249076127124908,0.4708056171470806
1602,Anne Arundel,6637,Anne Arundel Precinct 04-007,3576,589,188,3061,6637,1.0,0.5387976495404551,0.461202350459545,5860,0.08874491487117674,0.028326050926623474,0.8829290342021998
1603,Anne Arundel,2138,Anne Arundel Precinct 04-019,624,606,97,1514,2138,1.0,0.29186155285313375,0.7081384471468662,1435,0.28344246959775493,0.045369504209541625,0.6711880261927035
1604,Anne Arundel,1672,Anne Arundel Precinct 04-011,1012,435,299,660,1672,1.0,0.6052631578947368,0.39473684210526316,938,0.26016746411483255,0.17882775119617225,0.5610047846889952
1605,Anne Arundel,1787,Anne Arundel Precinct 04-012,1244,373,363,543,1787,1.0,0.6961387800783436,0.30386121992165643,1051,0.20872971460548406,0.20313374370453274,0.5881365416899832
1606,Anne Arundel,1872,Anne Arundel Precinct 04-003,1469,391,437,403,1872,1.0,0.7847222222222222,0.2152777777777778,1044,0.20886752136752137,0.23344017094017094,0.5576923076923077
1607,Anne Arundel,2203,Anne Arundel Precinct 04-002,1531,580,449,672,2203,1.0,0.6949614162505674,0.3050385837494326,1174,0.2632773490694508,0.2038129822968679,0.5329096686336814
1608,Anne Arundel,3982,Anne Arundel Precinct 04-024,1617,735,211,2365,3982,1.0,0.40607734806629836,0.5939226519337016,3036,0.18458061275740834,0.052988448016072325,0.7624309392265194
1609,Anne Arundel,2792,Anne Arundel Precinct 04-018,453,951,419,2339,2792,1.0,0.16224928366762179,0.8377507163323782,1422,0.3406160458452722,0.15007163323782235,0.5093123209169055
1610,Anne Arundel,2335,Anne Arundel Precinct 02-023,1669,564,554,666,2335,1.0,0.7147751605995717,0.28522483940042825,1217,0.24154175588865096,0.23725910064239827,0.5211991434689508
1611,Anne Arundel,2103,Anne Arundel Precinct 02-024,1550,444,403,553,2103,1.0,0.7370423204945317,0.2629576795054684,1256,0.21112696148359486,0.19163100332857821,0.5972420351878269
1612,Anne Arundel,2435,Anne Arundel Precinct 01-020,1182,668,368,1253,2435,1.0,0.4854209445585216,0.5145790554414784,1399,0.2743326488706366,0.151129363449692,0.5745379876796715
1613,Anne Arundel,2219,Anne Arundel Precinct 01-021,618,612,138,1601,2219,1.0,0.2785038305543037,0.7214961694456963,1469,0.2757999098693105,0.06219017575484453,0.662009914375845
1614,Anne Arundel,2392,Anne Arundel Precinct 01-019,966,638,280,1426,2392,1.0,0.40384615384615385,0.5961538461538461,1474,0.26672240802675584,0.11705685618729098,0.6162207357859532
1615,Anne Arundel,1877,Anne Arundel Precinct 01-005,1116,423,289,761,1877,1.0,0.5945657964837506,0.4054342035162493,1165,0.22535961640916355,0.15396909962706445,0.620671283963772
1616,Anne Arundel,1391,Anne Arundel Precinct 01-024,699,377,195,692,1391,1.0,0.5025161754133717,0.4974838245866283,819,0.27102803738317754,0.14018691588785046,0.5887850467289719
1617,Anne Arundel,1706,Anne Arundel Precinct 02-001,1287,404,384,419,1706,1.0,0.7543962485345839,0.2456037514654162,918,0.23681125439624853,0.2250879249706917,0.5381008206330598
1618,Anne Arundel,2031,Anne Arundel Precinct 01-006,1005,707,321,1026,2031,1.0,0.4948301329394387,0.5051698670605613,1003,0.3481043820777942,0.15805022156573117,0.4938453963564746
1619,Howard,1701,Howard Precinct 01-010,1139,410,293,562,1701,1.0,0.6696061140505585,0.3303938859494415,998,0.24103468547912993,0.17225161669606115,0.586713697824809
1620,Howard,366,Howard Precinct 01-007,217,151,86,149,366,1.0,0.592896174863388,0.40710382513661203,129,0.412568306010929,0.23497267759562843,0.3524590163934426
1621,Howard,2763,Howard Precinct 01-003,1793,595,354,970,2763,1.0,0.6489323199420919,0.35106768005790806,1814,0.21534563879840754,0.1281216069489685,0.6565327542526239
1622,Howard,447,Howard Precinct 01-012,364,237,209,83,447,1.4527687296416938,0.814317673378076,0.18568232662192394,1,0.5302013422818792,0.46756152125279643,0.0022371364653243847
1623,Howard,595,Howard Precinct 01-005,437,202,164,158,595,1.0,0.7344537815126051,0.26554621848739496,229,0.33949579831932775,0.27563025210084036,0.38487394957983195
1624,Howard,1106,Howard Precinct 02-025,895,426,316,211,1106,1.0,0.8092224231464737,0.19077757685352623,364,0.38517179023508136,0.2857142857142857,0.3291139240506329
1625,Howard,2449,Howard Precinct 02-016,1747,782,493,702,2449,1.0,0.7133523887300939,0.28664761126990607,1174,0.31931400571661905,0.20130665577786852,0.47937933850551245
1626,Howard,1747,Howard Precinct 01-009,1011,496,309,736,1747,1.0,0.5787063537492845,0.4212936462507155,942,0.28391528334287347,0.17687464224384658,0.53921007441328
1627,Howard,1552,Howard Precinct 01-014,1128,569,455,424,1552,1.0,0.7268041237113402,0.27319587628865977,528,0.36662371134020616,0.2931701030927835,0.3402061855670103
1628,Howard,2886,Howard Precinct 01-002,1980,325,353,906,2886,1.0,0.6860706860706861,0.31392931392931395,2208,0.11261261261261261,0.12231462231462231,0.7650727650727651
1629,Howard,2586,Howard Precinct 01-004,1819,924,782,767,2586,1.0,0.7034029389017789,0.2965970610982212,880,0.35730858468677495,0.3023975251353442,0.3402938901778809
1630,Howard,1159,Howard Precinct 01-011,906,258,197,253,1159,1.0,0.7817083692838654,0.2182916307161346,704,0.22260569456427956,0.16997411561691114,0.6074201898188093
1631,Howard,2733,Howard Precinct 02-002,1860,826,549,873,2733,1.0,0.6805708013172338,0.3194291986827662,1358,0.3022319795096963,0.20087815587266739,0.4968898646176363
1632,Howard,2180,Howard Precinct 02-001,1181,609,308,999,2180,1.0,0.541743119266055,0.45825688073394494,1263,0.2793577981651376,0.14128440366972478,0.5793577981651377
1633,Howard,2500,Howard Precinct 02-023,936,354,159,1564,2500,1.0,0.3744,0.6256,1987,0.1416,0.0636,0.7948
1634,Prince George's,2446,Prince George's Precinct 21-007,1279,640,274,1167,2446,1.0,0.5228945216680294,0.4771054783319706,1532,0.2616516762060507,0.11201962387571546,0.6263286999182338
1635,Prince George's,3916,Prince George's Precinct 02-009,227,958,70,3689,3916,1.0,0.057967313585291114,0.9420326864147089,2888,0.24463738508682328,0.01787538304392237,0.7374872318692544
1636,Prince George's,3022,Prince George's Precinct 02-010,285,589,76,2737,3022,1.0,0.0943084050297816,0.9056915949702184,2357,0.19490403706154863,0.02514890800794176,0.7799470549305096
1637,Prince George's,3459,Prince George's Precinct 02-006,329,892,111,3130,3459,1.0,0.09511419485400405,0.9048858051459959,2456,0.25787799942179823,0.032090199479618386,0.7100318010985834
1638,Prince George's,2119,Prince George's Precinct 02-004,309,496,89,1810,2119,1.0,0.1458235016517225,0.8541764983482775,1534,0.2340726757904672,0.042000943841434636,0.7239263803680982
1639,Prince George's,3067,Prince George's Precinct 20-007,21,627,23,3046,3067,1.0,0.006847081838930551,0.9931529181610694,2417,0.20443430061949788,0.007499184871209651,0.7880665145092924
1640,Prince George's,2332,Prince George's Precinct 20-012,113,467,23,2219,2332,1.0,0.04845626072041166,0.9515437392795884,1842,0.20025728987993138,0.00986277873070326,0.7898799313893653
1641,Prince George's,1239,Prince George's Precinct 21-009,565,317,88,674,1239,1.0,0.45601291364003227,0.5439870863599677,834,0.25585149313962874,0.07102502017756256,0.6731234866828087
1642,Prince George's,2546,Prince George's Precinct 20-005,461,670,94,2085,2546,1.0,0.18106834249803613,0.8189316575019638,1782,0.2631578947368421,0.036920659858601726,0.6999214454045561
1643,Prince George's,2412,Prince George's Precinct 20-006,332,623,94,2080,2412,1.0,0.13764510779436154,0.8623548922056384,1695,0.2582918739635158,0.03897180762852405,0.7027363184079602
1644,Prince George's,1798,Prince George's Precinct 21-016,304,675,94,1494,1798,1.0,0.16907675194660735,0.8309232480533927,1029,0.3754171301446051,0.05228031145717464,0.5723025583982202
1645,Prince George's,3234,Prince George's Precinct 21-004,1237,523,180,1997,3234,1.0,0.38249845392702536,0.6175015460729747,2531,0.16171923314780456,0.055658627087198514,0.782622139764997
1646,Prince George's,2721,Prince George's Precinct 21-010,1330,558,234,1391,2721,1.0,0.48879088570378537,0.5112091142962146,1929,0.20507166482910694,0.08599779492833518,0.7089305402425579
1647,Prince George's,850,Prince George's Precinct 01-008,369,189,43,481,850,1.0,0.43411764705882355,0.5658823529411765,618,0.2223529411764706,0.05058823529411765,0.7270588235294118
1649,Prince George's,2859,Prince George's Precinct 01-005,1391,737,363,1468,2859,1.0,0.48653375306051067,0.5134662469394893,1759,0.2577824414130815,0.12696747114375656,0.6152500874431619
1650,Prince George's,4986,Prince George's Precinct 21-008,194,645,46,4792,4986,1.0,0.03890894504612916,0.9610910549538708,4295,0.12936221419975932,0.009225832330525471,0.8614119534697152
1652,Prince George's,3492,Prince George's Precinct 21-003,1976,1222,244,1516,3492,1.0,0.565864833906071,0.434135166093929,2026,0.349942726231386,0.06987399770904926,0.5801832760595648
1653,Prince George's,2659,Prince George's Precinct 21-006,1934,978,272,725,2659,1.0,0.7273411056788266,0.27265889432117335,1409,0.3678074464084242,0.10229409552463332,0.5298984580669425
1654,Prince George's,2024,Prince George's Precinct 01-002,921,379,147,1103,2024,1.0,0.4550395256916996,0.5449604743083004,1498,0.18725296442687747,0.07262845849802371,0.7401185770750988
1655,Prince George's,1731,Prince George's Precinct 01-006,330,592,86,1401,1731,1.0,0.19064124783362218,0.8093587521663779,1053,0.341998844598498,0.04968226458694396,0.608318890814558
1656,Prince George's,2436,Prince George's Precinct 13-003,24,770,36,2412,2436,1.0,0.009852216748768473,0.9901477832512315,1630,0.3160919540229885,0.014778325123152709,0.6691297208538588
1657,Prince George's,1716,Prince George's Precinct 20-002,186,341,25,1530,1716,1.0,0.10839160839160839,0.8916083916083916,1350,0.1987179487179487,0.014568764568764568,0.7867132867132867
1658,Prince George's,957,Prince George's Precinct 20-013,19,178,15,938,957,1.0,0.019853709508881923,0.9801462904911181,764,0.18599791013584116,0.01567398119122257,0.7983281086729362
1659,Prince George's,1875,Prince George's Precinct 20-003,26,784,27,1849,1875,1.0,0.013866666666666666,0.9861333333333333,1064,0.41813333333333336,0.0144,0.5674666666666667
1660,Prince George's,2857,Prince George's Precinct 20-011,168,821,46,2689,2857,1.0,0.05880294014700735,0.9411970598529926,1990,0.28736436821841094,0.016100805040252013,0.696534826741337
1661,Prince George's,3387,Prince George's Precinct 20-001,567,971,185,2820,3387,1.0,0.16740478299379982,0.8325952170062002,2231,0.2866843814585179,0.054620608207853555,0.6586950103336285
1662,Prince George's,3358,Prince George's Precinct 21-018,545,973,87,2813,3358,1.0,0.16229898749255509,0.8377010125074449,2298,0.28975580702799286,0.025908278737343658,0.6843359142346634
1663,Prince George's,3792,Prince George's Precinct 21-011,512,869,110,3280,3792,1.0,0.1350210970464135,0.8649789029535865,2813,0.22916666666666666,0.0290084388185654,0.741824894514768
1664,Prince George's,2484,Prince George's Precinct 20-010,566,504,127,1918,2484,1.0,0.2278582930756844,0.7721417069243156,1853,0.2028985507246377,0.05112721417069243,0.7459742351046699
1665,Prince George's,3859,Prince George's Precinct 13-005,536,1694,94,3323,3859,1.0,0.1388960870691889,0.8611039129308111,2071,0.43897382741642915,0.024358642135268203,0.5366675304483026
1666,Prince George's,3469,Prince George's Precinct 10-001,531,548,86,2938,3469,1.0,0.15307004900547708,0.846929950994523,2835,0.15797059671375036,0.024791006053617757,0.8172383972326319
1667,Prince George's,4592,Prince George's Precinct 10-002,1524,1068,308,3068,4592,1.0,0.3318815331010453,0.6681184668989547,3216,0.23257839721254356,0.06707317073170732,0.7003484320557491
1668,Prince George's,3148,Prince George's Precinct 10-004,732,823,120,2416,3148,1.0,0.23252858958068615,0.7674714104193139,2205,0.26143583227446,0.03811944091486658,0.7004447268106735
1669,Howard,2070,Howard Precinct 06-024,1087,554,268,983,2070,1.0,0.5251207729468599,0.4748792270531401,1248,0.26763285024154587,0.1294685990338164,0.6028985507246377
1670,Prince George's,2617,Prince George's Precinct 10-003,1178,504,221,1439,2617,1.0,0.45013374092472297,0.5498662590752771,1892,0.19258693160106993,0.08444784103935804,0.722965227359572
1671,Howard,2038,Howard Precinct 06-015,813,587,226,1225,2038,1.0,0.3989205103042198,0.6010794896957802,1225,0.28802747791952893,0.11089303238469088,0.6010794896957802
1672,Prince George's,4448,Prince George's Precinct 10-009,845,702,125,3603,4448,1.0,0.18997302158273383,0.8100269784172662,3621,0.15782374100719423,0.02810251798561151,0.8140737410071942
1673,Anne Arundel,3177,Anne Arundel Precinct 04-017,1534,502,208,1643,3177,1.0,0.4828454516839786,0.5171545483160214,2467,0.15801070192005037,0.06547056971986151,0.7765187283600882
1674,Anne Arundel,2642,Anne Arundel Precinct 04-001,1022,582,217,1620,2642,1.0,0.38682816048448143,0.6131718395155186,1843,0.2202876608629826,0.0821347464042392,0.6975775927327782
1675,Howard,2652,Howard Precinct 06-034,914,571,173,1738,2652,1.0,0.34464555052790347,0.6553544494720965,1908,0.21530920060331826,0.06523378582202112,0.7194570135746606
1676,Howard,3014,Howard Precinct 06-002,1196,937,325,1818,3014,1.0,0.39681486396814863,0.6031851360318513,1752,0.3108825481088255,0.10783012607830127,0.5812873258128732
1677,Anne Arundel,2646,Anne Arundel Precinct 04-009,961,1093,300,1685,2646,1.0,0.36318972033257746,0.6368102796674225,1253,0.41307634164777024,0.11337868480725624,0.47354497354497355
1678,Howard,2624,Howard Precinct 06-035,1067,1057,436,1557,2624,1.0,0.4066310975609756,0.5933689024390244,1131,0.4028201219512195,0.16615853658536586,0.43102134146341464
1679,Howard,734,Howard Precinct 06-023,589,306,195,145,734,1.0,0.8024523160762943,0.19754768392370572,233,0.41689373297002724,0.2656675749318801,0.31743869209809267
1680,Howard,732,Howard Precinct 06-025,584,249,241,148,732,1.0,0.7978142076502732,0.20218579234972678,242,0.3401639344262295,0.3292349726775956,0.33060109289617484
1681,Howard,1711,Howard Precinct 06-018,1218,576,320,493,1711,1.0,0.711864406779661,0.288135593220339,815,0.33664523670368207,0.18702513150204558,0.47632963179427235
1682,Howard,2583,Howard Precinct 06-026,1654,954,365,929,2583,1.0,0.6403406891211769,0.3596593108788231,1264,0.3693379790940767,0.14130855594270228,0.4893534649632211
1683,Howard,2014,Howard Precinct 06-004,1661,857,546,353,2014,1.0,0.8247269116186693,0.17527308838133068,611,0.42552135054617674,0.2711022840119166,0.30337636544190666
1684,Howard,2046,Howard Precinct 06-027,920,645,260,1126,2046,1.0,0.4496578690127077,0.5503421309872922,1141,0.3152492668621701,0.1270772238514174,0.5576735092864125
1685,Howard,2202,Howard Precinct 06-001,1204,459,307,998,2202,1.0,0.5467756584922797,0.45322434150772023,1436,0.20844686648501362,0.13941871026339692,0.6521344232515894
1686,Howard,2052,Howard Precinct 06-033,1179,525,319,873,2052,1.0,0.5745614035087719,0.42543859649122806,1208,0.25584795321637427,0.155458089668616,0.5886939571150097
1687,Howard,2183,Howard Precinct 06-020,1321,691,271,862,2183,1.0,0.6051305542830967,0.39486944571690336,1221,0.31653687585890977,0.12414109024278516,0.559322033898305
1688,Howard,1571,Howard Precinct 06-013,1066,460,219,505,1571,1.0,0.6785486950986632,0.3214513049013367,892,0.2928071292170592,0.1394016549968173,0.5677912157861235
1689,Howard,1813,Howard Precinct 06-022,1127,584,222,686,1813,1.0,0.6216216216216216,0.3783783783783784,1007,0.3221180364037507,0.12244897959183673,0.5554329840044125
1690,Howard,2296,Howard Precinct 06-019,970,761,184,1326,2296,1.0,0.42247386759581884,0.5775261324041812,1351,0.3314459930313589,0.08013937282229965,0.5884146341463414
1691,Howard,2941,Howard Precinct 05-022,1846,1061,611,1095,2941,1.0,0.6276776606596396,0.3723223393403604,1269,0.3607616456987419,0.20775246514790888,0.4314858891533492
1692,Howard,2781,Howard Precinct 05-010,1666,868,582,1115,2781,1.0,0.5990650845019777,0.4009349154980223,1331,0.31211794318590436,0.209277238403452,0.4786048184106437
1693,Howard,2429,Howard Precinct 05-021,1336,683,213,1093,2429,1.0,0.5500205846027172,0.4499794153972828,1533,0.2811856731165088,0.0876904075751338,0.6311239193083573
1694,Howard,1794,Howard Precinct 05-017,1247,620,268,547,1794,1.0,0.6950947603121517,0.3049052396878484,906,0.3455964325529543,0.14938684503901895,0.5050167224080268
1695,Howard,1525,Howard Precinct 05-018,826,398,119,699,1525,1.0,0.5416393442622951,0.4583606557377049,1008,0.26098360655737707,0.0780327868852459,0.6609836065573771
1696,Howard,1777,Howard Precinct 05-007,997,628,189,780,1777,1.0,0.5610579628587508,0.4389420371412493,960,0.353404614518852,0.10635903207653348,0.5402363534046145
1697,Howard,1870,Howard Precinct 05-012,1022,699,206,848,1870,1.0,0.546524064171123,0.453475935828877,965,0.37379679144385025,0.11016042780748662,0.516042780748663
1698,Baltimore City,1766,Baltimore City Precinct 15-001,42,469,16,1724,1766,1.0,0.02378255945639864,0.9762174405436014,1281,0.2655719139297848,0.009060022650056626,0.7253680634201586
1699,Baltimore City,571,Baltimore City Precinct 28-003,5,159,6,566,571,1.0,0.008756567425569177,0.9912434325744308,406,0.27845884413309985,0.010507880910683012,0.7110332749562172
1700,Baltimore City,1228,Baltimore City Precinct 27-061,324,203,28,904,1228,1.0,0.26384364820846906,0.7361563517915309,997,0.16530944625407165,0.02280130293159609,0.8118892508143323
1701,Baltimore City,1238,Baltimore City Precinct 27-056,13,271,15,1225,1238,1.0,0.01050080775444265,0.9894991922455574,952,0.21890145395799676,0.012116316639741519,0.7689822294022617
1702,Baltimore City,2460,Baltimore City Precinct 27-057,36,500,22,2424,2460,1.0,0.014634146341463415,0.9853658536585366,1938,0.2032520325203252,0.00894308943089431,0.7878048780487805
1703,Baltimore City,1163,Baltimore City Precinct 27-059,32,237,6,1131,1163,1.0,0.027515047291487533,0.9724849527085124,920,0.20378331900257954,0.005159071367153913,0.7910576096302665
1704,Baltimore City,1669,Baltimore City Precinct 28-001,105,381,21,1564,1669,1.0,0.06291192330736968,0.9370880766926303,1267,0.22828040742959857,0.012582384661473937,0.7591372079089275
1705,Baltimore City,3062,Baltimore City Precinct 27-067,1028,580,156,2034,3062,1.0,0.3357282821685173,0.6642717178314826,2326,0.18941868060091444,0.05094709340300457,0.759634225996081
1706,Baltimore City,2688,Baltimore City Precinct 27-062,1151,414,177,1537,2688,1.0,0.42819940476190477,0.5718005952380952,2097,0.15401785714285715,0.06584821428571429,0.7801339285714286
1707,Baltimore City,2392,Baltimore City Precinct 27-066,1756,583,309,636,2392,1.0,0.7341137123745819,0.26588628762541805,1500,0.24372909698996656,0.12918060200668896,0.6270903010033445
1708,Baltimore County,2385,Baltimore County Precinct 03-006,2216,1058,422,169,2385,1.0,0.929140461215933,0.07085953878406709,905,0.44360587002096435,0.1769392033542977,0.37945492662473795
1709,Baltimore City,1675,Baltimore City Precinct 27-063,770,444,175,905,1675,1.0,0.4597014925373134,0.5402985074626866,1056,0.2650746268656716,0.1044776119402985,0.6304477611940299
1710,Baltimore City,3698,Baltimore City Precinct 27-065,2866,811,378,832,3698,1.0,0.775013520822066,0.22498647917793402,2509,0.21930773391022174,0.10221741481882099,0.6784748512709573
1711,Baltimore City,997,Baltimore City Precinct 27-060,171,434,67,826,997,1.0,0.1715145436308927,0.8284854563691073,496,0.4353059177532598,0.06720160481444333,0.4974924774322969
1712,Baltimore City,1689,Baltimore City Precinct 27-064,1206,453,266,483,1689,1.0,0.7140319715808171,0.28596802841918295,970,0.2682060390763766,0.15748963883955003,0.5743043220840734
1713,Baltimore County,3977,Baltimore County Precinct 03-007,3337,1420,849,640,3977,1.0,0.8390746794065879,0.1609253205934121,1708,0.35705305506663315,0.21347749559969825,0.4294694493336686
1714,Baltimore County,3393,Baltimore County Precinct 03-011,2447,1200,334,946,3393,1.0,0.7211906867079281,0.2788093132920719,1859,0.3536693191865606,0.09843796050692602,0.5478927203065134
1715,Baltimore County,2089,Baltimore County Precinct 03-013,1842,753,405,247,2089,1.0,0.8817616084250838,0.11823839157491622,931,0.36045955002393487,0.1938726663475347,0.4456677836285304
1716,Baltimore County,2964,Baltimore County Precinct 03-010,2695,1415,436,269,2964,1.0,0.9092442645074224,0.0907557354925776,1113,0.4773954116059379,0.14709851551956815,0.37550607287449395
1717,Baltimore County,1906,Baltimore County Precinct 08-008,1709,544,474,197,1906,1.0,0.8966421825813221,0.10335781741867786,888,0.28541448058761804,0.24868835257082897,0.46589716684155297
1718,Baltimore County,2959,Baltimore County Precinct 04-005,2071,695,334,888,2959,1.0,0.6998986143967557,0.30010138560324434,1930,0.23487664751605272,0.1128759716120311,0.6522473808719161
1719,Baltimore County,3908,Baltimore County Precinct 04-004,2966,1325,536,942,3908,1.0,0.7589559877175026,0.24104401228249744,2047,0.3390481064483112,0.13715455475946775,0.5237973387922211
1720,Baltimore County,533,Baltimore County Precinct 04-013,478,211,153,55,533,1.0,0.8968105065666041,0.10318949343339587,169,0.39587242026266417,0.2870544090056285,0.3170731707317073
1721,Baltimore County,433,Baltimore County Precinct 04-011,383,103,103,50,433,1.0,0.8845265588914549,0.11547344110854503,227,0.23787528868360278,0.23787528868360278,0.5242494226327945
1722,Baltimore County,685,Baltimore County Precinct 08-023,608,249,203,77,685,1.0,0.8875912408759125,0.11240875912408758,233,0.3635036496350365,0.29635036496350364,0.34014598540145985
1723,Baltimore County,510,Baltimore County Precinct 08-021,438,143,172,72,510,1.0,0.8588235294117647,0.1411764705882353,195,0.2803921568627451,0.33725490196078434,0.38235294117647056
1724,Baltimore County,994,Baltimore County Precinct 08-024,886,318,354,108,994,1.0,0.8913480885311871,0.10865191146881288,322,0.3199195171026157,0.3561368209255533,0.323943661971831
1725,Baltimore County,3725,Baltimore County Precinct 08-002,3308,800,791,417,3725,1.0,0.8880536912751678,0.11194630872483222,2134,0.21476510067114093,0.2123489932885906,0.5728859060402685
1726,Baltimore City,818,Baltimore City Precinct 15-008,13,288,11,805,818,1.0,0.01589242053789731,0.9841075794621027,519,0.35207823960880197,0.013447432762836185,0.6344743276283619
1727,Baltimore City,2394,Baltimore City Precinct 15-003,33,752,45,2361,2394,1.0,0.013784461152882205,0.9862155388471178,1597,0.3141186299081036,0.018796992481203006,0.6670843776106934
1728,Baltimore City,1024,Baltimore City Precinct 15-004,8,259,9,1016,1024,1.0,0.0078125,0.9921875,756,0.2529296875,0.0087890625,0.73828125
1729,Baltimore City,1372,Baltimore City Precinct 15-005,11,468,20,1361,1372,1.0,0.008017492711370262,0.9919825072886297,884,0.34110787172011664,0.014577259475218658,0.6443148688046647
1730,Somerset,739,Somerset Precinct 12-001,638,139,162,101,739,1.0,0.8633288227334236,0.13667117726657646,438,0.1880920162381597,0.21921515561569688,0.5926928281461434
1731,Somerset,404,Somerset Precinct 08-002,370,94,159,34,404,1.0,0.9158415841584159,0.08415841584158416,151,0.23267326732673269,0.3935643564356436,0.37376237623762376
1732,Somerset,1465,Somerset Precinct 08-001,1201,279,436,264,1465,1.0,0.8197952218430035,0.1802047781569966,750,0.19044368600682593,0.2976109215017065,0.5119453924914675
1733,Somerset,71,Somerset Precinct 10-002,70,10,23,1,71,1.0,0.9859154929577465,0.014084507042253521,38,0.14084507042253522,0.323943661971831,0.5352112676056338
1734,Somerset,396,Somerset Precinct 14-001,370,83,125,26,396,1.0,0.9343434343434344,0.06565656565656566,188,0.20959595959595959,0.31565656565656564,0.47474747474747475
1735,Somerset,301,Somerset Precinct 09-001,242,76,94,59,301,1.0,0.8039867109634552,0.19601328903654486,131,0.25249169435215946,0.3122923588039867,0.43521594684385384
1736,Somerset,487,Somerset Precinct 06-001,372,99,95,115,487,1.0,0.7638603696098563,0.23613963039014374,293,0.2032854209445585,0.19507186858316222,0.6016427104722792
1737,Somerset,139,Somerset Precinct 11-001,113,28,51,26,139,1.0,0.8129496402877698,0.18705035971223022,60,0.2014388489208633,0.3669064748201439,0.4316546762589928
1738,Harford,2157,Harford Precinct 01-002,1667,578,549,490,2157,1.0,0.7728326379230412,0.22716736207695873,1030,0.267964765878535,0.2545201668984701,0.4775150672229949
1739,Harford,2040,Harford Precinct 01-041,1629,649,475,411,2040,1.0,0.7985294117647059,0.20147058823529412,916,0.31813725490196076,0.23284313725490197,0.44901960784313727
1740,Harford,3676,Harford Precinct 01-001,1714,818,269,1962,3676,1.0,0.4662676822633297,0.5337323177366703,2589,0.22252448313384113,0.07317736670293798,0.7042981501632208
1741,Harford,3478,Harford Precinct 01-004,2572,905,687,906,3478,1.0,0.7395054629097182,0.26049453709028175,1886,0.2602070155261645,0.19752731454859115,0.5422656699252444
1742,Harford,3873,Harford Precinct 01-006,1543,700,211,2330,3873,1.0,0.3983991737671056,0.6016008262328943,2962,0.18073844564936742,0.05447973147430932,0.7647818228763232
1743,Harford,2164,Harford Precinct 03-007,1998,624,842,166,2164,1.0,0.9232902033271719,0.0767097966728281,698,0.28835489833641403,0.38909426987060997,0.32255083179297594
1744,Harford,2054,Harford Precinct 03-014,1919,452,604,135,2054,1.0,0.9342745861733204,0.06572541382667965,998,0.22005842259006816,0.2940603700097371,0.48588120740019475
1745,Harford,3462,Harford Precinct 03-003,3325,936,1325,137,3462,1.0,0.9604274985557482,0.039572501444251874,1201,0.2703639514731369,0.3827267475447718,0.3469093009820913
1746,Harford,2794,Harford Precinct 03-008,2645,729,850,149,2794,1.0,0.9466714387974231,0.05332856120257695,1215,0.2609162491052255,0.3042233357193987,0.4348604151753758
1747,Harford,3241,Harford Precinct 03-009,2986,871,992,255,3241,1.0,0.9213205800678803,0.07867941993211972,1378,0.2687442147485344,0.3060783708731873,0.42517741437827833
1748,Harford,3003,Harford Precinct 03-013,2807,818,986,196,3003,1.0,0.9347319347319347,0.06526806526806526,1199,0.2723942723942724,0.3283383283383283,0.3992673992673993
1749,Harford,3352,Harford Precinct 03-010,2942,696,702,410,3352,1.0,0.8776849642004774,0.12231503579952267,1954,0.20763723150357996,0.2094272076372315,0.5829355608591885
1750,Harford,2607,Harford Precinct 03-024,2426,525,704,181,2607,1.0,0.9305715381664749,0.06942846183352512,1378,0.20138089758342922,0.270042194092827,0.5285769083237438
1751,Harford,2554,Harford Precinct 03-015,2121,512,557,433,2554,1.0,0.8304620203602192,0.16953797963978073,1485,0.2004698512137823,0.21808927173061865,0.5814408770555991
1752,Harford,2186,Harford Precinct 01-007,1978,372,494,208,2186,1.0,0.9048490393412626,0.09515096065873742,1320,0.17017383348581885,0.22598353156450138,0.6038426349496798
1753,Harford,3096,Harford Precinct 01-015,2442,673,697,654,3096,1.0,0.7887596899224806,0.21124031007751937,1726,0.21737726098191215,0.22512919896640826,0.5574935400516796
1754,Harford,2678,Harford Precinct 01-009,2194,534,601,484,2678,1.0,0.8192681105302465,0.18073188946975355,1543,0.19940253920836445,0.22442120985810307,0.5761762509335325
1755,Harford,3303,Harford Precinct 01-008,2689,837,962,614,3303,1.0,0.8141083863154708,0.18589161368452922,1504,0.25340599455040874,0.29125037844383894,0.45534362700575237
1756,Harford,2527,Harford Precinct 03-016,2247,571,640,280,2527,1.0,0.889196675900277,0.11080332409972299,1316,0.2259596359319351,0.25326474079936684,0.5207756232686981
1757,Harford,1005,Harford Precinct 01-021,871,193,242,134,1005,1.0,0.8666666666666667,0.13333333333333333,570,0.19203980099502488,0.2407960199004975,0.5671641791044776
1758,Harford,3462,Harford Precinct 01-013,2644,544,501,818,3462,1.0,0.7637203928365107,0.2362796071634893,2417,0.15713460427498555,0.14471403812824957,0.6981513575967648
1759,Harford,2938,Harford Precinct 01-011,2628,718,815,310,2938,1.0,0.8944860449285228,0.10551395507147719,1405,0.24438393464942137,0.2773995915588836,0.478216473791695
1760,Harford,2684,Harford Precinct 01-012,2311,758,864,373,2684,1.0,0.8610283159463488,0.13897168405365126,1062,0.28241430700447095,0.32190760059612517,0.3956780923994039
1761,Harford,3797,Harford Precinct 01-014,3420,962,1101,377,3797,1.0,0.9007110877008164,0.09928891229918356,1734,0.2533579141427443,0.28996576244403477,0.45667632341322095
1762,Harford,2630,Harford Precinct 03-012,2339,534,552,291,2630,1.0,0.8893536121673004,0.11064638783269962,1544,0.20304182509505703,0.20988593155893537,0.5870722433460076
1763,Harford,1993,Harford Precinct 03-011,1840,489,543,153,1993,1.0,0.9232313095835424,0.0767686904164576,961,0.24535875564475665,0.27245358755644755,0.48218765679879577
1764,Harford,2372,Harford Precinct 03-017,2236,616,692,136,2372,1.0,0.9426644182124789,0.05733558178752108,1064,0.2596964586846543,0.2917369308600337,0.448566610455312
1765,Harford,2779,Harford Precinct 03-018,2379,577,682,400,2779,1.0,0.8560633321338611,0.1439366678661389,1520,0.20762864339690537,0.24541201871176682,0.5469593378913278
1766,Harford,2558,Harford Precinct 03-019,2363,641,909,195,2558,1.0,0.9237685691946833,0.07623143080531665,1008,0.25058639562157936,0.35535574667709147,0.3940578577013292
1767,Harford,2823,Harford Precinct 03-021,2432,668,887,391,2823,1.0,0.8614948636202622,0.13850513637973788,1268,0.23662770102727596,0.314204746723344,0.4491675522493801
1768,Worcester,2575,Worcester Precinct 03-002,2428,370,582,147,2575,1.0,0.9429126213592233,0.0570873786407767,1623,0.1436893203883495,0.22601941747572815,0.6302912621359223
1769,Worcester,6559,Worcester Precinct 07-001,5942,1327,1515,617,6559,1.0,0.9059307821314224,0.09406921786857753,3717,0.20231742643695685,0.230980332367739,0.5667022411953042
1770,Carroll,7060,Carroll Precinct 13-001,6426,1485,2397,634,7060,1.0,0.9101983002832861,0.08980169971671388,3178,0.2103399433427762,0.3395184135977337,0.45014164305949006
1771,Montgomery,5066,Montgomery Precinct 02-002,2200,944,520,2866,5066,1.0,0.43426766679826295,0.5657323332017371,3602,0.18634030793525463,0.10264508487958941,0.711014607185156
1772,Montgomery,4594,Montgomery Precinct 02-003,1819,799,324,2775,4594,1.0,0.3959512407488028,0.6040487592511972,3471,0.173922507618633,0.07052677405311275,0.7555507183282543
1773,Montgomery,4893,Montgomery Precinct 04-014,2595,1018,425,2298,4893,1.0,0.530349478847333,0.4696505211526671,3450,0.20805231964030246,0.0868587778459023,0.7050889025137952
1774,Montgomery,8267,Montgomery Precinct 05-013,1288,989,88,6979,8267,1.0,0.15580016934801016,0.8441998306519899,7190,0.11963227289222209,0.010644732067255353,0.8697229950405225
1775,Montgomery,5042,Montgomery Precinct 05-023,1026,1261,253,4016,5042,1.0,0.203490678302261,0.796509321697739,3528,0.25009916699722334,0.050178500595001986,0.6997223324077747
1776,Montgomery,7187,Montgomery Precinct 05-012,3273,1267,375,3914,7187,1.0,0.45540559343258663,0.5445944065674134,5545,0.17629052455823013,0.05217754278558508,0.7715319326561848
1777,Montgomery,4205,Montgomery Precinct 06-002,2503,675,606,1702,4205,1.0,0.595243757431629,0.404756242568371,2924,0.1605231866825208,0.1441141498216409,0.6953626634958383
1778,Montgomery,4050,Montgomery Precinct 07-019,3278,1552,596,772,4050,1.0,0.8093827160493827,0.19061728395061728,1902,0.38320987654320987,0.14716049382716048,0.4696296296296296
1779,Montgomery,3999,Montgomery Precinct 07-023,3100,1390,614,899,3999,1.0,0.7751937984496124,0.2248062015503876,1995,0.347586896724181,0.15353838459614905,0.4988747186796699
1780,Montgomery,3316,Montgomery Precinct 09-005,1609,716,352,1707,3316,1.0,0.4852231604342581,0.5147768395657418,2248,0.21592279855247287,0.10615199034981906,0.6779252110977081
1781,Montgomery,5404,Montgomery Precinct 09-009,1874,1002,343,3530,5404,1.0,0.34678016284233903,0.653219837157661,4059,0.18541820873427092,0.06347150259067358,0.7511102886750555
1782,Montgomery,4358,Montgomery Precinct 09-022,1537,829,433,2821,4358,1.0,0.3526847177604406,0.6473152822395595,3096,0.19022487379531897,0.09935750344194584,0.7104176227627352
1783,Montgomery,5285,Montgomery Precinct 13-021,1585,1311,87,3700,5285,1.0,0.29990539262062443,0.7000946073793756,3887,0.24806054872280037,0.016461684011352885,0.7354777672658467
1784,Montgomery,5580,Montgomery Precinct 13-015,1569,1355,245,4011,5580,1.0,0.28118279569892474,0.7188172043010753,3980,0.24283154121863798,0.04390681003584229,0.7132616487455197
1785,Montgomery,4493,Montgomery Precinct 13-058,2208,1285,334,2285,4493,1.0,0.4914311150678834,0.5085688849321166,2874,0.2860004451368796,0.07433785889160917,0.6396616959715112
1786,Montgomery,3906,Montgomery Precinct 13-038,3422,1488,884,484,3906,1.0,0.8760880696364567,0.12391193036354327,1534,0.38095238095238093,0.2263184843830005,0.39272913466461856
1787,Montgomery,5201,Montgomery Precinct 13-002,1770,1339,393,3431,5201,1.0,0.34031916939050183,0.6596808306094982,3469,0.2574504902903288,0.0755623918477216,0.6669871178619496
1788,Montgomery,4646,Montgomery Precinct 13-056,1538,858,281,3108,4646,1.0,0.3310374515712441,0.6689625484287559,3507,0.18467498923805423,0.060482135170038746,0.754842875591907
1789,Montgomery,5489,Montgomery Precinct 13-049,1754,432,93,3735,5489,1.0,0.31954818728365825,0.6804518127163418,4964,0.07870286026598652,0.016942976862816542,0.904354162871197
1790,Montgomery,2651,Montgomery Precinct 13-014,1982,1137,226,669,2651,1.0,0.7476423990946812,0.2523576009053187,1288,0.4288947566955866,0.08525084873632592,0.4858543945680875
1791,Montgomery,6281,Montgomery Precinct 09-015,2477,1138,373,3804,6281,1.0,0.39436395478427,0.60563604521573,4770,0.1811813405508677,0.059385448177041875,0.7594332112720904
1792,Montgomery,7135,Montgomery Precinct 09-028,2268,530,265,4867,7135,1.0,0.3178696566222845,0.6821303433777155,6340,0.07428170988086896,0.03714085494043448,0.8885774351786966
1793,Montgomery,5420,Montgomery Precinct 09-026,1771,1137,374,3649,5420,1.0,0.3267527675276753,0.6732472324723248,3909,0.20977859778597785,0.06900369003690036,0.7212177121771217
1794,Carroll,4768,Carroll Precinct 04-003,4514,1069,1486,254,4768,1.0,0.9467281879194631,0.05327181208053691,2213,0.2242030201342282,0.31166107382550334,0.46413590604026844
1795,Frederick,4416,Frederick Precinct 02-005,3731,1279,592,685,4416,1.0,0.8448822463768116,0.15511775362318841,2545,0.2896286231884058,0.13405797101449277,0.5763134057971014
1796,Frederick,6484,Frederick Precinct 02-004,2621,972,542,3863,6484,1.0,0.4042257865515114,0.5957742134484886,4970,0.1499074645280691,0.08359037631091919,0.7665021591610117
1797,Montgomery,3644,Montgomery Precinct 08-007,2562,940,848,1082,3644,1.0,0.7030735455543359,0.2969264544456641,1856,0.2579582875960483,0.2327113062568606,0.5093304061470911
1798,Montgomery,4038,Montgomery Precinct 13-068,1615,1467,124,2423,4038,1.0,0.39995047052996535,0.6000495294700346,2447,0.36329866270430905,0.03070827142149579,0.6059930658741951
1799,Queen Anne's,3460,Queen Anne's Precinct 02-001,2950,937,857,510,3460,1.0,0.8526011560693642,0.14739884393063585,1666,0.2708092485549133,0.2476878612716763,0.4815028901734104
1800,Queen Anne's,6268,Queen Anne's Precinct 03-002,5455,1534,1599,813,6268,1.0,0.870293554562859,0.12970644543714102,3135,0.24473516273133375,0.2551052967453733,0.5001595405232929
1801,Queen Anne's,5103,Queen Anne's Precinct 04-002,4556,1199,1363,547,5103,1.0,0.8928081520674114,0.10719184793258868,2541,0.23495982755242015,0.26709778561630415,0.49794238683127573
1802,Queen Anne's,3757,Queen Anne's Precinct 04-003,3516,887,1189,241,3757,1.0,0.9358530742613788,0.06414692573862124,1681,0.2360926270960873,0.316475911631621,0.4474314612722917
1803,Queen Anne's,4917,Queen Anne's Precinct 05-002,4108,1304,1276,809,4917,1.0,0.8354687817775066,0.1645312182224934,2337,0.26520235916209073,0.2595078299776286,0.47528981086028066
1804,Washington,1117,Washington Precinct 24-001,918,62,129,199,1117,1.0,0.8218442256042973,0.17815577439570277,926,0.05550581915846016,0.11548791405550582,0.8290062667860341
1805,Washington,5439,Washington Precinct 17-001,4429,518,534,1010,5439,1.0,0.8143041000183857,0.18569589998161426,4387,0.09523809523809523,0.09817981246552675,0.806582092296378
1806,Wicomico,619,Wicomico Precinct 01-001,507,28,34,112,619,1.0,0.8190630048465266,0.18093699515347333,557,0.045234248788368334,0.05492730210016155,0.8998384491114702
1807,Wicomico,1374,Wicomico Precinct 07-001,1108,303,503,266,1374,1.0,0.8064046579330422,0.19359534206695778,568,0.2205240174672489,0.3660844250363901,0.413391557496361
1808,Worcester,2745,Worcester Precinct 01-002,2016,167,261,729,2745,1.0,0.7344262295081967,0.26557377049180325,2317,0.06083788706739526,0.09508196721311475,0.84408014571949
