,County,VAP,BVAP,EL16G_GV_D,EL16G_GV_R,OVAP,TOT_VOTES,factor,BVAP_pct,OVAP_pct,GOV16None,EL16G_GV_D_pct,EL16G_GV_R_pct,GOV16None_pct
0,37001,1505,338,348,271,1167,1505,1.0,0.2245847176079734,0.7754152823920266,886,0.23122923588039868,0.18006644518272424,0.588704318936877
1,37001,2503,712,572,296,1791,2503,1.0,0.2844586496204555,0.7155413503795446,1635,0.22852576907710748,0.11825809029165002,0.6532161406312426
2,37001,2156,243,771,575,1913,2156,1.0,0.11270871985157699,0.887291280148423,810,0.35760667903525045,0.26669758812615957,0.37569573283859
3,37001,3167,1027,853,409,2140,3167,1.0,0.3242816545626776,0.6757183454373223,1905,0.26934006946637196,0.12914430059993684,0.6015156299336912
4,37001,1713,50,617,806,1663,1713,1.0,0.02918855808523059,0.9708114419147694,290,0.36018680677174547,0.4705195563339171,0.1692936368943374
5,37001,1948,276,601,638,1672,1948,1.0,0.14168377823408623,0.8583162217659137,709,0.3085215605749487,0.3275154004106776,0.3639630390143737
6,37001,2127,494,659,545,1633,2127,1.0,0.23225199811941702,0.767748001880583,923,0.30982604607428305,0.2562294311236483,0.43394452280206863
7,37001,4955,350,1397,1386,4605,4955,1.0,0.07063572149344097,0.929364278506559,2172,0.28193743693239154,0.27971745711402624,0.4383451059535822
8,37001,3483,81,497,1927,3402,3483,1.0,0.023255813953488372,0.9767441860465116,1059,0.1426930806775768,0.5532586850416308,0.3040482342807924
9,37001,2371,578,780,651,1793,2371,1.0,0.24377899620413326,0.7562210037958668,940,0.32897511598481655,0.2745676929565584,0.39645719105862504
10,37001,3130,469,789,1131,2661,3130,1.0,0.14984025559105432,0.8501597444089457,1210,0.2520766773162939,0.36134185303514377,0.3865814696485623
11,37001,3498,1037,980,549,2461,3498,1.0,0.2964551172098342,0.7035448827901658,1969,0.2801600914808462,0.1569468267581475,0.5628930817610063
12,37001,4530,2457,1746,302,2073,4530,1.0,0.5423841059602649,0.45761589403973507,2482,0.38543046357615895,0.06666666666666667,0.5479028697571744
13,37001,3686,257,499,1806,3429,3686,1.0,0.06972327726532827,0.9302767227346718,1381,0.13537710255018992,0.4899620184481823,0.37466087900162776
14,37001,2197,201,583,828,1996,2197,1.0,0.09148839326354119,0.9085116067364588,786,0.2653618570778334,0.37687756030951297,0.35776058261265364
15,37001,1630,141,425,738,1489,1630,1.0,0.08650306748466258,0.9134969325153375,467,0.2607361963190184,0.452760736196319,0.2865030674846626
16,37001,5580,729,1909,1996,4851,5580,1.0,0.13064516129032258,0.8693548387096774,1675,0.3421146953405018,0.35770609318996416,0.300179211469534
17,37001,1694,70,330,684,1624,1694,1.0,0.04132231404958678,0.9586776859504132,680,0.19480519480519481,0.4037780401416765,0.4014167650531287
18,37001,3476,1342,1174,1015,2134,3476,1.0,0.3860759493670886,0.6139240506329114,1287,0.3377445339470656,0.2920023014959724,0.370253164556962
19,37001,5931,1310,2613,2173,4621,5931,1.0,0.2208733771707975,0.7791266228292025,1145,0.4405665149215984,0.3663800370932389,0.1930534479851627
20,37001,3118,255,719,1148,2863,3118,1.0,0.081783194355356,0.918216805644644,1251,0.23059653624118023,0.36818473380372035,0.40121872995509944
21,37001,4345,476,1193,1710,3869,4345,1.0,0.1095512082853855,0.8904487917146146,1442,0.2745684695051784,0.39355581127733025,0.33187571921749137
22,37001,2757,951,796,317,1806,2757,1.0,0.34494015233949943,0.6550598476605005,1644,0.2887196227783823,0.11498005077983316,0.5963003264417845
23,37001,2408,198,761,1142,2210,2408,1.0,0.08222591362126246,0.9177740863787376,505,0.3160299003322259,0.4742524916943522,0.20971760797342193
24,37001,3146,267,681,1250,2879,3146,1.0,0.08486967577876668,0.9151303242212333,1215,0.21646535282898918,0.39732994278448824,0.38620470438652255
25,37001,4661,519,1193,1683,4142,4661,1.0,0.11134949581634843,0.8886505041836515,1785,0.2559536580133019,0.36108131302295643,0.3829650289637417
26,37001,3292,503,1038,1432,2789,3292,1.0,0.15279465370595383,0.8472053462940462,822,0.3153098420413123,0.4349939246658566,0.2496962332928311
27,37001,3307,149,523,1607,3158,3307,1.0,0.04505594194133656,0.9549440580586634,1177,0.1581493801028122,0.4859389174478379,0.3559117024493499
28,37001,1860,602,497,194,1258,1860,1.0,0.32365591397849464,0.6763440860215054,1169,0.2672043010752688,0.1043010752688172,0.628494623655914
29,37001,2681,152,421,1379,2529,2681,1.0,0.0566952629615815,0.9433047370384186,881,0.15703095859753824,0.5143603133159269,0.32860872808653485
30,37001,4070,1178,1095,994,2892,4070,1.0,0.28943488943488943,0.7105651105651105,1981,0.269041769041769,0.24422604422604421,0.4867321867321867
31,37001,5660,421,1060,1446,5239,5660,1.0,0.07438162544169612,0.9256183745583039,3154,0.1872791519434629,0.2554770318021201,0.557243816254417
32,37001,4194,420,689,1979,3774,4194,1.0,0.10014306151645208,0.899856938483548,1526,0.1642823080591321,0.47186456843109204,0.3638531235097759
33,37001,2153,148,748,1072,2005,2153,1.0,0.06874129122155133,0.9312587087784486,333,0.34742220157919185,0.4979098931723177,0.15466790524849047
34,37001,1834,329,619,813,1505,1834,1.0,0.17938931297709923,0.8206106870229007,402,0.33751363140676116,0.44329334787350055,0.21919302071973829
35,37001,4922,2325,1856,609,2597,4922,1.0,0.47236895570906134,0.5276310442909387,2457,0.3770824867939862,0.12373019097927672,0.4991873222267371
36,37003,2871,14,524,1574,2857,2871,1.0,0.004876349703935911,0.9951236502960641,773,0.18251480320445837,0.5482410309996517,0.26924416579588994
37,37003,3528,24,625,1817,3504,3528,1.0,0.006802721088435374,0.9931972789115646,1086,0.17715419501133786,0.5150226757369615,0.3078231292517007
38,37003,2567,121,439,1290,2446,2567,1.0,0.047136735488897546,0.9528632645111025,838,0.17101675107128944,0.5025321386832878,0.32645111024542267
39,37003,769,5,133,394,764,769,1.0,0.006501950585175552,0.9934980494148244,242,0.1729518855656697,0.5123537061118335,0.31469440832249673
40,37003,940,39,161,494,901,940,1.0,0.04148936170212766,0.9585106382978723,285,0.17127659574468085,0.5255319148936171,0.30319148936170215
41,37003,1133,33,178,666,1100,1133,1.0,0.02912621359223301,0.970873786407767,289,0.15710503089143865,0.587819947043248,0.25507502206531335
42,37003,1973,138,322,848,1835,1973,1.0,0.06994424733907754,0.9300557526609224,803,0.16320324379118095,0.4298023314749113,0.40699442473390773
43,37003,2417,67,333,996,2350,2417,1.0,0.02772031443938767,0.9722796855606123,1088,0.1377741001241208,0.4120810922631361,0.45014480761274306
44,37003,1019,61,151,447,958,1019,1.0,0.05986261040235525,0.9401373895976447,421,0.1481844946025515,0.43866535819430813,0.41315014720314036
45,37003,929,1,132,498,928,929,1.0,0.001076426264800861,0.9989235737351991,299,0.14208826695371368,0.5360602798708288,0.3218514531754575
46,37003,2802,569,268,691,2233,2802,1.0,0.2030692362598144,0.7969307637401856,1843,0.09564596716630978,0.24660956459671662,0.6577444682369736
47,37003,1758,246,343,703,1512,1758,1.0,0.13993174061433447,0.8600682593856656,712,0.1951080773606371,0.3998862343572241,0.4050056882821388
48,37003,1384,49,293,589,1335,1384,1.0,0.03540462427745665,0.9645953757225434,502,0.21170520231213874,0.42557803468208094,0.3627167630057804
49,37003,1737,230,303,796,1507,1737,1.0,0.13241220495106507,0.8675877950489349,638,0.17443868739205526,0.45826137017846863,0.3672999424294761
50,37003,1092,74,177,469,1018,1092,1.0,0.06776556776556776,0.9322344322344323,446,0.1620879120879121,0.42948717948717946,0.4084249084249084
51,37003,1826,10,266,976,1816,1826,1.0,0.00547645125958379,0.9945235487404163,584,0.1456736035049288,0.5345016429353778,0.3198247535596933
52,37005,702,0,129,301,702,702,1.0,0.0,1.0,272,0.18376068376068377,0.4287749287749288,0.38746438746438744
53,37005,718,5,126,284,713,718,1.0,0.006963788300835654,0.9930362116991643,308,0.17548746518105848,0.3955431754874652,0.42896935933147634
54,37005,1214,3,223,619,1211,1214,1.0,0.002471169686985173,0.9975288303130149,372,0.18369028006589785,0.5098846787479407,0.30642504118616143
55,37005,3532,71,667,1195,3461,3532,1.0,0.020101925254813136,0.9798980747451869,1670,0.18884484711211777,0.3383352208380521,0.47281993204983014
56,37005,1567,10,242,703,1557,1567,1.0,0.006381620931716656,0.9936183790682833,622,0.15443522654754308,0.44862795149968093,0.396936821952776
57,37005,325,4,61,135,321,325,1.0,0.012307692307692308,0.9876923076923076,129,0.18769230769230769,0.4153846153846154,0.39692307692307693
58,37005,862,4,195,346,858,862,1.0,0.004640371229698376,0.9953596287703016,321,0.22621809744779584,0.4013921113689095,0.3723897911832947
59,37007,1595,217,213,615,1378,1595,1.0,0.1360501567398119,0.8639498432601881,767,0.1335423197492163,0.38557993730407525,0.4808777429467085
60,37007,353,117,95,104,236,353,1.0,0.3314447592067989,0.6685552407932012,154,0.26912181303116145,0.29461756373937675,0.43626062322946174
61,37007,2672,1373,975,582,1299,2672,1.0,0.5138473053892215,0.4861526946107784,1115,0.3648952095808383,0.21781437125748504,0.41729041916167664
62,37007,2623,1725,1058,417,898,2623,1.0,0.6576439191765154,0.34235608082348457,1148,0.4033549370949295,0.1589782691574533,0.43766679374761724
63,37007,4109,2391,730,308,1718,4109,1.0,0.5818934047213434,0.4181065952786566,3071,0.1776587977610124,0.07495741056218058,0.747383791676807
64,37007,2887,1149,848,635,1738,2887,1.0,0.3979909941115345,0.6020090058884655,1404,0.29373051610668516,0.21995150675441635,0.4863179771388985
65,37007,1431,937,662,193,494,1431,1.0,0.6547868623340322,0.34521313766596784,576,0.46261355695317957,0.13487071977638015,0.4025157232704403
66,37007,1513,237,256,641,1276,1513,1.0,0.1566424322538004,0.8433575677461996,616,0.16920026437541308,0.42366159947124915,0.4071381361533377
67,37007,1289,502,349,370,787,1289,1.0,0.3894491854150504,0.6105508145849495,570,0.2707525213343677,0.287044220325834,0.4422032583397983
68,37007,1224,681,408,302,543,1224,1.0,0.5563725490196079,0.44362745098039214,514,0.3333333333333333,0.24673202614379086,0.4199346405228758
69,37007,1286,528,263,339,758,1286,1.0,0.4105754276827372,0.5894245723172629,684,0.20451010886469673,0.26360808709175737,0.5318818040435459
70,37009,930,3,162,423,927,930,1.0,0.0032258064516129032,0.9967741935483871,345,0.17419354838709677,0.45483870967741935,0.3709677419354839
71,37009,710,2,126,300,708,710,1.0,0.0028169014084507044,0.9971830985915493,284,0.17746478873239438,0.4225352112676056,0.4
72,37009,487,1,76,248,486,487,1.0,0.002053388090349076,0.997946611909651,163,0.15605749486652978,0.5092402464065708,0.3347022587268994
73,37009,332,0,39,113,332,332,1.0,0.0,1.0,180,0.11746987951807229,0.34036144578313254,0.5421686746987951
74,37009,1439,0,236,602,1439,1439,1.0,0.0,1.0,601,0.16400277970813065,0.41834607366226545,0.4176511466296039
75,37009,2129,14,426,807,2115,2129,1.0,0.006575857209957727,0.9934241427900423,896,0.2000939408172851,0.3790511977454204,0.4208548614372945
76,37009,985,1,131,409,984,985,1.0,0.0010152284263959391,0.9989847715736041,445,0.132994923857868,0.4152284263959391,0.4517766497461929
77,37009,535,0,85,157,535,535,1.0,0.0,1.0,293,0.1588785046728972,0.29345794392523367,0.5476635514018692
78,37009,585,2,95,252,583,585,1.0,0.003418803418803419,0.9965811965811966,238,0.1623931623931624,0.4307692307692308,0.40683760683760684
79,37009,200,1,25,71,199,200,1.0,0.005,0.995,104,0.125,0.355,0.52
80,37009,252,1,45,77,251,252,1.0,0.003968253968253968,0.996031746031746,130,0.17857142857142858,0.3055555555555556,0.5158730158730159
81,37009,500,1,122,188,499,500,1.0,0.002,0.998,190,0.244,0.376,0.38
82,37009,2094,11,418,934,2083,2094,1.0,0.0052531041069723014,0.9947468958930277,742,0.19961795606494748,0.44603629417383,0.3543457497612225
83,37009,1122,4,225,520,1118,1122,1.0,0.0035650623885918,0.9964349376114082,377,0.20053475935828877,0.46345811051693403,0.3360071301247772
84,37009,2172,2,548,1046,2170,2172,1.0,0.0009208103130755065,0.9990791896869244,578,0.2523020257826888,0.48158379373848986,0.26611418047882135
85,37009,3681,33,746,1264,3648,3681,1.0,0.008964955175224124,0.9910350448247759,1671,0.20266232002173323,0.34338494974191797,0.4539527302363488
86,37009,3827,41,799,1423,3786,3827,1.0,0.010713352495427228,0.9892866475045727,1605,0.2087797230206428,0.3718317219754377,0.4193885550039195
87,37011,320,0,26,184,320,320,1.0,0.0,1.0,110,0.08125,0.575,0.34375
88,37011,996,5,160,474,991,996,1.0,0.0050200803212851405,0.9949799196787149,362,0.1606425702811245,0.4759036144578313,0.3634538152610442
89,37011,547,0,54,271,547,547,1.0,0.0,1.0,222,0.09872029250457039,0.4954296160877514,0.40585009140767825
90,37011,2538,65,533,886,2473,2538,1.0,0.0256107171000788,0.9743892828999212,1119,0.21000788022064618,0.3490937746256895,0.44089834515366433
91,37011,501,4,36,184,497,501,1.0,0.007984031936127744,0.9920159680638723,281,0.0718562874251497,0.36726546906187624,0.5608782435129741
92,37011,365,0,39,219,365,365,1.0,0.0,1.0,107,0.10684931506849316,0.6,0.29315068493150687
93,37011,395,0,42,181,395,395,1.0,0.0,1.0,172,0.10632911392405063,0.4582278481012658,0.43544303797468353
94,37011,384,0,22,183,384,384,1.0,0.0,1.0,179,0.057291666666666664,0.4765625,0.4661458333333333
95,37011,2709,577,111,389,2132,2709,1.0,0.2129937246216316,0.7870062753783684,2209,0.04097452934662237,0.1435954226651901,0.8154300479881875
96,37011,105,3,22,39,102,105,1.0,0.02857142857142857,0.9714285714285714,44,0.20952380952380953,0.37142857142857144,0.41904761904761906
97,37011,555,7,42,334,548,555,1.0,0.012612612612612612,0.9873873873873874,179,0.07567567567567568,0.6018018018018018,0.3225225225225225
98,37011,992,7,72,401,985,992,1.0,0.007056451612903226,0.9929435483870968,519,0.07258064516129033,0.40423387096774194,0.5231854838709677
99,37011,345,1,42,187,344,345,1.0,0.002898550724637681,0.9971014492753624,116,0.12173913043478261,0.5420289855072464,0.336231884057971
100,37011,930,4,130,494,926,930,1.0,0.004301075268817204,0.9956989247311828,306,0.13978494623655913,0.5311827956989247,0.32903225806451614
101,37011,538,0,106,241,538,538,1.0,0.0,1.0,191,0.1970260223048327,0.4479553903345725,0.3550185873605948
102,37011,1031,2,293,601,1029,1031,1.0,0.0019398642095053346,0.9980601357904947,137,0.28419010669253153,0.5829291949563531,0.13288069835111543
103,37011,899,1,113,373,898,899,1.0,0.0011123470522803114,0.9988876529477196,413,0.12569521690767518,0.41490545050055616,0.4593993325917686
104,37011,235,4,11,151,231,235,1.0,0.01702127659574468,0.9829787234042553,73,0.04680851063829787,0.6425531914893617,0.31063829787234043
105,37011,358,0,125,233,358,358,1.0141643059490084,0.0,1.0,0,0.34916201117318435,0.6508379888268156,0.0
106,37013,2478,475,550,927,2003,2478,1.0,0.1916868442292171,0.8083131557707829,1001,0.22195318805488298,0.37409200968523004,0.403954802259887
107,37013,1305,575,457,381,730,1305,1.0,0.44061302681992337,0.5593869731800766,467,0.35019157088122604,0.29195402298850576,0.3578544061302682
108,37013,1615,159,245,693,1456,1615,1.0,0.09845201238390093,0.9015479876160991,677,0.15170278637770898,0.42910216718266253,0.41919504643962846
109,37013,1690,753,655,376,937,1690,1.0,0.4455621301775148,0.5544378698224852,659,0.3875739644970414,0.22248520710059172,0.3899408284023669
110,37013,841,274,277,360,567,841,1.0,0.3258026159334126,0.6741973840665874,204,0.32936979785969084,0.4280618311533888,0.24256837098692033
111,37013,1483,435,440,568,1048,1483,1.0,0.2933243425488874,0.7066756574511126,475,0.29669588671611596,0.3830074173971679,0.3202966958867161
112,37013,957,59,81,564,898,957,1.0,0.06165099268547544,0.9383490073145245,312,0.08463949843260188,0.5893416927899686,0.32601880877742945
113,37013,1833,773,509,597,1060,1833,1.0,0.4217130387343153,0.5782869612656847,727,0.27768685215493727,0.32569558101472995,0.3966175668303328
114,37013,1897,185,530,1038,1712,1897,1.0,0.09752240379546652,0.9024775962045335,329,0.27938850817079597,0.5471797575118609,0.17343173431734318
115,37013,2650,398,483,1203,2252,2650,1.0,0.150188679245283,0.849811320754717,964,0.18226415094339624,0.4539622641509434,0.36377358490566036
116,37013,1507,920,709,264,587,1507,1.0,0.6104844061048441,0.38951559389515594,534,0.47047113470471136,0.17518248175182483,0.3543463835434638
117,37013,4524,1004,842,1642,3520,4524,1.0,0.22192749778956675,0.7780725022104332,2040,0.1861184792219275,0.3629531388152078,0.4509283819628647
118,37013,1737,853,634,338,884,1737,1.0,0.491076568796776,0.5089234312032239,765,0.3649971214738054,0.19458837075417387,0.44041450777202074
119,37013,1392,457,253,531,935,1392,1.0,0.32830459770114945,0.6716954022988506,608,0.1817528735632184,0.38146551724137934,0.4367816091954023
120,37013,2571,624,692,813,1947,2571,1.0,0.2427071178529755,0.7572928821470245,1066,0.2691559704395177,0.3162193698949825,0.41462465966549983
121,37013,1846,101,222,1003,1745,1846,1.0,0.05471289274106175,0.9452871072589383,621,0.12026002166847237,0.5433369447453954,0.33640303358613216
122,37013,1190,428,264,374,762,1190,1.0,0.3596638655462185,0.6403361344537815,552,0.2218487394957983,0.3142857142857143,0.4638655462184874
123,37013,1872,80,330,1062,1792,1872,1.0,0.042735042735042736,0.9572649572649573,480,0.1762820512820513,0.5673076923076923,0.2564102564102564
124,37013,912,87,73,510,825,912,1.0,0.09539473684210527,0.9046052631578947,329,0.0800438596491228,0.5592105263157895,0.3607456140350877
125,37013,1616,119,266,813,1497,1616,1.0,0.07363861386138613,0.9263613861386139,537,0.1646039603960396,0.5030940594059405,0.3323019801980198
126,37013,1316,257,343,553,1059,1316,1.0,0.1952887537993921,0.8047112462006079,420,0.26063829787234044,0.42021276595744683,0.3191489361702128
127,37015,1707,1096,684,308,611,1707,1.0,0.6420620972466315,0.3579379027533685,715,0.4007029876977153,0.18043350908025776,0.4188635032220269
128,37015,849,421,235,284,428,849,1.0,0.4958775029446408,0.5041224970553593,330,0.2767962308598351,0.33451118963486454,0.38869257950530034
129,37015,986,470,250,326,516,986,1.0,0.4766734279918864,0.5233265720081136,410,0.2535496957403651,0.3306288032454361,0.4158215010141988
130,37015,811,463,313,256,348,811,1.0,0.5709001233045623,0.42909987669543775,242,0.38594327990135635,0.3156596794081381,0.29839704069050554
131,37015,764,24,48,464,740,764,1.0,0.031413612565445025,0.9685863874345549,252,0.06282722513089005,0.6073298429319371,0.3298429319371728
132,37015,5703,3712,1669,955,1991,5703,1.0,0.650885498860249,0.349114501139751,3079,0.29265298965456776,0.16745572505698755,0.5398912852884447
133,37015,983,578,302,188,405,983,1.0,0.5879959308240081,0.41200406917599186,493,0.3072227873855544,0.19125127161749747,0.5015259409969481
134,37015,1025,778,429,127,247,1025,1.0,0.7590243902439024,0.24097560975609755,469,0.41853658536585364,0.12390243902439024,0.4575609756097561
135,37015,1274,498,317,432,776,1274,1.0,0.39089481946624804,0.609105180533752,525,0.2488226059654631,0.3390894819466248,0.41208791208791207
136,37015,1050,879,452,88,171,1050,1.0,0.8371428571428572,0.16285714285714287,510,0.43047619047619046,0.0838095238095238,0.4857142857142857
137,37015,1302,954,537,207,348,1302,1.0,0.7327188940092166,0.2672811059907834,558,0.41244239631336405,0.15898617511520738,0.42857142857142855
138,37015,392,335,206,43,57,392,1.0,0.8545918367346939,0.14540816326530612,143,0.5255102040816326,0.1096938775510204,0.3647959183673469
139,37017,1607,245,260,787,1362,1607,1.0,0.15245799626633477,0.8475420037336652,560,0.16179215930304916,0.4897324206596142,0.34847542003733667
140,37017,813,202,178,314,611,813,1.0,0.24846248462484624,0.7515375153751538,321,0.21894218942189422,0.3862238622386224,0.3948339483394834
141,37017,3006,660,498,1173,2346,3006,1.0,0.21956087824351297,0.780439121756487,1335,0.1656686626746507,0.3902195608782435,0.4441117764471058
142,37017,1838,460,367,666,1378,1838,1.0,0.250272034820457,0.749727965179543,805,0.19967355821545157,0.36235038084874865,0.43797606093579977
143,37017,1414,608,400,370,806,1414,1.0,0.42998585572843,0.57001414427157,644,0.2828854314002829,0.26166902404526166,0.45544554455445546
144,37017,1503,911,738,159,592,1503,1.0,0.6061210911510313,0.39387890884896876,606,0.49101796407185627,0.10578842315369262,0.4031936127744511
145,37017,1439,830,565,234,609,1439,1.0,0.5767894371091036,0.4232105628908965,640,0.39263377345378736,0.1626129256428075,0.44475330090340515
146,37017,1789,707,559,457,1082,1789,1.0,0.3951928451648966,0.6048071548351034,773,0.3124650642817216,0.2554499720514254,0.432084963666853
147,37017,739,132,92,213,607,739,1.0,0.17861975642760486,0.8213802435723951,434,0.12449255751014884,0.2882273342354533,0.5872801082543978
148,37017,1410,378,317,409,1032,1410,1.0,0.2680851063829787,0.7319148936170212,684,0.22482269503546098,0.2900709219858156,0.4851063829787234
149,37017,551,178,180,158,373,551,1.0,0.32304900181488205,0.676950998185118,213,0.32667876588021777,0.2867513611615245,0.38656987295825773
150,37017,3314,616,557,1351,2698,3314,1.0,0.18587809293904647,0.8141219070609536,1406,0.16807483403741702,0.40766445383222694,0.42426071213035604
151,37017,923,372,277,205,551,923,1.0,0.40303358613217766,0.5969664138678223,441,0.3001083423618635,0.2221018418201517,0.47778981581798485
152,37017,3068,1475,1199,826,1593,3068,1.0,0.4807692307692308,0.5192307692307693,1043,0.39080834419817473,0.2692307692307692,0.33996088657105605
153,37017,2092,974,712,488,1118,2092,1.0,0.4655831739961759,0.5344168260038241,892,0.3403441682600382,0.2332695984703633,0.42638623326959846
154,37017,745,163,135,285,582,745,1.0,0.21879194630872484,0.7812080536912752,325,0.18120805369127516,0.3825503355704698,0.436241610738255
155,37017,822,302,227,217,520,822,1.0,0.36739659367396593,0.6326034063260341,378,0.2761557177615572,0.2639902676399027,0.45985401459854014
156,37019,2693,221,974,1375,2472,2693,1.0,0.08206461195692537,0.9179353880430746,344,0.3616784255477163,0.5105829929446714,0.12773858150761233
157,37019,2259,15,646,1161,2244,2259,1.0,0.006640106241699867,0.9933598937583001,452,0.28596724214254093,0.5139442231075697,0.20008853474988933
158,37019,3584,99,661,1596,3485,3584,1.0,0.027622767857142856,0.9723772321428571,1327,0.18443080357142858,0.4453125,0.37025669642857145
159,37019,5008,976,1523,2501,4032,5008,1.0,0.19488817891373802,0.805111821086262,984,0.30411341853035145,0.49940095846645366,0.1964856230031949
160,37019,2003,517,499,635,1486,2003,1.0,0.2581128307538692,0.7418871692461309,869,0.2491263105341987,0.3170244633050424,0.4338492261607589
161,37019,2734,998,740,763,1736,2734,1.0,0.3650329188002926,0.6349670811997074,1231,0.27066569129480617,0.27907827359180687,0.45025603511338697
162,37019,4102,417,728,1360,3685,4102,1.0,0.10165772793759142,0.8983422720624086,2014,0.17747440273037543,0.3315455875182838,0.4909800097513408
163,37019,6396,339,2355,4040,6057,6396,1.1419642857142858,0.05300187617260788,0.9469981238273921,1,0.3681988742964353,0.6316447779862414,0.00015634771732332708
164,37019,3979,517,847,1540,3462,3979,1.0,0.12993214375471224,0.8700678562452877,1592,0.21286755466197538,0.38703191756722793,0.4001005277707967
165,37019,4318,101,1012,2001,4217,4318,1.0,0.023390458545622973,0.9766095414543771,1305,0.23436776285317276,0.4634089856415007,0.30222325150532653
166,37019,4341,90,1179,2285,4251,4341,1.0,0.02073255010366275,0.9792674498963373,877,0.27159640635798205,0.5263764109652154,0.20202718267680259
167,37019,4246,150,976,2055,4096,4246,1.0,0.03532736693358455,0.9646726330664155,1215,0.2298634008478568,0.4839849269901083,0.28615167216203485
168,37019,4918,337,1342,2711,4581,4918,1.0,0.06852379015860106,0.9314762098413989,865,0.2728751525010167,0.5512403416022773,0.17588450589670598
169,37019,5287,1162,1720,1911,4125,5287,1.0,0.21978437677321733,0.7802156232267827,1656,0.3253262719878948,0.36145261963306224,0.31322110837904293
170,37019,2350,11,695,1204,2339,2350,1.0,0.004680851063829788,0.9953191489361702,451,0.2957446808510638,0.512340425531915,0.19191489361702127
171,37019,4520,133,907,2086,4387,4520,1.0,0.029424778761061948,0.970575221238938,1527,0.2006637168141593,0.4615044247787611,0.33783185840707963
172,37019,3945,364,1410,2085,3581,3945,1.0,0.09226869455006337,0.9077313054499366,450,0.3574144486692015,0.5285171102661597,0.11406844106463879
173,37019,10931,1298,4782,5639,9633,10931,1.0,0.1187448540847132,0.8812551459152868,510,0.43747141158174,0.515872289817949,0.04665629860031104
174,37019,1842,583,565,398,1259,1842,1.0,0.31650380021715524,0.6834961997828447,879,0.30673181324647125,0.21606948968512488,0.4771986970684039
175,37019,2448,171,345,839,2277,2448,1.0,0.06985294117647059,0.9301470588235294,1264,0.1409313725490196,0.34272875816993464,0.5163398692810458
176,37019,3151,201,672,1405,2950,3151,1.0,0.06378927324658838,0.9362107267534117,1074,0.21326562995874326,0.44589019358933674,0.34084417645192
177,37019,1944,476,367,648,1468,1944,1.0,0.2448559670781893,0.7551440329218106,929,0.18878600823045266,0.3333333333333333,0.47788065843621397
178,37019,1067,5,341,488,1062,1067,1.0,0.004686035613870665,0.9953139643861293,238,0.31958762886597936,0.45735707591377694,0.22305529522024367
179,37021,3266,376,1765,526,2890,3266,1.0,0.11512553582363748,0.8848744641763625,975,0.5404164115125536,0.16105327617881202,0.2985303123086344
180,37021,4056,59,1796,1611,3997,4056,1.0,0.014546351084812623,0.9854536489151874,649,0.4428007889546351,0.39718934911242604,0.16000986193293887
181,37021,3169,77,1022,1110,3092,3169,1.0,0.024297885768381194,0.9757021142316188,1037,0.32249921110760493,0.3502682234143263,0.3272325654780688
182,37021,4062,91,1898,1873,3971,4062,1.0,0.0224027572624323,0.9775972427375677,291,0.4672575086164451,0.4611029049729197,0.07163958641063516
183,37021,3264,742,2249,130,2522,3264,1.0,0.22732843137254902,0.772671568627451,885,0.6890318627450981,0.03982843137254902,0.2711397058823529
184,37021,1758,88,982,265,1670,1758,1.0,0.05005688282138794,0.949943117178612,511,0.558589306029579,0.15073947667804324,0.2906712172923777
185,37021,1559,82,1089,206,1477,1559,1.0,0.05259781911481719,0.9474021808851828,264,0.6985246953175113,0.13213598460551634,0.16933932007697242
186,37021,2213,19,1229,667,2194,2213,1.0,0.00858563036601898,0.991414369633981,317,0.5553547220967013,0.30140081337550834,0.14324446452779033
187,37021,999,122,662,115,877,999,1.0,0.12212212212212212,0.8778778778778779,222,0.6626626626626627,0.11511511511511512,0.2222222222222222
188,37021,1571,182,1212,181,1389,1571,1.0,0.1158497772119669,0.8841502227880331,178,0.7714831317632082,0.11521323997453851,0.11330362826225335
189,37021,1634,5,532,752,1629,1634,1.0,0.0030599755201958386,0.9969400244798041,350,0.32558139534883723,0.4602203182374541,0.2141982864137087
190,37021,4049,80,1072,1450,3969,4049,1.0,0.01975796492961225,0.9802420350703878,1527,0.26475673005680417,0.35811311434922205,0.37713015559397384
191,37021,3129,38,796,1332,3091,3129,1.0,0.012144455097475231,0.9878555449025248,1001,0.25439437519974434,0.42569511025886864,0.319910514541387
192,37021,4545,26,1089,1729,4519,4545,1.0,0.00572057205720572,0.9942794279427942,1727,0.2396039603960396,0.38041804180418043,0.37997799779978
193,37021,3409,63,1352,922,3346,3409,1.0,0.018480492813141684,0.9815195071868583,1135,0.39659724259313583,0.27046054561454974,0.3329422117923145
194,37021,2818,82,1373,599,2736,2818,1.0,0.029098651525904896,0.9709013484740951,846,0.4872249822569198,0.21256210078069554,0.30021291696238467
195,37021,5027,237,2287,1399,4790,5027,1.0,0.04714541476029441,0.9528545852397056,1341,0.4549433061468072,0.2782971951462105,0.2667594987069823
196,37021,4819,84,1460,1684,4735,4819,1.0,0.017431002282631253,0.9825689977173687,1675,0.302967420626686,0.34945009338036936,0.3475824859929446
197,37021,1339,6,533,481,1333,1339,1.0,0.004480955937266617,0.9955190440627334,325,0.39805825242718446,0.3592233009708738,0.24271844660194175
198,37021,4849,310,2233,822,4539,4849,1.0,0.06393070736234276,0.9360692926376573,1794,0.46050732109713344,0.1695194885543411,0.3699731903485255
199,37021,4108,30,977,1554,4078,4108,1.0,0.007302823758519961,0.99269717624148,1577,0.2378286270691334,0.37828627069133397,0.3838851022395326
200,37021,1251,37,1002,164,1214,1251,1.0,0.029576338928856916,0.9704236610711431,85,0.8009592326139089,0.1310951239008793,0.06794564348521183
201,37021,2403,370,1254,276,2033,2403,1.0,0.15397419891801914,0.8460258010819809,873,0.5218476903870163,0.11485642946317104,0.36329588014981273
202,37021,7282,1393,3353,1265,5889,7282,1.0,0.19129360065915957,0.8087063993408404,2664,0.4604504257072233,0.17371601208459214,0.3658335622081846
203,37021,3827,25,1576,1522,3802,3827,1.0,0.006532532009406846,0.9934674679905932,729,0.41181081787300755,0.3977005487326888,0.19048863339430364
204,37021,3404,25,1465,1285,3379,3404,1.0,0.007344300822561692,0.9926556991774383,654,0.4303760282021152,0.377497062279671,0.19212690951821387
205,37021,2542,186,1136,485,2356,2542,1.0,0.07317073170731707,0.926829268292683,921,0.44689221085759245,0.1907946498819827,0.36231313926042485
206,37021,2174,89,725,706,2085,2174,1.0,0.04093836246550138,0.9590616375344986,743,0.33348666053357867,0.3247470101195952,0.3417663293468261
207,37021,2671,34,1924,572,2637,2671,1.0,0.01272931486334706,0.987270685136653,175,0.7203294646199925,0.2141520029951329,0.06551853238487458
208,37021,1242,36,576,377,1206,1242,1.0,0.028985507246376812,0.9710144927536232,289,0.463768115942029,0.3035426731078905,0.23268921095008052
209,37021,1395,79,901,228,1316,1395,1.0,0.056630824372759854,0.9433691756272401,266,0.6458781362007169,0.16344086021505377,0.1906810035842294
210,37021,4540,359,1493,774,4181,4540,1.0,0.0790748898678414,0.9209251101321586,2273,0.3288546255506608,0.17048458149779736,0.5006607929515419
211,37021,2413,328,1609,122,2085,2413,1.0,0.13593037712391215,0.8640696228760879,682,0.6668048072938251,0.050559469539991714,0.2826357231661832
212,37021,2276,70,748,646,2206,2276,1.0,0.030755711775043937,0.9692442882249561,882,0.3286467486818981,0.28383128295254834,0.3875219683655536
213,37021,4486,82,1315,1323,4404,4486,1.0,0.018279090503789567,0.9817209094962104,1848,0.2931341952741864,0.2949175211769951,0.4119482835488186
214,37021,2681,68,1065,1086,2613,2681,1.0,0.02536367027228646,0.9746363297277135,530,0.3972398358821335,0.4050727340544573,0.19768743006340916
215,37021,1863,22,755,647,1841,1863,1.0,0.011808910359634998,0.988191089640365,461,0.4052603327965647,0.34728931830381105,0.24745034889962425
216,37021,3939,315,2182,867,3624,3939,1.0,0.07996953541507996,0.92003046458492,890,0.553947702462554,0.22010662604722012,0.22594567149022596
217,37021,1061,6,549,511,1055,1061,1.00664767331434,0.005655042412818096,0.9943449575871819,1,0.5174363807728558,0.4816211121583412,0.000942507068803016
218,37021,3302,25,867,1285,3277,3302,1.0,0.007571168988491823,0.9924288310115081,1150,0.26256814052089644,0.38915808600847973,0.3482737734706239
219,37021,2021,185,817,425,1836,2021,1.0,0.09153884215734785,0.9084611578426521,779,0.40425531914893614,0.2102919346857991,0.3854527461652647
220,37021,2244,22,1570,504,2222,2244,1.0,0.00980392156862745,0.9901960784313726,170,0.6996434937611408,0.22459893048128343,0.07575757575757576
221,37021,1423,458,823,70,965,1423,1.0,0.3218552354181307,0.6781447645818693,530,0.5783555867884751,0.049191848208011243,0.3724525650035137
222,37021,2158,89,681,677,2069,2158,1.0,0.041241890639481,0.958758109360519,800,0.3155699721964782,0.31371640407784984,0.3707136237256719
223,37021,1613,1,416,615,1612,1613,1.0,0.0006199628022318661,0.9993800371977681,582,0.2579045257284563,0.38127712337259767,0.36081835089894604
224,37021,2870,98,1192,1083,2772,2870,1.0,0.03414634146341464,0.9658536585365853,595,0.41533101045296167,0.3773519163763066,0.2073170731707317
225,37021,2124,611,1244,177,1513,2124,1.0,0.2876647834274953,0.7123352165725048,703,0.5856873822975518,0.08333333333333333,0.3309792843691149
226,37021,1412,0,508,524,1412,1412,1.0,0.0,1.0,380,0.3597733711048159,0.37110481586402266,0.26912181303116145
227,37021,1841,119,1396,174,1722,1841,1.0,0.06463878326996197,0.935361216730038,271,0.7582835415535035,0.09451385116784357,0.14720260727865292
228,37021,2284,1025,1022,69,1259,2284,1.0,0.44877408056042034,0.5512259194395797,1193,0.44746059544658495,0.03021015761821366,0.5223292469352014
229,37021,3176,114,989,1345,3062,3176,1.0,0.03589420654911839,0.9641057934508817,842,0.3113979848866499,0.42348866498740556,0.26511335012594456
230,37021,1830,207,587,295,1623,1830,1.0,0.11311475409836065,0.8868852459016393,948,0.32076502732240436,0.16120218579234974,0.5180327868852459
231,37021,5795,33,1734,2315,5762,5795,1.0,0.005694564279551337,0.9943054357204487,1746,0.2992234685073339,0.3994823123382226,0.3012942191544435
232,37021,1087,26,573,311,1061,1087,1.0,0.02391904323827047,0.9760809567617296,203,0.5271389144434223,0.2861085556577737,0.18675252989880406
233,37021,2066,113,796,642,1953,2066,1.0,0.05469506292352372,0.9453049370764763,628,0.38528557599225555,0.3107454017424976,0.30396902226524686
234,37021,3079,96,1070,720,2983,3079,1.0,0.03117895420591101,0.968821045794089,1289,0.34751542708671646,0.23384215654433257,0.41864241636895094
235,37021,1895,44,1407,247,1851,1895,1.0,0.02321899736147757,0.9767810026385224,241,0.7424802110817942,0.13034300791556727,0.12717678100263852
236,37021,601,4,183,218,597,601,1.0,0.0066555740432612314,0.9933444259567388,200,0.30449251247920134,0.3627287853577371,0.33277870216306155
237,37021,4361,34,1066,1717,4327,4361,1.0,0.007796376977757395,0.9922036230222426,1578,0.24443934877321716,0.39371703737674846,0.3618436138500344
238,37021,1050,17,656,322,1033,1050,1.0,0.01619047619047619,0.9838095238095238,72,0.6247619047619047,0.30666666666666664,0.06857142857142857
239,37021,2316,27,1037,789,2289,2316,1.0,0.011658031088082901,0.9883419689119171,490,0.4477547495682211,0.34067357512953367,0.21157167530224524
240,37021,2052,60,727,479,1992,2052,1.0,0.029239766081871343,0.9707602339181286,846,0.35428849902534115,0.2334307992202729,0.41228070175438597
241,37021,2739,111,1631,215,2628,2739,1.0,0.040525739320920046,0.9594742606790799,893,0.5954728002920774,0.07849580138736766,0.32603139832055494
242,37021,4348,188,1605,1176,4160,4348,1.0,0.04323827046918123,0.9567617295308187,1567,0.36913523459061637,0.2704691812327507,0.3603955841766329
243,37021,7904,545,3552,2403,7359,7904,1.0,0.06895242914979757,0.9310475708502024,1949,0.4493927125506073,0.3040232793522267,0.246584008097166
244,37021,2485,109,1034,638,2376,2485,1.0,0.04386317907444668,0.9561368209255533,813,0.4160965794768612,0.2567404426559356,0.3271629778672032
245,37021,2317,403,1453,177,1914,2317,1.0,0.17393180837289599,0.826068191627104,687,0.6271040138109625,0.07639188605955978,0.29650410012947775
246,37023,2746,62,335,1112,2684,2746,1.0,0.022578295702840496,0.9774217042971595,1299,0.12199563000728332,0.404952658412236,0.4730517115804807
247,37023,564,1,132,220,563,564,1.0,0.0017730496453900709,0.99822695035461,212,0.23404255319148937,0.3900709219858156,0.375886524822695
248,37023,3809,189,718,1347,3620,3809,1.0,0.04961932265686532,0.9503806773431347,1744,0.18850091887634549,0.353636124967183,0.4578629561564715
249,37023,3694,286,807,1390,3408,3694,1.0,0.07742284786139686,0.9225771521386031,1497,0.21846237141310232,0.376285868976719,0.4052517596101787
250,37023,1682,16,325,573,1666,1682,1.0,0.009512485136741973,0.990487514863258,784,0.19322235434007135,0.34066587395957193,0.4661117717003567
251,37023,2050,123,431,712,1927,2050,1.0,0.06,0.94,907,0.21024390243902438,0.3473170731707317,0.4424390243902439
252,37023,930,25,187,385,905,930,1.0,0.026881720430107527,0.9731182795698925,358,0.2010752688172043,0.41397849462365593,0.3849462365591398
253,37023,3525,44,356,1487,3481,3525,1.0,0.0124822695035461,0.9875177304964539,1682,0.10099290780141844,0.4218439716312057,0.47716312056737586
254,37023,565,33,161,257,532,565,1.0,0.0584070796460177,0.9415929203539823,147,0.2849557522123894,0.45486725663716815,0.26017699115044246
255,37023,853,132,291,385,721,853,1.0,0.15474794841735054,0.8452520515826495,177,0.34114888628370454,0.451348182883939,0.20750293083235638
256,37023,1737,151,333,491,1586,1737,1.0,0.08693149107656879,0.9130685089234312,913,0.19170984455958548,0.282671272308578,0.5256188831318365
257,37023,2729,292,428,790,2437,2729,1.0,0.10699890069622572,0.8930010993037742,1511,0.15683400513008428,0.28948332722609016,0.5536826676438256
258,37023,2349,175,759,585,2174,2349,1.0,0.07449978714346531,0.9255002128565347,1005,0.3231162196679438,0.24904214559386972,0.4278416347381865
259,37023,2290,34,373,887,2256,2290,1.0,0.014847161572052401,0.9851528384279477,1030,0.162882096069869,0.38733624454148474,0.4497816593886463
260,37023,3693,572,1088,1165,3121,3693,1.0,0.15488762523693475,0.8451123747630652,1440,0.29461142702409965,0.3154616842675332,0.38992688870836717
261,37023,2034,138,639,826,1896,2034,1.0,0.06784660766961652,0.9321533923303835,569,0.3141592920353982,0.4060963618485742,0.27974434611602755
262,37023,2230,37,459,822,2193,2230,1.0,0.016591928251121078,0.9834080717488789,949,0.20582959641255605,0.368609865470852,0.42556053811659195
263,37023,2711,174,577,812,2537,2711,1.0,0.06418295831796385,0.9358170416820362,1322,0.21283659166359278,0.299520472150498,0.48764293618590926
264,37023,2767,474,827,428,2293,2767,1.0,0.17130466208890496,0.8286953379110951,1512,0.29887965305384895,0.1546801590169859,0.5464401879291652
265,37023,1886,275,536,429,1611,1886,1.0,0.14581124072110285,0.8541887592788971,921,0.2841993637327678,0.22746553552492046,0.4883351007423118
266,37023,2770,32,595,1098,2738,2770,1.0,0.011552346570397111,0.9884476534296028,1077,0.2148014440433213,0.39638989169675093,0.38880866425992777
267,37023,1947,31,218,714,1916,1947,1.0,0.015921931176168466,0.9840780688238315,1015,0.11196712891628145,0.3667180277349769,0.5213148433487417
268,37023,2558,322,573,496,2236,2558,1.0,0.12587959343236904,0.874120406567631,1489,0.2240031274433151,0.19390148553557468,0.5820953870211102
269,37023,3430,36,366,1386,3394,3430,1.0,0.010495626822157435,0.9895043731778426,1678,0.10670553935860058,0.40408163265306124,0.4892128279883382
270,37023,2791,17,391,961,2774,2791,1.0,0.006091006807595844,0.9939089931924041,1439,0.14009315657470442,0.3443210318882121,0.5155858115370835
271,37023,844,11,150,373,833,844,1.0,0.013033175355450236,0.9869668246445498,321,0.17772511848341233,0.4419431279620853,0.3803317535545024
272,37023,2738,25,522,1089,2713,2738,1.0,0.009130752373995616,0.9908692476260044,1127,0.19065010956902848,0.3977355734112491,0.4116143170197224
273,37023,1356,15,203,588,1341,1356,1.0,0.011061946902654867,0.9889380530973452,565,0.14970501474926254,0.4336283185840708,0.4166666666666667
274,37023,2674,9,229,1035,2665,2674,1.0,0.0033657442034405387,0.9966342557965595,1410,0.0856394913986537,0.3870605833956619,0.5272999252056844
275,37023,2068,8,176,1108,2060,2068,1.0,0.0038684719535783366,0.9961315280464217,784,0.0851063829787234,0.5357833655705996,0.379110251450677
276,37023,2704,924,187,515,1780,2704,1.0,0.34171597633136097,0.658284023668639,2002,0.06915680473372782,0.1904585798816568,0.7403846153846154
277,37025,2201,376,459,550,1825,2201,1.0,0.1708314402544298,0.8291685597455702,1192,0.2085415720127215,0.24988641526578828,0.5415720127214902
278,37025,2780,781,727,352,1999,2780,1.0,0.28093525179856116,0.7190647482014388,1701,0.26151079136690647,0.12661870503597122,0.6118705035971223
279,37025,3155,778,952,898,2377,3155,1.0,0.24659270998415214,0.7534072900158478,1305,0.301743264659271,0.28462757527733756,0.41362916006339145
280,37025,3457,656,1644,1745,2801,3457,1.0,0.1897599074341915,0.8102400925658085,68,0.47555684119178476,0.5047729245010124,0.019670234307202775
281,37025,2530,372,1156,1339,2158,2530,1.0,0.14703557312252966,0.8529644268774703,35,0.45691699604743086,0.5292490118577076,0.01383399209486166
282,37025,3624,377,1180,1724,3247,3624,1.0,0.10402869757174393,0.8959713024282561,720,0.32560706401766004,0.4757174392935982,0.1986754966887417
283,37025,1928,119,338,829,1809,1928,1.0,0.061721991701244816,0.9382780082987552,761,0.17531120331950206,0.4299792531120332,0.3947095435684647
284,37025,3342,421,749,1113,2921,3342,1.0,0.12597247157390784,0.8740275284260922,1480,0.22411729503291442,0.33303411131059246,0.4428485936564931
285,37025,3846,717,1184,1070,3129,3846,1.0,0.18642745709828393,0.8135725429017161,1592,0.3078523140925637,0.2782111284451378,0.4139365574622985
286,37025,1432,116,390,662,1316,1432,1.0,0.08100558659217877,0.9189944134078212,380,0.2723463687150838,0.4622905027932961,0.26536312849162014
287,37025,2234,105,544,1234,2129,2234,1.0,0.047000895255147716,0.9529991047448523,456,0.24350940017905104,0.5523724261414503,0.20411817367949867
288,37025,4775,230,906,2690,4545,4775,1.0,0.048167539267015703,0.9518324607329843,1179,0.18973821989528797,0.5633507853403141,0.2469109947643979
289,37025,2582,135,898,1396,2447,2582,1.0,0.052285050348567,0.947714949651433,288,0.34779240898528274,0.5406661502711076,0.11154144074360961
290,37025,4395,838,2489,1905,3557,4395,1.0,0.1906712172923777,0.8093287827076223,1,0.566325369738339,0.4334470989761092,0.00022753128555176336
291,37025,5023,759,2254,2301,4264,5023,1.0,0.15110491738005177,0.8488950826199483,468,0.4487358152498507,0.45809277324308184,0.0931714115070675
292,37025,2061,339,519,590,1722,2061,1.0,0.16448326055312956,0.8355167394468704,952,0.25181950509461426,0.28626880155264434,0.4619116933527414
293,37025,3012,848,963,705,2164,3012,1.0,0.2815405046480744,0.7184594953519257,1344,0.3197211155378486,0.2340637450199203,0.44621513944223107
294,37025,2273,330,720,1400,1943,2273,1.0,0.14518257809062912,0.8548174219093708,153,0.3167619885613726,0.6159260888693356,0.06731192256929168
295,37025,2945,740,908,965,2205,2945,1.0,0.25127334465195245,0.7487266553480475,1072,0.30831918505942274,0.32767402376910015,0.3640067911714771
296,37025,1112,32,331,521,1080,1112,1.0,0.02877697841726619,0.9712230215827338,260,0.2976618705035971,0.4685251798561151,0.23381294964028776
297,37025,3571,446,984,1448,3125,3571,1.0,0.12489498739848783,0.8751050126015122,1139,0.2755530663679642,0.40548865863903666,0.31895827499299917
298,37025,3160,139,638,1430,3021,3160,1.0,0.0439873417721519,0.9560126582278481,1092,0.20189873417721518,0.4525316455696203,0.34556962025316457
299,37025,2540,583,593,588,1957,2540,1.0,0.2295275590551181,0.7704724409448819,1359,0.23346456692913387,0.231496062992126,0.5350393700787401
300,37025,1584,501,518,446,1083,1584,1.0,0.3162878787878788,0.6837121212121212,620,0.32702020202020204,0.2815656565656566,0.39141414141414144
301,37025,2630,55,339,1476,2575,2630,1.0,0.02091254752851711,0.9790874524714829,815,0.12889733840304182,0.5612167300380229,0.30988593155893535
302,37025,5408,881,1494,1631,4527,5408,1.0,0.16290680473372782,0.8370931952662722,2283,0.27625739644970415,0.3015902366863905,0.42215236686390534
303,37025,1620,1128,766,75,492,1620,1.0,0.6962962962962963,0.3037037037037037,779,0.4728395061728395,0.046296296296296294,0.4808641975308642
304,37025,716,130,254,150,586,716,1.0,0.18156424581005587,0.8184357541899442,312,0.3547486033519553,0.20949720670391062,0.43575418994413406
305,37025,1695,367,575,464,1328,1695,1.0,0.21651917404129795,0.783480825958702,656,0.3392330383480826,0.2737463126843658,0.3870206489675516
306,37025,2058,114,621,921,1944,2058,1.0,0.05539358600583091,0.9446064139941691,516,0.30174927113702626,0.44752186588921283,0.25072886297376096
307,37025,3605,652,816,835,2953,3605,1.0,0.1808599167822469,0.8191400832177531,1954,0.22635228848821082,0.231622746185853,0.5420249653259362
308,37025,4334,248,624,2053,4086,4334,1.0,0.05722196585140748,0.9427780341485925,1657,0.14397784956160592,0.4736963544070143,0.3823257960313798
309,37025,1078,5,148,646,1073,1078,1.0,0.00463821892393321,0.9953617810760668,284,0.137291280148423,0.5992578849721707,0.2634508348794063
310,37025,1994,22,259,1257,1972,1994,1.0,0.011033099297893681,0.9889669007021064,478,0.12988966900702106,0.6303911735205617,0.23971915747241726
311,37025,2923,155,490,1451,2768,2923,1.0,0.05302771125555936,0.9469722887444406,982,0.16763599042080055,0.49640780020526853,0.3359562093739309
312,37025,3522,276,1326,2195,3246,3522,1.0167484839734335,0.07836456558773425,0.9216354344122658,1,0.37649063032367974,0.6232254400908575,0.00028392958546280523
313,37025,5529,641,1632,2358,4888,5529,1.0,0.11593416531018268,0.8840658346898174,1539,0.2951709169831796,0.42647856755290287,0.27835051546391754
314,37025,2237,320,632,822,1917,2237,1.0,0.1430487259722843,0.8569512740277156,783,0.2825212337952615,0.3674564148413053,0.3500223513634332
315,37025,2209,360,388,430,1849,2209,1.0,0.16296966953372566,0.8370303304662743,1391,0.17564508827523767,0.19465821638750566,0.6296966953372567
316,37025,2231,204,659,1292,2027,2231,1.0,0.09143881667413715,0.9085611833258629,280,0.29538323621694307,0.5791125056028686,0.12550425818018826
317,37025,968,17,224,536,951,968,1.0,0.01756198347107438,0.9824380165289256,208,0.23140495867768596,0.5537190082644629,0.21487603305785125
318,37025,3085,458,1288,1407,2627,3085,1.0,0.14846029173419772,0.8515397082658023,390,0.41750405186385736,0.4560777957860616,0.12641815235008103
319,37025,2838,300,862,1148,2538,2838,1.0,0.10570824524312897,0.8942917547568711,828,0.3037350246652572,0.4045102184637068,0.2917547568710359
320,37025,2193,315,546,777,1878,2193,1.0,0.1436388508891929,0.8563611491108071,870,0.24897400820793433,0.3543091655266758,0.3967168262653899
321,37025,2485,271,559,1001,2214,2485,1.0,0.1090543259557344,0.8909456740442656,925,0.22494969818913482,0.4028169014084507,0.3722334004024145
322,37025,4369,510,1373,1705,3859,4369,1.0,0.11673151750972763,0.8832684824902723,1291,0.3142595559624628,0.390249485008011,0.2954909590295262
323,37027,2189,75,286,960,2114,2189,1.0,0.034262220191868434,0.9657377798081316,943,0.1306532663316583,0.4385564184559159,0.4307903152124258
324,37027,1772,223,299,559,1549,1772,1.0,0.12584650112866816,0.8741534988713319,914,0.16873589164785552,0.3154627539503386,0.5158013544018059
325,37027,1862,29,284,759,1833,1862,1.0,0.015574650912996778,0.9844253490870032,819,0.15252416756176154,0.40762620837808805,0.4398496240601504
326,37027,1349,53,223,535,1296,1349,1.0,0.039288361749444035,0.9607116382505559,591,0.1653076352853966,0.396590066716086,0.4381022979985174
327,37027,2012,57,428,768,1955,2012,1.0,0.028330019880715707,0.9716699801192843,816,0.21272365805168986,0.3817097415506958,0.40556660039761433
328,37027,944,9,139,453,935,944,1.0,0.009533898305084746,0.9904661016949152,352,0.1472457627118644,0.4798728813559322,0.3728813559322034
329,37027,4106,67,927,1939,4039,4106,1.0,0.01631758402338042,0.9836824159766195,1240,0.22576716999512908,0.4722357525572333,0.3019970774476376
330,37027,3483,26,396,1561,3457,3483,1.0,0.007464829170255527,0.9925351708297445,1526,0.11369509043927649,0.4481768590295722,0.4381280505311513
331,37027,2888,425,516,507,2463,2888,1.0,0.1471606648199446,0.8528393351800554,1865,0.1786703601108033,0.1755540166204986,0.6457756232686981
332,37027,1985,404,533,446,1581,1985,1.0,0.2035264483627204,0.7964735516372796,1006,0.2685138539042821,0.22468513853904282,0.506801007556675
333,37027,2334,25,250,892,2309,2334,1.0,0.010711225364181662,0.9892887746358183,1192,0.10711225364181662,0.38217652099400173,0.5107112253641817
334,37027,3952,357,649,964,3595,3952,1.0,0.09033400809716599,0.909665991902834,2339,0.16422064777327935,0.24392712550607287,0.5918522267206477
335,37027,2305,14,278,864,2291,2305,1.0,0.006073752711496746,0.9939262472885032,1163,0.12060737527114967,0.37483731019522776,0.5045553145336226
336,37027,3843,66,466,1602,3777,3843,1.0,0.01717408274785324,0.9828259172521467,1775,0.12125943273484258,0.4168618266978923,0.46187874056726513
337,37027,2842,109,369,1078,2733,2842,1.0,0.038353272343420126,0.9616467276565799,1395,0.12983814215341308,0.3793103448275862,0.4908515130190007
338,37027,3531,3,399,1649,3528,3531,1.0,0.0008496176720475786,0.9991503823279524,1483,0.11299915038232795,0.4670065137354857,0.4199943358821864
339,37027,3014,23,587,1600,2991,3014,1.0,0.007631055076310551,0.9923689449236894,827,0.19475779694757797,0.53085600530856,0.27438619774386197
340,37027,4350,359,652,1487,3991,4350,1.0,0.08252873563218391,0.9174712643678161,2211,0.14988505747126438,0.34183908045977013,0.5082758620689655
341,37027,3939,58,626,1797,3881,3939,1.0,0.014724549378014725,0.9852754506219853,1516,0.1589235846661589,0.4562071591774562,0.38486925615638484
342,37027,4496,22,567,2046,4474,4496,1.0,0.004893238434163701,0.9951067615658363,1883,0.12611209964412812,0.4550711743772242,0.41881672597864766
343,37027,1925,21,285,914,1904,1925,1.0,0.01090909090909091,0.9890909090909091,726,0.14805194805194805,0.4748051948051948,0.37714285714285717
344,37027,1378,460,312,337,918,1378,1.0,0.33381712626995647,0.6661828737300436,729,0.22641509433962265,0.24455732946298983,0.5290275761973875
345,37027,3744,61,588,1459,3683,3744,1.0,0.016292735042735044,0.9837072649572649,1697,0.15705128205128205,0.38969017094017094,0.453258547008547
346,37029,2688,429,463,1238,2259,2688,1.0,0.15959821428571427,0.8404017857142857,987,0.1722470238095238,0.46056547619047616,0.3671875
347,37029,1919,165,298,895,1754,1919,1.0,0.0859822824387702,0.9140177175612298,726,0.1552892131318395,0.46638874413757164,0.37832204273058884
348,37029,2816,413,600,1277,2403,2816,1.0,0.14666193181818182,0.8533380681818182,939,0.21306818181818182,0.45348011363636365,0.33345170454545453
349,37031,331,1,35,130,330,331,1.0,0.0030211480362537764,0.9969788519637462,166,0.10574018126888217,0.39274924471299094,0.5015105740181269
350,37031,584,1,92,228,583,584,1.0,0.0017123287671232876,0.9982876712328768,264,0.15753424657534246,0.3904109589041096,0.4520547945205479
351,37031,535,56,136,245,479,535,1.0,0.10467289719626169,0.8953271028037383,154,0.2542056074766355,0.45794392523364486,0.28785046728971964
352,37031,1272,57,203,787,1215,1272,1.0,0.04481132075471698,0.9551886792452831,282,0.15959119496855345,0.6187106918238994,0.22169811320754718
353,37031,650,363,295,184,287,650,1.0,0.5584615384615385,0.44153846153846155,171,0.45384615384615384,0.28307692307692306,0.2630769230769231
354,37031,352,0,51,187,352,352,1.0,0.0,1.0,114,0.14488636363636365,0.53125,0.32386363636363635
355,37031,1205,4,350,655,1201,1205,1.0,0.0033195020746887966,0.9966804979253112,200,0.29045643153526973,0.5435684647302904,0.16597510373443983
356,37031,3265,167,705,1725,3098,3265,1.0,0.05114854517611026,0.9488514548238898,835,0.21592649310872894,0.5283307810107197,0.2557427258805513
357,37031,1299,131,242,617,1168,1299,1.0,0.100846805234796,0.8991531947652041,440,0.18629715165511931,0.4749807544264819,0.33872209391839875
358,37031,699,10,124,329,689,699,1.0,0.01430615164520744,0.9856938483547926,246,0.17739628040057226,0.47067238912732473,0.351931330472103
359,37031,343,2,48,163,341,343,1.0,0.0058309037900874635,0.9941690962099126,132,0.13994169096209913,0.4752186588921283,0.3848396501457726
360,37031,176,0,24,88,176,176,1.0,0.0,1.0,64,0.13636363636363635,0.5,0.36363636363636365
361,37031,468,3,41,97,465,468,1.0,0.00641025641025641,0.9935897435897436,330,0.0876068376068376,0.20726495726495728,0.7051282051282052
362,37031,251,0,52,78,251,251,1.0,0.0,1.0,121,0.20717131474103587,0.3107569721115538,0.4820717131474104
363,37031,284,0,58,140,284,284,1.0,0.0,1.0,86,0.20422535211267606,0.49295774647887325,0.3028169014084507
364,37031,3123,20,785,1779,3103,3123,1.0,0.006404098623118796,0.9935959013768813,559,0.2513608709574127,0.5696445725264169,0.17899455651617036
365,37031,2275,53,306,1054,2222,2275,1.0,0.023296703296703296,0.9767032967032967,915,0.1345054945054945,0.4632967032967033,0.4021978021978022
366,37031,1360,12,278,793,1348,1360,1.0,0.008823529411764706,0.9911764705882353,289,0.20441176470588235,0.5830882352941177,0.2125
367,37031,3148,320,690,1128,2828,3148,1.0,0.10165184243964422,0.8983481575603558,1330,0.21918678526048285,0.3583227445997459,0.42249047013977126
368,37031,572,6,63,294,566,572,1.0,0.01048951048951049,0.9895104895104895,215,0.11013986013986014,0.513986013986014,0.3758741258741259
369,37031,2286,116,393,1599,2170,2286,1.0,0.05074365704286964,0.9492563429571304,294,0.17191601049868765,0.699475065616798,0.12860892388451445
370,37031,3966,230,656,1712,3736,3966,1.0,0.05799293998991427,0.9420070600100857,1598,0.1654059505799294,0.43166918809884014,0.40292486132123045
371,37031,2526,285,601,1139,2241,2526,1.0,0.11282660332541568,0.8871733966745843,786,0.2379255740300871,0.450910530482977,0.31116389548693585
372,37031,3624,287,955,1473,3337,3624,1.0,0.07919426048565122,0.9208057395143487,1196,0.26352097130242824,0.4064569536423841,0.33002207505518766
373,37031,1228,6,183,651,1222,1228,1.0,0.004885993485342019,0.995114006514658,394,0.1490228013029316,0.5301302931596091,0.32084690553745926
374,37031,2645,21,487,1724,2624,2645,1.0,0.007939508506616257,0.9920604914933837,434,0.1841209829867675,0.6517958412098299,0.16408317580340265
375,37031,1529,294,615,455,1235,1529,1.0,0.19228253760627861,0.8077174623937214,459,0.4022236756049706,0.2975801177240026,0.3001962066710268
376,37031,1960,8,272,922,1952,1960,1.0,0.004081632653061225,0.9959183673469387,766,0.13877551020408163,0.4704081632653061,0.39081632653061227
377,37031,2545,19,602,1458,2526,2545,1.0,0.007465618860510805,0.9925343811394892,485,0.23654223968565816,0.5728880157170924,0.1905697445972495
378,37031,322,1,92,166,321,322,1.0,0.003105590062111801,0.9968944099378882,64,0.2857142857142857,0.515527950310559,0.19875776397515527
379,37031,1055,0,175,606,1055,1055,1.0,0.0,1.0,274,0.16587677725118483,0.5744075829383887,0.25971563981042656
380,37031,3076,141,381,1504,2935,3076,1.0,0.045838751625487645,0.9541612483745123,1191,0.12386215864759428,0.4889466840052016,0.38719115734720416
381,37031,4488,442,596,1759,4046,4488,1.0,0.09848484848484848,0.9015151515151515,2133,0.13279857397504458,0.391934046345811,0.4752673796791444
382,37031,452,0,94,209,452,452,1.0,0.0,1.0,149,0.2079646017699115,0.46238938053097345,0.32964601769911506
383,37033,3514,663,744,1274,2851,3514,1.0,0.18867387592487195,0.811326124075128,1496,0.21172453044963005,0.36254980079681276,0.4257256687535572
384,37033,2380,1186,810,580,1194,2380,1.0,0.49831932773109244,0.5016806722689076,990,0.3403361344537815,0.24369747899159663,0.41596638655462187
385,37033,914,217,231,341,697,914,1.0,0.237417943107221,0.762582056892779,342,0.2527352297592998,0.3730853391684901,0.3741794310722101
386,37033,2486,559,578,931,1927,2486,1.0,0.2248592115848753,0.7751407884151247,977,0.2325020112630732,0.37449718423169753,0.3930008045052293
387,37033,2652,1168,519,364,1484,2652,1.0,0.44042232277526394,0.5595776772247361,1769,0.19570135746606335,0.13725490196078433,0.6670437405731523
388,37033,966,543,359,251,423,966,1.0,0.562111801242236,0.43788819875776397,356,0.37163561076604557,0.2598343685300207,0.36853002070393376
389,37033,2256,1116,882,576,1140,2256,1.0,0.4946808510638298,0.5053191489361702,798,0.39095744680851063,0.2553191489361702,0.3537234042553192
390,37033,721,281,227,256,440,721,1.0,0.3897364771151179,0.6102635228848821,238,0.31484049930651875,0.3550624133148405,0.3300970873786408
391,37033,1076,399,257,406,677,1076,1.0,0.370817843866171,0.629182156133829,413,0.23884758364312267,0.37732342007434944,0.38382899628252787
392,37033,971,128,246,384,843,971,1.0,0.13182286302780638,0.8681771369721936,341,0.2533470648815654,0.39546858908341914,0.35118434603501547
393,37033,894,196,182,400,698,894,1.0,0.21923937360178972,0.7807606263982103,312,0.203579418344519,0.44742729306487694,0.348993288590604
394,37035,2779,174,408,1138,2605,2779,1.0,0.06261245052177042,0.9373875494782296,1233,0.14681540122346168,0.4094998200791652,0.44368477869737316
395,37035,4300,168,787,2062,4132,4300,1.0,0.03906976744186046,0.9609302325581396,1451,0.18302325581395348,0.4795348837209302,0.33744186046511626
396,37035,3840,187,924,2005,3653,3840,1.0,0.04869791666666667,0.9513020833333333,911,0.240625,0.5221354166666666,0.23723958333333334
397,37035,3258,344,723,835,2914,3258,1.0,0.10558624923265807,0.894413750767342,1700,0.22191528545119704,0.256292203806016,0.521792510742787
398,37035,2382,30,358,1198,2352,2382,1.0,0.012594458438287154,0.9874055415617129,826,0.15029387069689337,0.5029387069689337,0.34676742233417296
399,37035,2878,330,503,720,2548,2878,1.0,0.11466296038915914,0.8853370396108409,1655,0.17477414871438499,0.2501737317581654,0.5750521195274496
400,37035,2577,89,802,1371,2488,2577,1.0,0.03453628249902988,0.9654637175009702,404,0.31121459060923556,0.5320139697322468,0.15677143965851767
401,37035,1961,313,435,601,1648,1961,1.0,0.15961244263131055,0.8403875573686894,925,0.22182559918408976,0.3064762876083631,0.4716981132075472
402,37035,4915,182,981,2385,4733,4915,1.0,0.037029501525941,0.962970498474059,1549,0.19959308240081383,0.4852492370295015,0.31515768056968463
403,37035,2770,94,529,1291,2676,2770,1.0,0.03393501805054152,0.9660649819494584,950,0.19097472924187725,0.4660649819494585,0.34296028880866425
404,37035,2284,438,547,384,1846,2284,1.0,0.19176882661996497,0.808231173380035,1353,0.239492119089317,0.1681260945709282,0.5923817863397548
405,37035,4367,270,706,1325,4097,4367,1.0,0.061827341424318755,0.9381726585756812,2336,0.16166704831692238,0.30341195328600873,0.534920998397069
406,37035,3176,30,625,1694,3146,3176,1.0,0.009445843828715366,0.9905541561712846,857,0.19678841309823678,0.533375314861461,0.26983627204030225
407,37035,1572,50,543,579,1522,1572,1.0,0.031806615776081425,0.9681933842239185,450,0.34541984732824427,0.3683206106870229,0.2862595419847328
408,37035,4193,203,849,2184,3990,4193,1.0,0.048414023372287146,0.9515859766277128,1160,0.20248032435010732,0.5208681135225376,0.2766515621273551
409,37035,2013,906,716,229,1107,2013,1.0,0.45007451564828616,0.5499254843517138,1068,0.35568802781917536,0.1137605563835072,0.5305514157973175
410,37035,3788,80,435,1875,3708,3788,1.0,0.021119324181626188,0.9788806758183738,1478,0.1148363252375924,0.4949841605068638,0.3901795142555438
411,37035,932,186,218,258,746,932,1.0,0.19957081545064378,0.8004291845493562,456,0.23390557939914164,0.27682403433476394,0.4892703862660944
412,37035,2712,111,306,1352,2601,2712,1.0,0.04092920353982301,0.959070796460177,1054,0.11283185840707964,0.49852507374631266,0.3886430678466077
413,37035,2296,112,684,965,2184,2296,1.0,0.04878048780487805,0.9512195121951219,647,0.2979094076655052,0.4202961672473868,0.281794425087108
414,37035,1604,220,365,346,1384,1604,1.0,0.1371571072319202,0.8628428927680798,893,0.2275561097256858,0.21571072319201995,0.5567331670822943
415,37035,4153,288,1013,1482,3865,4153,1.0,0.0693474596677101,0.93065254033229,1658,0.24392005778954973,0.3568504695400915,0.3992294726703588
416,37035,744,238,210,124,506,744,1.0,0.31989247311827956,0.6801075268817204,410,0.28225806451612906,0.16666666666666666,0.5510752688172043
417,37035,3697,409,668,1497,3288,3697,1.0,0.11063024073573167,0.8893697592642683,1532,0.18068704354882337,0.404922910467947,0.41439004598322965
418,37035,3672,323,595,1565,3349,3672,1.0,0.08796296296296297,0.9120370370370371,1512,0.16203703703703703,0.42619825708061004,0.4117647058823529
419,37035,1909,77,286,936,1832,1909,1.0,0.04033525405971713,0.9596647459402828,687,0.1498166579360922,0.4903090623363017,0.35987427972760605
420,37035,4105,280,685,1560,3825,4105,1.0,0.0682095006090134,0.9317904993909866,1860,0.1668696711327649,0.3800243605359318,0.4531059683313033
421,37035,2265,130,473,1178,2135,2265,1.0,0.05739514348785872,0.9426048565121413,614,0.2088300220750552,0.5200883002207506,0.2710816777041943
422,37035,2444,262,436,559,2182,2444,1.0,0.1072013093289689,0.8927986906710311,1449,0.1783960720130933,0.22872340425531915,0.5928805237315876
423,37035,7073,236,1136,3027,6837,7073,1.0,0.03336632263537396,0.966633677364626,2910,0.16061077336349497,0.42796550261558036,0.41142372402092464
424,37035,2842,71,496,1203,2771,2842,1.0,0.02498240675580577,0.9750175932441942,1143,0.17452498240675582,0.42329345531315976,0.40218156228008445
425,37035,3468,305,526,870,3163,3468,1.0,0.08794694348327567,0.9120530565167243,2072,0.1516724336793541,0.2508650519031142,0.5974625144175317
426,37035,1809,76,582,739,1733,1809,1.0,0.04201216141514649,0.9579878385848535,488,0.32172470978441126,0.4085129906025428,0.2697622996130459
427,37035,1365,192,272,463,1173,1365,1.0,0.14065934065934066,0.8593406593406593,630,0.19926739926739928,0.3391941391941392,0.46153846153846156
428,37035,3639,448,782,1133,3191,3639,1.0,0.1231107447100852,0.8768892552899148,1724,0.21489420170376478,0.31134927177796096,0.47375652651827427
429,37035,3049,334,713,886,2715,3049,1.0,0.10954411282387667,0.8904558871761233,1450,0.2338471630042637,0.29058707773040343,0.4755657592653329
430,37035,3452,462,794,1137,2990,3452,1.0,0.13383545770567787,0.8661645422943222,1521,0.23001158748551565,0.3293742757821553,0.4406141367323291
431,37035,858,715,431,26,143,858,1.0,0.8333333333333334,0.16666666666666666,401,0.5023310023310024,0.030303030303030304,0.46736596736596736
432,37035,4442,153,643,1886,4289,4442,1.0,0.03444394416929311,0.9655560558307069,1913,0.14475461503827106,0.4245835209365151,0.4306618640252139
433,37035,1980,23,565,1185,1957,1980,1.0,0.011616161616161616,0.9883838383838384,230,0.28535353535353536,0.5984848484848485,0.11616161616161616
434,37037,6508,1429,3228,1988,5079,6508,1.0,0.2195759065765212,0.7804240934234788,1292,0.4960049170251998,0.3054701905347265,0.19852489244007376
435,37037,1969,250,1100,553,1719,1969,1.0,0.12696800406297612,0.8730319959370239,316,0.5586592178770949,0.2808532249873032,0.16048755713560184
436,37037,880,60,108,480,820,880,1.0,0.06818181818181818,0.9318181818181818,292,0.12272727272727273,0.5454545454545454,0.33181818181818185
437,37037,5209,461,2929,1497,4748,5209,1.0,0.08850067191399501,0.911499328086005,783,0.5622960261086581,0.28738721443655213,0.15031675945478978
438,37037,3908,83,2361,1339,3825,3908,1.0,0.021238485158648925,0.9787615148413511,208,0.6041453428863869,0.34263050153531216,0.05322415557830092
439,37037,1654,195,371,699,1459,1654,1.0,0.11789600967351874,0.8821039903264812,584,0.22430471584038694,0.4226118500604595,0.35308343409915355
440,37037,2642,597,715,1030,2045,2642,1.0,0.2259651778955337,0.7740348221044663,897,0.27062831188493564,0.3898561695685087,0.33951551854655565
441,37037,948,139,354,399,809,948,1.0,0.14662447257383968,0.8533755274261603,195,0.37341772151898733,0.4208860759493671,0.20569620253164558
442,37037,1587,97,561,745,1490,1587,1.0,0.06112161310649023,0.9388783868935098,281,0.3534971644612476,0.4694391934467549,0.1770636420919975
443,37037,5187,400,3808,1378,4787,5187,1.2268748521409985,0.0771158665895508,0.9228841334104492,1,0.7341430499325237,0.2656641604010025,0.000192789666473877
444,37037,2016,156,407,822,1860,2016,1.0,0.07738095238095238,0.9226190476190477,787,0.20188492063492064,0.40773809523809523,0.39037698412698413
445,37037,3853,678,952,886,3175,3853,1.0,0.17596677913314301,0.824033220866857,2015,0.24708019724889696,0.22995068777575914,0.5229691149753439
446,37037,839,12,68,474,827,839,1.0,0.014302741358760428,0.9856972586412396,297,0.08104886769964244,0.564958283671037,0.3539928486293206
447,37037,1377,29,603,591,1348,1377,1.0,0.021060275962236745,0.9789397240377633,183,0.43790849673202614,0.42919389978213507,0.1328976034858388
448,37037,5912,1330,1589,1192,4582,5912,1.0,0.22496617050067658,0.7750338294993234,3131,0.26877537212449254,0.20162381596752368,0.5296008119079838
449,37037,1680,239,587,669,1441,1680,1.0,0.14226190476190476,0.8577380952380952,424,0.3494047619047619,0.3982142857142857,0.2523809523809524
450,37037,1958,379,615,800,1579,1958,1.0,0.19356486210418794,0.806435137895812,543,0.31409601634320733,0.40858018386108275,0.2773237997957099
451,37037,3251,233,1740,1510,3018,3251,1.3015618742490989,0.07167025530605968,0.9283297446939404,1,0.5352199323285143,0.4644724700092279,0.00030759766225776686
452,37039,1296,7,208,650,1289,1296,1.0,0.005401234567901234,0.9945987654320988,438,0.16049382716049382,0.5015432098765432,0.33796296296296297
453,37039,1897,2,270,918,1895,1897,1.0,0.0010542962572482868,0.9989457037427517,709,0.1423299947285187,0.48392198207696363,0.37374802319451766
454,37039,1101,1,157,518,1100,1101,1.0,0.0009082652134423251,0.9990917347865577,426,0.14259763851044505,0.47048138056312444,0.3869209809264305
455,37039,755,1,86,423,754,755,1.0,0.0013245033112582781,0.9986754966887417,246,0.11390728476821192,0.5602649006622517,0.3258278145695364
456,37039,2461,10,445,1206,2451,2461,1.0,0.0040633888663145065,0.9959366111336855,810,0.18082080455099553,0.4900446972775295,0.329134498171475
457,37039,1141,4,229,565,1137,1141,1.0,0.0035056967572304996,0.9964943032427696,347,0.2007011393514461,0.49517966695880805,0.3041191936897458
458,37039,2427,23,408,959,2404,2427,1.0,0.009476720230737536,0.9905232797692625,1060,0.1681087762669963,0.39513803049031726,0.43675319324268647
459,37039,2442,15,430,968,2427,2442,1.0,0.006142506142506142,0.9938574938574939,1044,0.1760851760851761,0.3963963963963964,0.4275184275184275
460,37039,1819,36,295,708,1783,1819,1.0,0.019791094007696537,0.9802089059923035,816,0.1621770203408466,0.3892248488180319,0.4485981308411215
461,37039,1838,9,292,642,1829,1838,1.0,0.004896626768226333,0.9951033732317737,904,0.1588683351468988,0.34929270946681173,0.49183895538628947
462,37039,2328,124,434,844,2204,2328,1.0,0.05326460481099656,0.9467353951890034,1050,0.18642611683848798,0.36254295532646047,0.45103092783505155
463,37039,1486,12,217,683,1474,1486,1.0,0.008075370121130552,0.9919246298788694,586,0.14602960969044415,0.45962314939434723,0.3943472409152086
464,37039,518,4,55,239,514,518,1.0,0.007722007722007722,0.9922779922779923,224,0.10617760617760617,0.4613899613899614,0.43243243243243246
465,37039,648,3,186,394,645,648,1.0,0.004629629629629629,0.9953703703703703,68,0.28703703703703703,0.6080246913580247,0.10493827160493827
466,37041,1053,204,168,521,849,1053,1.0,0.19373219373219372,0.8062678062678063,364,0.15954415954415954,0.49477682811016144,0.345679012345679
467,37041,994,433,302,318,561,994,1.0,0.43561368209255535,0.5643863179074446,374,0.3038229376257545,0.3199195171026157,0.3762575452716298
468,37041,3437,1330,1043,1169,2107,3437,1.0,0.3869653767820774,0.6130346232179226,1225,0.3034623217922607,0.34012219959266804,0.3564154786150713
469,37041,1674,401,435,665,1273,1674,1.0,0.23954599761051373,0.7604540023894862,574,0.25985663082437277,0.3972520908004779,0.3428912783751493
470,37041,1841,78,202,917,1763,1841,1.0,0.042368278109722976,0.957631721890277,722,0.10972297664312873,0.49809885931558934,0.3921781640412819
471,37041,2477,1294,840,489,1183,2477,1.0,0.5224061364553896,0.4775938635446104,1148,0.33911990310859913,0.19741622930964878,0.4634638675817521
472,37043,861,3,188,396,858,861,1.0,0.003484320557491289,0.9965156794425087,277,0.2183507549361208,0.45993031358885017,0.32171893147502906
473,37043,759,4,138,344,755,759,1.0,0.005270092226613966,0.994729907773386,277,0.18181818181818182,0.45322793148880103,0.36495388669301715
474,37043,1476,7,304,619,1469,1476,1.0,0.0047425474254742545,0.9952574525745257,553,0.20596205962059622,0.41937669376693765,0.37466124661246614
475,37043,1314,8,265,656,1306,1314,1.0,0.0060882800608828,0.9939117199391172,393,0.20167427701674276,0.4992389649923896,0.2990867579908676
476,37043,1236,4,176,628,1232,1236,1.0,0.003236245954692557,0.9967637540453075,432,0.1423948220064725,0.5080906148867314,0.34951456310679613
477,37043,624,1,139,317,623,624,1.0,0.0016025641025641025,0.9983974358974359,168,0.22275641025641027,0.5080128205128205,0.2692307692307692
478,37043,688,2,137,332,686,688,1.0,0.0029069767441860465,0.997093023255814,219,0.19912790697674418,0.48255813953488375,0.3183139534883721
479,37043,1102,13,261,544,1089,1102,1.0,0.011796733212341199,0.9882032667876588,297,0.23684210526315788,0.49364791288566245,0.2695099818511797
480,37043,544,2,82,193,542,544,1.0,0.003676470588235294,0.9963235294117647,269,0.15073529411764705,0.3547794117647059,0.4944852941176471
481,37045,3749,783,734,1378,2966,3749,1.0,0.2088556948519605,0.7911443051480395,1637,0.19578554281141639,0.36756468391571084,0.43664977327287274
482,37045,1437,3,123,804,1434,1437,1.0,0.0020876826722338203,0.9979123173277662,510,0.08559498956158663,0.5594989561586639,0.35490605427974947
483,37045,1969,611,584,613,1358,1969,1.0,0.31030980192991364,0.6896901980700864,772,0.29659725749111227,0.31132554596241746,0.3920771965464703
484,37045,2725,839,845,889,1886,2725,1.0,0.30788990825688073,0.6921100917431192,991,0.3100917431192661,0.32623853211009174,0.3636697247706422
485,37045,2707,121,356,1206,2586,2707,1.0,0.04469892870336165,0.9553010712966383,1145,0.1315108976727004,0.4455116364979682,0.4229774658293314
486,37045,2909,417,727,1166,2492,2909,1.0,0.143348229632176,0.856651770367824,1016,0.2499140598143692,0.4008250257820557,0.3492609144035751
487,37045,5028,580,833,1897,4448,5028,1.0,0.11535401750198886,0.8846459824980112,2298,0.1656722354813047,0.3772871917263325,0.45704057279236276
488,37045,2464,55,291,1029,2409,2464,1.0,0.022321428571428572,0.9776785714285714,1144,0.11810064935064934,0.41761363636363635,0.4642857142857143
489,37045,3395,267,393,1417,3128,3395,1.0,0.07864506627393225,0.9213549337260677,1585,0.11575846833578793,0.41737849779086894,0.46686303387334316
490,37045,3752,502,561,1485,3250,3752,1.0,0.1337953091684435,0.8662046908315565,1706,0.14952025586353945,0.39578891257995735,0.4546908315565032
491,37045,2511,676,797,739,1835,2511,1.0,0.26921545201115094,0.7307845479888491,975,0.31740342493030665,0.294305057745918,0.38829151732377537
492,37045,2967,765,886,934,2202,2967,1.0,0.25783619817997977,0.7421638018200202,1147,0.29861813279406807,0.31479609032692957,0.38658577687900236
493,37045,3536,1116,978,1017,2420,3536,1.0,0.3156108597285068,0.6843891402714932,1541,0.27658371040723984,0.2876131221719457,0.4358031674208145
494,37045,1735,419,357,577,1316,1735,1.0,0.2414985590778098,0.7585014409221902,801,0.20576368876080692,0.3325648414985591,0.461671469740634
495,37045,2587,557,552,891,2030,2587,1.0,0.21530730575956705,0.784692694240433,1144,0.2133745651333591,0.344414379590259,0.44221105527638194
496,37045,1847,63,216,861,1784,1847,1.0,0.03410936654033568,0.9658906334596643,770,0.11694639956686519,0.466161342717921,0.4168922577152139
497,37045,924,485,419,238,439,924,1.0,0.5248917748917749,0.4751082251082251,267,0.45346320346320346,0.25757575757575757,0.288961038961039
498,37045,2483,1050,850,789,1433,2483,1.0,0.42287555376560615,0.5771244462343939,844,0.342327829238824,0.31776077325815544,0.3399113975030205
499,37045,2211,1049,636,530,1162,2211,1.0,0.47444595205789236,0.5255540479421077,1045,0.2876526458616011,0.2397105382180009,0.472636815920398
500,37045,3861,212,510,1704,3649,3861,1.0,0.05490805490805491,0.945091945091945,1647,0.1320901320901321,0.44133644133644134,0.42657342657342656
501,37045,4375,841,821,1560,3534,4375,1.0,0.19222857142857142,0.8077714285714286,1994,0.18765714285714286,0.3565714285714286,0.45577142857142855
502,37045,3356,896,1183,988,2460,3356,1.0,0.266984505363528,0.733015494636472,1185,0.35250297973778305,0.2943980929678188,0.35309892729439807
503,37045,1727,146,218,790,1581,1727,1.0,0.08453966415749856,0.9154603358425014,719,0.12623045744064854,0.45744064852345107,0.4163288940359004
504,37045,2965,469,561,1267,2496,2965,1.0,0.1581787521079258,0.8418212478920742,1137,0.18920741989881956,0.42731871838111296,0.3834738617200675
505,37045,822,43,143,319,779,822,1.0,0.052311435523114354,0.9476885644768857,360,0.17396593673965938,0.3880778588807786,0.43795620437956206
506,37045,2209,828,620,509,1381,2209,1.0,0.37483023992756903,0.625169760072431,1080,0.2806699864191942,0.23042100497962878,0.48890900860117703
507,37045,1957,191,289,938,1766,1957,1.0,0.0975983648441492,0.9024016351558508,730,0.14767501277465508,0.4793050587634134,0.37301992846193155
508,37045,2872,564,631,1013,2308,2872,1.0,0.19637883008356546,0.8036211699164345,1228,0.21970752089136492,0.3527158774373259,0.4275766016713092
509,37047,1129,254,245,516,875,1129,1.0,0.224977856510186,0.775022143489814,368,0.21700620017714792,0.45704162976085033,0.3259521700620018
510,37047,1367,659,444,281,708,1367,1.0,0.4820775420629115,0.5179224579370885,642,0.3247988295537674,0.2055596196049744,0.46964155084125825
511,37047,1677,234,340,560,1443,1677,1.0,0.13953488372093023,0.8604651162790697,777,0.20274299344066785,0.33392963625521765,0.46332737030411447
512,37047,2138,565,509,698,1573,2138,1.0,0.26426566884939195,0.735734331150608,931,0.2380729653882133,0.3264733395696913,0.4354536950420954
513,37047,1107,214,121,384,893,1107,1.0,0.1933152664859982,0.8066847335140018,602,0.1093044263775971,0.34688346883468835,0.5438121047877146
514,37047,521,14,27,210,507,521,1.0,0.026871401151631478,0.9731285988483686,284,0.05182341650671785,0.40307101727447214,0.54510556621881
515,37047,2218,206,198,1035,2012,2218,1.0,0.09287646528403967,0.9071235347159603,985,0.08926961226330027,0.4666366095581605,0.44409377817853923
516,37047,5287,2402,815,1050,2885,5287,1.0,0.4543219216947229,0.5456780783052771,3422,0.15415169283147342,0.1986003404577265,0.6472479667108001
517,37047,2972,1001,780,748,1971,2972,1.0,0.33681022880215344,0.6631897711978466,1444,0.26244952893674295,0.25168236877523553,0.4858681022880215
518,37047,1693,512,134,425,1181,1693,1.0,0.3024217365623154,0.6975782634376846,1134,0.07914943886591849,0.25103366804489075,0.6698168930891908
519,37047,824,46,78,305,778,824,1.0,0.055825242718446605,0.9441747572815534,441,0.09466019417475728,0.37014563106796117,0.5351941747572816
520,37047,500,41,67,213,459,500,1.0,0.082,0.918,220,0.134,0.426,0.44
521,37047,985,15,64,458,970,985,1.0,0.015228426395939087,0.9847715736040609,463,0.0649746192893401,0.4649746192893401,0.4700507614213198
522,37047,517,204,86,137,313,517,1.0,0.3945841392649903,0.6054158607350096,294,0.16634429400386846,0.26499032882011603,0.5686653771760155
523,37047,793,112,78,247,681,793,1.0,0.14123581336696092,0.8587641866330391,468,0.09836065573770492,0.3114754098360656,0.5901639344262295
524,37047,2533,922,577,697,1611,2533,1.0,0.363995262534544,0.6360047374654559,1259,0.22779313067508883,0.2751677852348993,0.49703908409001185
525,37047,1403,579,330,360,824,1403,1.0,0.4126870990734141,0.5873129009265858,713,0.23521026372059872,0.25659301496792586,0.5081967213114754
526,37047,1218,595,346,185,623,1218,1.0,0.4885057471264368,0.5114942528735632,687,0.28407224958949095,0.15188834154351397,0.5640394088669951
527,37047,2534,538,474,899,1996,2534,1.0,0.2123125493291239,0.7876874506708761,1161,0.18705603788476716,0.35477505919494867,0.4581689029202841
528,37047,3648,1445,1047,987,2203,3648,1.0,0.39610745614035087,0.6038925438596491,1614,0.2870065789473684,0.27055921052631576,0.44243421052631576
529,37047,636,192,135,213,444,636,1.0,0.3018867924528302,0.6981132075471698,288,0.21226415094339623,0.33490566037735847,0.4528301886792453
530,37047,2216,775,654,816,1441,2216,1.0,0.3497292418772563,0.6502707581227437,746,0.2951263537906137,0.36823104693140796,0.33664259927797835
531,37047,3605,1220,1077,1173,2385,3605,1.0,0.33841886269070737,0.6615811373092927,1355,0.29875173370319,0.32538141470180304,0.37586685159500693
532,37047,1569,68,170,743,1501,1569,1.0,0.043339706819630335,0.9566602931803697,656,0.10834926704907584,0.4735500318674315,0.4181007010834927
533,37047,1204,492,481,278,712,1204,1.0,0.40863787375415284,0.5913621262458472,445,0.3995016611295681,0.23089700996677742,0.3696013289036545
534,37047,272,3,38,121,269,272,1.0,0.011029411764705883,0.9889705882352942,113,0.13970588235294118,0.44485294117647056,0.41544117647058826
535,37049,559,20,42,322,539,559,1.0,0.03577817531305903,0.964221824686941,195,0.07513416815742398,0.5760286225402504,0.3488372093023256
536,37049,2240,195,572,1390,2045,2240,1.0,0.08705357142857142,0.9129464285714286,278,0.25535714285714284,0.6205357142857143,0.12410714285714286
537,37049,1130,313,195,427,817,1130,1.0,0.27699115044247785,0.7230088495575221,508,0.17256637168141592,0.37787610619469025,0.4495575221238938
538,37049,634,271,172,205,363,634,1.0,0.4274447949526814,0.5725552050473186,257,0.27129337539432175,0.32334384858044163,0.40536277602523657
539,37049,1060,273,201,381,787,1060,1.0,0.25754716981132075,0.7424528301886792,478,0.18962264150943398,0.3594339622641509,0.4509433962264151
540,37049,851,92,96,421,759,851,1.0,0.10810810810810811,0.8918918918918919,334,0.1128084606345476,0.49471210340775557,0.39247943595769685
541,37049,4655,1553,898,1392,3102,4655,1.0,0.33361976369495167,0.6663802363050484,2365,0.1929108485499463,0.2990332975295381,0.5080558539205156
542,37049,5124,1551,1371,1147,3573,5124,1.0,0.30269320843091335,0.6973067915690867,2606,0.26756440281030447,0.22384855581576893,0.5085870413739266
543,37049,2527,773,695,1013,1754,2527,1.0,0.30589631974673526,0.6941036802532647,819,0.27502967946181245,0.40087059754649784,0.32409972299168976
544,37049,2688,1717,1076,382,971,2688,1.0,0.6387648809523809,0.36123511904761907,1230,0.40029761904761907,0.14211309523809523,0.4575892857142857
545,37049,2699,208,617,1298,2491,2699,1.0,0.0770655798443868,0.9229344201556132,784,0.22860318636532048,0.4809188588366062,0.29047795479807337
546,37049,3148,110,735,1534,3038,3148,1.0,0.0349428208386277,0.9650571791613723,879,0.2334815756035578,0.4872935196950445,0.2792249047013977
547,37049,3299,54,785,1974,3245,3299,1.0,0.016368596544407397,0.9836314034555926,540,0.23795089421036678,0.5983631403455593,0.16368596544407396
548,37049,1395,493,489,433,902,1395,1.0,0.353405017921147,0.646594982078853,473,0.35053763440860214,0.3103942652329749,0.33906810035842294
549,37049,889,268,363,449,621,889,1.0,0.3014623172103487,0.6985376827896513,77,0.40832395950506184,0.5050618672665916,0.08661417322834646
550,37049,983,328,280,413,655,983,1.0,0.3336724313326551,0.6663275686673449,290,0.28484231943031535,0.4201424211597152,0.2950152594099695
551,37049,2648,1157,924,596,1491,2648,1.0,0.4369335347432024,0.5630664652567976,1128,0.34894259818731116,0.22507552870090636,0.4259818731117825
552,37049,4276,542,1166,2329,3734,4276,1.0,0.12675397567820393,0.8732460243217961,781,0.27268475210477083,0.5446679139382601,0.18264733395696914
553,37049,2177,449,617,710,1728,2177,1.0,0.20624712907671108,0.793752870923289,850,0.28341754708314193,0.32613688562241616,0.3904455672944419
554,37049,2225,174,343,1191,2051,2225,1.0,0.07820224719101124,0.9217977528089888,691,0.1541573033707865,0.5352808988764045,0.310561797752809
555,37049,2417,1092,832,392,1325,2417,1.0,0.45179975175837817,0.5482002482416218,1193,0.3442283822920976,0.1621845262722383,0.49358709143566404
556,37049,2897,1110,954,1073,1787,2897,1.0,0.3831549879185364,0.6168450120814636,870,0.32930617880566104,0.3703831549879185,0.30031066620642044
557,37049,10395,1198,952,1675,9197,10395,1.0,0.11524771524771525,0.8847522847522847,7768,0.09158249158249158,0.16113516113516113,0.7472823472823473
558,37049,3373,252,386,1459,3121,3373,1.0,0.07471093981618737,0.9252890601838126,1528,0.11443818559146161,0.43255262377705306,0.4530091906314853
559,37049,4787,694,1337,1791,4093,4787,1.0,0.1449759766033006,0.8550240233966994,1659,0.2792980990181742,0.3741382912053478,0.346563609776478
560,37049,4175,445,788,1906,3730,4175,1.0,0.10658682634730539,0.8934131736526946,1481,0.1887425149700599,0.45652694610778444,0.35473053892215567
561,37049,6051,1314,928,1623,4737,6051,1.0,0.21715418939018344,0.7828458106098165,3500,0.15336308048256486,0.26822012890431335,0.5784167906131218
562,37051,4441,739,1095,2074,3702,4441,1.0,0.1664039630713803,0.8335960369286197,1272,0.24656608871875704,0.467011934249043,0.28642197703219996
563,37051,7956,1391,1575,3503,6565,7956,1.0,0.17483660130718953,0.8251633986928104,2878,0.19796380090497737,0.44029663147310205,0.36173956762192055
564,37051,11325,2952,3278,3580,8373,11325,1.0,0.2606622516556291,0.7393377483443708,4467,0.28944812362030903,0.3161147902869757,0.3944370860927152
565,37051,1068,956,450,40,112,1068,1.0,0.8951310861423221,0.10486891385767791,578,0.42134831460674155,0.03745318352059925,0.5411985018726592
566,37051,2324,1766,1079,180,558,2324,1.0,0.7598967297762479,0.24010327022375216,1065,0.4642857142857143,0.0774526678141136,0.4582616179001721
567,37051,1286,236,376,376,1050,1286,1.0,0.18351477449455678,0.8164852255054432,534,0.29237947122861585,0.29237947122861585,0.4152410575427683
568,37051,1311,224,382,627,1087,1311,1.0,0.17086193745232647,0.8291380625476735,302,0.2913806254767353,0.4782608695652174,0.2303585049580473
569,37051,1280,109,301,455,1171,1280,1.0,0.08515625,0.91484375,524,0.23515625,0.35546875,0.409375
570,37051,1400,635,453,323,765,1400,1.0,0.45357142857142857,0.5464285714285714,624,0.32357142857142857,0.2307142857142857,0.44571428571428573
571,37051,3094,520,769,1092,2574,3094,1.0,0.16806722689075632,0.8319327731092437,1233,0.24854557207498384,0.35294117647058826,0.39851325145442795
572,37051,1594,77,382,858,1517,1594,1.0,0.04830614805520703,0.951693851944793,354,0.2396486825595985,0.5382685069008782,0.22208281053952322
573,37051,1931,1795,1318,76,136,1931,1.0,0.9295701708959089,0.07042982910409114,537,0.6825479026411186,0.03935784567581564,0.2780942516830658
574,37051,2887,2284,1293,94,603,2887,1.0,0.7911326636647038,0.20886733633529617,1500,0.44786976099757536,0.03255975060616557,0.5195704883962591
575,37051,1516,321,362,382,1195,1516,1.0,0.2117414248021108,0.7882585751978892,772,0.23878627968337732,0.2519788918205805,0.5092348284960422
576,37051,13019,3683,3651,3108,9336,13019,1.0,0.2828942315077963,0.7171057684922038,6260,0.2804362854289884,0.2387280129042169,0.4808357016667947
577,37051,6648,1917,1791,1474,4731,6648,1.0,0.28835740072202165,0.7116425992779783,3383,0.2694043321299639,0.2217208182912154,0.5088748495788207
578,37051,2410,598,646,578,1812,2410,1.0,0.24813278008298756,0.7518672199170124,1186,0.2680497925311203,0.23983402489626557,0.4921161825726141
579,37051,1762,308,398,730,1454,1762,1.0,0.17480136208853575,0.8251986379114642,634,0.22587968217934165,0.41430192962542567,0.3598183881952327
580,37051,2273,359,612,831,1914,2273,1.0,0.15794104707435108,0.8420589529256489,830,0.2692476902771667,0.3655961284645842,0.365156181258249
581,37051,14830,7675,5736,2195,7155,14830,1.0,0.5175320296695887,0.48246797033041133,6899,0.3867835468644639,0.14801078894133513,0.46520566419420095
582,37051,3235,1245,867,447,1990,3235,1.0,0.3848531684698609,0.615146831530139,1921,0.2680061823802164,0.13817619783616691,0.5938176197836167
583,37051,1993,482,501,336,1511,1993,1.0,0.2418464626191671,0.7581535373808329,1156,0.2513798294029102,0.16859006522829906,0.5800301053687907
584,37051,2900,1367,1281,364,1533,2900,1.0,0.4713793103448276,0.5286206896551724,1255,0.4417241379310345,0.12551724137931033,0.43275862068965515
585,37051,4229,2091,1900,607,2138,4229,1.0,0.49444313076377394,0.505556869236226,1722,0.4492787893118941,0.14353275005911564,0.4071884606289903
586,37051,1831,898,647,152,933,1831,1.0,0.4904423812124522,0.5095576187875478,1032,0.3533588203167668,0.08301474604041507,0.5636264336428182
587,37051,2762,1133,910,596,1629,2762,1.0,0.4102099927588704,0.5897900072411296,1256,0.3294713975380159,0.21578566256335988,0.4547429398986242
588,37051,1817,896,453,256,921,1817,1.0,0.49312052834342324,0.5068794716565768,1108,0.24931205283434232,0.14089157952669235,0.6097963676389653
589,37051,2563,745,656,491,1818,2563,1.0,0.2906749902458057,0.7093250097541943,1416,0.25595005852516584,0.19157237612173234,0.5524775653531019
590,37051,2735,496,453,1251,2239,2735,1.0,0.1813528336380256,0.8186471663619744,1031,0.16563071297989032,0.4574040219378428,0.3769652650822669
591,37051,4174,2049,1447,618,2125,4174,1.0,0.49089602299952084,0.5091039770004792,2109,0.34666986104456154,0.14805941542884524,0.5052707235265932
592,37051,3326,729,753,1059,2597,3326,1.0,0.21918220084185208,0.780817799158148,1514,0.22639807576668672,0.3184004810583283,0.45520144317498495
593,37051,6581,2296,1954,2120,4285,6581,1.0,0.3488831484576812,0.6511168515423188,2507,0.29691536240692906,0.3221394924783468,0.3809451451147242
594,37051,2434,535,689,1015,1899,2434,1.0,0.2198027937551356,0.7801972062448644,730,0.28307313064913725,0.4170090386195563,0.2999178307313065
595,37051,3545,1236,1103,609,2309,3545,1.0,0.34866008462623416,0.6513399153737659,1833,0.31114245416078984,0.17179125528913963,0.5170662905500705
596,37051,10755,3597,3059,2120,7158,10755,1.0,0.33444909344490936,0.6655509065550906,5576,0.28442584844258484,0.19711761971176198,0.5184565318456532
597,37051,5889,2385,1574,521,3504,5889,1.0,0.40499235863474276,0.5950076413652573,3794,0.2672779758872474,0.08847002886737985,0.6442519952453727
598,37051,3514,656,751,1428,2858,3514,1.0,0.186681844052362,0.813318155947638,1335,0.21371656232214,0.4063745019920319,0.3799089356858281
599,37051,21761,5261,2792,1511,16500,21761,1.0,0.24176278663664352,0.7582372133633565,17458,0.12830292725518128,0.06943614723588071,0.802260925508938
600,37051,4571,1855,1481,543,2716,4571,1.0,0.4058192955589586,0.5941807044410413,2547,0.32399912491796107,0.11879238678626121,0.5572084882957777
601,37051,2874,2190,1405,246,684,2874,1.0,0.7620041753653445,0.23799582463465555,1223,0.488865692414753,0.08559498956158663,0.4255393180236604
602,37051,2622,1851,1237,205,771,2622,1.0,0.7059496567505721,0.2940503432494279,1180,0.47177726926010677,0.07818459191456903,0.4500381388253242
603,37051,6234,3036,2815,994,3198,6234,1.0,0.4870067372473532,0.5129932627526468,2425,0.45155598331729224,0.15944818735964067,0.38899582932306703
604,37051,25793,10419,9363,5441,15374,25793,1.0,0.4039468072732912,0.5960531927267088,10989,0.363005466599465,0.2109487070135308,0.4260458263870042
605,37051,2706,854,670,504,1852,2706,1.0,0.3155949741315595,0.6844050258684405,1532,0.24759793052475979,0.18625277161862527,0.5661492978566149
606,37051,1990,594,573,822,1396,1990,1.0,0.2984924623115578,0.7015075376884422,595,0.2879396984924623,0.4130653266331658,0.2989949748743719
607,37051,2815,559,697,1316,2256,2815,1.0,0.1985790408525755,0.8014209591474245,802,0.24760213143872115,0.4674955595026643,0.2849023090586146
608,37051,10011,1963,3006,4008,8048,10011,1.0,0.1960843072620118,0.8039156927379882,2997,0.300269703326341,0.40035960443512136,0.29937069223853763
609,37051,3875,1738,1465,606,2137,3875,1.0,0.44851612903225807,0.551483870967742,1804,0.37806451612903225,0.15638709677419355,0.4655483870967742
610,37053,372,0,33,164,372,372,1.0,0.0,1.0,175,0.08870967741935484,0.44086021505376344,0.47043010752688175
611,37053,1730,134,366,698,1596,1730,1.0,0.07745664739884393,0.922543352601156,666,0.2115606936416185,0.40346820809248557,0.38497109826589593
612,37053,442,10,186,255,432,442,1.0255813953488373,0.02262443438914027,0.9773755656108597,1,0.42081447963800905,0.5769230769230769,0.0022624434389140274
613,37053,245,0,48,156,245,245,1.0,0.0,1.0,41,0.19591836734693877,0.636734693877551,0.1673469387755102
614,37053,977,136,144,263,841,977,1.0,0.13920163766632548,0.8607983623336745,570,0.1473899692937564,0.2691914022517912,0.5834186284544524
615,37053,1217,3,135,513,1214,1217,1.0,0.0024650780608052587,0.9975349219391948,569,0.11092851273623665,0.42152834839769926,0.4675431388660641
616,37053,3424,107,542,1939,3317,3424,1.0,0.03125,0.96875,943,0.1582943925233645,0.5662967289719626,0.2754088785046729
617,37053,3800,175,719,1542,3625,3800,1.0,0.046052631578947366,0.9539473684210527,1539,0.18921052631578947,0.40578947368421053,0.405
618,37053,131,0,48,83,131,131,1.5411764705882354,0.0,1.0,0,0.366412213740458,0.6335877862595419,0.0
619,37053,1061,126,216,592,935,1061,1.0,0.11875589066918002,0.88124410933082,253,0.20358152686145145,0.5579641847313855,0.23845428840716307
620,37053,4615,356,719,2646,4259,4615,1.0,0.0771397616468039,0.9228602383531961,1250,0.15579631635969665,0.5733477789815818,0.27085590465872156
621,37055,2660,26,765,1166,2634,2660,1.0,0.009774436090225564,0.9902255639097745,729,0.287593984962406,0.43834586466165415,0.27406015037593984
622,37055,368,0,186,182,368,368,1.1185410334346504,0.0,1.0,0,0.5054347826086957,0.4945652173913043,0.0
623,37055,5320,56,1502,1865,5264,5320,1.0,0.010526315789473684,0.9894736842105263,1953,0.28233082706766915,0.3505639097744361,0.3671052631578947
624,37055,125,1,15,50,124,125,1.0,0.008,0.992,60,0.12,0.4,0.48
625,37055,180,0,19,85,180,180,1.0,0.0,1.0,76,0.10555555555555556,0.4722222222222222,0.4222222222222222
626,37055,518,5,193,199,513,518,1.0,0.009652509652509652,0.9903474903474904,126,0.37258687258687256,0.3841698841698842,0.24324324324324326
627,37055,675,4,105,249,671,675,1.0,0.005925925925925926,0.9940740740740741,321,0.15555555555555556,0.3688888888888889,0.47555555555555556
628,37055,2708,8,1071,1349,2700,2708,1.0,0.0029542097488921715,0.9970457902511078,288,0.39549483013293946,0.4981536189069424,0.10635155096011817
629,37055,3247,18,960,1256,3229,3247,1.0,0.00554357868801971,0.9944564213119803,1031,0.2956575300277179,0.38681860178626426,0.31752386818601785
630,37055,4748,445,1478,1678,4303,4748,1.0,0.09372367312552654,0.9062763268744735,1592,0.3112889637742207,0.35341196293176075,0.33529907329401853
631,37055,2320,35,860,843,2285,2320,1.0,0.015086206896551725,0.9849137931034483,617,0.3706896551724138,0.36336206896551726,0.265948275862069
632,37055,672,1,183,273,671,672,1.0,0.001488095238095238,0.9985119047619048,216,0.27232142857142855,0.40625,0.32142857142857145
633,37055,424,1,125,217,423,424,1.0,0.0023584905660377358,0.9976415094339622,82,0.294811320754717,0.5117924528301887,0.19339622641509435
634,37055,742,0,186,322,742,742,1.0,0.0,1.0,234,0.25067385444743934,0.4339622641509434,0.31536388140161725
635,37055,1187,7,245,437,1180,1187,1.0,0.005897219882055603,0.9941027801179444,505,0.2064026958719461,0.36815501263689976,0.42544229149115415
636,37055,1273,3,193,529,1270,1273,1.0,0.002356637863315004,0.997643362136685,551,0.1516103692065986,0.41555380989787905,0.43283582089552236
637,37057,6131,592,1424,2700,5539,6131,1.0,0.09655847333224596,0.903441526667754,2007,0.23226227369107813,0.44038492904909476,0.32735279725982713
638,37057,3872,40,490,1863,3832,3872,1.0,0.010330578512396695,0.9896694214876033,1519,0.1265495867768595,0.48114669421487605,0.39230371900826444
639,37057,2932,167,468,1170,2765,2932,1.0,0.05695770804911323,0.9430422919508867,1294,0.15961800818553887,0.3990450204638472,0.4413369713506139
640,37057,2925,71,402,1335,2854,2925,1.0,0.024273504273504273,0.9757264957264957,1188,0.13743589743589743,0.4564102564102564,0.40615384615384614
641,37057,5202,664,1072,1723,4538,5202,1.0,0.12764321414840446,0.8723567858515956,2407,0.20607458669742407,0.33121876201460976,0.4627066512879662
642,37057,4671,46,723,2238,4625,4671,1.0,0.009847998287304646,0.9901520017126954,1710,0.15478484264611433,0.47912652536929995,0.36608863198458574
643,37057,2564,510,708,657,2054,2564,1.0,0.19890795631825273,0.8010920436817472,1199,0.27613104524180965,0.25624024960998437,0.4676287051482059
644,37057,2833,154,533,1138,2679,2833,1.0,0.05435933639251676,0.9456406636074832,1162,0.1881397811507236,0.4016943169784681,0.4101659018708083
645,37057,2539,90,362,1259,2449,2539,1.0,0.035447026388341865,0.9645529736116581,918,0.14257581725088617,0.4958645135880268,0.36155966916108706
646,37057,3375,49,446,1801,3326,3375,1.0,0.01451851851851852,0.9854814814814815,1128,0.13214814814814815,0.5336296296296297,0.3342222222222222
647,37057,4234,32,741,2683,4202,4234,1.0,0.007557864903164856,0.9924421350968351,810,0.1750118091639112,0.6336797354747283,0.1913084553613604
648,37057,3030,545,582,772,2485,3030,1.0,0.17986798679867988,0.8201320132013201,1676,0.19207920792079208,0.25478547854785477,0.5531353135313531
649,37057,2661,46,424,1492,2615,2661,1.0,0.01728673431040962,0.9827132656895904,745,0.15933859451334084,0.5606914693724164,0.27996993611424276
650,37057,1411,56,148,443,1355,1411,1.0,0.039688164422395464,0.9603118355776046,820,0.10489014883061658,0.31396172927002125,0.5811481218993622
651,37057,4456,72,607,2053,4384,4456,1.0,0.01615798922800718,0.9838420107719928,1796,0.13622082585278278,0.4607271095152603,0.4030520646319569
652,37057,1777,368,496,278,1409,1777,1.0,0.20709060213843555,0.7929093978615644,1003,0.2791221159257175,0.15644344400675295,0.5644344400675295
653,37057,3591,53,458,1689,3538,3591,1.0,0.014759120022277916,0.985240879977722,1444,0.12754107490949596,0.4703425229741019,0.4021164021164021
654,37057,920,49,232,474,871,920,1.0,0.05326086956521739,0.9467391304347826,214,0.25217391304347825,0.5152173913043478,0.2326086956521739
655,37057,5138,250,1146,2870,4888,5138,1.0,0.04865706500583885,0.9513429349941611,1122,0.22304398598676528,0.55858310626703,0.21837290774620474
656,37057,3023,52,427,1380,2971,3023,1.0,0.017201455507773734,0.9827985444922263,1216,0.14125041349652662,0.45650016539861066,0.4022494211048627
657,37057,1688,64,244,636,1624,1688,1.0,0.037914691943127965,0.9620853080568721,808,0.14454976303317535,0.3767772511848341,0.4786729857819905
658,37057,2642,1363,946,211,1279,2642,1.0,0.5158970476911431,0.4841029523088569,1485,0.35806207418622255,0.07986373959121877,0.5620741862225587
659,37057,2581,340,468,570,2241,2581,1.0,0.13173188686555598,0.868268113134444,1543,0.18132506780317706,0.22084463386284386,0.597830298333979
660,37057,1097,1,119,417,1096,1097,1.0,0.0009115770282588879,0.9990884229717412,561,0.10847766636280766,0.38012762078395623,0.5113947128532361
661,37057,2274,4,155,1063,2270,2274,1.0,0.001759014951627089,0.9982409850483729,1056,0.0681618293755497,0.46745822339489884,0.46437994722955145
662,37057,2801,112,458,1328,2689,2801,1.0,0.039985719385933594,0.9600142806140664,1015,0.1635130310603356,0.4741163870046412,0.3623705819350232
663,37057,3577,152,564,1517,3425,3577,1.0,0.0424937098126922,0.9575062901873078,1496,0.1576740285155158,0.42409840648588204,0.4182275649986022
664,37057,1279,57,221,523,1222,1279,1.0,0.044566067240031274,0.9554339327599687,535,0.17279124315871774,0.40891321344800624,0.418295543393276
665,37057,2358,342,567,515,2016,2358,1.0,0.1450381679389313,0.8549618320610687,1276,0.24045801526717558,0.21840542832909246,0.5411365564037319
666,37057,3011,18,212,1374,2993,3011,1.0,0.005978080371969445,0.9940219196280305,1425,0.07040850215875125,0.456326801727001,0.47326469611424776
667,37057,3065,23,389,1490,3042,3065,1.0,0.007504078303425775,0.9924959216965742,1186,0.1269168026101142,0.48613376835236544,0.3869494290375204
668,37057,2108,7,279,1082,2101,2108,1.0,0.003320683111954459,0.9966793168880456,747,0.1323529411764706,0.5132827324478179,0.3543643263757116
669,37057,4601,188,1030,2381,4413,4601,1.0,0.04086068246033471,0.9591393175396653,1190,0.2238643773092806,0.5174961964790263,0.2586394262116931
670,37057,3794,103,523,1649,3691,3794,1.0,0.027148128624143383,0.9728518713758566,1622,0.1378492356352135,0.43463363205060623,0.42751713231418026
671,37057,3538,62,416,1380,3476,3538,1.0,0.017524024872809497,0.9824759751271905,1742,0.11758055398530243,0.3900508762012436,0.49236856981345395
672,37057,4007,465,847,2010,3542,4007,1.0,0.11604691789368606,0.883953082106314,1150,0.21138008485150986,0.5016221612178687,0.28699775393062144
673,37057,2307,881,626,248,1426,2307,1.0,0.3818812310359775,0.6181187689640225,1433,0.2713480710879931,0.10749891634156913,0.6211530125704378
674,37057,1955,404,396,293,1551,1955,1.0,0.20664961636828644,0.7933503836317135,1266,0.20255754475703325,0.14987212276214834,0.6475703324808184
675,37057,1404,1,138,722,1403,1404,1.0,0.0007122507122507123,0.9992877492877493,544,0.09829059829059829,0.5142450142450142,0.38746438746438744
676,37057,2227,1114,719,227,1113,2227,1.0,0.5002245172878311,0.4997754827121688,1281,0.3228558599012124,0.101930848675348,0.5752132914234396
677,37057,2150,922,518,131,1228,2150,1.0,0.4288372093023256,0.5711627906976744,1501,0.24093023255813953,0.060930232558139535,0.6981395348837209
678,37057,2257,5,221,1075,2252,2257,1.0,0.002215330084182543,0.9977846699158175,961,0.0979175897208684,0.4762959680992468,0.4257864421798848
679,37059,1107,142,211,563,965,1107,1.0,0.12827461607949414,0.8717253839205059,333,0.19060523938572718,0.5085817524841915,0.3008130081300813
680,37059,1335,67,195,577,1268,1335,1.0,0.050187265917602995,0.949812734082397,563,0.14606741573033707,0.4322097378277154,0.4217228464419476
681,37059,2859,105,388,1447,2754,2859,1.0,0.03672612801678909,0.9632738719832109,1024,0.13571178733823014,0.5061210213361315,0.35816719132563835
682,37059,2520,233,359,777,2287,2520,1.0,0.09246031746031746,0.9075396825396825,1384,0.14246031746031745,0.30833333333333335,0.5492063492063493
683,37059,2562,105,476,1322,2457,2562,1.0,0.040983606557377046,0.9590163934426229,764,0.18579234972677597,0.5160031225604996,0.29820452771272443
684,37059,1783,95,351,827,1688,1783,1.0,0.0532809871003926,0.9467190128996074,605,0.1968592260235558,0.4638250140213124,0.3393157599551318
685,37059,2020,176,347,856,1844,2020,1.0,0.08712871287128712,0.9128712871287129,817,0.1717821782178218,0.42376237623762375,0.4044554455445545
686,37059,2321,411,660,726,1910,2321,1.0,0.17707884532529083,0.8229211546747092,935,0.2843601895734597,0.3127962085308057,0.4028436018957346
687,37059,2633,287,578,944,2346,2633,1.0,0.10900113938473224,0.8909988606152678,1111,0.21952145841245727,0.358526395746297,0.42195214584124574
688,37059,2179,39,561,1235,2140,2179,1.0,0.017898118402937126,0.9821018815970629,383,0.2574575493345571,0.5667737494263424,0.17576870123910052
689,37059,1787,29,253,984,1758,1787,1.0,0.016228315612758813,0.9837716843872412,550,0.14157806379406826,0.5506435366536094,0.30777839955232233
690,37059,3458,129,817,1848,3329,3458,1.0,0.0373048004626952,0.9626951995373048,793,0.23626373626373626,0.5344129554655871,0.22932330827067668
691,37059,2837,79,790,1531,2758,2837,1.0,0.02784631653154741,0.9721536834684525,516,0.2784631653154741,0.539654564681001,0.18188227000352486
692,37059,2088,100,452,1084,1988,2088,1.0,0.04789272030651341,0.9521072796934866,552,0.2164750957854406,0.5191570881226054,0.26436781609195403
693,37061,3596,363,402,1597,3233,3596,1.0,0.10094549499443826,0.8990545050055617,1597,0.1117908787541713,0.44410456062291437,0.44410456062291437
694,37061,1658,422,299,560,1236,1658,1.0,0.2545235223160434,0.7454764776839565,799,0.18033775633293125,0.33775633293124246,0.4819059107358263
695,37061,1701,828,563,361,873,1701,1.0,0.48677248677248675,0.5132275132275133,777,0.33098177542621987,0.21222810111699,0.4567901234567901
696,37061,912,28,64,418,884,912,1.0,0.03070175438596491,0.9692982456140351,430,0.07017543859649122,0.4583333333333333,0.47149122807017546
697,37061,4303,1723,1042,934,2580,4303,1.0,0.40041831280501977,0.5995816871949803,2327,0.24215663490587963,0.2170578666046944,0.540785498489426
698,37061,1214,424,299,368,790,1214,1.0,0.34925864909390447,0.6507413509060955,547,0.24629324546952225,0.3031301482701812,0.45057660626029655
699,37061,1544,161,149,743,1383,1544,1.0,0.10427461139896373,0.8957253886010362,652,0.09650259067357513,0.48121761658031087,0.422279792746114
700,37061,2298,701,443,485,1597,2298,1.0,0.3050478677110531,0.6949521322889469,1370,0.1927763272410792,0.21105308964316796,0.5961705831157529
701,37061,4543,2183,1323,717,2360,4543,1.0,0.4805194805194805,0.5194805194805194,2503,0.29121725731895226,0.1578252256218358,0.5509575170592119
702,37061,5837,1770,1474,1536,4067,5837,1.0,0.3032379647078979,0.6967620352921021,2827,0.2525269830392325,0.2631488778482097,0.48432413911255784
703,37061,1093,191,168,451,902,1093,1.0,0.1747483989021043,0.8252516010978957,474,0.1537053979871912,0.4126258005489479,0.43366880146386094
704,37061,2179,702,501,402,1477,2179,1.0,0.3221661312528683,0.6778338687471317,1276,0.2299219825608077,0.18448829738412115,0.5855897200550712
705,37061,2570,137,168,668,2433,2570,1.0,0.05330739299610895,0.946692607003891,1734,0.06536964980544747,0.25992217898832687,0.6747081712062257
706,37061,651,80,63,229,571,651,1.0,0.1228878648233487,0.8771121351766513,359,0.0967741935483871,0.35176651305683565,0.5514592933947773
707,37061,1236,222,157,423,1014,1236,1.0,0.1796116504854369,0.8203883495145631,656,0.12702265372168284,0.3422330097087379,0.5307443365695793
708,37061,2546,839,560,590,1707,2546,1.0,0.32953652788688137,0.6704634721131186,1396,0.2199528672427337,0.2317360565593087,0.5483110761979576
709,37061,1538,227,167,630,1311,1538,1.0,0.14759427828348504,0.852405721716515,741,0.10858257477243173,0.4096228868660598,0.48179453836150843
710,37061,1258,68,106,380,1190,1258,1.0,0.05405405405405406,0.9459459459459459,772,0.08426073131955485,0.302066772655008,0.6136724960254372
711,37061,2958,171,232,777,2787,2958,1.0,0.057809330628803245,0.9421906693711968,1949,0.0784313725490196,0.26267748478701824,0.6588911426639621
712,37063,6814,2538,4016,1154,4276,6814,1.0,0.3724684473143528,0.6275315526856472,1644,0.5893748165541532,0.16935720575286176,0.24126797769298503
713,37063,1952,1623,1299,59,329,1952,1.0,0.8314549180327869,0.16854508196721313,594,0.6654713114754098,0.030225409836065573,0.3043032786885246
714,37063,7323,1976,5288,1445,5347,7323,1.0,0.26983476717192406,0.7301652328280759,590,0.7221084255086713,0.19732350129728254,0.08056807319404616
715,37063,3559,1787,1364,93,1772,3559,1.0,0.5021073335206518,0.49789266647934816,2102,0.3832537229558865,0.026130935656083168,0.5906153413880303
716,37063,4069,2654,2143,249,1415,4069,1.0,0.652248709756697,0.34775129024330304,1677,0.5266650282624723,0.06119439665765544,0.41214057507987223
717,37063,1841,529,1216,268,1312,1841,1.0,0.287343834872352,0.7126561651276481,357,0.6605105920695274,0.14557305812058663,0.19391634980988592
718,37063,4258,967,2139,214,3291,4258,1.0,0.22710192578675434,0.7728980742132456,1905,0.5023485204321277,0.050258337247534056,0.44739314232033817
719,37063,1460,215,487,645,1245,1460,1.0,0.14726027397260275,0.8527397260273972,328,0.33356164383561643,0.4417808219178082,0.22465753424657534
720,37063,8984,2107,3196,426,6877,8984,1.0,0.2345280498664292,0.7654719501335708,5362,0.3557435440783615,0.047417631344612646,0.5968388245770259
721,37063,4587,1616,2076,1049,2971,4587,1.0,0.3522999781992588,0.6477000218007413,1462,0.4525833878351864,0.22868977545236538,0.3187268367124482
722,37063,2908,269,1409,1498,2639,2908,1.1284937888198758,0.09250343878954607,0.907496561210454,1,0.484525447042641,0.515130674002751,0.000343878954607978
723,37063,6595,4023,4571,925,2572,6595,1.0,0.6100075815011372,0.3899924184988628,1099,0.6931008339651251,0.14025777103866566,0.16664139499620925
724,37063,2156,1180,1675,102,976,2156,1.0,0.5473098330241187,0.45269016697588127,379,0.7769016697588126,0.04730983302411874,0.17578849721706866
725,37063,2332,331,1632,114,2001,2332,1.0,0.14193825042881647,0.8580617495711835,586,0.6998284734133791,0.04888507718696398,0.25128644939965694
726,37063,3282,393,1264,1302,2889,3282,1.0,0.11974405850091407,0.8802559414990859,716,0.38513101767215113,0.396709323583181,0.2181596587446679
727,37063,5158,1041,2573,1546,4117,5158,1.0,0.20182241178751453,0.7981775882124854,1039,0.49883675843350134,0.29972857696781696,0.20143466459868167
728,37063,7430,1777,3824,840,5653,7430,1.0,0.23916554508748317,0.7608344549125168,2766,0.5146702557200539,0.11305518169582772,0.37227456258411845
729,37063,5086,707,2552,1529,4379,5086,1.0,0.13900904443570586,0.8609909555642942,1005,0.5017695635076681,0.30062917813605977,0.19760125835627212
730,37063,3261,2233,1792,102,1028,3261,1.0,0.6847592762956148,0.31524072370438516,1367,0.5495246856792395,0.031278748850046,0.4191965654707145
731,37063,5788,3675,3867,533,2113,5788,1.0,0.6349343469246718,0.3650656530753283,1388,0.6681064270905321,0.09208707671043538,0.2398064961990325
732,37063,5760,1073,3154,2004,4687,5760,1.0,0.18628472222222223,0.8137152777777777,602,0.5475694444444444,0.34791666666666665,0.10451388888888889
733,37063,3313,1823,2010,243,1490,3313,1.0,0.5502565650467854,0.4497434349532146,1060,0.6067008753395714,0.07334741925747057,0.31995170540295803
734,37063,2544,514,1425,120,2030,2544,1.0,0.20204402515723272,0.7979559748427673,999,0.5601415094339622,0.04716981132075472,0.392688679245283
735,37063,4923,1894,1937,470,3029,4923,1.0,0.3847247613243957,0.6152752386756043,2516,0.3934592728011375,0.09547024172252691,0.5110704854763356
736,37063,4037,1012,2046,883,3025,4037,1.0,0.2506811989100817,0.7493188010899182,1108,0.5068119891008175,0.21872677730988357,0.27446123358929897
737,37063,5830,418,4043,1126,5412,5830,1.0,0.07169811320754717,0.9283018867924528,661,0.6934819897084048,0.19313893653516295,0.11337907375643225
738,37063,2839,497,1993,798,2342,2839,1.0,0.1750616414230363,0.8249383585769637,48,0.7020077492074674,0.28108488904543855,0.016907361747094046
739,37063,3886,432,2509,663,3454,3886,1.0,0.11116829644879053,0.8888317035512094,714,0.6456510550694802,0.1706124549665466,0.18373648996397324
740,37063,5377,3739,3233,239,1638,5377,1.0,0.6953691649618746,0.3046308350381253,1905,0.601264645713223,0.044448577273572626,0.3542867770132044
741,37063,1343,1190,756,38,153,1343,1.0,0.8860759493670886,0.11392405063291139,549,0.5629188384214445,0.028294862248696945,0.40878629932985855
742,37063,3912,811,2343,653,3101,3912,1.0,0.20731083844580778,0.7926891615541922,916,0.5989263803680982,0.16692229038854806,0.23415132924335377
743,37063,3928,1086,1907,269,2842,3928,1.0,0.27647657841140527,0.7235234215885947,1752,0.4854887983706721,0.0684826883910387,0.4460285132382892
744,37063,3380,477,1337,1454,2903,3380,1.0,0.1411242603550296,0.8588757396449704,589,0.3955621301775148,0.4301775147928994,0.1742603550295858
745,37063,8679,4902,5798,644,3777,8679,1.0,0.564811614241272,0.435188385758728,2237,0.6680493144371471,0.07420209701578523,0.2577485885470676
746,37063,2516,877,1881,279,1639,2516,1.0,0.3485691573926868,0.6514308426073132,356,0.7476152623211447,0.11089030206677265,0.14149443561208266
747,37063,2030,141,1756,181,1889,2030,1.0,0.06945812807881774,0.9305418719211823,93,0.865024630541872,0.08916256157635467,0.0458128078817734
748,37063,1425,87,1155,170,1338,1425,1.0,0.061052631578947365,0.9389473684210526,100,0.8105263157894737,0.11929824561403508,0.07017543859649122
749,37063,1650,1361,851,42,289,1650,1.0,0.8248484848484848,0.17515151515151514,757,0.5157575757575757,0.025454545454545455,0.4587878787878788
750,37063,2054,506,1217,163,1548,2054,1.0,0.24634858812074,0.75365141187926,674,0.5925024342745862,0.07935735150925025,0.3281402142161636
751,37063,2493,562,1552,66,1931,2493,1.0,0.22543120738066585,0.7745687926193341,875,0.6225431207380666,0.026474127557160047,0.3509827517047734
752,37063,1808,553,854,79,1255,1808,1.0,0.30586283185840707,0.6941371681415929,875,0.4723451327433628,0.043694690265486724,0.48396017699115046
753,37063,1900,1155,862,69,745,1900,1.0,0.6078947368421053,0.39210526315789473,969,0.4536842105263158,0.03631578947368421,0.51
754,37063,2483,1530,1324,114,953,2483,1.0,0.6161900926298832,0.3838099073701168,1045,0.5332259363672976,0.045912202980265805,0.4208618606524366
755,37063,4212,3869,3123,74,343,4212,1.0,0.9185660018993352,0.08143399810066476,1015,0.7414529914529915,0.017568850902184234,0.2409781576448243
756,37063,1331,1220,1039,36,111,1331,1.0,0.9166040570999249,0.08339594290007513,256,0.7806160781367393,0.027047332832456798,0.19233658903080392
757,37063,1288,1134,917,26,154,1288,1.0,0.8804347826086957,0.11956521739130435,345,0.7119565217391305,0.020186335403726708,0.26785714285714285
758,37063,670,593,456,29,77,670,1.0,0.8850746268656716,0.11492537313432835,185,0.6805970149253732,0.04328358208955224,0.27611940298507465
759,37063,2303,643,1400,320,1660,2303,1.0,0.27920104211897523,0.7207989578810248,583,0.60790273556231,0.1389491966999566,0.2531480677377334
760,37063,7495,2872,4494,806,4623,7495,1.0,0.38318879252835225,0.6168112074716477,2195,0.5995997331554369,0.1075383589059373,0.29286190793862577
761,37063,2016,649,1461,151,1367,2016,1.0,0.3219246031746032,0.6780753968253969,404,0.7247023809523809,0.07490079365079365,0.2003968253968254
762,37063,2948,241,1887,646,2707,2948,1.0,0.08175033921302578,0.9182496607869742,415,0.6400949796472184,0.21913161465400272,0.14077340569877883
763,37063,4702,793,3669,723,3909,4702,1.0,0.16865163760102084,0.8313483623989791,310,0.7803062526584432,0.15376435559336452,0.06592939174819226
764,37063,4070,1397,2280,919,2673,4070,1.0,0.34324324324324323,0.6567567567567567,871,0.5601965601965602,0.2257985257985258,0.214004914004914
765,37063,6122,2281,4559,1537,3841,6122,1.0,0.3725906566481542,0.6274093433518458,26,0.7446912773603398,0.25106174452793206,0.004246978111728194
766,37063,3488,708,1945,512,2780,3488,1.0,0.2029816513761468,0.7970183486238532,1031,0.5576261467889908,0.14678899082568808,0.2955848623853211
767,37065,2753,1728,922,303,1025,2753,1.0,0.6276788957500908,0.37232110424990916,1528,0.33490737377406465,0.11006175081729024,0.5550308754086452
768,37065,2774,2346,1454,173,428,2774,1.0,0.8457101658255227,0.15428983417447728,1147,0.5241528478731075,0.06236481614996395,0.4134823359769286
769,37065,1207,775,542,176,432,1207,1.0,0.6420878210439105,0.35791217895608946,489,0.4490472245236123,0.14581607290803644,0.40513670256835127
770,37065,1750,1635,1217,66,115,1750,1.0,0.9342857142857143,0.06571428571428571,467,0.6954285714285714,0.037714285714285714,0.26685714285714285
771,37065,2238,917,823,667,1321,2238,1.0,0.4097408400357462,0.5902591599642538,748,0.3677390527256479,0.29803395889186773,0.3342269883824844
772,37065,2405,2191,1244,55,214,2405,1.0,0.911018711018711,0.08898128898128899,1106,0.5172557172557173,0.02286902286902287,0.4598752598752599
773,37065,932,326,211,173,606,932,1.0,0.3497854077253219,0.6502145922746781,548,0.22639484978540772,0.18562231759656653,0.5879828326180258
774,37065,1857,557,382,590,1300,1857,1.0,0.2999461497038234,0.7000538502961766,885,0.20570813139472266,0.3177167474421109,0.4765751211631664
775,37065,2520,1136,803,727,1384,2520,1.0,0.4507936507936508,0.5492063492063493,990,0.31865079365079363,0.28849206349206347,0.39285714285714285
776,37065,1329,225,148,506,1104,1329,1.0,0.16930022573363432,0.8306997742663657,675,0.11136192626034612,0.38073739653875094,0.5079006772009029
777,37065,700,366,263,173,334,700,1.0,0.5228571428571429,0.47714285714285715,264,0.3757142857142857,0.24714285714285714,0.37714285714285717
778,37065,573,241,169,117,332,573,1.0,0.4205933682373473,0.5794066317626527,287,0.2949389179755672,0.20418848167539266,0.5008726003490401
779,37065,3525,1506,1185,925,2019,3525,1.0,0.4272340425531915,0.5727659574468085,1415,0.33617021276595743,0.2624113475177305,0.4014184397163121
780,37065,1428,1375,784,31,53,1428,1.0,0.9628851540616247,0.03711484593837535,613,0.5490196078431373,0.021708683473389355,0.42927170868347336
781,37065,4130,3818,2644,152,312,4130,1.0,0.924455205811138,0.07554479418886198,1334,0.6401937046004843,0.036803874092009685,0.32300242130750606
782,37065,1595,345,284,530,1250,1595,1.0,0.21630094043887146,0.7836990595611285,781,0.1780564263322884,0.3322884012539185,0.4896551724137931
783,37065,1402,264,227,564,1138,1402,1.0,0.18830242510699002,0.81169757489301,611,0.16191155492154066,0.40228245363766046,0.43580599144079885
784,37065,1436,486,363,417,950,1436,1.0,0.3384401114206128,0.6615598885793872,656,0.2527855153203343,0.2903899721448468,0.4568245125348189
785,37065,3689,1666,1235,850,2023,3689,1.0,0.45161290322580644,0.5483870967741935,1604,0.3347790729194904,0.2304147465437788,0.4348061805367308
786,37065,2971,1126,831,810,1845,2971,1.0,0.37899697071693034,0.6210030292830697,1330,0.27970380343318746,0.27263547627061596,0.4476607202961966
787,37065,1459,655,431,384,804,1459,1.0,0.44893762851267993,0.5510623714873201,644,0.295407813570939,0.26319396847155585,0.44139821795750517
788,37067,2721,90,766,1525,2631,2721,1.0,0.03307607497243661,0.9669239250275634,430,0.2815141492098493,0.5604557148107313,0.15803013597941934
789,37067,2515,382,603,700,2133,2515,1.0,0.15188866799204773,0.8481113320079523,1212,0.2397614314115308,0.2783300198807157,0.48190854870775346
790,37067,2669,544,870,698,2125,2669,1.0,0.20382165605095542,0.7961783439490446,1101,0.3259647808167853,0.261521168977145,0.4125140502060697
791,37067,1561,329,630,371,1232,1561,1.0,0.21076233183856502,0.7892376681614349,560,0.40358744394618834,0.23766816143497757,0.35874439461883406
792,37067,2567,607,1064,489,1960,2567,1.0,0.23646279703934553,0.7635372029606544,1014,0.4144916244643553,0.19049474094273472,0.39501363459291
793,37067,1820,112,657,1091,1708,1820,1.0,0.06153846153846154,0.9384615384615385,72,0.360989010989011,0.5994505494505494,0.03956043956043956
794,37067,691,23,191,339,668,691,1.0,0.03328509406657019,0.9667149059334298,161,0.276410998552822,0.4905933429811867,0.23299565846599132
795,37067,4400,1303,1566,666,3097,4400,1.0,0.29613636363636364,0.7038636363636364,2168,0.3559090909090909,0.15136363636363637,0.49272727272727274
796,37067,2920,292,1101,1296,2628,2920,1.0,0.1,0.9,523,0.37705479452054796,0.4438356164383562,0.1791095890410959
797,37067,2928,2011,1410,221,917,2928,1.0,0.6868169398907104,0.3131830601092896,1297,0.48155737704918034,0.07547814207650273,0.44296448087431695
798,37067,1886,162,547,891,1724,1886,1.0,0.08589607635206786,0.9141039236479321,448,0.2900318133616119,0.4724284199363733,0.23753976670201485
799,37067,3161,299,1196,1089,2862,3161,1.0,0.09459031951913952,0.9054096804808605,876,0.37836127807655806,0.3445112306232205,0.27712749130022146
800,37067,1845,147,590,905,1698,1845,1.0,0.07967479674796749,0.9203252032520325,350,0.31978319783197834,0.4905149051490515,0.1897018970189702
801,37067,2279,1591,1346,134,688,2279,1.0,0.6981132075471698,0.3018867924528302,799,0.5906099166301009,0.058797718297498906,0.35059236507240016
802,37067,1888,1283,872,55,605,1888,1.0,0.6795550847457628,0.3204449152542373,961,0.461864406779661,0.02913135593220339,0.5090042372881356
803,37067,5895,457,1768,2228,5438,5895,1.0,0.07752332485156913,0.9224766751484309,1899,0.29991518235793047,0.37794741306191687,0.32213740458015266
804,37067,3261,306,1342,1539,2955,3261,1.0,0.09383624655013799,0.906163753449862,380,0.4115302054584483,0.47194112235510577,0.11652867218644587
805,37067,2519,336,624,933,2183,2519,1.0,0.1333862643906312,0.8666137356093688,962,0.24771734815402938,0.370385073441842,0.38189757840412863
806,37067,3959,1257,1527,789,2702,3959,1.0,0.3175044203081586,0.6824955796918414,1643,0.38570346046981563,0.19929275069461985,0.41500378883556455
807,37067,2446,194,1125,1041,2252,2446,1.0,0.07931316434995912,0.9206868356500408,280,0.4599345870809485,0.42559280457890436,0.11447260834014718
808,37067,1212,34,436,523,1178,1212,1.0,0.028052805280528052,0.971947194719472,253,0.35973597359735976,0.4315181518151815,0.20874587458745875
809,37067,3197,537,1459,886,2660,3197,1.0,0.16796997184860807,0.8320300281513919,852,0.45636534250860183,0.27713481388802,0.2664998436033782
810,37067,3413,194,1166,1521,3219,3413,1.0,0.05684148842660416,0.9431585115733958,726,0.3416349252856724,0.44564898915909756,0.21271608555523
811,37067,4468,1254,1902,1018,3214,4468,1.0,0.28066248880931066,0.7193375111906893,1548,0.42569382273948075,0.2278424350940018,0.34646374216651743
812,37067,3019,476,1032,957,2543,3019,1.0,0.1576681020205366,0.8423318979794634,1030,0.34183504471679366,0.3169923815833057,0.3411725736999006
813,37067,1877,147,803,668,1730,1877,1.0,0.07831646244006393,0.921683537559936,406,0.4278103356419819,0.3558870538092701,0.216302610548748
814,37067,2313,80,1089,971,2233,2313,1.0,0.03458711629917856,0.9654128837008215,253,0.4708171206225681,0.41980112408127973,0.10938175529615218
815,37067,2046,126,349,961,1920,2046,1.0,0.06158357771260997,0.9384164222873901,736,0.1705767350928641,0.4696969696969697,0.3597262952101662
816,37067,1356,284,575,415,1072,1356,1.0,0.20943952802359883,0.7905604719764012,366,0.42404129793510326,0.306047197640118,0.26991150442477874
817,37067,3050,1321,1216,344,1729,3050,1.0,0.43311475409836064,0.5668852459016394,1490,0.39868852459016396,0.11278688524590164,0.4885245901639344
818,37067,1535,132,383,465,1403,1535,1.0,0.08599348534201955,0.9140065146579804,687,0.2495114006514658,0.30293159609120524,0.447557003257329
819,37067,3324,1400,1213,256,1924,3324,1.0,0.42117930204572807,0.5788206979542719,1855,0.3649217809867629,0.07701564380264742,0.5580625752105897
820,37067,2691,1159,1036,489,1532,2691,1.0,0.4306949089557785,0.5693050910442214,1166,0.3849869936826459,0.18171683389074694,0.43329617242660723
821,37067,3102,919,1007,660,2183,3102,1.0,0.29626047711154097,0.7037395228884591,1435,0.3246292714377821,0.2127659574468085,0.46260477111540943
822,37067,5005,1245,2391,1625,3760,5005,1.0,0.24875124875124874,0.7512487512487512,989,0.4777222777222777,0.3246753246753247,0.1976023976023976
823,37067,1225,76,619,387,1149,1225,1.0,0.062040816326530614,0.9379591836734694,219,0.5053061224489795,0.3159183673469388,0.17877551020408164
824,37067,2050,293,896,480,1757,2050,1.0,0.14292682926829267,0.8570731707317073,674,0.4370731707317073,0.23414634146341465,0.32878048780487806
825,37067,5679,2839,2306,371,2840,5679,1.0,0.49991195633033986,0.5000880436696602,3002,0.4060574044726184,0.06532840288783237,0.5286141926395492
826,37067,2868,621,1314,834,2247,2868,1.0,0.21652719665271966,0.7834728033472803,720,0.4581589958158996,0.2907949790794979,0.2510460251046025
827,37067,3956,687,1090,398,3269,3956,1.0,0.1736602628918099,0.8263397371081901,2468,0.27553083923154703,0.1006066734074823,0.6238624873609707
828,37067,3945,576,1670,755,3369,3945,1.0,0.14600760456273765,0.8539923954372624,1520,0.4233206590621039,0.19138149556400508,0.385297845373891
829,37067,1617,84,914,455,1533,1617,1.0,0.05194805194805195,0.948051948051948,248,0.5652442795299938,0.2813852813852814,0.1533704390847248
830,37067,1486,273,606,492,1213,1486,1.0,0.18371467025572005,0.8162853297442799,388,0.4078061911170929,0.3310901749663526,0.2611036339165545
831,37067,1963,123,696,713,1840,1963,1.0,0.06265919510952624,0.9373408048904738,554,0.35455934793683136,0.3632195618950586,0.28222109016811003
832,37067,4178,1009,1691,1207,3169,4178,1.0,0.24150311153662038,0.7584968884633796,1280,0.40473910962182863,0.28889420775490665,0.3063666826232647
833,37067,1492,316,557,333,1176,1492,1.0,0.21179624664879357,0.7882037533512064,602,0.37332439678284185,0.22319034852546918,0.403485254691689
834,37067,1375,9,678,608,1366,1375,1.0,0.006545454545454545,0.9934545454545455,89,0.4930909090909091,0.4421818181818182,0.06472727272727273
835,37067,1471,8,668,761,1463,1471,1.0,0.005438477226376614,0.9945615227736234,42,0.4541128484024473,0.5173351461590755,0.028552005438477225
836,37067,3847,375,1042,1719,3472,3847,1.0,0.09747855471796205,0.9025214452820379,1086,0.2708604107096439,0.44684169482713804,0.28229789446321807
837,37067,1749,168,861,380,1581,1749,1.0,0.09605488850771869,0.9039451114922813,508,0.4922813036020583,0.21726700971983992,0.2904516866781018
838,37067,4526,613,1539,1893,3913,4526,1.0,0.1354396818382678,0.8645603181617322,1094,0.3400353513035793,0.4182501104728237,0.241714538223597
839,37067,4144,1515,1640,754,2629,4144,1.0,0.3655888030888031,0.634411196911197,1750,0.39575289575289574,0.18194980694980695,0.4222972972972973
840,37067,2039,1265,1051,129,774,2039,1.0,0.6204021579205493,0.3795978420794507,859,0.5154487493869544,0.06326630701324179,0.42128494359980384
841,37067,2324,1082,869,142,1242,2324,1.0,0.4655765920826162,0.5344234079173839,1313,0.37392426850258176,0.06110154905335628,0.564974182444062
842,37067,1821,1211,956,85,610,1821,1.0,0.6650192202086765,0.33498077979132346,780,0.5249862712795168,0.046677649643053265,0.42833607907743
843,37067,3194,2753,1522,48,441,3194,1.0,0.8619286161552911,0.13807138384470882,1624,0.4765184721352536,0.015028177833437696,0.5084533500313086
844,37067,1974,951,681,122,1023,1974,1.0,0.4817629179331307,0.5182370820668692,1171,0.34498480243161095,0.06180344478216818,0.5932117527862208
845,37067,2318,164,724,1200,2154,2318,1.0,0.07075064710957722,0.9292493528904228,394,0.31233822260569455,0.5176876617773943,0.16997411561691114
846,37067,2254,602,784,390,1652,2254,1.0,0.2670807453416149,0.7329192546583851,1080,0.34782608695652173,0.1730257320319432,0.47914818101153506
847,37067,2203,748,897,142,1455,2203,1.0,0.3395369950068089,0.6604630049931911,1164,0.40717203812982294,0.06445755787562416,0.5283704039945529
848,37067,2102,43,1030,854,2059,2102,1.0,0.020456707897240724,0.9795432921027593,218,0.4900095147478592,0.40627973358705993,0.10371075166508087
849,37067,2462,564,1126,281,1898,2462,1.0,0.22908204711616573,0.7709179528838342,1055,0.45735174654752236,0.1141348497156783,0.42851340373679936
850,37067,1092,37,545,474,1055,1092,1.0,0.03388278388278388,0.9661172161172161,73,0.4990842490842491,0.4340659340659341,0.06684981684981685
851,37067,2453,1542,1101,101,911,2453,1.0,0.6286180187525479,0.3713819812474521,1251,0.4488381573583367,0.0411740725642071,0.5099877700774562
852,37067,3353,496,755,1301,2857,3353,1.0,0.14792722934685357,0.8520727706531465,1297,0.22517148821950492,0.3880107366537429,0.38681777512675214
853,37067,3694,181,677,1856,3513,3694,1.0,0.04899837574445046,0.9510016242555496,1161,0.18327016783974012,0.5024363833243097,0.3142934488359502
854,37067,3061,199,554,1026,2862,3061,1.0,0.06501143417183927,0.9349885658281607,1481,0.18098660568441685,0.3351845802025482,0.48382881411303497
855,37067,3021,145,531,1329,2876,3021,1.0,0.04799735187024164,0.9520026481297583,1161,0.17576961271102284,0.4399205561072492,0.3843098311817279
856,37067,2858,259,629,839,2599,2858,1.0,0.09062281315605318,0.9093771868439469,1390,0.22008397480755773,0.29356193142057385,0.48635409377186845
857,37067,4197,1444,1938,1354,2753,4197,1.0,0.3440552775792233,0.6559447224207767,905,0.46175839885632597,0.3226113890874434,0.21563021205623065
858,37067,2450,161,518,969,2289,2450,1.0,0.06571428571428571,0.9342857142857143,963,0.21142857142857144,0.3955102040816327,0.3930612244897959
859,37067,1972,1825,1414,50,147,1972,1.0,0.9254563894523327,0.07454361054766734,508,0.7170385395537525,0.02535496957403651,0.25760649087221094
860,37067,2221,511,1082,291,1710,2221,1.0,0.23007654209815398,0.769923457901846,848,0.4871679423683026,0.1310220621341738,0.38180999549752365
861,37067,3896,536,1220,1601,3360,3896,1.0,0.1375770020533881,0.8624229979466119,1075,0.3131416837782341,0.41093429158110883,0.2759240246406571
862,37067,4129,813,907,930,3316,4129,1.0,0.19689997578106078,0.8031000242189392,2292,0.2196657786388956,0.22523613465730202,0.5550980867038023
863,37067,2519,474,1093,603,2045,2519,1.0,0.18816990869392616,0.8118300913060739,823,0.4339023421992854,0.23938070662961491,0.32671695117109967
864,37067,2819,630,890,204,2189,2819,1.0,0.22348350478893225,0.7765164952110678,1725,0.3157147924796027,0.07236608726498758,0.6119191202554097
865,37067,3937,431,1005,1744,3506,3937,1.0,0.1094742189484379,0.8905257810515621,1188,0.25527051054102107,0.4429768859537719,0.301752603505207
866,37067,1840,240,925,383,1600,1840,1.0,0.13043478260869565,0.8695652173913043,532,0.5027173913043478,0.20815217391304347,0.2891304347826087
867,37067,1168,1044,601,19,124,1168,1.0,0.8938356164383562,0.10616438356164383,548,0.514554794520548,0.016267123287671232,0.4691780821917808
868,37067,1388,1028,662,37,360,1388,1.0,0.7406340057636888,0.25936599423631124,689,0.4769452449567723,0.026657060518731988,0.49639769452449567
869,37067,2696,1167,917,241,1529,2696,1.0,0.4328635014836795,0.5671364985163204,1538,0.34013353115727,0.08939169139465876,0.5704747774480712
870,37067,1411,1266,982,38,145,1411,1.0,0.8972360028348689,0.10276399716513111,391,0.6959603118355776,0.026931254429482635,0.27710843373493976
871,37067,2235,1786,1003,64,449,2235,1.0,0.7991051454138702,0.20089485458612977,1168,0.4487695749440716,0.028635346756152126,0.5225950782997763
872,37067,5528,1905,2243,1214,3623,5528,1.0,0.34460926193921854,0.6553907380607815,2071,0.40575253256150506,0.21960926193921854,0.3746382054992764
873,37067,890,786,530,16,104,890,1.0,0.8831460674157303,0.11685393258426967,344,0.5955056179775281,0.017977528089887642,0.3865168539325843
874,37067,1684,1506,1064,39,178,1684,1.0,0.8942992874109263,0.10570071258907364,581,0.6318289786223278,0.02315914489311164,0.34501187648456055
875,37067,1909,516,1008,229,1393,1909,1.0,0.27029858564693554,0.7297014143530645,672,0.5280251440544788,0.11995809324253535,0.3520167627029859
876,37067,1489,1329,832,32,160,1489,1.0,0.8925453324378778,0.10745466756212223,625,0.5587642713230356,0.021490933512424447,0.41974479516453994
877,37067,1977,422,628,395,1555,1977,1.0,0.21345472938796156,0.7865452706120385,954,0.317653009610521,0.19979767324228628,0.48254931714719274
878,37067,946,836,476,33,110,946,1.0,0.8837209302325582,0.11627906976744186,437,0.5031712473572939,0.03488372093023256,0.4619450317124736
879,37067,1246,39,632,264,1207,1246,1.0,0.03130016051364366,0.9686998394863563,350,0.507223113964687,0.21187800963081863,0.2808988764044944
880,37067,3404,690,1174,1066,2714,3404,1.0,0.20270270270270271,0.7972972972972973,1164,0.34488836662749706,0.31316098707403056,0.3419506462984724
881,37067,2447,219,495,1018,2228,2447,1.0,0.0894973436861463,0.9105026563138537,934,0.20228851655087862,0.4160196158561504,0.38169186759297097
882,37067,1890,86,378,921,1804,1890,1.0,0.0455026455026455,0.9544973544973545,591,0.2,0.4873015873015873,0.3126984126984127
883,37067,2560,343,756,1144,2217,2560,1.0,0.133984375,0.866015625,660,0.2953125,0.446875,0.2578125
884,37067,2128,417,619,867,1711,2128,1.0,0.19595864661654136,0.8040413533834586,642,0.2908834586466165,0.4074248120300752,0.3016917293233083
885,37067,2429,118,886,1158,2311,2429,1.0,0.04857966241251544,0.9514203375874846,385,0.36475916014820914,0.47673939892960066,0.1585014409221902
886,37067,2866,162,1114,1521,2704,2866,1.0,0.056524773203070484,0.9434752267969295,231,0.3886950453593859,0.5307048150732728,0.08060013956734124
887,37067,2992,197,839,1146,2795,2992,1.0,0.06584224598930481,0.9341577540106952,1007,0.2804144385026738,0.3830213903743315,0.33656417112299464
888,37067,4673,181,1774,2461,4492,4673,1.0,0.038733147870746845,0.9612668521292531,438,0.3796276481917398,0.5266424138668949,0.09372993794136529
889,37069,1606,544,439,486,1062,1606,1.0,0.33872976338729766,0.6612702366127023,681,0.27334993773349936,0.3026151930261519,0.42403486924034867
890,37069,2087,869,724,445,1218,2087,1.0,0.4163871586008625,0.5836128413991375,918,0.34690943938667945,0.21322472448490656,0.439865836128414
891,37069,1844,396,445,666,1448,1844,1.0,0.21475054229934923,0.7852494577006508,733,0.2413232104121475,0.3611713665943601,0.3975054229934924
892,37069,4085,716,1401,2023,3369,4085,1.0,0.17527539779681764,0.8247246022031823,661,0.3429620563035496,0.4952264381884945,0.16181150550795595
893,37069,3341,908,1128,1089,2433,3341,1.0,0.27177491768931455,0.7282250823106854,1124,0.3376234660281353,0.32595031427716253,0.3364262196947022
894,37069,2987,1527,1358,590,1460,2987,1.0,0.5112152661533311,0.4887847338466689,1039,0.45463675929025776,0.1975225979243388,0.34784064278540344
895,37069,1799,821,604,395,978,1799,1.0,0.4563646470261256,0.5436353529738743,800,0.3357420789327404,0.21956642579210672,0.44469149527515284
896,37069,2427,1057,656,509,1370,2427,1.0,0.43551709929954674,0.5644829007004533,1262,0.2702925422332097,0.20972393901936548,0.5199835187474248
897,37069,2661,1226,955,367,1435,2661,1.0,0.46072904922961294,0.5392709507703871,1339,0.35888763622698233,0.13791807591131153,0.5031942878617062
898,37069,3781,460,1079,1867,3321,3781,1.0,0.12166093626024861,0.8783390637397513,835,0.2853742396191484,0.4937847130388786,0.22084104734197302
899,37069,1885,165,374,827,1720,1885,1.0,0.08753315649867374,0.9124668435013262,684,0.1984084880636605,0.4387267904509284,0.36286472148541116
900,37069,2940,599,854,1083,2341,2940,1.0,0.20374149659863947,0.7962585034013605,1003,0.2904761904761905,0.3683673469387755,0.341156462585034
901,37069,2096,274,463,871,1822,2096,1.0,0.13072519083969467,0.8692748091603053,762,0.22089694656488548,0.4155534351145038,0.36354961832061067
902,37069,1280,343,280,445,937,1280,1.0,0.26796875,0.73203125,555,0.21875,0.34765625,0.43359375
903,37069,2507,296,707,1222,2211,2507,1.0,0.11806940566414041,0.8819305943358596,578,0.2820103709613083,0.4874351814918229,0.23055444754686877
904,37069,2358,1047,915,540,1311,2358,1.0,0.4440203562340967,0.5559796437659033,903,0.3880407124681934,0.22900763358778625,0.38295165394402036
905,37069,2621,491,589,924,2130,2621,1.0,0.18733307897748952,0.8126669210225105,1108,0.22472338801983976,0.3525371995421595,0.4227394124380008
906,37069,3452,444,878,1551,3008,3452,1.0,0.12862108922363846,0.8713789107763615,1023,0.25434530706836617,0.4493047508690614,0.2963499420625724
907,37071,2736,147,432,996,2589,2736,1.0,0.0537280701754386,0.9462719298245614,1308,0.15789473684210525,0.36403508771929827,0.4780701754385965
908,37071,4072,722,1178,1693,3350,4072,1.0,0.17730844793713163,0.8226915520628684,1201,0.28929273084479373,0.4157662082514735,0.2949410609037328
909,37071,5274,291,876,2326,4983,5274,1.0,0.055176336746302616,0.9448236632536974,2072,0.16609783845278725,0.441031475161168,0.3928706863860447
910,37071,2910,138,429,903,2772,2910,1.0,0.04742268041237113,0.9525773195876288,1578,0.14742268041237114,0.31030927835051547,0.5422680412371134
911,37071,1787,1280,653,52,507,1787,1.0,0.7162842753217683,0.2837157246782317,1082,0.3654168998321209,0.029099048684946838,0.6054840514829323
912,37071,3429,1445,888,490,1984,3429,1.0,0.4214056576261301,0.57859434237387,2051,0.2589676290463692,0.14289880431612714,0.5981335666375036
913,37071,2849,625,583,852,2224,2849,1.0,0.21937521937521937,0.7806247806247806,1414,0.20463320463320464,0.2990522990522991,0.4963144963144963
914,37071,4136,426,622,1206,3710,4136,1.0,0.1029980657640232,0.8970019342359767,2308,0.15038684719535783,0.2915860735009671,0.558027079303675
915,37071,2882,95,335,1148,2787,2882,1.0,0.03296321998612075,0.9670367800138793,1399,0.11623872310895211,0.3983344899375434,0.4854267869535045
916,37071,1115,66,331,533,1049,1115,1.0,0.059192825112107626,0.9408071748878923,251,0.2968609865470852,0.4780269058295964,0.22511210762331837
917,37071,6431,1057,1890,2224,5374,6431,1.0,0.16436013061732235,0.8356398693826776,2317,0.2938889752760068,0.3458249105893329,0.3602861141346602
918,37071,3527,563,955,1272,2964,3527,1.0,0.1596257442585767,0.8403742557414233,1300,0.2707683583782251,0.36064644173518573,0.36858519988658917
919,37071,2998,630,883,956,2368,2998,1.0,0.21014009339559706,0.789859906604403,1159,0.29452968645763844,0.3188792528352235,0.3865910607071381
920,37071,3183,76,347,1646,3107,3183,1.0,0.023876845743009738,0.9761231542569903,1190,0.10901665095821551,0.5171222117499215,0.37386113729186304
921,37071,2328,136,471,1175,2192,2328,1.0,0.058419243986254296,0.9415807560137457,682,0.20231958762886598,0.5047250859106529,0.2929553264604811
922,37071,5514,895,1647,2528,4619,5514,1.0,0.16231410953935438,0.8376858904606457,1339,0.2986942328618063,0.4584693507435618,0.24283641639463185
923,37071,4107,92,378,1999,4015,4107,1.0,0.022400779157535914,0.9775992208424641,1730,0.09203798392987582,0.4867299732164597,0.4212320428536645
924,37071,4557,471,763,1960,4086,4557,1.0,0.10335747202106649,0.8966425279789335,1834,0.1674347158218126,0.43010752688172044,0.402457757296467
925,37071,2439,1166,846,249,1273,2439,1.0,0.4780647806478065,0.5219352193521936,1344,0.34686346863468637,0.10209102091020911,0.5510455104551045
926,37071,4526,443,862,1998,4083,4526,1.0,0.09787892178524082,0.9021210782147592,1666,0.19045514803358374,0.4414494034467521,0.36809544851966414
927,37071,3290,221,547,1720,3069,3290,1.0,0.06717325227963526,0.9328267477203648,1023,0.1662613981762918,0.5227963525835866,0.3109422492401216
928,37071,6099,767,1012,1940,5332,6099,1.0,0.12575832103623544,0.8742416789637646,3147,0.16592884079357273,0.31808493195605836,0.5159862272503689
929,37071,5142,827,950,2066,4315,5142,1.0,0.16083236094904707,0.8391676390509529,2126,0.18475301439128744,0.40178918708673667,0.4134577985219759
930,37071,4937,468,958,2398,4469,4937,1.0,0.09479440956046181,0.9052055904395382,1581,0.19404496657889406,0.48572007291877656,0.32023496050232936
931,37071,3546,149,539,1609,3397,3546,1.0,0.04201917653694304,0.957980823463057,1398,0.15200225606316978,0.4537507050197406,0.3942470389170897
932,37071,2368,933,813,417,1435,2368,1.0,0.3940033783783784,0.6059966216216216,1138,0.3433277027027027,0.17609797297297297,0.48057432432432434
933,37071,2880,368,603,1069,2512,2880,1.0,0.12777777777777777,0.8722222222222222,1208,0.209375,0.37118055555555557,0.41944444444444445
934,37071,3625,168,468,1555,3457,3625,1.0,0.046344827586206894,0.953655172413793,1602,0.12910344827586206,0.4289655172413793,0.4419310344827586
935,37071,1921,166,306,784,1755,1921,1.0,0.0864133263925039,0.9135866736074961,831,0.1592920353982301,0.4081207704320666,0.43258719416970326
936,37071,6206,1143,1325,1829,5063,6206,1.0,0.18417660328714147,0.8158233967128585,3052,0.21350306155333548,0.294714792136642,0.49178214631002254
937,37071,3120,114,852,1663,3006,3120,1.0,0.03653846153846154,0.9634615384615385,605,0.27307692307692305,0.5330128205128205,0.19391025641025642
938,37071,3293,166,1072,2082,3127,3293,1.0,0.05040996052232007,0.94959003947768,139,0.32553902216823566,0.6322502277558457,0.04221075007591862
939,37071,1667,163,312,742,1504,1667,1.0,0.09778044391121776,0.9022195560887822,613,0.1871625674865027,0.4451109778044391,0.3677264547090582
940,37071,3335,228,595,1149,3107,3335,1.0,0.06836581709145427,0.9316341829085457,1591,0.17841079460269865,0.34452773613193405,0.4770614692653673
941,37071,2681,212,527,1098,2469,2681,1.0,0.07907497202536368,0.9209250279746364,1056,0.19656844461022008,0.4095486758672137,0.39388287952256623
942,37071,2649,131,278,1080,2518,2649,1.0,0.04945262363155908,0.9505473763684409,1291,0.1049452623631559,0.40770101925254815,0.487353718384296
943,37071,2616,779,589,420,1837,2616,1.0,0.297782874617737,0.702217125382263,1607,0.22515290519877676,0.16055045871559634,0.6142966360856269
944,37071,2476,628,646,596,1848,2476,1.0,0.25363489499192243,0.7463651050080775,1234,0.26090468497576735,0.2407108239095315,0.4983844911147011
945,37071,3033,301,715,1034,2732,3033,1.0,0.0992416749093307,0.9007583250906693,1284,0.23574019122980547,0.34091658424002635,0.42334322453016815
946,37071,1361,264,452,355,1097,1361,1.0,0.19397501836884642,0.8060249816311535,554,0.33210874357090375,0.26083761939750183,0.4070536370315944
947,37071,3575,174,719,2021,3401,3575,1.0,0.04867132867132867,0.9513286713286714,835,0.20111888111888113,0.5653146853146853,0.23356643356643356
948,37071,3162,1026,897,570,2136,3162,1.0,0.32447817836812143,0.6755218216318786,1695,0.2836812144212524,0.18026565464895636,0.5360531309297912
949,37071,2290,911,685,341,1379,2290,1.0,0.3978165938864629,0.6021834061135372,1264,0.29912663755458513,0.14890829694323143,0.5519650655021834
950,37071,2937,241,893,1492,2696,2937,1.0,0.08205652025876745,0.9179434797412326,552,0.3040517534899557,0.5080013619339462,0.18794688457609807
951,37071,3510,278,1025,2080,3232,3510,1.0,0.07920227920227921,0.9207977207977208,405,0.292022792022792,0.5925925925925926,0.11538461538461539
952,37071,4326,354,561,1690,3972,4326,1.0,0.08183079056865465,0.9181692094313454,2075,0.12968099861303745,0.3906611188164586,0.47965788257050396
953,37073,1204,297,251,469,907,1204,1.0,0.24667774086378738,0.7533222591362126,484,0.2084717607973422,0.38953488372093026,0.4019933554817276
954,37073,1689,850,540,422,839,1689,1.0,0.5032563647128478,0.49674363528715215,727,0.3197158081705151,0.2498519834221433,0.43043220840734164
955,37073,2266,893,630,568,1373,2266,1.0,0.3940864960282436,0.6059135039717564,1068,0.2780229479258605,0.2506619593998235,0.471315092674316
956,37073,1106,142,189,460,964,1106,1.0,0.12839059674502712,0.8716094032549728,457,0.17088607594936708,0.4159132007233273,0.4132007233273056
957,37073,1064,496,356,295,568,1064,1.0,0.46616541353383456,0.5338345864661654,413,0.33458646616541354,0.27725563909774437,0.3881578947368421
958,37073,1965,414,307,590,1551,1965,1.0,0.21068702290076335,0.7893129770992366,1068,0.15623409669211197,0.30025445292620867,0.5435114503816794
959,37075,500,0,57,250,500,500,1.0,0.0,1.0,193,0.114,0.5,0.386
960,37075,1183,0,206,522,1183,1183,1.0,0.0,1.0,455,0.17413355874894337,0.44125105663567205,0.38461538461538464
961,37075,2484,2,379,921,2482,2484,1.0,0.0008051529790660225,0.999194847020934,1184,0.15257648953301128,0.37077294685990336,0.47665056360708535
962,37075,2781,2,502,1067,2779,2781,1.0,0.000719165767709457,0.9992808342322905,1212,0.1805106076950737,0.3836749370729953,0.43581445523193096
963,37077,1818,601,541,586,1217,1818,1.0,0.33058305830583057,0.6694169416941694,691,0.29757975797579755,0.32233223322332233,0.38008800880088006
964,37077,1426,583,445,449,843,1426,1.0,0.40883590462833097,0.591164095371669,532,0.3120617110799439,0.31486676016830295,0.37307152875175315
965,37077,2162,1168,1032,411,994,2162,1.0,0.5402405180388529,0.4597594819611471,719,0.47733580018501387,0.19010175763182238,0.3325624421831637
966,37077,1087,645,593,272,442,1087,1.0,0.593376264949402,0.40662373505059796,222,0.5455381784728611,0.250229990800368,0.20423183072677092
967,37077,2159,648,601,714,1511,2159,1.0,0.3001389532190829,0.6998610467809171,844,0.2783696155627605,0.33070866141732286,0.3909217230199166
968,37077,2054,986,912,443,1068,2054,1.0,0.4800389483933788,0.5199610516066212,699,0.44401168451801365,0.21567672833495619,0.3403115871470302
969,37077,2009,637,678,648,1372,2009,1.0,0.3170731707317073,0.6829268292682927,683,0.33748133399701347,0.32254853160776503,0.3399701343952215
970,37077,4219,646,987,1795,3573,4219,1.0,0.15311685233467645,0.8468831476653236,1437,0.23394169234415738,0.425456269258118,0.34060203839772457
971,37077,1699,878,717,341,821,1699,1.0,0.516774573278399,0.48322542672160096,641,0.4220129487934079,0.2007062978222484,0.37728075338434375
972,37077,2668,811,732,806,1857,2668,1.0,0.3039730134932534,0.6960269865067467,1130,0.27436281859070466,0.3020989505247376,0.4235382308845577
973,37077,1706,1076,853,214,630,1706,1.0,0.6307151230949589,0.369284876905041,639,0.5,0.1254396248534584,0.3745603751465416
974,37077,4845,476,1266,2424,4369,4845,1.0,0.09824561403508772,0.9017543859649123,1155,0.2613003095975232,0.5003095975232198,0.23839009287925697
975,37077,4794,1355,1696,1615,3439,4794,1.0,0.28264497288277013,0.7173550271172299,1483,0.3537755527743012,0.33687943262411346,0.3093450146015853
976,37077,9895,4183,1134,844,5712,9895,1.0,0.4227387569479535,0.5772612430520465,7917,0.1146033350176857,0.08529560384032339,0.8001010611419909
977,37077,4042,758,1341,1746,3284,4042,1.0,0.18753092528451262,0.8124690747154873,955,0.3317664522513607,0.4319643740722415,0.23626917367639783
978,37079,1249,427,270,304,822,1249,1.0,0.3418734987990392,0.6581265012009607,675,0.21617293835068055,0.2433947157726181,0.5404323458767014
979,37079,1989,535,412,679,1454,1989,1.0,0.26897938662644544,0.7310206133735545,898,0.2071392659627954,0.3413775766716943,0.4514831573655103
980,37079,1550,445,325,381,1105,1550,1.0,0.2870967741935484,0.7129032258064516,844,0.20967741935483872,0.24580645161290324,0.5445161290322581
981,37079,1100,327,190,439,773,1100,1.0,0.2972727272727273,0.7027272727272728,471,0.17272727272727273,0.3990909090909091,0.42818181818181816
982,37079,1060,294,280,371,766,1060,1.0,0.27735849056603773,0.7226415094339622,409,0.2641509433962264,0.35,0.3858490566037736
983,37079,4104,1963,579,630,2141,4104,1.0,0.4783138401559454,0.5216861598440545,2895,0.14108187134502925,0.15350877192982457,0.7054093567251462
984,37079,2002,796,615,559,1206,2002,1.0,0.39760239760239763,0.6023976023976024,828,0.30719280719280717,0.2792207792207792,0.41358641358641357
985,37079,1269,485,320,394,784,1269,1.0,0.3821907013396375,0.6178092986603625,555,0.25216706067769895,0.31048069345941687,0.4373522458628842
986,37079,1121,486,374,299,635,1121,1.0,0.4335414808206958,0.5664585191793042,448,0.33363068688670827,0.26672613737734163,0.39964317573595004
987,37079,966,283,237,327,683,966,1.0,0.29296066252587993,0.7070393374741201,402,0.2453416149068323,0.3385093167701863,0.4161490683229814
988,37081,2846,1150,1511,259,1696,2846,1.0,0.4040758959943781,0.5959241040056219,1076,0.5309205903021785,0.0910049191848208,0.3780744905130007
989,37081,3529,2973,1757,101,556,3529,1.0,0.8424482856333239,0.15755171436667612,1671,0.49787475205440634,0.028620005667327857,0.4735052422782658
990,37081,7725,2050,3390,2030,5675,7725,1.0,0.26537216828478966,0.7346278317152104,2305,0.4388349514563107,0.2627831715210356,0.29838187702265373
991,37081,4072,696,1751,391,3376,4072,1.0,0.17092337917485265,0.8290766208251473,1930,0.4300098231827112,0.09602161100196463,0.47396856581532415
992,37081,2505,1831,1386,132,674,2505,1.0,0.730938123752495,0.269061876247505,987,0.5532934131736527,0.05269461077844311,0.39401197604790417
993,37081,2493,2315,1492,56,178,2493,1.0,0.9286000802246289,0.07139991977537104,945,0.5984757320497393,0.022462896109105495,0.37906137184115524
994,37081,2919,753,1341,237,2166,2919,1.0,0.2579650565262076,0.7420349434737924,1341,0.45940390544707094,0.08119218910585817,0.45940390544707094
995,37081,3797,965,2344,344,2832,3797,1.0,0.25414801158809586,0.7458519884119041,1109,0.6173294706347117,0.09059784040031604,0.29207268896497235
996,37081,1877,438,933,426,1439,1877,1.0,0.23335109216835376,0.7666489078316463,518,0.4970697922216303,0.2269579115610016,0.27597229621736813
997,37081,2879,2454,1465,57,425,2879,1.0,0.8523792983674887,0.1476207016325113,1357,0.5088572420979507,0.019798541160125045,0.4713442167419243
998,37081,1658,692,674,127,966,1658,1.0,0.41737032569360677,0.5826296743063932,857,0.40651387213510254,0.07659831121833534,0.5168878166465621
999,37081,1138,30,732,234,1108,1138,1.0,0.026362038664323375,0.9736379613356766,172,0.6432337434094904,0.2056239015817223,0.15114235500878734
1000,37081,1607,1492,972,29,115,1607,1.0,0.9284380833851898,0.0715619166148102,606,0.6048537647790915,0.01804604853764779,0.37710018668326073
1001,37081,1405,73,819,261,1332,1405,1.0,0.05195729537366548,0.9480427046263346,325,0.5829181494661921,0.18576512455516014,0.2313167259786477
1002,37081,3445,1233,1375,378,2212,3445,1.0,0.3579100145137881,0.6420899854862119,1692,0.3991291727140784,0.10972423802612481,0.4911465892597968
1003,37081,2845,2638,1276,41,207,2845,1.0,0.9272407732864675,0.07275922671353251,1528,0.44850615114235504,0.014411247803163444,0.5370826010544816
1004,37081,2686,2080,1430,106,606,2686,1.0,0.774385703648548,0.22561429635145197,1150,0.5323901712583767,0.039463886820551006,0.42814594192107225
1005,37081,1248,678,811,78,570,1248,1.0,0.5432692307692307,0.4567307692307692,359,0.6498397435897436,0.0625,0.2876602564102564
1006,37081,1327,26,769,458,1301,1327,1.0,0.019593067068575734,0.9804069329314242,100,0.5795026375282593,0.34513941220798794,0.07535795026375283
1007,37081,1493,194,900,226,1299,1493,1.0,0.12993971868720697,0.870060281312793,367,0.6028131279303416,0.15137307434695244,0.24581379772270595
1008,37081,1444,81,871,284,1363,1444,1.0,0.05609418282548476,0.9439058171745153,289,0.603185595567867,0.19667590027700832,0.20013850415512466
1009,37081,2395,753,1150,657,1642,2395,1.0,0.31440501043841335,0.6855949895615866,588,0.4801670146137787,0.27432150313152404,0.2455114822546973
1010,37081,1176,84,717,150,1092,1176,1.0,0.07142857142857142,0.9285714285714286,309,0.6096938775510204,0.12755102040816327,0.2627551020408163
1011,37081,3986,1444,1368,489,2542,3986,1.0,0.3622679377822378,0.6377320622177621,2129,0.34320120421475164,0.12267937782237832,0.53411941796287
1012,37081,1072,24,655,395,1048,1072,1.0,0.022388059701492536,0.9776119402985075,22,0.6110074626865671,0.36847014925373134,0.020522388059701493
1013,37081,2508,404,1175,660,2104,2508,1.0,0.16108452950558214,0.8389154704944178,673,0.46850079744816586,0.2631578947368421,0.26834130781499205
1014,37081,2066,453,936,435,1613,2066,1.0,0.21926427879961277,0.7807357212003873,695,0.4530493707647628,0.21055179090029041,0.33639883833494677
1015,37081,2355,1831,1140,100,524,2355,1.0,0.7774946921443737,0.22250530785562633,1115,0.4840764331210191,0.04246284501061571,0.4734607218683652
1016,37081,3710,709,1489,1512,3001,3710,1.0,0.19110512129380053,0.8088948787061995,709,0.4013477088948787,0.4075471698113208,0.19110512129380053
1017,37081,1680,100,758,525,1580,1680,1.0,0.05952380952380952,0.9404761904761905,397,0.4511904761904762,0.3125,0.2363095238095238
1018,37081,1184,20,571,533,1164,1184,1.0,0.016891891891891893,0.9831081081081081,80,0.4822635135135135,0.4501689189189189,0.06756756756756757
1019,37081,2790,252,1132,826,2538,2790,1.0,0.09032258064516129,0.9096774193548387,832,0.4057347670250896,0.2960573476702509,0.2982078853046595
1020,37081,1661,180,672,524,1481,1661,1.0,0.10836845273931367,0.8916315472606864,465,0.4045755568934377,0.31547260686333534,0.27995183624322695
1021,37081,1599,547,598,227,1052,1599,1.0,0.3420888055034397,0.6579111944965603,774,0.37398373983739835,0.14196372732958099,0.48405253283302063
1022,37081,2147,183,772,364,1964,2147,1.0,0.08523521192361434,0.9147647880763856,1011,0.3595714951094551,0.1695388914764788,0.47088961341406615
1023,37081,1547,25,750,618,1522,1547,1.0,0.01616031027795734,0.9838396897220426,179,0.4848093083387201,0.3994828700711054,0.11570782159017454
1024,37081,3746,297,1484,2141,3449,3746,1.0,0.0792845702082221,0.9207154297917779,121,0.396155899626268,0.5715429791777896,0.03230112119594234
1025,37081,1611,68,863,661,1543,1611,1.0,0.04220980757293606,0.957790192427064,87,0.5356921166977033,0.4103041589075109,0.054003724394785846
1026,37081,3587,1451,1398,396,2136,3587,1.0,0.40451630889322554,0.5954836911067745,1793,0.3897407304153889,0.110398661834402,0.4998606077502091
1027,37081,1465,1366,1013,81,99,1465,1.0,0.9324232081911262,0.06757679180887372,371,0.6914675767918089,0.0552901023890785,0.25324232081911263
1028,37081,2294,1839,1249,88,455,2294,1.0,0.8016564952048822,0.1983435047951177,957,0.544463818657367,0.03836094158674804,0.41717523975588494
1029,37081,2471,287,1064,786,2184,2471,1.0,0.11614730878186968,0.8838526912181303,621,0.43059490084985835,0.3180898421691623,0.25131525698097934
1030,37081,1490,74,675,463,1416,1490,1.0,0.049664429530201344,0.9503355704697987,352,0.45302013422818793,0.31073825503355706,0.23624161073825503
1031,37081,2714,1348,944,318,1366,2714,1.0,0.496683861459101,0.5033161385408991,1452,0.34782608695652173,0.11717022844509949,0.5350036845983788
1032,37081,2235,127,1145,882,2108,2235,1.0,0.056823266219239374,0.9431767337807606,208,0.5123042505592841,0.3946308724832215,0.09306487695749441
1033,37081,1609,301,668,368,1308,1609,1.0,0.18707271597265382,0.8129272840273462,573,0.4151646985705407,0.22871348663766314,0.35612181479179617
1034,37081,1575,1360,1022,40,215,1575,1.0,0.8634920634920635,0.1365079365079365,513,0.6488888888888888,0.025396825396825397,0.32571428571428573
1035,37081,3013,861,753,315,2152,3013,1.0,0.28576169930302026,0.7142383006969798,1945,0.24991702621971457,0.10454696315964156,0.6455360106206439
1036,37081,3404,898,999,532,2506,3404,1.0,0.26380728554641597,0.736192714453584,1873,0.29347826086956524,0.1562867215041128,0.550235017626322
1037,37081,2901,1207,720,196,1694,2901,1.0,0.416063426404688,0.5839365735953119,1985,0.2481902792140641,0.06756290934160634,0.6842468114443295
1038,37081,1979,406,499,535,1573,1979,1.0,0.20515411824153612,0.7948458817584638,945,0.2521475492673067,0.27033855482566954,0.47751389590702376
1039,37081,1565,1127,574,61,438,1565,1.0,0.7201277955271566,0.27987220447284344,930,0.3667731629392971,0.038977635782747606,0.5942492012779552
1040,37081,3761,584,1464,995,3177,3761,1.0,0.1552778516352034,0.8447221483647966,1302,0.38925817601701673,0.2645572985908003,0.3461845253921829
1041,37081,1556,132,728,686,1424,1556,1.0,0.08483290488431877,0.9151670951156813,142,0.46786632390745503,0.44087403598971725,0.09125964010282776
1042,37081,2510,465,857,916,2045,2510,1.0,0.1852589641434263,0.8147410358565738,737,0.34143426294820717,0.3649402390438247,0.2936254980079681
1043,37081,1463,363,672,240,1100,1463,1.0,0.24812030075187969,0.7518796992481203,551,0.45933014354066987,0.16404647983595352,0.37662337662337664
1044,37081,1567,72,697,683,1495,1567,1.0,0.04594767070835992,0.9540523292916401,187,0.4447989789406509,0.4358647096362476,0.11933631142310147
1045,37081,3065,801,1306,1110,2264,3065,1.0,0.26133768352365416,0.7386623164763458,649,0.42610114192495924,0.3621533442088091,0.21174551386623164
1046,37081,1670,121,736,527,1549,1670,1.0,0.07245508982035928,0.9275449101796407,407,0.4407185628742515,0.3155688622754491,0.2437125748502994
1047,37081,3953,948,1516,993,3005,3953,1.0,0.239817859853276,0.760182140146724,1444,0.3835061978244371,0.25120161902352645,0.36529218315203643
1048,37081,1608,194,642,467,1414,1608,1.0,0.12064676616915423,0.8793532338308457,499,0.39925373134328357,0.2904228855721393,0.31032338308457713
1049,37081,2182,52,336,1140,2130,2182,1.0,0.02383134738771769,0.9761686526122824,706,0.153987167736022,0.5224564619615032,0.3235563703024748
1050,37081,2104,75,369,1154,2029,2104,1.0,0.03564638783269962,0.9643536121673004,581,0.17538022813688212,0.5484790874524715,0.2761406844106464
1051,37081,1971,1496,814,77,475,1971,1.0,0.7590055809233891,0.24099441907661084,1080,0.41298833079654995,0.03906646372399797,0.547945205479452
1052,37081,2775,191,561,1434,2584,2775,1.0,0.06882882882882883,0.9311711711711712,780,0.20216216216216215,0.5167567567567568,0.2810810810810811
1053,37081,2015,239,610,666,1776,2015,1.0,0.11861042183622829,0.8813895781637717,739,0.3027295285359802,0.33052109181141437,0.36674937965260546
1054,37081,2246,401,818,377,1845,2246,1.0,0.17853962600178094,0.821460373998219,1051,0.36420302760463047,0.1678539626001781,0.46794300979519143
1055,37081,1948,429,953,480,1519,1948,1.0,0.2202258726899384,0.7797741273100616,515,0.48921971252566737,0.2464065708418891,0.2643737166324435
1056,37081,1387,98,561,590,1289,1387,1.0,0.07065609228550829,0.9293439077144917,236,0.40447007930785867,0.4253785147801009,0.17015140591204037
1057,37081,1341,183,554,335,1158,1341,1.0,0.13646532438478748,0.8635346756152126,452,0.41312453392990306,0.24981357196122297,0.337061894108874
1058,37081,1515,214,687,527,1301,1515,1.0,0.14125412541254126,0.8587458745874588,301,0.4534653465346535,0.34785478547854787,0.19867986798679868
1059,37081,3145,1875,1623,305,1270,3145,1.0,0.5961844197138315,0.40381558028616854,1217,0.5160572337042926,0.09697933227344992,0.3869634340222575
1060,37081,3455,352,1245,1292,3103,3455,1.0,0.10188133140376267,0.8981186685962373,918,0.36034732272069464,0.3739507959479016,0.26570188133140377
1061,37081,3471,1965,1523,332,1506,3471,1.0,0.5661192739844425,0.4338807260155575,1616,0.4387784500144051,0.09564966868337654,0.4655718813022184
1062,37081,2148,50,519,1314,2098,2148,1.0,0.023277467411545624,0.9767225325884544,315,0.24162011173184358,0.611731843575419,0.14664804469273743
1063,37081,2826,1257,1777,470,1569,2826,1.0,0.4447983014861996,0.5552016985138004,579,0.6288039631988677,0.16631280962491155,0.20488322717622082
1064,37081,2522,2058,926,51,464,2522,1.0,0.8160190325138779,0.18398096748612214,1545,0.3671689135606661,0.020222045995241873,0.612609040444092
1065,37081,1857,53,267,734,1804,1857,1.0,0.028540656973613354,0.9714593430263866,856,0.14378029079159935,0.39526117393645666,0.46095853527194397
1066,37081,1306,50,447,723,1256,1306,1.0,0.03828483920367534,0.9617151607963247,136,0.34226646248085757,0.5535987748851455,0.10413476263399694
1067,37081,1876,695,656,230,1181,1876,1.0,0.3704690831556503,0.6295309168443497,990,0.34968017057569295,0.12260127931769722,0.5277185501066098
1068,37081,2779,1645,1133,198,1134,2779,1.0,0.5919395465994962,0.4080604534005038,1448,0.40770061173083844,0.07124865059373875,0.5210507376754228
1069,37081,3542,1428,956,169,2114,3542,1.0,0.4031620553359684,0.5968379446640316,2417,0.26990400903444384,0.047713156408808584,0.6823828345567476
1070,37081,3135,852,1240,706,2283,3135,1.0,0.27177033492822966,0.7282296650717703,1189,0.39553429027113235,0.22519936204146732,0.3792663476874003
1071,37081,2280,1709,1244,172,571,2280,1.0,0.749561403508772,0.25043859649122807,864,0.5456140350877193,0.07543859649122807,0.37894736842105264
1072,37081,1401,244,557,290,1157,1401,1.0,0.17416131334760884,0.8258386866523911,554,0.3975731620271235,0.20699500356887937,0.39543183440399715
1073,37081,2796,893,1119,555,1903,2796,1.0,0.31938483547925606,0.6806151645207439,1122,0.4002145922746781,0.1984978540772532,0.4012875536480687
1074,37081,2740,491,951,1075,2249,2740,1.0,0.1791970802919708,0.8208029197080292,714,0.3470802919708029,0.39233576642335766,0.2605839416058394
1075,37081,3025,425,1291,948,2600,3025,1.0,0.14049586776859505,0.859504132231405,786,0.42677685950413224,0.3133884297520661,0.25983471074380166
1076,37081,1807,214,779,588,1593,1807,1.0,0.11842833425567238,0.8815716657443277,440,0.4311012728278915,0.3254012174875484,0.24349750968456005
1077,37081,2182,384,1258,834,1798,2182,1.0,0.1759853345554537,0.8240146654445463,90,0.5765352887259395,0.38221814848762603,0.04124656278643447
1078,37081,1818,203,871,678,1615,1818,1.0,0.11166116611661166,0.8883388338833883,269,0.4790979097909791,0.37293729372937295,0.14796479647964797
1079,37081,2355,146,1042,1120,2209,2355,1.0,0.06199575371549894,0.9380042462845011,193,0.4424628450106157,0.47558386411889597,0.08195329087048832
1080,37081,2877,687,837,996,2190,2877,1.0,0.23879040667361837,0.7612095933263816,1044,0.2909280500521376,0.3461939520333681,0.36287799791449427
1081,37081,3280,216,1169,1594,3064,3280,1.0,0.06585365853658537,0.9341463414634147,517,0.3564024390243902,0.48597560975609755,0.1576219512195122
1082,37081,1065,155,166,512,910,1065,1.0,0.14553990610328638,0.8544600938967136,387,0.15586854460093896,0.4807511737089202,0.36338028169014086
1083,37081,4905,2367,2495,966,2538,4905,1.0,0.48256880733944957,0.5174311926605505,1444,0.508664627930683,0.19694189602446482,0.29439347604485216
1084,37081,2199,134,678,1261,2065,2199,1.0,0.06093678944974989,0.9390632105502501,260,0.3083219645293315,0.5734424738517508,0.11823556161891768
1085,37081,1491,203,477,458,1288,1491,1.0,0.13615023474178403,0.863849765258216,556,0.3199195171026157,0.3071763916834339,0.37290409121395035
1086,37081,1368,64,259,681,1304,1368,1.0,0.04678362573099415,0.9532163742690059,428,0.18932748538011696,0.49780701754385964,0.3128654970760234
1087,37081,1771,280,499,759,1491,1771,1.0,0.15810276679841898,0.841897233201581,513,0.28176171654432525,0.42857142857142855,0.2896668548842462
1088,37081,1398,988,802,92,410,1398,1.0,0.7067238912732475,0.2932761087267525,504,0.5736766809728183,0.06580829756795423,0.3605150214592275
1089,37081,2200,474,703,574,1726,2200,1.0,0.21545454545454545,0.7845454545454545,923,0.3195454545454545,0.2609090909090909,0.41954545454545455
1090,37081,2728,178,983,1395,2550,2728,1.0,0.06524926686217009,0.9347507331378299,350,0.36033724340175954,0.5113636363636364,0.1282991202346041
1091,37081,2961,151,948,1498,2810,2961,1.0,0.050996285038838234,0.9490037149611618,515,0.32016210739615,0.5059101654846335,0.17392772711921647
1092,37081,2892,132,946,1819,2760,2892,1.0,0.04564315352697095,0.9543568464730291,127,0.32710926694329184,0.6289764868603043,0.04391424619640387
1093,37081,1263,50,197,745,1213,1263,1.0,0.0395882818685669,0.9604117181314331,321,0.1559778305621536,0.5898653998416469,0.25415676959619954
1094,37081,2091,533,740,862,1558,2091,1.0,0.2549019607843137,0.7450980392156863,489,0.35389765662362505,0.41224294595887134,0.23385939741750358
1095,37081,3748,527,1176,1850,3221,3748,1.0,0.14060832443970117,0.8593916755602988,722,0.3137673425827108,0.4935965848452508,0.1926360725720384
1096,37081,1756,60,587,1122,1696,1756,1.0,0.03416856492027335,0.9658314350797267,47,0.3342824601366743,0.6389521640091116,0.026765375854214124
1097,37081,1574,63,445,843,1511,1574,1.0,0.040025412960609914,0.9599745870393901,286,0.2827191867852605,0.5355781448538754,0.18170266836086404
1098,37081,3666,189,923,1922,3477,3666,1.0,0.05155482815057283,0.9484451718494271,821,0.25177304964539005,0.5242771412984178,0.22394980905619202
1099,37081,2993,1472,1221,343,1521,2993,1.0,0.49181423321082524,0.5081857667891747,1429,0.40795188773805546,0.11460073504844638,0.47744737721349817
1100,37081,1607,611,564,229,996,1607,1.0,0.3802115743621655,0.6197884256378344,814,0.3509645301804605,0.14250155569383946,0.5065339141257
1101,37081,3006,561,1138,695,2445,3006,1.0,0.18662674650698602,0.8133732534930139,1173,0.37857618097139056,0.23120425815036594,0.3902195608782435
1102,37081,1108,186,367,307,922,1108,1.0,0.16787003610108303,0.8321299638989169,434,0.3312274368231047,0.2770758122743682,0.3916967509025271
1103,37081,2510,1169,1005,255,1341,2510,1.0,0.4657370517928287,0.5342629482071714,1250,0.40039840637450197,0.10159362549800798,0.49800796812749004
1104,37081,1901,693,927,487,1208,1901,1.0,0.3645449763282483,0.6354550236717517,487,0.48763808521830615,0.2561809573908469,0.2561809573908469
1105,37081,2063,127,612,1109,1936,2063,1.0,0.06156083373727581,0.9384391662627242,342,0.29665535627726614,0.5375666505089676,0.16577799321376635
1106,37081,1737,404,501,379,1333,1737,1.0,0.23258491652274035,0.7674150834772596,857,0.28842832469775476,0.2181922855497985,0.4933793897524468
1107,37081,1624,240,472,572,1384,1624,1.0,0.1477832512315271,0.8522167487684729,580,0.29064039408866993,0.3522167487684729,0.35714285714285715
1108,37081,2665,94,437,1339,2571,2665,1.0,0.03527204502814259,0.9647279549718574,889,0.16397748592870545,0.5024390243902439,0.33358348968105067
1109,37081,2318,928,1019,525,1390,2318,1.0,0.4003451251078516,0.5996548748921484,774,0.43960310612597064,0.22648835202761,0.3339085418464193
1110,37081,1162,146,417,476,1016,1162,1.0,0.12564543889845095,0.8743545611015491,269,0.3588640275387263,0.40963855421686746,0.2314974182444062
1111,37081,2656,331,998,1133,2325,2656,1.0,0.12462349397590361,0.8753765060240963,525,0.3757530120481928,0.4265813253012048,0.1976656626506024
1112,37081,1591,330,515,392,1261,1591,1.0,0.20741671904462602,0.792583280955374,684,0.3236957888120679,0.24638592080452545,0.4299182903834067
1113,37081,1360,55,356,749,1305,1360,1.0,0.04044117647058824,0.9595588235294118,255,0.26176470588235295,0.5507352941176471,0.1875
1114,37081,2286,360,804,1134,1926,2286,1.0,0.15748031496062992,0.84251968503937,348,0.35170603674540685,0.49606299212598426,0.15223097112860892
1115,37081,2400,1630,1519,300,770,2400,1.0,0.6791666666666667,0.32083333333333336,581,0.6329166666666667,0.125,0.24208333333333334
1116,37081,1748,117,563,882,1631,1748,1.0,0.06693363844393593,0.933066361556064,303,0.3220823798627002,0.5045766590389016,0.17334096109839817
1117,37081,1601,183,410,623,1418,1601,1.0,0.11430356027482823,0.8856964397251718,568,0.2560899437851343,0.3891317926296065,0.3547782635852592
1118,37081,1626,216,690,717,1410,1626,1.0,0.13284132841328414,0.8671586715867159,219,0.42435424354243545,0.44095940959409596,0.13468634686346864
1119,37081,2068,1188,1133,259,880,2068,1.0,0.574468085106383,0.425531914893617,676,0.5478723404255319,0.12524177949709864,0.32688588007736946
1120,37081,3654,1860,1996,740,1794,3654,1.0,0.5090311986863711,0.4909688013136289,918,0.5462506841817186,0.2025177887246853,0.2512315270935961
1121,37081,1860,870,784,195,990,1860,1.0,0.46774193548387094,0.532258064516129,881,0.421505376344086,0.10483870967741936,0.4736559139784946
1122,37081,1863,261,766,789,1602,1863,1.0,0.14009661835748793,0.8599033816425121,308,0.4111647879763822,0.42351046698872785,0.16532474503488997
1123,37081,1858,273,667,767,1585,1858,1.0,0.14693218514531756,0.8530678148546824,424,0.3589881593110872,0.41280947255113026,0.22820236813778255
1124,37081,3276,2071,1586,206,1205,3276,1.0,0.6321733821733821,0.36782661782661785,1484,0.48412698412698413,0.06288156288156288,0.452991452991453
1125,37081,3258,2421,1862,160,837,3258,1.0,0.7430939226519337,0.2569060773480663,1236,0.5715162676488643,0.04910988336402701,0.37937384898710863
1126,37081,2858,694,1132,552,2164,2858,1.0,0.24282715185444367,0.7571728481455563,1174,0.3960811756473058,0.19314205738278517,0.410776766969909
1127,37081,2451,491,1080,673,1960,2451,1.0,0.20032639738882088,0.7996736026111791,698,0.44063647490820074,0.27458180334557325,0.284781721746226
1128,37081,2101,858,938,253,1243,2101,1.0,0.4083769633507853,0.5916230366492147,910,0.4464540694907187,0.12041884816753927,0.433127082341742
1129,37081,2300,342,806,944,1958,2300,1.0,0.14869565217391303,0.851304347826087,550,0.35043478260869565,0.41043478260869565,0.2391304347826087
1130,37081,1852,1573,1132,113,279,1852,1.0,0.8493520518358532,0.15064794816414687,607,0.6112311015118791,0.06101511879049676,0.3277537796976242
1131,37081,2191,1016,1276,204,1175,2191,1.0,0.4637151985394797,0.5362848014605203,711,0.5823824737562757,0.09310816978548608,0.32450935645823825
1132,37081,3114,1128,901,270,1986,3114,1.0,0.3622350674373796,0.6377649325626205,1943,0.2893384714193963,0.08670520231213873,0.623956326268465
1133,37081,2715,1875,1141,133,840,2715,1.0,0.6906077348066298,0.30939226519337015,1441,0.42025782688766117,0.048987108655616944,0.5307550644567219
1134,37081,2645,1166,1088,263,1479,2645,1.0,0.44083175803402647,0.5591682419659736,1294,0.4113421550094518,0.09943289224952741,0.4892249527410208
1135,37081,4195,539,1565,1388,3656,4195,1.0,0.12848629320619787,0.8715137067938021,1242,0.3730631704410012,0.33087008343265795,0.2960667461263409
1136,37081,3201,429,1166,1448,2772,3201,1.0,0.13402061855670103,0.865979381443299,587,0.3642611683848797,0.45235863792564823,0.18338019368947203
1137,37081,4151,1272,1868,901,2879,4151,1.0,0.3064321850156589,0.6935678149843412,1382,0.4500120452902915,0.21705613105275837,0.3329318236569501
1138,37081,1688,383,643,325,1305,1688,1.0,0.2268957345971564,0.7731042654028436,720,0.3809241706161137,0.19253554502369669,0.4265402843601896
1139,37081,3217,1995,2315,457,1222,3217,1.0,0.6201429903636929,0.37985700963630714,445,0.7196145477152627,0.1420578178427106,0.13832763444202673
1140,37081,1694,1565,1077,29,129,1694,1.0,0.9238488783943329,0.07615112160566706,588,0.6357733175914995,0.017119244391971666,0.34710743801652894
1141,37081,1814,348,682,724,1466,1814,1.0,0.1918412348401323,0.8081587651598677,408,0.37596471885336274,0.39911797133406834,0.2249173098125689
1142,37081,2466,297,830,849,2169,2466,1.0,0.12043795620437957,0.8795620437956204,787,0.33657745336577455,0.3442822384428224,0.3191403081914031
1143,37081,4182,1790,1594,331,2392,4182,1.0,0.42802486848397897,0.5719751315160211,2257,0.38115734098517456,0.07914873266379722,0.5396939263510282
1144,37081,2391,802,831,326,1589,2391,1.0,0.3354245085738185,0.6645754914261816,1234,0.3475533249686324,0.13634462567963196,0.5161020493517356
1145,37081,2089,1974,1513,49,115,2089,1.0,0.9449497367161321,0.05505026328386788,527,0.7242699856390618,0.023456199138343705,0.25227381522259457
1146,37083,456,265,181,104,191,456,1.0,0.581140350877193,0.41885964912280704,171,0.3969298245614035,0.22807017543859648,0.375
1147,37083,404,272,203,58,132,404,1.0,0.6732673267326733,0.32673267326732675,143,0.5024752475247525,0.14356435643564355,0.35396039603960394
1148,37083,1388,1156,711,130,232,1388,1.0,0.8328530259365994,0.16714697406340057,547,0.5122478386167147,0.0936599423631124,0.3940922190201729
1149,37083,1821,1570,860,97,251,1821,1.0,0.8621636463481603,0.13783635365183966,864,0.47226798462383307,0.05326743547501373,0.4744645799011532
1150,37083,1251,935,645,117,316,1251,1.0,0.7474020783373302,0.25259792166266987,489,0.5155875299760192,0.09352517985611511,0.3908872901678657
1151,37083,1416,531,404,387,885,1416,1.0,0.375,0.625,625,0.2853107344632768,0.2733050847457627,0.4413841807909605
1152,37083,2413,1696,680,205,717,2413,1.0,0.7028595109821799,0.29714048901782014,1528,0.2818068794032325,0.08495648570244509,0.6332366348943225
1153,37083,2515,1100,1251,216,1415,2515,1.0,0.43737574552683894,0.562624254473161,1048,0.4974155069582505,0.08588469184890656,0.41669980119284294
1154,37083,1724,1143,836,262,581,1724,1.0,0.6629930394431555,0.33700696055684454,626,0.48491879350348027,0.1519721577726218,0.36310904872389793
1155,37083,1591,415,471,589,1176,1591,1.0,0.2608422375864236,0.7391577624135763,531,0.2960402262727844,0.3702074167190446,0.33375235700817096
1156,37083,1369,1112,849,118,257,1369,1.0,0.8122717311906501,0.1877282688093499,402,0.6201607012417824,0.08619430241051863,0.293644996347699
1157,37083,467,230,195,92,237,467,1.0,0.4925053533190578,0.5074946466809421,180,0.41755888650963596,0.19700214132762311,0.3854389721627409
1158,37083,1071,343,276,310,728,1071,1.0,0.3202614379084967,0.6797385620915033,485,0.25770308123249297,0.28944911297852477,0.45284780578898226
1159,37083,2804,784,768,974,2020,2804,1.0,0.2796005706134094,0.7203994293865906,1062,0.2738944365192582,0.34736091298145505,0.37874465049928674
1160,37083,2725,864,751,1006,1861,2725,1.0,0.31706422018348623,0.6829357798165138,968,0.27559633027522934,0.3691743119266055,0.3552293577981651
1161,37083,503,108,101,111,395,503,1.0,0.2147117296222664,0.7852882703777336,291,0.20079522862823063,0.220675944333996,0.5785288270377733
1162,37083,1211,137,267,472,1074,1211,1.0,0.11312964492155243,0.8868703550784476,472,0.22047894302229562,0.3897605284888522,0.3897605284888522
1163,37083,1008,77,222,471,931,1008,1.0,0.0763888888888889,0.9236111111111112,315,0.22023809523809523,0.46726190476190477,0.3125
1164,37083,1134,271,238,364,863,1134,1.0,0.23897707231040563,0.7610229276895943,532,0.20987654320987653,0.32098765432098764,0.4691358024691358
1165,37083,1076,145,250,346,931,1076,1.0,0.13475836431226765,0.8652416356877324,480,0.23234200743494424,0.3215613382899628,0.44609665427509293
1166,37083,1403,867,557,183,536,1403,1.0,0.6179615110477548,0.3820384889522452,663,0.3970064148253742,0.13043478260869565,0.47255880256593014
1167,37083,1349,554,298,411,795,1349,1.0,0.4106745737583395,0.5893254262416605,640,0.22090437361008153,0.3046701260192735,0.4744255003706449
1168,37083,3076,1808,1364,486,1268,3076,1.0,0.58777633289987,0.41222366710013003,1226,0.4434330299089727,0.15799739921976594,0.3985695708712614
1169,37083,1650,1513,719,275,137,1650,1.0,0.916969696969697,0.08303030303030302,656,0.43575757575757573,0.16666666666666666,0.3975757575757576
1170,37083,1256,560,524,200,696,1256,1.0,0.445859872611465,0.554140127388535,532,0.4171974522292994,0.1592356687898089,0.42356687898089174
1171,37083,1098,826,470,142,272,1098,1.0,0.7522768670309654,0.24772313296903462,486,0.42805100182149364,0.12932604735883424,0.4426229508196721
1172,37083,629,359,244,77,270,629,1.0,0.5707472178060413,0.4292527821939587,308,0.38791732909379967,0.12241653418124006,0.48966613672496023
1173,37083,2402,1550,1035,361,852,2402,1.0,0.6452955870108243,0.3547044129891757,1006,0.4308909242298085,0.15029142381348876,0.41881765195670273
1174,37083,539,299,200,97,240,539,1.0,0.5547309833024119,0.4452690166975881,242,0.37105751391465674,0.17996289424860853,0.4489795918367347
1175,37083,324,255,119,58,69,324,1.0,0.7870370370370371,0.21296296296296297,147,0.36728395061728397,0.17901234567901234,0.4537037037037037
1176,37085,2829,1380,1025,811,1449,2829,1.0,0.4878048780487805,0.5121951219512195,993,0.36231884057971014,0.2866737363025804,0.35100742311770944
1177,37085,7938,910,1170,2960,7028,7938,1.0,0.1146384479717813,0.8853615520282186,3808,0.1473922902494331,0.3728898966994205,0.47971781305114636
1178,37085,6429,1020,1251,2097,5409,6429,1.0,0.15865608959402708,0.8413439104059729,3081,0.1945870275314979,0.3261782547830145,0.47923471768548764
1179,37085,4317,1737,1159,1207,2580,4317,1.0,0.40236275191104937,0.5976372480889507,1951,0.26847347695158674,0.27959230947417185,0.45193421357424135
1180,37085,5648,1387,1229,2007,4261,5648,1.0,0.24557365439093484,0.7544263456090652,2412,0.21759915014164305,0.3553470254957507,0.42705382436260625
1181,37085,8885,1740,2098,2879,7145,8885,1.0,0.19583567810917277,0.8041643218908272,3908,0.2361283061339336,0.32402926280247607,0.43984243106359033
1182,37085,7594,1058,1751,2791,6536,7594,1.0,0.13932051619699762,0.8606794838030024,3052,0.23057677113510666,0.3675269949960495,0.4018962338688438
1183,37085,4620,630,838,1810,3990,4620,1.0,0.13636363636363635,0.8636363636363636,1972,0.18138528138528137,0.3917748917748918,0.42683982683982685
1184,37085,3944,1538,910,698,2406,3944,1.0,0.38995943204868155,0.6100405679513184,2336,0.23073022312373226,0.17697768762677485,0.592292089249493
1185,37085,7010,1631,1378,1810,5379,7010,1.0,0.2326676176890157,0.7673323823109843,3822,0.19657631954350926,0.2582025677603424,0.5452211126961484
1186,37085,6218,840,971,1595,5378,6218,1.0,0.13509166934705694,0.864908330652943,3652,0.15615953682856223,0.2565133483435188,0.587327114827919
1187,37085,11860,2206,2748,3724,9654,11860,1.0,0.18600337268128161,0.8139966273187184,5388,0.23170320404721753,0.31399662731871836,0.4543001686340641
1188,37085,5559,560,1138,2733,4999,5559,1.0,0.10073754272351142,0.8992624572764886,1688,0.20471307789170715,0.4916351861845656,0.3036517359237273
1189,37087,29,0,7,10,29,29,1.0,0.0,1.0,12,0.2413793103448276,0.3448275862068966,0.41379310344827586
1190,37087,2411,21,608,756,2390,2411,1.0,0.008710078805474907,0.9912899211945251,1047,0.2521775197013687,0.31356283699709664,0.43425964330153466
1191,37087,3260,17,1011,1473,3243,3260,1.0,0.005214723926380368,0.9947852760736197,776,0.31012269938650305,0.451840490797546,0.23803680981595093
1192,37087,889,1,307,337,888,889,1.0,0.0011248593925759281,0.9988751406074241,245,0.34533183352080987,0.37907761529808776,0.2755905511811024
1193,37087,1370,2,324,418,1368,1370,1.0,0.00145985401459854,0.9985401459854014,628,0.2364963503649635,0.3051094890510949,0.4583941605839416
1194,37087,3319,11,878,1181,3308,3319,1.0,0.0033142512805061767,0.9966857487194938,1260,0.26453751129858394,0.35583006929798133,0.3796324194034348
1195,37087,1962,75,629,559,1887,1962,1.0,0.0382262996941896,0.9617737003058104,774,0.32059123343527013,0.28491335372069315,0.3944954128440367
1196,37087,2199,38,761,750,2161,2199,1.0,0.017280582082764895,0.9827194179172352,688,0.34606639381537063,0.34106412005457026,0.3128694861300591
1197,37087,326,0,93,105,326,326,1.0,0.0,1.0,128,0.2852760736196319,0.3220858895705521,0.39263803680981596
1198,37087,1839,14,527,559,1825,1839,1.0,0.0076128330614464385,0.9923871669385536,753,0.2865687873844481,0.3039695486677542,0.4094616639477977
1199,37087,1744,2,697,606,1742,1744,1.0,0.0011467889908256881,0.9988532110091743,441,0.39965596330275227,0.3474770642201835,0.25286697247706424
1200,37087,2151,4,625,771,2147,2151,1.0,0.0018596001859600185,0.99814039981404,755,0.2905625290562529,0.3584379358437936,0.3509995350999535
1201,37087,1358,3,248,502,1355,1358,1.0,0.0022091310751104565,0.9977908689248896,608,0.18262150220913106,0.3696612665684831,0.4477172312223859
1202,37087,1483,6,296,484,1477,1483,1.0,0.004045853000674309,0.9959541469993257,703,0.19959541469993258,0.3263654753877276,0.47403910991233983
1203,37087,2972,7,608,1188,2965,2972,1.0,0.0023553162853297443,0.9976446837146703,1176,0.20457604306864063,0.3997308209959623,0.39569313593539707
1204,37087,824,1,186,291,823,824,1.0,0.0012135922330097086,0.9987864077669902,347,0.22572815533980584,0.35315533980582525,0.4211165048543689
1205,37087,1288,2,249,537,1286,1288,1.0,0.0015527950310559005,0.9984472049689441,502,0.19332298136645962,0.4169254658385093,0.38975155279503104
1206,37087,2633,29,725,884,2604,2633,1.0,0.011014052411697683,0.9889859475883023,1024,0.2753513102924421,0.33573870110140525,0.38890998860615267
1207,37087,1639,6,534,530,1633,1639,1.0,0.0036607687614399025,0.99633923123856,575,0.32580841976815134,0.3233679072605247,0.350823672971324
1208,37087,1925,147,559,622,1778,1925,1.0,0.07636363636363637,0.9236363636363636,744,0.29038961038961036,0.32311688311688314,0.3864935064935065
1209,37087,411,1,66,215,410,411,1.0,0.0024330900243309003,0.9975669099756691,130,0.16058394160583941,0.5231143552311436,0.31630170316301703
1210,37087,2150,19,520,743,2131,2150,1.0,0.008837209302325582,0.9911627906976744,887,0.24186046511627907,0.3455813953488372,0.41255813953488374
1211,37087,1265,1,246,561,1264,1265,1.0,0.0007905138339920949,0.9992094861660079,458,0.19446640316205532,0.4434782608695652,0.36205533596837947
1212,37087,1417,37,297,312,1380,1417,1.0,0.02611150317572336,0.9738884968242767,808,0.20959774170783346,0.22018348623853212,0.5702187720536345
1213,37087,2293,3,648,753,2290,2293,1.0,0.0013083296990841692,0.9986916703009159,892,0.28259921500218055,0.32839075447012644,0.38901003052769295
1214,37087,1389,1,491,580,1388,1389,1.0,0.0007199424046076314,0.9992800575953924,318,0.353491720662347,0.4175665946724262,0.22894168466522677
1215,37087,1765,8,425,665,1757,1765,1.0,0.004532577903682719,0.9954674220963173,675,0.24079320113314448,0.37677053824362605,0.38243626062322944
1216,37087,989,28,251,167,961,989,1.0,0.028311425682507583,0.9716885743174924,571,0.2537917087967644,0.16885743174924167,0.5773508594539939
1217,37087,201,0,45,65,201,201,1.0,0.0,1.0,91,0.22388059701492538,0.32338308457711445,0.4527363184079602
1218,37089,3189,76,828,1450,3113,3189,1.0,0.02383192223267482,0.9761680777673252,911,0.2596425211665099,0.4546879899655064,0.2856694888679837
1219,37089,2899,14,831,1473,2885,2899,1.0,0.004829251466022766,0.9951707485339772,595,0.28665056916177994,0.5081062435322525,0.20524318730596758
1220,37089,3755,50,925,1620,3705,3755,1.0,0.013315579227696404,0.9866844207723036,1210,0.24633821571238348,0.43142476697736354,0.322237017310253
1221,37089,904,9,258,352,895,904,1.0,0.00995575221238938,0.9900442477876106,294,0.2853982300884956,0.3893805309734513,0.3252212389380531
1222,37089,3056,272,997,717,2784,3056,1.0,0.08900523560209424,0.9109947643979057,1342,0.3262434554973822,0.23462041884816753,0.43913612565445026
1223,37089,4413,164,1358,1544,4249,4413,1.0,0.03716292771357353,0.9628370722864265,1511,0.3077271697258101,0.34987536823022886,0.34239746204396104
1224,37089,2922,71,554,1117,2851,2922,1.0,0.0242984257357974,0.9757015742642026,1251,0.189596167008898,0.38227241615331964,0.42813141683778233
1225,37089,3073,17,546,1385,3056,3073,1.0,0.005532053368044257,0.9944679466319557,1142,0.1776765375854214,0.4506996420436056,0.37162382037097297
1226,37089,2464,44,640,1051,2420,2464,1.0,0.017857142857142856,0.9821428571428571,773,0.2597402597402597,0.4265422077922078,0.3137175324675325
1227,37089,1860,53,319,543,1807,1860,1.0,0.02849462365591398,0.9715053763440861,998,0.17150537634408602,0.29193548387096774,0.5365591397849462
1228,37089,2514,112,926,792,2402,2514,1.0,0.04455051710421639,0.9554494828957836,796,0.36833731105807477,0.315035799522673,0.3166268894192522
1229,37089,925,166,357,476,759,925,1.0,0.17945945945945946,0.8205405405405405,92,0.38594594594594595,0.5145945945945946,0.09945945945945946
1230,37089,2630,6,513,1295,2624,2630,1.0,0.0022813688212927757,0.9977186311787072,822,0.19505703422053233,0.4923954372623574,0.31254752851711026
1231,37089,2750,46,648,1091,2704,2750,1.0,0.016727272727272726,0.9832727272727273,1011,0.23563636363636364,0.3967272727272727,0.36763636363636365
1232,37089,2972,62,870,1263,2910,2972,1.0,0.02086137281292059,0.9791386271870794,839,0.2927321668909825,0.4249663526244953,0.2823014804845222
1233,37089,2600,22,667,1200,2578,2600,1.0,0.008461538461538461,0.9915384615384616,733,0.25653846153846155,0.46153846153846156,0.28192307692307694
1234,37089,2636,6,1101,1504,2630,2636,1.0,0.002276176024279211,0.9977238239757208,31,0.4176783004552352,0.5705614567526556,0.011760242792109257
1235,37089,3758,27,904,1673,3731,3758,1.0,0.007184672698243746,0.9928153273017563,1181,0.2405534858967536,0.4451836083022884,0.31426290580095795
1236,37089,1257,7,267,577,1250,1257,1.0,0.005568814638027049,0.994431185361973,413,0.21241050119331742,0.4590294351630867,0.32856006364359586
1237,37089,1825,22,694,877,1803,1825,1.0,0.012054794520547946,0.9879452054794521,254,0.3802739726027397,0.48054794520547944,0.13917808219178082
1238,37089,2234,68,626,760,2166,2234,1.0,0.03043867502238138,0.9695613249776186,848,0.2802148612354521,0.3401969561324978,0.37958818263205013
1239,37089,2327,14,712,1042,2313,2327,1.0,0.006016330038676407,0.9939836699613236,573,0.30597335625268585,0.4477868500214869,0.24623979372582724
1240,37089,2169,29,558,889,2140,2169,1.0,0.013370216689718764,0.9866297833102813,722,0.2572614107883817,0.4098662978331028,0.33287229137851543
1241,37089,2046,20,703,906,2026,2046,1.0,0.009775171065493646,0.9902248289345064,437,0.34359726295210163,0.44281524926686217,0.21358748778103617
1242,37089,1821,27,724,660,1794,1821,1.0,0.014827018121911038,0.985172981878089,437,0.3975837451949478,0.3624382207578254,0.23997803404722678
1243,37089,1741,30,425,616,1711,1741,1.0,0.01723147616312464,0.9827685238368754,700,0.24411257897759908,0.35381964388282594,0.402067777139575
1244,37089,991,1,262,405,990,991,1.0,0.0010090817356205853,0.9989909182643795,324,0.26437941473259335,0.40867810292633705,0.32694248234106965
1245,37089,3097,121,540,1031,2976,3097,1.0,0.039070067807555696,0.9609299321924443,1526,0.17436228608330642,0.3329028091701647,0.4927349047465289
1246,37089,1479,62,332,518,1417,1479,1.0,0.04192021636240703,0.9580797836375929,629,0.2244759972954699,0.35023664638269103,0.42528735632183906
1247,37089,1467,52,268,444,1415,1467,1.0,0.0354464894342195,0.9645535105657805,755,0.18268575323790048,0.30265848670756645,0.5146557600545331
1248,37089,3481,417,1066,951,3064,3481,1.0,0.11979316288422867,0.8802068371157713,1464,0.30623384085033034,0.2731973570812985,0.42056880206837116
1249,37089,4813,59,798,1682,4754,4813,1.0,0.012258466652815292,0.9877415333471847,2333,0.16580095574485768,0.3494701849158529,0.48472885933928944
1250,37089,2180,129,504,674,2051,2180,1.0,0.05917431192660551,0.9408256880733945,1002,0.23119266055045873,0.3091743119266055,0.4596330275229358
1251,37089,2533,45,738,1021,2488,2533,1.0,0.017765495459928938,0.9822345045400711,774,0.2913541255428346,0.40307935254638766,0.3055665219107777
1252,37091,517,198,162,154,319,517,1.0,0.3829787234042553,0.6170212765957447,201,0.31334622823984526,0.2978723404255319,0.38878143133462284
1253,37091,692,475,295,90,217,692,1.0,0.6864161849710982,0.31358381502890176,307,0.4263005780346821,0.13005780346820808,0.4436416184971098
1254,37091,2695,1714,603,249,981,2695,1.0,0.6359925788497217,0.3640074211502783,1843,0.22374768089053804,0.09239332096474953,0.6838589981447124
1255,37091,1163,658,395,245,505,1163,1.0,0.5657781599312124,0.4342218400687876,523,0.33963886500429924,0.21066208082545143,0.44969905417024936
1256,37091,1461,888,576,223,573,1461,1.0,0.6078028747433265,0.3921971252566735,662,0.3942505133470226,0.15263518138261464,0.4531143052703628
1257,37091,529,415,252,51,114,529,1.0,0.7844990548204159,0.21550094517958412,226,0.4763705103969754,0.09640831758034027,0.42722117202268434
1258,37091,3348,2036,1207,448,1312,3348,1.0,0.6081242532855436,0.3918757467144564,1693,0.36051373954599764,0.13381123058542413,0.5056750298685783
1259,37091,2412,1239,930,415,1173,2412,1.0,0.513681592039801,0.486318407960199,1067,0.3855721393034826,0.1720563847429519,0.4423714759535655
1260,37091,1036,543,312,257,493,1036,1.0,0.5241312741312741,0.47586872586872586,467,0.30115830115830117,0.24806949806949807,0.45077220077220076
1261,37091,2548,1230,681,594,1318,2548,1.0,0.4827315541601256,0.5172684458398744,1273,0.2672684458398744,0.23312401883830455,0.49960753532182106
1262,37091,1442,1281,819,75,161,1442,1.0,0.8883495145631068,0.11165048543689321,548,0.5679611650485437,0.052011095700416086,0.3800277392510402
1263,37091,924,533,349,153,391,924,1.0,0.5768398268398268,0.4231601731601732,422,0.3777056277056277,0.16558441558441558,0.45670995670995673
1264,37091,705,127,95,286,578,705,1.0,0.18014184397163122,0.8198581560283688,324,0.1347517730496454,0.4056737588652482,0.4595744680851064
1265,37093,518,125,105,117,393,518,1.0,0.2413127413127413,0.7586872586872587,296,0.20270270270270271,0.22586872586872586,0.5714285714285714
1266,37093,2676,652,604,486,2024,2676,1.0,0.2436472346786248,0.7563527653213752,1586,0.2257100149476831,0.18161434977578475,0.5926756352765321
1267,37093,3886,1670,1263,525,2216,3886,1.0,0.4297478126608338,0.5702521873391663,2098,0.32501286670097784,0.13510036026762737,0.5398867730313948
1268,37093,1151,453,321,247,698,1151,1.0,0.3935708079930495,0.6064291920069504,583,0.2788879235447437,0.2145960034752389,0.5065160729800173
1269,37093,10292,3134,3320,2613,7158,10292,1.0,0.3045083560046638,0.6954916439953361,4359,0.3225806451612903,0.25388651379712396,0.4235328410415857
1270,37093,1986,694,492,472,1292,1986,1.0,0.34944612286002014,0.6505538771399798,1022,0.24773413897280966,0.23766364551863042,0.5146022155085599
1271,37093,1477,328,318,525,1149,1477,1.0,0.22207176709546378,0.7779282329045363,634,0.21530128639133378,0.35545023696682465,0.42924847664184157
1272,37093,4008,811,828,1319,3197,4008,1.0,0.20234530938123751,0.7976546906187625,1861,0.20658682634730538,0.3290918163672655,0.4643213572854291
1273,37093,1147,420,342,199,727,1147,1.0,0.36617262423714037,0.6338273757628596,606,0.2981691368788143,0.17349607672188316,0.5283347863993025
1274,37093,1761,811,657,346,950,1761,1.0,0.4605337876206701,0.5394662123793299,758,0.3730834752981261,0.1964792731402612,0.4304372515616127
1275,37093,742,685,485,17,57,742,1.0,0.9231805929919138,0.07681940700808626,240,0.6536388140161725,0.022911051212938006,0.32345013477088946
1276,37093,2036,886,672,548,1150,2036,1.0,0.4351669941060904,0.5648330058939096,816,0.3300589390962672,0.2691552062868369,0.40078585461689586
1277,37093,1087,359,281,385,728,1087,1.0,0.33026678932842685,0.6697332106715731,421,0.25850965961361544,0.35418583256669733,0.3873045078196872
1278,37095,421,20,24,184,401,421,1.0,0.047505938242280284,0.9524940617577197,213,0.057007125890736345,0.43705463182897863,0.505938242280285
1279,37095,751,10,411,142,741,751,1.0,0.013315579227696404,0.9866844207723036,198,0.5472703062583223,0.18908122503328895,0.2636484687083888
1280,37095,761,274,126,225,487,761,1.0,0.3600525624178712,0.6399474375821288,410,0.16557161629434955,0.2956636005256242,0.5387647831800263
1281,37095,1109,635,78,161,474,1109,1.0,0.5725879170423805,0.42741208295761945,870,0.0703336339044184,0.14517583408476104,0.7844905320108205
1282,37095,445,160,86,165,285,445,1.0,0.3595505617977528,0.6404494382022472,194,0.19325842696629214,0.3707865168539326,0.43595505617977526
1283,37095,640,172,123,219,468,640,1.0,0.26875,0.73125,298,0.1921875,0.3421875,0.465625
1284,37095,607,283,163,161,324,607,1.0,0.46622734761120266,0.5337726523887973,283,0.2685337726523888,0.2652388797364086,0.46622734761120266
1285,37097,2911,367,584,1259,2544,2911,1.0,0.12607351425626934,0.8739264857437307,1068,0.20061834421161112,0.43249742356578497,0.3668842322226039
1286,37097,5249,360,1031,2631,4889,5249,1.0,0.06858449228424462,0.9314155077157554,1587,0.1964183654029339,0.5012383311106877,0.30234330348637833
1287,37097,1402,30,179,734,1372,1402,1.0,0.021398002853067047,0.978601997146933,489,0.1276747503566334,0.5235378031383737,0.3487874465049929
1288,37097,4825,425,940,2155,4400,4825,1.0,0.08808290155440414,0.9119170984455959,1730,0.19481865284974093,0.4466321243523316,0.35854922279792745
1289,37097,2006,84,218,1101,1922,2006,1.0,0.04187437686939183,0.9581256231306082,687,0.10867397806580259,0.5488534396809571,0.3424725822532403
1290,37097,2911,381,496,1083,2530,2911,1.0,0.1308828581243559,0.8691171418756442,1332,0.17038818275506698,0.3720371006526967,0.45757471659223636
1291,37097,4102,121,1227,1956,3981,4102,1.0,0.029497805948317895,0.9705021940516821,919,0.29912237932715746,0.47684056557776694,0.22403705509507557
1292,37097,1406,106,173,653,1300,1406,1.0,0.07539118065433854,0.9246088193456614,580,0.12304409672830725,0.4644381223328592,0.41251778093883357
1293,37097,5253,398,823,2345,4855,5253,1.0,0.07576622882162574,0.9242337711783742,2085,0.15667237768893966,0.4464115743384732,0.3969160479725871
1294,37097,1671,36,186,831,1635,1671,1.0,0.02154398563734291,0.9784560143626571,654,0.11131059245960502,0.49730700179533216,0.39138240574506283
1295,37097,1295,4,172,680,1291,1295,1.0,0.003088803088803089,0.9969111969111969,443,0.13281853281853281,0.525096525096525,0.3420849420849421
1296,37097,3566,334,532,1189,3232,3566,1.0,0.09366236679753225,0.9063376332024677,1845,0.14918676388109928,0.3334268087492989,0.5173864273696018
1297,37097,3415,218,449,1703,3197,3415,1.0,0.06383601756954611,0.9361639824304538,1263,0.1314787701317716,0.4986822840409956,0.3698389458272328
1298,37097,3695,1593,1177,888,2102,3695,1.0,0.4311231393775372,0.5688768606224628,1630,0.31853856562922866,0.24032476319350474,0.44113667117726657
1299,37097,4018,1771,1303,825,2247,4018,1.0,0.44076655052264807,0.5592334494773519,1890,0.3242906918865107,0.20532603285216525,0.47038327526132406
1300,37097,4273,667,1074,1536,3606,4273,1.0,0.15609641937748656,0.8439035806225135,1663,0.25134565878773696,0.3594664170372104,0.38918792417505266
1301,37097,3587,952,1097,993,2635,3587,1.0,0.26540284360189575,0.7345971563981043,1497,0.3058265960412601,0.2768330080847505,0.4173403958739894
1302,37097,3470,672,980,1166,2798,3470,1.0,0.1936599423631124,0.8063400576368877,1324,0.2824207492795389,0.33602305475504324,0.38155619596541784
1303,37097,3401,170,503,1636,3231,3401,1.0,0.049985298441634816,0.9500147015583652,1262,0.1478976771537783,0.4810349897089091,0.37106733313731255
1304,37097,3447,706,965,1013,2741,3447,1.0,0.20481578183928054,0.7951842181607195,1469,0.2799535828256455,0.29387873513199886,0.42616768204235567
1305,37097,5832,471,1681,2442,5361,5832,1.0,0.08076131687242798,0.9192386831275721,1709,0.28823731138545955,0.41872427983539096,0.2930384087791495
1306,37097,3806,50,924,2026,3756,3806,1.0,0.013137151865475564,0.9868628481345244,856,0.24277456647398843,0.5323173935890699,0.22490803993694167
1307,37097,7314,127,2313,4381,7187,7314,1.0,0.017363959529669126,0.9826360404703308,620,0.3162428219852338,0.5989882417281925,0.0847689362865737
1308,37097,6582,309,1666,2534,6273,6582,1.0,0.04694621695533273,0.9530537830446673,2382,0.2531145548465512,0.3849893649346703,0.3618960802187785
1309,37097,6444,1098,1659,2040,5346,6444,1.0,0.17039106145251395,0.8296089385474861,2745,0.2574487895716946,0.3165735567970205,0.4259776536312849
1310,37097,5764,168,1863,3413,5596,5764,1.0,0.02914642609299098,0.970853573907009,488,0.32321304649548926,0.5921235253296322,0.08466342817487855
1311,37097,7675,772,2104,3105,6903,7675,1.0,0.10058631921824104,0.899413680781759,2466,0.2741368078175896,0.4045602605863192,0.3213029315960912
1312,37097,6855,622,1637,3501,6233,6855,1.0,0.09073668854850474,0.9092633114514953,1717,0.2388037928519329,0.5107221006564552,0.25047410649161195
1313,37097,2677,517,629,1104,2160,2677,1.0,0.19312663429211804,0.8068733657078819,944,0.2349645125140082,0.41240194247291745,0.3526335450130743
1314,37099,4553,22,945,898,4531,4553,1.0,0.004831978915001098,0.9951680210849989,2710,0.2075554579398199,0.19723259389413572,0.5952119481660444
1315,37099,1698,8,433,839,1690,1698,1.0,0.004711425206124852,0.9952885747938751,426,0.25500588928150764,0.49411071849234395,0.2508833922261484
1316,37099,1825,1,371,779,1824,1825,1.0,0.000547945205479452,0.9994520547945206,675,0.20328767123287672,0.42684931506849316,0.3698630136986301
1317,37099,1485,8,325,536,1477,1485,1.0,0.0053872053872053875,0.9946127946127946,624,0.21885521885521886,0.36094276094276095,0.4202020202020202
1318,37099,1702,9,490,539,1693,1702,1.0,0.005287896592244419,0.9947121034077556,673,0.2878965922444183,0.31668625146886015,0.3954171562867215
1319,37099,1024,7,226,283,1017,1024,1.0,0.0068359375,0.9931640625,515,0.220703125,0.2763671875,0.5029296875
1320,37099,591,0,188,212,591,591,1.0,0.0,1.0,191,0.31810490693739424,0.3587140439932318,0.32318104906937395
1321,37099,2159,21,786,583,2138,2159,1.0,0.009726725335803613,0.9902732746641963,790,0.36405743399722096,0.270032422417786,0.3659101435849931
1322,37099,1186,1,343,448,1185,1186,1.0,0.0008431703204047217,0.9991568296795953,395,0.28920741989881954,0.3777403035413153,0.3330522765598651
1323,37099,6562,95,2076,1545,6467,6562,1.0,0.014477293508076805,0.9855227064919232,2941,0.3163669612922889,0.23544651021030175,0.4481865284974093
1324,37099,8698,507,2481,1485,8191,8698,1.0,0.058289261899287195,0.9417107381007128,4732,0.2852379857438492,0.17072890319613704,0.5440331110600138
1325,37099,1147,6,352,370,1141,1147,1.0,0.0052310374891020054,0.994768962510898,425,0.30688753269398433,0.3225806451612903,0.37053182214472535
1326,37099,518,1,97,202,517,518,1.0,0.0019305019305019305,0.9980694980694981,219,0.18725868725868725,0.38996138996138996,0.42277992277992277
1327,37101,3336,1255,958,552,2081,3336,1.0,0.3761990407673861,0.6238009592326139,1826,0.2871702637889688,0.16546762589928057,0.5473621103117506
1328,37101,3100,994,856,566,2106,3100,1.0,0.32064516129032256,0.6793548387096774,1678,0.2761290322580645,0.18258064516129033,0.5412903225806451
1329,37101,3446,792,787,1254,2654,3446,1.0,0.2298316889146837,0.7701683110853164,1405,0.22838073128264655,0.3639001741149158,0.4077190946024376
1330,37101,4164,445,1342,2138,3719,4164,1.0,0.1068683957732949,0.8931316042267051,684,0.3222862632084534,0.5134486071085494,0.1642651296829971
1331,37101,1681,205,263,679,1476,1681,1.0,0.12195121951219512,0.8780487804878049,739,0.15645449137418205,0.40392623438429504,0.4396192742415229
1332,37101,3517,435,607,1508,3082,3517,1.0,0.12368495877168041,0.8763150412283196,1402,0.1725902758032414,0.4287745237418254,0.39863520045493317
1333,37101,3032,246,376,1424,2786,3032,1.0,0.08113456464379948,0.9188654353562006,1232,0.12401055408970976,0.46965699208443273,0.40633245382585753
1334,37101,3178,828,851,756,2350,3178,1.0,0.2605412208936438,0.7394587791063562,1571,0.26777847702957835,0.23788546255506607,0.49433606041535555
1335,37101,5521,1064,1463,1701,4457,5521,1.0,0.19271871037855462,0.8072812896214454,2357,0.2649882267705126,0.30809635935518925,0.42691541387429816
1336,37101,4314,593,970,1602,3721,4314,1.0,0.13745943439962913,0.8625405656003708,1742,0.22484932777005098,0.3713490959666203,0.4038015762633287
1337,37101,4766,907,1606,1785,3859,4766,1.0,0.1903063365505665,0.8096936634494335,1375,0.3369702056231641,0.3745279060008393,0.28850188837599666
1338,37101,2129,238,295,884,1891,2129,1.0,0.11178957256928135,0.8882104274307187,950,0.1385627054955378,0.41521841240018786,0.4462188821042743
1339,37101,6596,836,2544,3589,5760,6596,1.0,0.12674348089751364,0.8732565191024864,463,0.3856882959369315,0.5441176470588235,0.070194057004245
1340,37101,2659,240,517,1309,2419,2659,1.0,0.09025949605114705,0.909740503948853,833,0.1944339977435126,0.4922903347122979,0.31327566754418956
1341,37101,4043,1039,1018,1384,3004,4043,1.0,0.25698738560474893,0.743012614395251,1641,0.2517932228543161,0.34232005936186,0.4058867177838239
1342,37101,1973,234,302,825,1739,1973,1.0,0.11860111505321845,0.8813988849467815,846,0.15306639635073493,0.41814495691839837,0.4287886467308667
1343,37101,2235,87,265,1103,2148,2235,1.0,0.038926174496644296,0.9610738255033557,867,0.1185682326621924,0.4935123042505593,0.38791946308724834
1344,37101,1312,214,205,582,1098,1312,1.0,0.16310975609756098,0.836890243902439,525,0.15625,0.44359756097560976,0.40015243902439024
1345,37101,2327,63,323,1327,2264,2327,1.0,0.027073485174043833,0.9729265148259562,677,0.13880532874946283,0.5702621400945423,0.2909325311559948
1346,37101,2305,305,316,773,2000,2305,1.0,0.13232104121475055,0.8676789587852495,1216,0.1370932754880694,0.33535791757049893,0.5275488069414317
1347,37101,2893,193,499,1209,2700,2893,1.0,0.06671275492568268,0.9332872450743174,1185,0.17248530936743864,0.4179052886277221,0.40960940200483925
1348,37101,1257,349,191,510,908,1257,1.0,0.27764518695306284,0.7223548130469372,556,0.15194908512330946,0.40572792362768495,0.4423229912490056
1349,37101,3120,367,443,1492,2753,3120,1.0,0.11762820512820513,0.8823717948717948,1185,0.14198717948717948,0.4782051282051282,0.3798076923076923
1350,37101,1424,273,278,582,1151,1424,1.0,0.19171348314606743,0.8082865168539326,564,0.1952247191011236,0.40870786516853935,0.3960674157303371
1351,37101,1503,114,151,662,1389,1503,1.0,0.07584830339321358,0.9241516966067864,690,0.10046573519627412,0.44045242847638055,0.4590818363273453
1352,37101,4290,293,1363,2557,3997,4290,1.0,0.0682983682983683,0.9317016317016317,370,0.31771561771561774,0.596037296037296,0.08624708624708624
1353,37101,2793,280,647,1304,2513,2793,1.0,0.10025062656641603,0.899749373433584,842,0.23165055495882564,0.46688148943788044,0.3014679556032939
1354,37101,5858,574,2215,3642,5284,5858,1.118601986249045,0.09798566063502902,0.902014339364971,1,0.37811539774667124,0.6217138955274838,0.0001707067258449983
1355,37101,6135,1352,2055,1928,4783,6135,1.0,0.22037489812550937,0.7796251018744906,2152,0.33496332518337407,0.3142624286878566,0.35077424612876934
1356,37101,4077,598,1526,1734,3479,4077,1.0,0.1466764778023056,0.8533235221976944,817,0.37429482462595043,0.42531272994849156,0.200392445425558
1357,37101,4463,468,1485,2246,3995,4463,1.0,0.10486220031369034,0.8951377996863097,732,0.33273582791844053,0.5032489356934797,0.16401523638807977
1358,37101,2535,306,700,1245,2229,2535,1.0,0.12071005917159763,0.8792899408284024,590,0.27613412228796846,0.4911242603550296,0.23274161735700197
1359,37101,6742,621,1651,3357,6121,6742,1.0,0.0921091664194601,0.9078908335805399,1734,0.24488282408780776,0.4979234648472263,0.2571937110649659
1360,37101,3702,211,682,1953,3491,3702,1.0,0.056996218260399786,0.9430037817396002,1067,0.1842247433819557,0.5275526742301458,0.28822258238789844
1361,37101,2244,212,399,1040,2032,2244,1.0,0.0944741532976827,0.9055258467023173,805,0.17780748663101603,0.46345811051693403,0.35873440285204994
1362,37101,985,45,117,495,940,985,1.0,0.04568527918781726,0.9543147208121827,373,0.11878172588832488,0.5025380710659898,0.3786802030456853
1363,37101,2875,669,916,1224,2206,2875,1.0,0.23269565217391305,0.7673043478260869,735,0.3186086956521739,0.4257391304347826,0.25565217391304346
1364,37103,822,249,171,312,573,822,1.0,0.3029197080291971,0.6970802919708029,339,0.20802919708029197,0.3795620437956204,0.4124087591240876
1365,37103,521,61,57,291,460,521,1.0,0.11708253358925144,0.8829174664107485,173,0.10940499040307101,0.5585412667946257,0.33205374280230326
1366,37103,2102,676,557,881,1426,2102,1.0,0.32159847764034255,0.6784015223596574,664,0.26498572787821123,0.4191246431969553,0.31588962892483347
1367,37103,1566,611,436,406,955,1566,1.0,0.3901660280970626,0.6098339719029374,724,0.2784163473818646,0.25925925925925924,0.4623243933588761
1368,37103,1538,759,662,471,779,1538,1.0,0.49349804941482445,0.5065019505851756,405,0.4304291287386216,0.30624187256176855,0.2633289986996099
1369,37103,689,67,77,335,622,689,1.0,0.09724238026124818,0.9027576197387518,277,0.11175616835994194,0.4862119013062409,0.4020319303338171
1370,37103,707,101,90,302,606,707,1.0,0.14285714285714285,0.8571428571428571,315,0.1272984441301273,0.42715700141442714,0.44554455445544555
1371,37105,5063,1016,1318,1582,4047,5063,1.0,0.20067153861347028,0.7993284613865297,2163,0.2603199683981829,0.3124629666205807,0.4272170649812364
1372,37105,8015,853,2310,3521,7162,8015,1.0,0.10642545227698066,0.8935745477230194,2184,0.28820960698689957,0.4393013100436681,0.2724890829694323
1373,37105,7643,1089,1821,2353,6554,7643,1.0,0.14248331806882114,0.8575166819311788,3469,0.23825722883684416,0.3078634044223472,0.4538793667408086
1374,37105,13299,4254,3960,2172,9045,13299,1.0,0.31987367471238437,0.6801263252876156,7167,0.2977667493796526,0.1633205504173246,0.5389127002030227
1375,37105,8986,1033,1960,3389,7953,8986,1.0,0.11495659915423993,0.88504340084576,3637,0.2181170709993323,0.37714222123302915,0.40474070776763854
1376,37107,945,119,112,420,826,945,1.0,0.1259259259259259,0.8740740740740741,413,0.11851851851851852,0.4444444444444444,0.43703703703703706
1377,37107,1324,123,124,596,1201,1324,1.0,0.09290030211480363,0.9070996978851964,604,0.09365558912386707,0.4501510574018127,0.4561933534743202
1378,37107,3898,886,665,1488,3012,3898,1.0,0.22729604925602873,0.7727039507439712,1745,0.17060030785017957,0.38173422267829654,0.44766546947152386
1379,37107,1373,1230,510,38,143,1373,1.0,0.8958485069191552,0.10415149308084487,825,0.37144938091769847,0.027676620538965767,0.6008739985433358
1380,37107,1941,403,355,807,1538,1941,1.0,0.2076249356002061,0.7923750643997939,779,0.18289541473467286,0.41576506955177744,0.4013395157135497
1381,37107,1564,150,167,763,1414,1564,1.0,0.0959079283887468,0.9040920716112532,634,0.10677749360613811,0.48785166240409206,0.4053708439897698
1382,37107,4572,781,852,2111,3791,4572,1.0,0.17082239720034995,0.82917760279965,1609,0.18635170603674542,0.4617235345581802,0.35192475940507434
1383,37107,4381,1772,1183,1322,2609,4381,1.0,0.4044738644145172,0.5955261355854827,1876,0.27002967359050445,0.30175758959141746,0.4282127368180781
1384,37107,2150,1702,968,247,448,2150,1.0,0.7916279069767442,0.20837209302325582,935,0.4502325581395349,0.11488372093023255,0.43488372093023253
1385,37107,1998,927,856,502,1071,1998,1.0,0.46396396396396394,0.536036036036036,640,0.42842842842842843,0.25125125125125125,0.3203203203203203
1386,37107,1242,1198,487,20,44,1242,1.0,0.964573268921095,0.03542673107890499,735,0.392109500805153,0.01610305958132045,0.5917874396135265
1387,37107,2322,1929,1087,208,393,2322,1.0,0.8307493540051679,0.16925064599483206,1027,0.4681309216192937,0.08957795004306632,0.44229112833763995
1388,37107,3020,828,865,947,2192,3020,1.0,0.27417218543046357,0.7258278145695364,1208,0.28642384105960267,0.31357615894039736,0.4
1389,37107,1118,1097,624,18,21,1118,1.0,0.981216457960644,0.018783542039355994,476,0.5581395348837209,0.016100178890876567,0.4257602862254025
1390,37107,1541,872,618,181,669,1541,1.0,0.5658663205710578,0.43413367942894227,742,0.40103828682673587,0.11745619727449708,0.48150551589876706
1391,37107,2709,1190,746,711,1519,2709,1.0,0.4392764857881137,0.5607235142118863,1252,0.2753783684016242,0.26245847176079734,0.46216315983757844
1392,37107,2724,1067,683,846,1657,2724,1.0,0.39170337738619676,0.6082966226138032,1195,0.25073421439060206,0.31057268722466963,0.43869309838472836
1393,37107,1177,66,109,551,1111,1177,1.0,0.056074766355140186,0.9439252336448598,517,0.09260832625318606,0.46813933729821583,0.4392523364485981
1394,37107,1282,69,133,708,1213,1282,1.0,0.05382215288611544,0.9461778471138845,441,0.10374414976599064,0.5522620904836193,0.34399375975039004
1395,37107,1622,925,670,239,697,1622,1.0,0.5702836004932182,0.42971639950678175,713,0.4130702836004932,0.14734895191122072,0.4395807644882861
1396,37107,1467,143,140,648,1324,1467,1.0,0.09747784594410361,0.9025221540558964,679,0.09543285616905249,0.44171779141104295,0.46284935241990455
1397,37107,793,60,81,379,733,793,1.0,0.07566204287515763,0.9243379571248423,333,0.1021437578814628,0.47793190416141235,0.41992433795712486
1398,37109,2558,94,432,1189,2464,2558,1.0,0.03674745895230649,0.9632525410476935,937,0.16888193901485535,0.46481626270523846,0.36630179827990617
1399,37109,2237,326,468,932,1911,2237,1.0,0.14573088958426464,0.8542691104157354,837,0.20920876173446581,0.41662941439427803,0.3741618238712561
1400,37109,2484,345,433,544,2139,2484,1.0,0.1388888888888889,0.8611111111111112,1507,0.17431561996779388,0.21900161030595813,0.606682769726248
1401,37109,2002,85,325,910,1917,2002,1.0,0.042457542457542456,0.9575424575424576,767,0.16233766233766234,0.45454545454545453,0.38311688311688313
1402,37109,1584,26,244,669,1558,1584,1.0,0.016414141414141416,0.9835858585858586,671,0.15404040404040403,0.42234848484848486,0.4236111111111111
1403,37109,1783,105,342,719,1678,1783,1.0,0.05888951205832866,0.9411104879416713,722,0.19181155356141336,0.4032529444756029,0.4049355019629837
1404,37109,1108,12,144,382,1096,1108,1.0,0.010830324909747292,0.9891696750902527,582,0.1299638989169675,0.3447653429602888,0.5252707581227437
1405,37109,2066,299,541,551,1767,2066,1.0,0.1447241045498548,0.8552758954501453,974,0.26185866408518876,0.26669893514036785,0.4714424007744434
1406,37109,2770,53,470,1224,2717,2770,1.0,0.019133574007220218,0.9808664259927797,1076,0.16967509025270758,0.44187725631768954,0.3884476534296029
1407,37109,1755,249,499,517,1506,1755,1.0,0.14188034188034188,0.8581196581196581,739,0.28433048433048436,0.2945868945868946,0.42108262108262107
1408,37109,3020,70,397,1414,2950,3020,1.0,0.023178807947019868,0.9768211920529801,1209,0.1314569536423841,0.4682119205298013,0.40033112582781455
1409,37109,1108,94,253,608,1014,1108,1.0,0.08483754512635379,0.9151624548736462,247,0.2283393501805054,0.5487364620938628,0.22292418772563177
1410,37109,1764,28,231,630,1736,1764,1.0,0.015873015873015872,0.9841269841269841,903,0.13095238095238096,0.35714285714285715,0.5119047619047619
1411,37109,2905,40,444,1362,2865,2905,1.0,0.013769363166953529,0.9862306368330465,1099,0.15283993115318417,0.4688468158347676,0.3783132530120482
1412,37109,3812,101,1095,2320,3711,3812,1.0,0.026495278069254984,0.973504721930745,397,0.2872507869884575,0.608604407135362,0.10414480587618048
1413,37109,1471,25,182,654,1446,1471,1.0,0.01699524133242692,0.9830047586675731,635,0.12372535690006799,0.44459551325628827,0.43167912984364376
1414,37109,2823,112,655,1569,2711,2823,1.0,0.03967410556145944,0.9603258944385406,599,0.2320226709174637,0.5557917109458024,0.21218561813673398
1415,37109,1770,65,234,905,1705,1770,1.0,0.03672316384180791,0.963276836158192,631,0.13220338983050847,0.5112994350282486,0.35649717514124296
1416,37109,1362,180,232,512,1182,1362,1.0,0.13215859030837004,0.8678414096916299,618,0.17033773861967694,0.37591776798825255,0.45374449339207046
1417,37109,1402,13,330,897,1389,1402,1.0,0.009272467902995721,0.9907275320970043,175,0.23537803138373753,0.6398002853067047,0.12482168330955777
1418,37109,1764,29,446,1072,1735,1764,1.0,0.016439909297052153,0.9835600907029478,246,0.2528344671201814,0.6077097505668935,0.13945578231292516
1419,37109,2515,272,526,1196,2243,2515,1.0,0.10815109343936381,0.8918489065606362,793,0.2091451292246521,0.47554671968190854,0.31530815109343935
1420,37109,2210,47,332,1226,2163,2210,1.0,0.021266968325791856,0.9787330316742081,652,0.1502262443438914,0.5547511312217195,0.29502262443438915
1421,37109,2644,49,550,1466,2595,2644,1.0,0.018532526475037822,0.9814674735249622,628,0.20801815431164902,0.5544629349470499,0.23751891074130105
1422,37109,2234,131,543,1360,2103,2234,1.0,0.05863921217547001,0.94136078782453,331,0.2430617726051925,0.6087735004476276,0.14816472694717994
1423,37109,2582,47,336,1266,2535,2582,1.0,0.01820294345468629,0.9817970565453137,980,0.13013168086754454,0.4903175832687839,0.37955073586367155
1424,37109,2156,270,289,653,1886,2156,1.0,0.12523191094619665,0.8747680890538033,1214,0.13404452690166976,0.30287569573283857,0.5630797773654916
1425,37109,1895,60,358,810,1835,1895,1.0,0.0316622691292876,0.9683377308707124,727,0.18891820580474933,0.42744063324538256,0.38364116094986805
1426,37111,859,2,138,411,857,859,1.0,0.002328288707799767,0.9976717112922002,310,0.16065192083818394,0.47846332945285214,0.3608847497089639
1427,37111,2638,40,376,1033,2598,2638,1.0,0.015163002274450341,0.9848369977255497,1229,0.1425322213798332,0.39158453373768004,0.4658832448824867
1428,37111,1957,6,289,867,1951,1957,1.0,0.0030659172202350538,0.9969340827797649,801,0.14767501277465508,0.4430250383239652,0.40929994890137966
1429,37111,1894,10,258,864,1884,1894,1.0,0.005279831045406547,0.9947201689545935,772,0.13621964097148892,0.45617740232312565,0.40760295670538543
1430,37111,1445,20,192,347,1425,1445,1.0,0.01384083044982699,0.986159169550173,906,0.1328719723183391,0.24013840830449826,0.6269896193771626
1431,37111,2295,22,464,1087,2273,2295,1.0,0.009586056644880174,0.9904139433551198,744,0.20217864923747278,0.4736383442265795,0.3241830065359477
1432,37111,1524,77,299,581,1447,1524,1.0,0.0505249343832021,0.949475065616798,644,0.19619422572178477,0.38123359580052496,0.4225721784776903
1433,37111,3357,93,642,1214,3264,3357,1.0,0.02770330652368186,0.9722966934763181,1501,0.19124218051831993,0.36163240988978257,0.4471254095918975
1434,37111,1655,25,204,361,1630,1655,1.0,0.015105740181268883,0.9848942598187311,1090,0.12326283987915408,0.21812688821752266,0.6586102719033232
1435,37111,2640,348,232,559,2292,2640,1.0,0.1318181818181818,0.8681818181818182,1849,0.08787878787878788,0.21174242424242423,0.7003787878787879
1436,37111,1211,22,195,344,1189,1211,1.0,0.018166804293971925,0.9818331957060281,672,0.1610239471511148,0.28406275805119735,0.5549132947976878
1437,37111,4238,176,681,1523,4062,4238,1.0,0.04152902312411515,0.9584709768758849,2034,0.16068900424728647,0.35936762623879187,0.47994336951392164
1438,37111,1930,17,588,1195,1913,1930,1.0,0.008808290155440414,0.9911917098445596,147,0.30466321243523314,0.6191709844559585,0.07616580310880829
1439,37111,2057,98,221,500,1959,2057,1.0,0.047642197374817695,0.9523578026251823,1336,0.10743801652892562,0.24307243558580457,0.6494895478852698
1440,37111,1826,309,537,431,1517,1826,1.0,0.1692223439211391,0.8307776560788609,858,0.2940854326396495,0.23603504928806135,0.46987951807228917
1441,37111,2727,100,598,1310,2627,2727,1.0,0.03667033370003667,0.9633296662999633,819,0.2192885955262193,0.4803813714704804,0.30033003300330036
1442,37111,958,2,108,422,956,958,1.0,0.0020876826722338203,0.9979123173277662,428,0.1127348643006263,0.4405010438413361,0.44676409185803756
1443,37113,2245,7,517,931,2238,2245,1.0,0.0031180400890868597,0.9968819599109131,797,0.23028953229398663,0.41469933184855234,0.355011135857461
1444,37113,380,6,111,194,374,380,1.0,0.015789473684210527,0.9842105263157894,75,0.29210526315789476,0.5105263157894737,0.19736842105263158
1445,37113,3071,21,627,1161,3050,3071,1.0,0.006838163464669489,0.9931618365353305,1283,0.20416802344513188,0.37805275154672746,0.4177792250081407
1446,37113,2296,9,688,996,2287,2296,1.0,0.0039198606271777,0.9960801393728222,612,0.29965156794425085,0.4337979094076655,0.2665505226480836
1447,37113,2991,13,582,1121,2978,2991,1.0,0.0043463724506853894,0.9956536275493146,1288,0.1945837512537613,0.37479103978602474,0.430625208960214
1448,37113,451,0,78,214,451,451,1.0,0.0,1.0,159,0.1729490022172949,0.4745011086474501,0.352549889135255
1449,37113,1495,30,344,423,1465,1495,1.0,0.020066889632107024,0.979933110367893,728,0.23010033444816053,0.282943143812709,0.48695652173913045
1450,37113,2007,115,517,843,1892,2007,1.0,0.057299451918286,0.942700548081714,647,0.25759840558046837,0.4200298953662182,0.3223716990533134
1451,37113,2208,6,455,881,2202,2208,1.0,0.002717391304347826,0.9972826086956522,872,0.20606884057971014,0.3990036231884058,0.39492753623188404
1452,37113,667,0,94,307,667,667,1.0,0.0,1.0,266,0.1409295352323838,0.46026986506746626,0.3988005997001499
1453,37113,751,0,163,340,751,751,1.0,0.0,1.0,248,0.2170439414114514,0.45272969374167776,0.33022636484687085
1454,37113,1871,6,469,806,1865,1871,1.0,0.003206841261357563,0.9967931587386424,596,0.2506680919294495,0.4307856761090326,0.3185462319615179
1455,37113,1612,7,344,598,1605,1612,1.0,0.004342431761786601,0.9956575682382134,670,0.21339950372208435,0.3709677419354839,0.41563275434243174
1456,37113,2614,60,682,912,2554,2614,1.0,0.022953328232593728,0.9770466717674062,1020,0.260902830910482,0.34889058913542464,0.39020657995409336
1457,37113,2729,41,608,988,2688,2729,1.0,0.015023818248442653,0.9849761817515573,1133,0.22279223158666178,0.3620373763283254,0.41517039208501283
1458,37115,437,1,154,191,436,437,1.0,0.002288329519450801,0.9977116704805492,92,0.3524027459954233,0.43707093821510296,0.21052631578947367
1459,37115,2466,3,709,833,2463,2466,1.0,0.0012165450121654502,0.9987834549878345,924,0.2875101378751014,0.33779399837794,0.3746958637469586
1460,37115,945,1,243,343,944,945,1.0,0.0010582010582010583,0.9989417989417989,359,0.2571428571428571,0.362962962962963,0.3798941798941799
1461,37115,263,7,111,70,256,263,1.0,0.026615969581749048,0.973384030418251,82,0.4220532319391635,0.2661596958174905,0.311787072243346
1462,37115,1148,3,304,416,1145,1148,1.0,0.002613240418118467,0.9973867595818815,428,0.26480836236933797,0.3623693379790941,0.37282229965156793
1463,37115,1002,7,252,434,995,1002,1.0,0.006986027944111776,0.9930139720558883,316,0.25149700598802394,0.43313373253493015,0.3153692614770459
1464,37115,3867,177,1189,1329,3690,3867,1.0,0.045771916214119475,0.9542280837858805,1349,0.3074734936643393,0.34367726920093095,0.34884923713472976
1465,37115,982,3,325,321,979,982,1.0,0.003054989816700611,0.9969450101832994,336,0.33095723014256617,0.3268839103869654,0.3421588594704684
1466,37115,1330,0,369,479,1330,1330,1.0,0.0,1.0,482,0.2774436090225564,0.3601503759398496,0.362406015037594
1467,37115,952,5,255,276,947,952,1.0,0.005252100840336135,0.9947478991596639,421,0.26785714285714285,0.28991596638655465,0.4422268907563025
1468,37115,780,2,233,271,778,780,1.0,0.002564102564102564,0.9974358974358974,276,0.2987179487179487,0.3474358974358974,0.35384615384615387
1469,37115,2500,8,652,1086,2492,2500,1.0,0.0032,0.9968,762,0.2608,0.4344,0.3048
1470,37117,994,258,195,452,736,994,1.0,0.2595573440643863,0.7404426559356136,347,0.19617706237424548,0.45472837022132795,0.34909456740442657
1471,37117,2075,548,509,844,1527,2075,1.0,0.2640963855421687,0.7359036144578314,722,0.2453012048192771,0.40674698795180725,0.34795180722891567
1472,37117,1004,174,200,568,830,1004,1.0,0.17330677290836655,0.8266932270916335,236,0.199203187250996,0.5657370517928287,0.2350597609561753
1473,37117,905,537,329,231,368,905,1.0,0.5933701657458563,0.4066298342541437,345,0.36353591160220994,0.25524861878453037,0.3812154696132597
1474,37117,929,525,374,206,404,929,1.0,0.5651237890204521,0.43487621097954793,349,0.4025834230355221,0.2217438105489774,0.3756727664155005
1475,37117,3359,1688,1265,732,1671,3359,1.0,0.5025305150342364,0.4974694849657636,1362,0.37660017862459066,0.2179220005954153,0.40547782077999406
1476,37117,312,188,126,68,124,312,1.0,0.6025641025641025,0.3974358974358974,118,0.40384615384615385,0.21794871794871795,0.3782051282051282
1477,37117,1536,970,543,309,566,1536,1.0,0.6315104166666666,0.3684895833333333,684,0.353515625,0.201171875,0.4453125
1478,37117,3593,1700,1151,904,1893,3593,1.0,0.4731422209852491,0.526857779014751,1538,0.3203451155023657,0.25160033398274423,0.42805455051489005
1479,37117,387,111,105,121,276,387,1.0,0.2868217054263566,0.7131782945736435,161,0.2713178294573643,0.31266149870801035,0.4160206718346253
1480,37117,1196,705,430,237,491,1196,1.0,0.5894648829431438,0.4105351170568562,529,0.3595317725752508,0.19816053511705686,0.4423076923076923
1481,37117,1158,365,294,424,793,1158,1.0,0.31519861830742657,0.6848013816925734,440,0.2538860103626943,0.36614853195164077,0.3799654576856649
1482,37117,1622,216,234,904,1406,1622,1.0,0.13316892725030827,0.8668310727496917,484,0.1442663378545006,0.5573366214549939,0.29839704069050554
1483,37119,2770,1570,1192,212,1200,2770,1.0,0.5667870036101083,0.4332129963898917,1366,0.43032490974729243,0.07653429602888087,0.49314079422382673
1484,37119,3152,657,1020,305,2495,3152,1.0,0.20843908629441624,0.7915609137055838,1827,0.3236040609137056,0.09676395939086295,0.5796319796954315
1485,37119,2461,546,1756,331,1915,2461,1.0,0.22186103210077204,0.778138967899228,374,0.7135310849248273,0.13449817147501017,0.15197074360016252
1486,37119,2659,2428,1393,95,231,2659,1.0,0.9131252350507709,0.08687476494922904,1171,0.5238811583301993,0.035727717186912374,0.4403911244828883
1487,37119,1690,8,734,930,1682,1690,1.0,0.004733727810650888,0.9952662721893492,26,0.43431952662721895,0.5502958579881657,0.015384615384615385
1488,37119,3136,822,1010,273,2314,3136,1.0,0.26211734693877553,0.7378826530612245,1853,0.32206632653061223,0.08705357142857142,0.5908801020408163
1489,37119,3257,808,1147,425,2449,3257,1.0,0.24808105618667486,0.7519189438133251,1685,0.35216456862143075,0.13048817930610992,0.5173472520724594
1490,37119,2426,262,674,1076,2164,2426,1.0,0.1079967023907667,0.8920032976092334,676,0.27782357790601814,0.44352844187963725,0.2786479802143446
1491,37119,4229,236,1100,2125,3993,4229,1.0,0.055805154882951055,0.944194845117049,1004,0.2601087727595176,0.50248285646725,0.23740837077323243
1492,37119,6351,3347,3488,1045,3004,6351,1.0,0.5270036214769328,0.47299637852306725,1818,0.5492048496299795,0.16454101716265154,0.2862541332073689
1493,37119,3466,1266,1551,782,2200,3466,1.0,0.36526255049047895,0.634737449509521,1133,0.44748990190421234,0.2256203115983843,0.32688978649740336
1494,37119,6055,2020,3020,1716,4035,6055,1.0,0.33360858794384807,0.6663914120561519,1319,0.49876135425268375,0.283402146985962,0.21783649876135425
1495,37119,3036,779,1015,754,2257,3036,1.0,0.25658761528326746,0.7434123847167325,1267,0.3343214756258234,0.24835309617918314,0.4173254281949934
1496,37119,4171,466,1418,1202,3705,4171,1.0,0.11172380724046992,0.8882761927595301,1551,0.339966434907696,0.28818029249580435,0.37185327259649964
1497,37119,5336,374,2170,2153,4962,5336,1.0,0.07008995502248876,0.9299100449775113,1013,0.40667166416791606,0.4034857571214393,0.18984257871064467
1498,37119,6274,1222,3203,2478,5052,6274,1.0,0.19477207523111253,0.8052279247688875,593,0.5105196047178834,0.3949633407714377,0.09451705451067899
1499,37119,6725,1938,3415,1471,4787,6725,1.0,0.28817843866171006,0.71182156133829,1839,0.5078066914498142,0.2187360594795539,0.27345724907063196
1500,37119,4816,745,1782,1215,4071,4816,1.0,0.15469269102990033,0.8453073089700996,1819,0.3700166112956811,0.25228405315614616,0.37769933554817275
1501,37119,5142,340,1773,1940,4802,5142,1.0,0.06612213146635551,0.9338778685336445,1429,0.34480746791131855,0.37728510307273433,0.2779074290159471
1502,37119,3921,91,1275,1734,3830,3921,1.0,0.02320836521295588,0.9767916347870441,912,0.32517214996174443,0.44223412394797246,0.2325937260902831
1503,37119,4107,712,1228,1035,3395,4107,1.0,0.17336255174093013,0.8266374482590699,1844,0.2990017044071098,0.252008765522279,0.44898953007061115
1504,37119,1635,196,804,540,1439,1635,1.0,0.1198776758409786,0.8801223241590214,291,0.4917431192660551,0.3302752293577982,0.1779816513761468
1505,37119,2492,108,1074,816,2384,2492,1.0,0.04333868378812199,0.956661316211878,602,0.43097913322632425,0.3274478330658106,0.24157303370786518
1506,37119,2262,91,902,606,2171,2262,1.0,0.040229885057471264,0.9597701149425287,754,0.39876215738284704,0.26790450928381965,0.3333333333333333
1507,37119,3031,594,989,439,2437,3031,1.0,0.19597492576707357,0.8040250742329265,1603,0.32629495216100296,0.14483668756186077,0.5288683602771362
1508,37119,3121,2589,1354,100,532,3121,1.0,0.8295418135213073,0.17045818647869274,1667,0.43383530919577057,0.03204101249599487,0.5341236783082346
1509,37119,3188,2254,1349,177,934,3188,1.0,0.7070263488080301,0.2929736511919699,1662,0.42314930991217065,0.055520702634880806,0.5213299874529486
1510,37119,3650,2716,1585,97,934,3650,1.0,0.7441095890410959,0.25589041095890414,1968,0.43424657534246575,0.026575342465753424,0.5391780821917809
1511,37119,3863,187,1031,2095,3676,3863,1.0,0.04840797307791871,0.9515920269220813,737,0.26689101734403314,0.5423246181724048,0.190784364483562
1512,37119,4676,1902,2152,575,2774,4676,1.0,0.4067579127459367,0.5932420872540634,1949,0.4602224123182207,0.12296834901625321,0.4168092386655261
1513,37119,2924,713,1459,728,2211,2924,1.0,0.24384404924760603,0.756155950752394,737,0.49897400820793436,0.24897400820793433,0.25205198358413133
1514,37119,3854,1561,2188,771,2293,3854,1.0,0.4050337311883757,0.5949662688116243,895,0.5677218474312403,0.20005189413596264,0.2322262584327971
1515,37119,3320,1074,1665,653,2246,3320,1.0,0.32349397590361445,0.6765060240963855,1002,0.5015060240963856,0.1966867469879518,0.30180722891566264
1516,37119,9286,2193,4320,2550,7093,9286,1.0,0.23616196424725394,0.7638380357527461,2416,0.4652164548783114,0.2746069351712255,0.26017660995046304
1517,37119,4448,657,2249,2149,3791,4448,1.0,0.1477068345323741,0.8522931654676259,50,0.5056205035971223,0.4831384892086331,0.011241007194244604
1518,37119,2536,80,825,1409,2456,2536,1.0,0.031545741324921134,0.9684542586750788,302,0.3253154574132492,0.5555993690851735,0.11908517350157728
1519,37119,4341,116,1597,1882,4225,4341,1.0,0.026721953466943102,0.9732780465330569,862,0.36788758350610457,0.43354065883437,0.19857175765952545
1520,37119,8303,2100,4060,2184,6203,8303,1.0,0.25292063109719376,0.7470793689028062,2059,0.488979886787908,0.26303745634108155,0.24798265687101048
1521,37119,3017,216,907,1447,2801,3017,1.0,0.07159429897248923,0.9284057010275107,663,0.3006297646668876,0.4796155120981107,0.21975472323500167
1522,37119,4182,2141,1590,181,2041,4182,1.0,0.5119560019129603,0.4880439980870397,2411,0.3802008608321377,0.04328072692491631,0.576518412242946
1523,37119,1732,267,900,316,1465,1732,1.0,0.1541570438799076,0.8458429561200924,516,0.5196304849884527,0.18244803695150116,0.2979214780600462
1524,37119,3104,709,844,314,2395,3104,1.0,0.22841494845360824,0.7715850515463918,1946,0.27190721649484534,0.10115979381443299,0.6269329896907216
1525,37119,3584,1213,1463,355,2371,3584,1.0,0.3384486607142857,0.6615513392857143,1766,0.408203125,0.09905133928571429,0.4927455357142857
1526,37119,2521,167,1162,917,2354,2521,1.0,0.06624355414518049,0.9337564458548195,442,0.46092820309401034,0.3637445458151527,0.17532725109083697
1527,37119,1610,22,694,910,1588,1610,1.0,0.013664596273291925,0.986335403726708,6,0.43105590062111804,0.5652173913043478,0.0037267080745341614
1528,37119,3856,892,1310,1050,2964,3856,1.0,0.23132780082987553,0.7686721991701245,1496,0.33973029045643155,0.27230290456431533,0.3879668049792531
1529,37119,4736,2423,2898,627,2313,4736,1.0,0.5116131756756757,0.48838682432432434,1211,0.6119087837837838,0.13239020270270271,0.2557010135135135
1530,37119,4608,2104,2946,674,2504,4608,1.0,0.4565972222222222,0.5434027777777778,988,0.6393229166666666,0.1462673611111111,0.2144097222222222
1531,37119,7110,673,2916,2628,6437,7110,1.0,0.09465541490857947,0.9053445850914206,1566,0.41012658227848103,0.369620253164557,0.22025316455696203
1532,37119,3518,67,1737,1780,3451,3518,1.0729103111653446,0.019044911881750996,0.980955088118249,1,0.4937464468447982,0.5059693007390563,0.0002842524161455372
1533,37119,5656,497,2780,1370,5159,5656,1.0,0.08787128712871287,0.9121287128712872,1506,0.4915134370579915,0.24222065063649223,0.2662659123055163
1534,37119,3676,1830,1203,216,1846,3676,1.0,0.49782372143634385,0.5021762785636561,2257,0.32725788900979325,0.058759521218716,0.6139825897714908
1535,37119,2098,107,1001,724,1991,2098,1.0,0.05100095328884652,0.9489990467111534,373,0.4771210676835081,0.34509056244041947,0.17778836987607244
1536,37119,2465,322,864,439,2143,2465,1.0,0.1306288032454361,0.8693711967545639,1162,0.3505070993914807,0.17809330628803247,0.47139959432048684
1537,37119,3058,300,1322,764,2758,3058,1.0,0.09810333551340746,0.9018966644865926,972,0.4323086984957489,0.249836494440811,0.31785480706344016
1538,37119,2649,2321,1528,110,328,2649,1.0,0.8761796904492262,0.12382030955077387,1011,0.5768214420536051,0.041525103812759534,0.38165345413363533
1539,37119,2462,2280,1671,147,182,2462,1.0,0.9260763606823721,0.07392363931762795,644,0.6787164906580017,0.05970755483346873,0.26157595450852966
1540,37119,1741,1561,991,52,180,1741,1.0,0.8966111430212521,0.10338885697874785,698,0.569213095921884,0.02986789201608271,0.4009190120620333
1541,37119,1752,1533,841,60,219,1752,1.0,0.875,0.125,851,0.4800228310502283,0.03424657534246575,0.4857305936073059
1542,37119,2775,202,871,754,2573,2775,1.0,0.0727927927927928,0.9272072072072072,1150,0.3138738738738739,0.2717117117117117,0.4144144144144144
1543,37119,1760,202,933,630,1558,1760,1.0,0.11477272727272728,0.8852272727272728,197,0.5301136363636364,0.35795454545454547,0.11193181818181819
1544,37119,1739,177,620,336,1562,1739,1.0,0.10178263369752731,0.8982173663024727,783,0.35652673950546293,0.1932144910868315,0.4502587694077056
1545,37119,2186,1793,1205,101,393,2186,1.0,0.8202195791399817,0.1797804208600183,880,0.5512351326623971,0.046203110704483075,0.4025617566331198
1546,37119,3339,1049,1108,433,2290,3339,1.0,0.3141659179395028,0.6858340820604971,1798,0.33183587900569034,0.1296795447738844,0.5384845762204252
1547,37119,3476,1352,1061,255,2124,3476,1.0,0.38895281933256615,0.6110471806674338,2160,0.30523590333716916,0.07336018411967779,0.6214039125431531
1548,37119,2887,1076,1107,302,1811,2887,1.0,0.3727052303429165,0.6272947696570835,1478,0.3834430204364392,0.10460685833044683,0.511950121233114
1549,37119,1446,368,475,258,1078,1446,1.0,0.2544951590594744,0.7455048409405256,713,0.3284923928077455,0.17842323651452283,0.4930843706777317
1550,37119,1379,102,634,468,1277,1379,1.0,0.07396664249456128,0.9260333575054387,277,0.45975344452501815,0.3393763596809282,0.20087019579405366
1551,37119,1513,122,748,472,1391,1513,1.0,0.0806345009914078,0.9193654990085922,293,0.4943820224719101,0.3119629874421679,0.19365499008592202
1552,37119,1451,42,635,555,1409,1451,1.0,0.028945554789800137,0.9710544452101999,261,0.4376292212267402,0.3824948311509304,0.17987594762232942
1553,37119,2251,770,834,420,1481,2251,1.0,0.34207019102621056,0.6579298089737894,997,0.370501999111506,0.18658374055975122,0.44291426032874276
1554,37119,3768,154,1486,1677,3614,3768,1.0,0.04087048832271762,0.9591295116772823,605,0.39437367303609344,0.4450636942675159,0.16056263269639065
1555,37119,1899,23,877,906,1876,1899,1.0,0.012111637704054766,0.9878883622959452,116,0.46182201158504477,0.47709320695102686,0.061084781463928386
1556,37119,2135,198,593,792,1937,2135,1.0,0.09274004683840749,0.9072599531615925,750,0.27775175644028105,0.37096018735362996,0.351288056206089
1557,37119,1517,54,666,566,1463,1517,1.0,0.035596572181938034,0.964403427818062,285,0.43902439024390244,0.3731048121292024,0.18787079762689518
1558,37119,1820,130,712,601,1690,1820,1.0,0.07142857142857142,0.9285714285714286,507,0.3912087912087912,0.3302197802197802,0.2785714285714286
1559,37119,2623,118,1020,1071,2505,2623,1.0,0.04498665650019062,0.9550133434998094,532,0.3888677087304613,0.40831109416698436,0.20282119710255433
1560,37119,3102,114,1168,1361,2988,3102,1.0,0.0367504835589942,0.9632495164410058,573,0.3765312701482914,0.438749194068343,0.18471953578336556
1561,37119,2880,99,1198,1035,2781,2880,1.0,0.034375,0.965625,647,0.41597222222222224,0.359375,0.22465277777777778
1562,37119,6015,1544,2342,1311,4471,6015,1.0,0.256691604322527,0.743308395677473,2362,0.38935993349958437,0.21795511221945138,0.3926849542809643
1563,37119,3267,1913,1334,152,1354,3267,1.0,0.5855524946434038,0.41444750535659625,1781,0.4083256810529538,0.04652586470768289,0.5451484542393633
1564,37119,1851,220,695,737,1631,1851,1.0,0.11885467314964884,0.8811453268503512,419,0.375472717450027,0.3981631550513236,0.22636412749864937
1565,37119,4772,1446,1872,779,3326,4772,1.0,0.3030176026823135,0.6969823973176865,2121,0.3922883487007544,0.16324392288348702,0.4444677284157586
1566,37119,5078,2234,1767,458,2844,5078,1.0,0.4399369830641985,0.5600630169358015,2853,0.34797164237888933,0.09019298936589208,0.5618353682552186
1567,37119,2679,864,925,293,1815,2679,1.0,0.322508398656215,0.6774916013437849,1461,0.3452780888391191,0.10936916759985069,0.5453527435610303
1568,37119,2211,699,845,419,1512,2211,1.0,0.31614654002713705,0.683853459972863,947,0.38218000904568067,0.1895070104025328,0.4283129805517865
1569,37119,3418,1474,1429,522,1944,3418,1.0,0.4312463428905793,0.5687536571094207,1467,0.4180807489760094,0.15272088940901113,0.42919836161497954
1570,37119,4818,2765,2169,492,2053,4818,1.0,0.5738895807388958,0.4261104192611042,2157,0.450186799501868,0.10211706102117062,0.4476961394769614
1571,37119,5096,2692,1736,130,2404,5096,1.0,0.5282574568288854,0.4717425431711146,3230,0.34065934065934067,0.025510204081632654,0.6338304552590267
1572,37119,3827,1211,1600,650,2616,3827,1.0,0.31643585053566764,0.6835641494643324,1577,0.4180820486020381,0.169845832244578,0.4120721191533839
1573,37119,3722,1538,1158,266,2184,3722,1.0,0.41321869962385815,0.5867813003761418,2298,0.3111230521225148,0.07146695325094035,0.6174099946265449
1574,37119,3888,1846,1180,183,2042,3888,1.0,0.4747942386831276,0.5252057613168725,2525,0.30349794238683125,0.0470679012345679,0.6494341563786008
1575,37119,2576,454,1140,659,2122,2576,1.0,0.17624223602484473,0.8237577639751553,777,0.44254658385093165,0.25582298136645965,0.3016304347826087
1576,37119,1858,91,637,797,1767,1858,1.0,0.04897739504843918,0.9510226049515608,424,0.3428417653390743,0.42895586652314316,0.22820236813778255
1577,37119,1783,25,736,963,1758,1783,1.0,0.014021312394840156,0.9859786876051598,84,0.4127874369040942,0.5401009534492428,0.04711160964666293
1578,37119,3492,295,1075,815,3197,3492,1.0,0.08447880870561283,0.9155211912943871,1602,0.30784650630011456,0.2333906071019473,0.4587628865979381
1579,37119,6329,2531,2770,1340,3798,6329,1.0,0.3999051982935693,0.6000948017064307,2219,0.4376678780218044,0.21172381102859852,0.3506083109495971
1580,37119,1646,78,636,625,1568,1646,1.0,0.04738760631834751,0.9526123936816525,385,0.3863912515188335,0.37970838396111783,0.23390036452004861
1581,37119,3989,194,1595,1751,3795,3989,1.0,0.04863374279267987,0.9513662572073202,643,0.39984958636249684,0.4389571321133116,0.16119328152419152
1582,37119,3175,287,1126,1161,2888,3175,1.0,0.09039370078740157,0.9096062992125984,888,0.35464566929133856,0.36566929133858267,0.2796850393700787
1583,37119,2535,916,871,423,1619,2535,1.0,0.3613412228796844,0.6386587771203156,1241,0.3435897435897436,0.1668639053254438,0.48954635108481265
1584,37119,2483,1198,975,272,1285,2483,1.0,0.4824808699154249,0.5175191300845751,1236,0.39267015706806285,0.10954490535642368,0.4977849375755135
1585,37119,1961,128,860,705,1833,1961,1.0,0.06527281998980113,0.9347271800101988,396,0.4385517593064763,0.3595104538500765,0.2019377868434472
1586,37119,3228,468,1025,888,2760,3228,1.0,0.1449814126394052,0.8550185873605948,1315,0.31753407682775714,0.275092936802974,0.4073729863692689
1587,37119,1879,864,772,187,1015,1879,1.0,0.45981905268759976,0.5401809473124002,920,0.4108568387440128,0.09952102182011709,0.48962213943587013
1588,37119,5488,1809,1285,236,3679,5488,1.0,0.32962827988338195,0.670371720116618,3967,0.2341472303206997,0.043002915451895045,0.7228498542274052
1589,37119,3696,1558,1089,216,2138,3696,1.0,0.42153679653679654,0.5784632034632035,2391,0.29464285714285715,0.05844155844155844,0.6469155844155844
1590,37119,2871,200,1119,985,2671,2871,1.0,0.06966213862765587,0.9303378613723441,767,0.3897596656217346,0.34308603274120514,0.2671543016370603
1591,37119,3074,269,900,940,2805,3074,1.0,0.08750813272608979,0.9124918672739102,1234,0.29277813923227064,0.30579050097592714,0.4014313597918022
1592,37119,5457,1725,2037,823,3732,5457,1.0,0.3161077515118197,0.6838922484881803,2597,0.37328202308960967,0.15081546637346527,0.47590251053692506
1593,37119,3045,90,1281,1286,2955,3045,1.0,0.029556650246305417,0.9704433497536946,478,0.4206896551724138,0.42233169129720854,0.15697865353037768
1594,37119,3646,2468,1773,205,1178,3646,1.0,0.6769061985737795,0.3230938014262205,1668,0.48628634119583103,0.05622600109709271,0.4574876577070762
1595,37119,5049,1868,2148,509,3181,5049,1.0,0.3699742523271935,0.6300257476728065,2392,0.42543077837195487,0.10081204198851258,0.47375717963953257
1596,37119,1658,89,718,632,1569,1658,1.0,0.05367913148371532,0.9463208685162847,308,0.4330518697225573,0.38118214716525933,0.18576598311218334
1597,37119,5948,2481,2240,402,3467,5948,1.0,0.4171149966375252,0.5828850033624747,3306,0.3765971755211836,0.0675857431069267,0.5558170813718897
1598,37119,3697,1808,2065,455,1889,3697,1.0,0.4890451717608872,0.5109548282391128,1177,0.558560995401677,0.12307276169867461,0.3183662428996484
1599,37119,1557,74,712,508,1483,1557,1.0,0.047527296082209375,0.9524727039177906,337,0.45728965960179835,0.3262684649967887,0.21644187540141296
1600,37119,2646,448,1722,542,2198,2646,1.0,0.1693121693121693,0.8306878306878307,382,0.6507936507936508,0.20483749055177627,0.14436885865457294
1601,37119,3310,1902,1285,140,1408,3310,1.0,0.5746223564954682,0.4253776435045317,1885,0.38821752265861026,0.04229607250755287,0.5694864048338368
1602,37119,2793,1190,1091,349,1603,2793,1.0,0.42606516290726815,0.5739348370927319,1353,0.39061940565699965,0.12495524525599713,0.48442534908700324
1603,37119,2743,994,800,163,1749,2743,1.0,0.36237695953335763,0.6376230404666423,1780,0.2916514764855997,0.05942398833394094,0.6489245351804593
1604,37119,2177,552,906,364,1625,2177,1.0,0.2535599448782728,0.7464400551217272,907,0.41616903996325216,0.16720257234726688,0.41662838768948096
1605,37119,2146,88,1431,440,2058,2146,1.0,0.04100652376514446,0.9589934762348555,275,0.6668219944082013,0.20503261882572227,0.12814538676607642
1606,37119,1319,68,547,548,1251,1319,1.0,0.05155420773313116,0.9484457922668689,224,0.41470811220621684,0.41546626231993933,0.16982562547384383
1607,37119,2600,110,1153,1013,2490,2600,1.0,0.04230769230769231,0.9576923076923077,434,0.44346153846153846,0.38961538461538464,0.16692307692307692
1608,37119,2099,80,756,950,2019,2099,1.0,0.038113387327298714,0.9618866126727013,393,0.36017151024297284,0.45259647451167223,0.18723201524535493
1609,37119,3169,168,1213,1383,3001,3169,1.0,0.05301356894919533,0.9469864310508047,573,0.38277059009151154,0.4364152729567687,0.18081413695171977
1610,37119,2862,128,1103,1151,2734,2862,1.0,0.04472396925227114,0.9552760307477288,608,0.3853948287910552,0.4021663172606569,0.2124388539482879
1611,37119,1947,655,763,331,1292,1947,1.0,0.3364149974319466,0.6635850025680534,853,0.39188495120698513,0.17000513610683102,0.4381099126861839
1612,37119,1931,946,834,235,985,1931,1.0,0.48990160538581046,0.5100983946141895,862,0.43190056965302953,0.12169860176074573,0.44640082858622476
1613,37119,2744,1220,1053,334,1524,2744,1.0,0.4446064139941691,0.5553935860058309,1357,0.3837463556851312,0.1217201166180758,0.494533527696793
1614,37119,3255,301,1083,972,2954,3255,1.0,0.09247311827956989,0.9075268817204301,1200,0.3327188940092166,0.29861751152073734,0.3686635944700461
1615,37119,1651,122,668,578,1529,1651,1.0,0.07389460932768019,0.9261053906723198,405,0.404603270745003,0.3500908540278619,0.24530587522713507
1616,37119,2468,118,975,955,2350,2468,1.0,0.04781199351701783,0.9521880064829822,538,0.3950567260940032,0.38695299837925445,0.2179902755267423
1617,37119,2868,522,1640,735,2346,2868,1.0,0.18200836820083682,0.8179916317991632,493,0.5718270571827058,0.25627615062761505,0.1718967921896792
1618,37119,2193,57,1344,639,2136,2193,1.0,0.025991792065663474,0.9740082079343365,210,0.612859097127223,0.2913816689466484,0.09575923392612859
1619,37119,7647,1976,3890,1456,5671,7647,1.0,0.25840198770759776,0.7415980122924023,2301,0.5086962207401595,0.19040146462665097,0.3009023146331895
1620,37119,2930,2440,1448,139,490,2930,1.0,0.8327645051194539,0.16723549488054607,1343,0.49419795221843005,0.04744027303754266,0.4583617747440273
1621,37119,4682,1738,1200,228,2944,4682,1.0,0.3712088850918411,0.6287911149081589,3254,0.25630072618539085,0.048697137975224264,0.6950021358393849
1622,37119,3539,162,1323,1754,3377,3539,1.0,0.04577564283695959,0.9542243571630404,462,0.3738344165018367,0.49562023170387115,0.13054535179429216
1623,37119,2449,1221,1345,343,1228,2449,1.0,0.4985708452429563,0.5014291547570436,761,0.5492037566353614,0.14005716619028175,0.3107390771743569
1624,37119,2959,1822,1418,198,1137,2959,1.0,0.615748563703954,0.38425143629604597,1343,0.47921595133491046,0.06691449814126393,0.4538695505238256
1625,37119,1612,638,655,219,974,1612,1.0,0.3957816377171216,0.6042183622828784,738,0.4063275434243176,0.1358560794044665,0.45781637717121587
1626,37119,3531,1962,1677,338,1569,3531,1.0,0.5556499575191164,0.4443500424808836,1516,0.4749362786745964,0.09572359105069385,0.42934013027470974
1627,37119,3191,844,1409,764,2347,3191,1.0,0.26449388906298965,0.7355061109370103,1018,0.4415543716703228,0.23942337825133186,0.31902225007834534
1628,37119,2212,469,572,248,1743,2212,1.0,0.2120253164556962,0.7879746835443038,1392,0.2585895117540687,0.11211573236889692,0.6292947558770343
1629,37119,3366,401,1152,810,2965,3366,1.0,0.11913250148544266,0.8808674985145574,1404,0.3422459893048128,0.24064171122994651,0.41711229946524064
1630,37119,5749,2944,1705,421,2805,5749,1.0,0.5120890589667768,0.4879109410332232,3623,0.29657331709862583,0.07323012697860498,0.6301965559227691
1631,37119,2360,1754,1382,156,606,2360,1.0,0.7432203389830508,0.25677966101694916,822,0.5855932203389831,0.06610169491525424,0.3483050847457627
1632,37119,2548,206,1866,477,2342,2548,1.0,0.08084772370486656,0.9191522762951334,205,0.7323390894819466,0.18720565149136578,0.0804552590266876
1633,37119,2965,2779,1901,99,186,2965,1.0,0.9372681281618886,0.0627318718381113,965,0.6411467116357504,0.03338954468802698,0.3254637436762226
1634,37119,2236,1470,1124,130,766,2236,1.0,0.6574239713774598,0.3425760286225403,982,0.5026833631484794,0.05813953488372093,0.43917710196779963
1635,37119,2091,701,762,301,1390,2091,1.0,0.335246293639407,0.664753706360593,1028,0.36441893830703015,0.1439502630320421,0.4916307986609278
1636,37119,1658,50,690,733,1608,1658,1.0,0.030156815440289506,0.9698431845597105,235,0.4161640530759952,0.44209891435464416,0.14173703256936068
1637,37119,2800,768,892,357,2032,2800,1.0,0.2742857142857143,0.7257142857142858,1551,0.31857142857142856,0.1275,0.5539285714285714
1638,37119,4031,234,1633,1897,3797,4031,1.0,0.058050111634830065,0.9419498883651699,501,0.40511039444306624,0.4706028280823617,0.12428677747457206
1639,37119,6613,630,2502,2124,5983,6613,1.0,0.0952668985331922,0.9047331014668079,1987,0.37834568274610614,0.32118554362619084,0.300468773627703
1640,37119,8085,4108,3747,663,3977,8085,1.0,0.5081014223871366,0.4918985776128633,3675,0.4634508348794063,0.08200371057513915,0.45454545454545453
1641,37119,2127,81,720,924,2046,2127,1.0,0.0380818053596615,0.9619181946403385,483,0.3385049365303244,0.43441466854724964,0.22708039492242596
1642,37119,5110,288,1805,2291,4822,5110,1.0,0.0563600782778865,0.9436399217221135,1014,0.3532289628180039,0.4483365949119374,0.19843444227005871
1643,37119,3737,1558,1654,435,2179,3737,1.0,0.4169119614664169,0.583088038533583,1648,0.4426010168584426,0.1164035322451164,0.440995450896441
1644,37119,8593,858,4039,3177,7735,8593,1.0,0.09984871406959153,0.9001512859304085,1377,0.47003374839986034,0.36971953915978123,0.16024671244035843
1645,37119,1411,3,658,734,1408,1411,1.0,0.002126151665485471,0.9978738483345145,19,0.4663359319631467,0.520198440822112,0.013465627214741318
1646,37119,1771,36,708,677,1735,1771,1.0,0.020327498588368152,0.9796725014116319,386,0.3997741389045737,0.38226990400903443,0.21795595708639187
1647,37119,2093,47,1138,701,2046,2093,1.0,0.022455805064500716,0.9775441949354993,254,0.5437171524128046,0.3349259436215958,0.12135690396559962
1648,37119,2386,324,1069,435,2062,2386,1.0,0.1357921207041073,0.8642078792958927,882,0.44803017602682316,0.18231349538977368,0.3696563285834032
1649,37119,4504,2324,3301,1202,2180,4504,1.1137768983428147,0.5159857904085258,0.48401420959147423,1,0.7329040852575488,0.26687388987566607,0.00022202486678507994
1650,37119,1799,1365,1040,180,434,1799,1.0,0.7587548638132295,0.24124513618677043,579,0.5780989438576987,0.1000555864369094,0.3218454697053919
1651,37119,4119,2606,1796,208,1513,4119,1.0,0.6326778344258315,0.36732216557416847,2115,0.4360281621752853,0.05049769361495508,0.5134741442097597
1652,37119,3509,238,1229,1324,3271,3509,1.0,0.06782559133656313,0.9321744086634369,956,0.35024223425477347,0.37731547449415787,0.27244229125106867
1653,37119,6005,588,1942,1924,5417,6005,1.0,0.09791840133222315,0.9020815986677768,2139,0.32339716902581184,0.3203996669442132,0.35620316402997504
1654,37119,3502,232,1297,1286,3270,3502,1.0,0.06624785836664764,0.9337521416333524,919,0.37035979440319816,0.3672187321530554,0.26242147344374644
1655,37119,6627,1362,2411,698,5265,6627,1.0,0.20552286102308737,0.7944771389769126,3518,0.3638146974498265,0.10532669382827825,0.5308586087218953
1656,37119,5239,390,2017,2126,4849,5239,1.0,0.07444168734491315,0.9255583126550868,1096,0.38499713685817905,0.4058026340904753,0.20920022905134567
1657,37119,5309,357,2021,1979,4952,5309,1.0,0.06724430212846111,0.9327556978715389,1309,0.38067432661518175,0.37276323224712754,0.2465624411376907
1658,37119,5621,220,2001,2236,5401,5621,1.0,0.03913894324853229,0.9608610567514677,1384,0.3559864792741505,0.3977939868350827,0.24621953389076676
1659,37119,2304,361,696,705,1943,2304,1.0,0.1566840277777778,0.8433159722222222,903,0.3020833333333333,0.3059895833333333,0.3919270833333333
1660,37119,6280,2172,3082,1497,4108,6280,1.0,0.34585987261146495,0.654140127388535,1701,0.4907643312101911,0.23837579617834395,0.270859872611465
1661,37119,5537,2550,2793,886,2987,5537,1.0,0.46053819757991693,0.5394618024200831,1858,0.504424778761062,0.16001444825717898,0.33556077298175907
1662,37119,3236,1020,1576,869,2216,3236,1.0,0.315203955500618,0.6847960444993819,791,0.48702101359703337,0.2685414091470952,0.24443757725587145
1663,37119,5123,407,1691,1993,4716,5123,1.0,0.07944563732188172,0.9205543626781183,1439,0.33008003123170016,0.389029865313293,0.2808901034550068
1664,37119,4440,545,1575,1679,3895,4440,1.0,0.12274774774774774,0.8772522522522522,1186,0.3547297297297297,0.3781531531531532,0.2671171171171171
1665,37119,6046,4362,3440,493,1684,6046,1.0,0.7214687396625868,0.27853126033741316,2113,0.5689712206417467,0.08154151505127356,0.3494872643069798
1666,37119,7736,2969,4829,1570,4767,7736,1.0,0.38379007238883145,0.6162099276111686,1337,0.624224405377456,0.202947259565667,0.17282833505687695
1667,37119,12127,4351,5163,1323,7776,12127,1.0,0.35878617959924136,0.6412138204007586,5641,0.4257442071410901,0.10909540694318463,0.4651603859157252
1668,37119,2602,1863,1510,240,739,2602,1.0,0.7159877017678709,0.28401229823212915,852,0.5803228285933897,0.09223674096848578,0.32744043043812454
1669,37119,3045,1979,1318,203,1066,3045,1.0,0.6499178981937602,0.3500821018062397,1524,0.4328407224958949,0.06666666666666667,0.5004926108374385
1670,37119,2241,2132,1354,54,109,2241,1.0,0.9513609995537706,0.04863900044622936,833,0.604194556001785,0.024096385542168676,0.3717090584560464
1671,37119,3693,2582,1843,305,1111,3693,1.0,0.6991605740590306,0.3008394259409694,1545,0.4990522610343894,0.08258868128892499,0.41835905767668563
1672,37119,3721,2513,1354,156,1208,3721,1.0,0.6753560870733674,0.32464391292663264,2211,0.3638806772373018,0.04192421392098898,0.5941951088417092
1673,37119,4867,2980,2592,423,1887,4867,1.0,0.6122868296692008,0.3877131703307993,1852,0.5325662625847545,0.08691185535237313,0.3805218820628724
1674,37119,3255,1236,1809,665,2019,3255,1.0,0.3797235023041475,0.6202764976958526,781,0.5557603686635945,0.20430107526881722,0.23993855606758832
1675,37119,3572,371,1174,1293,3201,3572,1.0,0.10386338185890258,0.8961366181410975,1105,0.32866741321388576,0.36198208286674133,0.3093505039193729
1676,37119,4813,668,1713,1641,4145,4813,1.0,0.1387907749844172,0.8612092250155828,1459,0.3559110741741118,0.34095158944525245,0.3031373363806358
1677,37119,2763,175,763,1230,2588,2763,1.0,0.06333695258776692,0.936663047412233,770,0.2761491132826638,0.44516829533116176,0.27868259138617446
1678,37121,1472,9,246,656,1463,1472,1.0,0.006114130434782609,0.9938858695652174,570,0.1671195652173913,0.44565217391304346,0.38722826086956524
1679,37121,6555,23,1089,2981,6532,6555,1.0,0.0035087719298245615,0.9964912280701754,2485,0.16613272311212815,0.4547673531655225,0.37909992372234935
1680,37121,648,3,66,333,645,648,1.0,0.004629629629629629,0.9953703703703703,249,0.10185185185185185,0.5138888888888888,0.38425925925925924
1681,37121,202,0,22,130,202,202,1.0,0.0,1.0,50,0.10891089108910891,0.6435643564356436,0.24752475247524752
1682,37121,971,1,83,417,970,971,1.0,0.0010298661174047373,0.9989701338825953,471,0.0854788877445932,0.4294541709577755,0.4850669412976313
1683,37121,630,1,91,321,629,630,1.0,0.0015873015873015873,0.9984126984126984,218,0.14444444444444443,0.5095238095238095,0.346031746031746
1684,37121,1440,1,334,614,1439,1440,1.0,0.0006944444444444445,0.9993055555555556,492,0.23194444444444445,0.4263888888888889,0.3416666666666667
1685,37121,295,0,43,171,295,295,1.0,0.0,1.0,81,0.14576271186440679,0.5796610169491525,0.2745762711864407
1686,37121,331,0,24,199,331,331,1.0,0.0,1.0,108,0.07250755287009064,0.6012084592145015,0.32628398791540786
1687,37123,1602,15,247,736,1587,1602,1.0,0.009363295880149813,0.9906367041198502,619,0.15418227215980024,0.45942571785268416,0.3863920099875156
1688,37123,371,0,41,200,371,371,1.0,0.0,1.0,130,0.1105121293800539,0.5390835579514824,0.3504043126684636
1689,37123,1500,18,219,746,1482,1500,1.0,0.012,0.988,535,0.146,0.49733333333333335,0.3566666666666667
1690,37123,564,189,204,137,375,564,1.0,0.3351063829787234,0.6648936170212766,223,0.3617021276595745,0.2429078014184397,0.3953900709219858
1691,37123,640,13,81,306,627,640,1.0,0.0203125,0.9796875,253,0.1265625,0.478125,0.3953125
1692,37123,2457,550,376,588,1907,2457,1.0,0.22385022385022385,0.7761497761497762,1493,0.15303215303215303,0.23931623931623933,0.6076516076516076
1693,37123,1771,952,886,382,819,1771,1.0,0.5375494071146245,0.4624505928853755,503,0.5002823263692829,0.21569734613212874,0.28402032749858835
1694,37123,2189,105,270,773,2084,2189,1.0,0.047967108268615805,0.9520328917313842,1146,0.12334399269072636,0.353129282777524,0.5235267245317496
1695,37123,2048,364,537,457,1684,2048,1.0,0.177734375,0.822265625,1054,0.26220703125,0.22314453125,0.5146484375
1696,37123,1174,102,217,520,1072,1174,1.0,0.0868824531516184,0.9131175468483816,437,0.1848381601362862,0.44293015332197616,0.37223168654173766
1697,37123,2481,568,606,805,1913,2481,1.0,0.22893994357114067,0.7710600564288593,1070,0.24425634824667472,0.324465941152761,0.4312777106005643
1698,37123,761,100,139,352,661,761,1.0,0.1314060446780552,0.8685939553219448,270,0.18265440210249673,0.46254927726675427,0.354796320630749
1699,37123,2252,369,495,492,1883,2252,1.0,0.163854351687389,0.8361456483126111,1265,0.21980461811722912,0.21847246891651864,0.5617229129662522
1700,37123,1242,543,340,162,699,1242,1.0,0.43719806763285024,0.5628019323671497,740,0.27375201288244766,0.13043478260869565,0.5958132045088567
1701,37125,3710,226,1131,1766,3484,3710,1.0,0.06091644204851752,0.9390835579514825,813,0.30485175202156334,0.476010781671159,0.21913746630727762
1702,37125,2065,155,247,583,1910,2065,1.0,0.07506053268765134,0.9249394673123487,1235,0.11961259079903147,0.2823244552058111,0.5980629539951574
1703,37125,2068,197,280,965,1871,2068,1.0,0.09526112185686654,0.9047388781431335,823,0.13539651837524178,0.46663442940038685,0.3979690522243714
1704,37125,2854,282,587,1243,2572,2854,1.0,0.09880868955851436,0.9011913104414856,1024,0.2056762438682551,0.4355290819901892,0.3587946741415557
1705,37125,2330,123,293,1210,2207,2330,1.0,0.05278969957081545,0.9472103004291845,827,0.1257510729613734,0.51931330472103,0.35493562231759657
1706,37125,5442,844,1205,2221,4598,5442,1.0,0.15509004042631386,0.8449099595736862,2016,0.22142594634325616,0.4081220139654539,0.37045203969129
1707,37125,4641,203,1218,2468,4438,4641,1.0,0.043740573152337855,0.9562594268476622,955,0.26244343891402716,0.5317819435466494,0.2057746175393234
1708,37125,2637,633,777,927,2004,2637,1.0,0.24004550625711035,0.7599544937428896,933,0.29465301478953354,0.3515358361774744,0.35381114903299204
1709,37125,2321,251,458,837,2070,2321,1.0,0.10814304179233089,0.8918569582076691,1026,0.1973287376130978,0.36062042223179663,0.44205084015510554
1710,37125,4133,811,1086,1413,3322,4133,1.0,0.19622550205661746,0.8037744979433825,1634,0.2627631260585531,0.3418824098717638,0.39535446406968305
1711,37125,3272,1636,1463,974,1636,3272,1.0,0.5,0.5,835,0.4471271393643032,0.29767726161369196,0.2551955990220049
1712,37125,2363,378,622,979,1985,2363,1.0,0.1599661447312738,0.8400338552687262,762,0.2632247143461701,0.4143038510368176,0.3224714346170123
1713,37125,3944,105,1063,2078,3839,3944,1.0,0.026622718052738338,0.9733772819472617,803,0.2695233265720081,0.5268762677484787,0.20360040567951318
1714,37125,2887,325,522,1170,2562,2887,1.0,0.11257360581918947,0.8874263941808105,1195,0.18081052996189817,0.4052649809490821,0.41392448908901974
1715,37125,2530,576,708,849,1954,2530,1.0,0.2276679841897233,0.7723320158102767,973,0.2798418972332016,0.3355731225296443,0.38458498023715415
1716,37125,2477,428,472,954,2049,2477,1.0,0.1727896649172386,0.8272103350827614,1051,0.19055308841340332,0.3851433185304804,0.42430359305611626
1717,37125,2268,51,493,1160,2217,2268,1.0,0.022486772486772486,0.9775132275132276,615,0.2173721340388007,0.5114638447971781,0.27116402116402116
1718,37125,2649,253,836,829,2396,2649,1.0,0.09550773876934693,0.9044922612306531,984,0.31559078897697246,0.31294828237070593,0.3714609286523216
1719,37125,630,385,303,107,245,630,1.0,0.6111111111111112,0.3888888888888889,220,0.48095238095238096,0.16984126984126985,0.3492063492063492
1720,37125,2574,114,848,1362,2460,2574,1.0,0.04428904428904429,0.9557109557109557,364,0.32944832944832947,0.5291375291375291,0.1414141414141414
1721,37125,3212,65,824,1949,3147,3212,1.0,0.020236612702366128,0.9797633872976339,439,0.25653798256537985,0.6067870485678705,0.13667496886674968
1722,37125,3217,198,1027,1373,3019,3217,1.0,0.06154802611128381,0.9384519738887162,817,0.3192415293751943,0.4267951507615791,0.2539633198632266
1723,37125,3260,142,931,1562,3118,3260,1.0,0.043558282208588955,0.9564417177914111,767,0.2855828220858896,0.47914110429447854,0.2352760736196319
1724,37125,1614,275,397,710,1339,1614,1.0,0.17038413878562578,0.8296158612143743,507,0.2459727385377943,0.4399008674101611,0.3141263940520446
1725,37127,2219,1251,1014,425,968,2219,1.0,0.5637674628210906,0.4362325371789094,780,0.4569625957638576,0.1915277151870212,0.3515096890491212
1726,37127,1061,534,441,289,527,1061,1.0,0.5032987747408105,0.49670122525918947,331,0.41564561734213007,0.27238454288407166,0.31196983977379833
1727,37127,1299,284,418,641,1015,1299,1.0,0.21862971516551194,0.7813702848344881,240,0.3217859892224788,0.49345650500384913,0.18475750577367206
1728,37127,844,541,464,146,303,844,1.0,0.6409952606635071,0.3590047393364929,234,0.5497630331753555,0.17298578199052134,0.2772511848341232
1729,37127,2684,680,608,858,2004,2684,1.0,0.2533532041728763,0.7466467958271237,1218,0.22652757078986588,0.319672131147541,0.45380029806259314
1730,37127,2447,558,928,893,1889,2447,1.0,0.22803432774826318,0.7719656722517368,626,0.37923988557417243,0.36493665713118106,0.2558234572946465
1731,37127,2910,267,592,1775,2643,2910,1.0,0.09175257731958762,0.9082474226804124,543,0.2034364261168385,0.6099656357388317,0.1865979381443299
1732,37127,2922,916,1145,923,2006,2922,1.0,0.3134839151266256,0.6865160848733745,854,0.391854893908282,0.31587953456536616,0.2922655715263518
1733,37127,1540,485,479,513,1055,1540,1.0,0.31493506493506496,0.685064935064935,548,0.31103896103896106,0.33311688311688314,0.35584415584415585
1734,37127,3234,1494,1403,571,1740,3234,1.0,0.4619666048237477,0.5380333951762524,1260,0.43382807668521955,0.17656153370439084,0.38961038961038963
1735,37127,8013,3012,2589,2570,5001,8013,1.0,0.37588918008236616,0.6241108199176338,2854,0.3230999625608386,0.3207288156745289,0.35617122176463245
1736,37127,3416,738,815,1512,2678,3416,1.0,0.21604215456674472,0.7839578454332553,1089,0.2385831381733021,0.4426229508196721,0.31879391100702575
1737,37127,1473,929,559,190,544,1473,1.0,0.6306856754921928,0.3693143245078072,724,0.37949762389680924,0.12898845892735913,0.49151391717583165
1738,37127,6575,2899,2529,1303,3676,6575,1.0,0.4409125475285171,0.5590874524714828,2743,0.384638783269962,0.19817490494296577,0.4171863117870722
1739,37127,4436,975,1181,1827,3461,4436,1.0,0.21979260595130748,0.7802073940486925,1428,0.2662308385933273,0.4118575293056808,0.3219116321009919
1740,37127,886,165,225,404,721,886,1.0,0.18623024830699775,0.8137697516930023,257,0.25395033860045146,0.45598194130925507,0.29006772009029347
1741,37127,2777,166,438,1695,2611,2777,1.0,0.05977673748649622,0.9402232625135037,644,0.15772416276557435,0.6103709038530789,0.23190493338134677
1742,37127,2299,383,483,723,1916,2299,1.0,0.16659417137886037,0.8334058286211397,1093,0.21009134406263594,0.3144845585036973,0.4754240974336668
1743,37127,2422,1901,1246,153,521,2422,1.0,0.7848885218827415,0.21511147811725848,1023,0.5144508670520231,0.06317093311312964,0.42237819983484726
1744,37127,3777,1253,1264,1217,2524,3777,1.0,0.3317447709822611,0.6682552290177389,1296,0.33465713529256025,0.3222133968758274,0.3431294678316124
1745,37127,1942,1062,871,292,880,1942,1.0,0.5468589083419155,0.45314109165808447,779,0.44850669412976313,0.15036045314109167,0.40113285272914523
1746,37127,3864,2780,1904,343,1084,3864,1.0,0.7194616977225673,0.2805383022774327,1617,0.4927536231884058,0.08876811594202899,0.41847826086956524
1747,37127,3285,1283,1311,891,2002,3285,1.0,0.39056316590563167,0.6094368340943683,1083,0.39908675799086757,0.27123287671232876,0.32968036529680367
1748,37127,1176,567,499,293,609,1176,1.0,0.48214285714285715,0.5178571428571429,384,0.42431972789115646,0.24914965986394558,0.32653061224489793
1749,37127,2149,365,470,803,1784,2149,1.0,0.1698464402047464,0.8301535597952536,876,0.2187063750581666,0.3736621684504421,0.4076314564913913
1750,37127,3255,656,770,1236,2599,3255,1.0,0.20153609831029187,0.7984639016897082,1249,0.23655913978494625,0.3797235023041475,0.3837173579109063
1751,37129,3653,647,757,1184,3006,3653,1.0,0.17711470024637285,0.8228852997536271,1712,0.20722693676430332,0.3241171639748152,0.46865589926088147
1752,37129,1720,10,589,747,1710,1720,1.0,0.005813953488372093,0.9941860465116279,384,0.34244186046511627,0.43430232558139537,0.22325581395348837
1753,37129,2740,18,993,1142,2722,2740,1.0,0.006569343065693431,0.9934306569343065,605,0.3624087591240876,0.4167883211678832,0.2208029197080292
1754,37129,3965,1092,1237,1176,2873,3965,1.0,0.2754098360655738,0.7245901639344262,1552,0.3119798234552333,0.2965952080706179,0.3914249684741488
1755,37129,5330,936,1570,1187,4394,5330,1.0,0.17560975609756097,0.824390243902439,2573,0.2945590994371482,0.22270168855534708,0.4827392120075047
1756,37129,4125,338,1209,1483,3787,4125,1.0,0.08193939393939394,0.918060606060606,1433,0.29309090909090907,0.3595151515151515,0.3473939393939394
1757,37129,10091,1362,3427,3409,8729,10091,1.0,0.1349717570111981,0.8650282429888019,3255,0.3396095530670895,0.3378257853532851,0.32256466157962543
1758,37129,6570,196,2471,3380,6374,6570,1.0,0.029832572298325723,0.9701674277016743,719,0.376103500761035,0.5144596651445966,0.10943683409436834
1759,37129,2162,6,780,883,2156,2162,1.0,0.0027752081406105457,0.9972247918593895,499,0.36077705827937095,0.408418131359852,0.23080481036077705
1760,37129,8844,409,2517,3436,8435,8844,1.0,0.04624604251469923,0.9537539574853008,2891,0.2845997286295794,0.3885119855269109,0.3268882858435097
1761,37129,6226,388,2314,2293,5838,6226,1.0,0.062319306135560554,0.9376806938644394,1619,0.37166720205589465,0.3682942499196916,0.26003854802441373
1762,37129,4314,236,1374,1986,4078,4314,1.0,0.054705609643022714,0.9452943903569773,954,0.3184979137691238,0.4603616133518776,0.2211404728789986
1763,37129,2487,310,905,842,2177,2487,1.0,0.12464817048652996,0.87535182951347,740,0.36389223964616,0.33856051467631687,0.2975472456775231
1764,37129,5462,167,2168,2465,5295,5462,1.0,0.03057488099597217,0.9694251190040278,829,0.39692420358842917,0.45129989015012817,0.1517759062614427
1765,37129,4669,118,1628,2077,4551,4669,1.0,0.025273077746840865,0.9747269222531592,964,0.34868280145641467,0.44484900406939387,0.20646819447419149
1766,37129,2043,17,726,831,2026,2043,1.0,0.008321096426823299,0.9916789035731767,486,0.355359765051395,0.4067547723935389,0.23788546255506607
1767,37129,6847,1098,1877,2188,5749,6847,1.0,0.16036220242441945,0.8396377975755805,2782,0.2741346575142398,0.3195560099313568,0.4063093325544034
1768,37129,3318,382,970,1081,2936,3318,1.0,0.11512959614225438,0.8848704038577456,1267,0.2923447860156721,0.3257986738999397,0.3818565400843882
1769,37129,3632,1584,2098,342,2048,3632,1.0,0.43612334801762115,0.5638766519823789,1192,0.5776431718061674,0.09416299559471365,0.32819383259911894
1770,37129,2300,867,747,397,1433,2300,1.0,0.3769565217391304,0.6230434782608696,1156,0.3247826086956522,0.1726086956521739,0.5026086956521739
1771,37129,6461,2460,2375,518,4001,6461,1.0,0.38074601454883145,0.6192539854511685,3568,0.3675901563225507,0.08017334777898158,0.5522364958984677
1772,37129,3695,2862,1999,161,833,3695,1.0,0.7745602165087957,0.22543978349120433,1535,0.5410013531799729,0.0435723951285521,0.41542625169147496
1773,37129,3182,953,1734,398,2229,3182,1.0,0.29949717159019484,0.7005028284098052,1050,0.5449402891263356,0.12507856693903205,0.3299811439346323
1774,37129,2141,1069,1242,178,1072,2141,1.0,0.4992993928070995,0.5007006071929005,721,0.5801027557216254,0.0831387202241943,0.3367585240541803
1775,37129,3312,453,1076,569,2859,3312,1.0,0.13677536231884058,0.8632246376811594,1667,0.3248792270531401,0.17179951690821257,0.5033212560386473
1776,37129,3852,151,1465,1455,3701,3852,1.0,0.03920041536863967,0.9607995846313603,932,0.38032191069574245,0.37772585669781933,0.24195223260643822
1777,37129,2039,339,632,604,1700,2039,1.0,0.1662579695929377,0.8337420304070623,803,0.30995586071603726,0.2962236390387445,0.39382050024521825
1778,37129,3860,156,1409,1432,3704,3860,1.0,0.04041450777202073,0.9595854922279793,1019,0.3650259067357513,0.37098445595854923,0.26398963730569946
1779,37129,1885,226,823,478,1659,1885,1.0,0.11989389920424404,0.880106100795756,584,0.43660477453580904,0.2535809018567639,0.30981432360742706
1780,37129,5075,83,1931,2360,4992,5075,1.0,0.016354679802955664,0.9836453201970443,784,0.3804926108374384,0.46502463054187193,0.15448275862068966
1781,37129,4004,517,1487,790,3487,4004,1.0,0.12912087912087913,0.8708791208791209,1727,0.3713786213786214,0.1973026973026973,0.43131868131868134
1782,37129,3101,54,1079,1834,3047,3101,1.0,0.017413737504030958,0.982586262495969,188,0.34795227346017416,0.5914221218961625,0.06062560464366334
1783,37129,3079,809,965,388,2270,3079,1.0,0.26274764533939593,0.7372523546606041,1726,0.3134134459240013,0.126014939915557,0.5605716141604417
1784,37129,3788,95,1237,1552,3693,3788,1.0,0.0250791974656811,0.9749208025343189,999,0.32655755015839494,0.40971488912354803,0.26372756071805703
1785,37129,7558,566,1759,934,6992,7558,1.0,0.07488753638528711,0.9251124636147129,4865,0.23273352738819794,0.12357766604921937,0.6436888065625826
1786,37129,1877,65,599,491,1812,1877,1.0,0.03462972828982419,0.9653702717101759,787,0.31912626531699523,0.2615876398508258,0.419286094832179
1787,37129,4248,294,1391,1245,3954,4248,1.0,0.0692090395480226,0.9307909604519774,1612,0.3274482109227872,0.2930790960451977,0.3794726930320151
1788,37129,5486,157,1597,2007,5329,5486,1.0,0.02861830113014947,0.9713816988698505,1882,0.2911046299671892,0.36584032081662415,0.3430550492161867
1789,37129,3113,111,1186,1168,3002,3113,1.0,0.03565692258271764,0.9643430774172823,759,0.3809829746225506,0.37520077096048826,0.24381625441696114
1790,37131,467,216,149,112,251,467,1.0,0.4625267665952891,0.5374732334047109,206,0.31905781584582443,0.2398286937901499,0.4411134903640257
1791,37131,597,403,89,45,194,597,1.0,0.6750418760469011,0.3249581239530988,463,0.1490787269681742,0.07537688442211055,0.7755443886097152
1792,37131,1402,418,431,531,984,1402,1.0,0.29814550641940085,0.7018544935805991,440,0.3074179743223966,0.37874465049928674,0.31383737517831667
1793,37131,3249,2031,1256,462,1218,3249,1.0,0.6251154201292706,0.37488457987072943,1531,0.38658048630347797,0.14219759926131118,0.47122191443521083
1794,37131,1206,779,454,211,427,1206,1.0,0.6459369817578773,0.3540630182421227,541,0.37645107794361526,0.17495854063018243,0.44859038142620233
1795,37131,1617,1153,736,210,464,1617,1.0,0.7130488559059988,0.28695114409400124,671,0.4551638837353123,0.12987012987012986,0.41496598639455784
1796,37131,530,212,113,148,318,530,1.0,0.4,0.6,269,0.21320754716981133,0.2792452830188679,0.5075471698113208
1797,37131,471,308,170,67,163,471,1.0,0.6539278131634819,0.346072186836518,234,0.3609341825902335,0.14225053078556263,0.4968152866242038
1798,37131,1729,1523,1010,134,206,1729,1.0,0.8808559861191441,0.11914401388085599,585,0.5841526894158473,0.07750144592249855,0.3383458646616541
1799,37131,745,355,211,227,390,745,1.0,0.47651006711409394,0.5234899328859061,307,0.2832214765100671,0.3046979865771812,0.4120805369127517
1800,37131,680,239,181,198,441,680,1.0,0.3514705882352941,0.6485294117647059,301,0.2661764705882353,0.2911764705882353,0.4426470588235294
1801,37131,228,116,88,82,112,228,1.0,0.5087719298245614,0.49122807017543857,58,0.38596491228070173,0.35964912280701755,0.2543859649122807
1802,37131,991,476,290,191,515,991,1.0,0.4803229061553986,0.5196770938446014,510,0.29263370332996974,0.1927346115035318,0.5146316851664985
1803,37131,859,483,298,201,376,859,1.0,0.5622817229336438,0.43771827706635624,360,0.3469150174621653,0.2339930151338766,0.4190919674039581
1804,37131,692,248,208,265,444,692,1.0,0.3583815028901734,0.6416184971098265,219,0.30057803468208094,0.3829479768786127,0.31647398843930635
1805,37131,816,501,115,64,315,816,1.0,0.6139705882352942,0.3860294117647059,637,0.1409313725490196,0.0784313725490196,0.7806372549019608
1806,37131,942,342,238,319,600,942,1.0,0.3630573248407643,0.6369426751592356,385,0.2526539278131635,0.3386411889596603,0.40870488322717624
1807,37131,278,68,57,150,210,278,1.0,0.2446043165467626,0.7553956834532374,71,0.20503597122302158,0.539568345323741,0.25539568345323743
1808,37133,1710,77,343,919,1633,1710,1.0,0.04502923976608187,0.9549707602339181,448,0.20058479532163742,0.5374269005847954,0.26198830409356727
1809,37133,3207,54,520,1730,3153,3207,1.0,0.01683816651075772,0.9831618334892422,957,0.16214530714062989,0.5394449641409417,0.2984097287184284
1810,37133,5001,138,872,2386,4863,5001,1.0,0.027594481103779243,0.9724055188962207,1743,0.17436512697460507,0.4771045790841832,0.34853029394121177
1811,37133,12767,2484,2660,2969,10283,12767,1.0,0.19456411059763454,0.8054358894023654,7138,0.20834965144513198,0.23255267486488604,0.559097673689982
1812,37133,6979,1104,806,1952,5875,6979,1.0,0.15818885227109902,0.841811147728901,4221,0.11548932511821178,0.27969623155179824,0.60481444332999
1813,37133,3380,1779,736,204,1601,3380,1.0,0.5263313609467456,0.47366863905325446,2440,0.21775147928994082,0.06035502958579882,0.7218934911242604
1814,37133,4714,470,1088,2130,4244,4714,1.0,0.09970301230377598,0.900296987696224,1496,0.23080186677980483,0.4518455663979635,0.3173525668222317
1815,37133,10414,2291,1838,2157,8123,10414,1.0,0.21999231803341657,0.7800076819665834,6419,0.17649318225465718,0.20712502400614557,0.6163817937391972
1816,37133,5717,792,952,2447,4925,5717,1.0,0.13853419625677804,0.861465803743222,2318,0.16652090257127863,0.42802168969739374,0.4054574077313276
1817,37133,11512,2398,1945,2714,9114,11512,1.0,0.20830437804030577,0.7916956219596942,6853,0.16895413481584434,0.2357539958304378,0.5952918693537178
1818,37133,26979,3273,786,1322,23706,26979,1.0,0.12131657956188147,0.8786834204381185,24871,0.02913377071055265,0.04900107491011527,0.921865154379332
1819,37133,4291,620,696,1831,3671,4291,1.0,0.14448846422745282,0.8555115357725472,1764,0.162199953390818,0.42670706129107433,0.4110929853181077
1820,37133,1948,161,202,927,1787,1948,1.0,0.08264887063655031,0.9173511293634496,819,0.10369609856262833,0.4758726899383984,0.4204312114989733
1821,37133,1367,260,201,507,1107,1367,1.0,0.19019751280175567,0.8098024871982443,659,0.14703730797366496,0.37088514996342353,0.4820775420629115
1822,37133,5739,302,591,1970,5437,5739,1.0,0.052622408085032234,0.9473775919149677,3178,0.10297961317302666,0.3432653772434222,0.5537550095835512
1823,37133,4065,613,650,1541,3452,4065,1.0,0.15079950799507996,0.8492004920049201,1874,0.15990159901599016,0.37908979089790895,0.46100861008610083
1824,37133,2408,218,259,886,2190,2408,1.0,0.09053156146179402,0.909468438538206,1263,0.10755813953488372,0.36794019933554817,0.5245016611295681
1825,37133,2932,193,315,1189,2739,2932,1.0,0.06582537517053207,0.9341746248294679,1428,0.10743519781718963,0.40552523874488405,0.4870395634379263
1826,37133,1390,102,114,657,1288,1390,1.0,0.07338129496402877,0.9266187050359712,619,0.08201438848920864,0.47266187050359715,0.44532374100719424
1827,37133,3748,280,385,1266,3468,3748,1.0,0.07470651013874066,0.9252934898612594,2097,0.10272145144076841,0.33778014941302026,0.5594983991462114
1828,37133,5784,1131,1118,1786,4653,5784,1.0,0.19553941908713693,0.8044605809128631,2880,0.19329183955739973,0.3087828492392808,0.4979253112033195
1829,37133,2681,332,358,1111,2349,2681,1.0,0.123834390152928,0.876165609847072,1212,0.13353226408056695,0.4143976128310332,0.45207012308839983
1830,37133,4101,142,555,2086,3959,4101,1.0,0.03462570104852475,0.9653742989514752,1460,0.13533284564740308,0.5086564252621312,0.3560107290904657
1831,37135,3273,492,1769,155,2781,3273,1.0,0.15032080659945005,0.84967919340055,1349,0.5404827375496486,0.04735716468072105,0.4121600977696303
1832,37135,2706,284,1441,286,2422,2706,1.0,0.1049519586104952,0.8950480413895048,979,0.532520325203252,0.10569105691056911,0.3617886178861789
1833,37135,2754,180,1435,210,2574,2754,1.0,0.06535947712418301,0.934640522875817,1109,0.5210602759622367,0.07625272331154684,0.40268700072621644
1834,37135,3351,205,1797,935,3146,3351,1.0,0.061175768427335124,0.9388242315726649,619,0.5362578334825425,0.27902118770516265,0.18472097881229485
1835,37135,2224,167,1578,230,2057,2224,1.0,0.07508992805755396,0.924910071942446,416,0.7095323741007195,0.10341726618705036,0.18705035971223022
1836,37135,2315,81,1449,372,2234,2315,1.0,0.03498920086393088,0.9650107991360691,494,0.6259179265658747,0.16069114470842333,0.21339092872570195
1837,37135,2044,273,1312,257,1771,2044,1.0,0.13356164383561644,0.8664383561643836,475,0.6418786692759295,0.12573385518591,0.23238747553816047
1838,37135,1793,214,1116,179,1579,1793,1.0,0.11935303959843838,0.8806469604015617,498,0.622420524261015,0.09983268265476855,0.2777467930842164
1839,37135,1139,303,415,403,836,1139,1.0,0.2660228270412643,0.7339771729587358,321,0.36435469710272167,0.353819139596137,0.28182616330114135
1840,37135,1547,260,616,522,1287,1547,1.0,0.16806722689075632,0.8319327731092437,409,0.39819004524886875,0.3374272786037492,0.26438267614738203
1841,37135,1814,130,1038,182,1684,1814,1.0,0.07166482910694598,0.9283351708930541,594,0.5722160970231532,0.10033076074972437,0.3274531422271224
1842,37135,2029,34,1801,227,1995,2029,1.0129870129870129,0.016757023164120255,0.9832429768358797,1,0.8876293740758995,0.11187777230162642,0.0004928536224741252
1843,37135,3396,488,1840,332,2908,3396,1.0,0.143698468786808,0.856301531213192,1224,0.541813898704358,0.0977620730270907,0.36042402826855124
1844,37135,908,44,667,112,864,908,1.0,0.048458149779735685,0.9515418502202643,129,0.7345814977973568,0.12334801762114538,0.1420704845814978
1845,37135,2816,256,1683,280,2560,2816,1.0,0.09090909090909091,0.9090909090909091,853,0.59765625,0.09943181818181818,0.3029119318181818
1846,37135,3996,598,1877,866,3398,3996,1.0,0.14964964964964966,0.8503503503503503,1253,0.4697197197197197,0.21671671671671672,0.3135635635635636
1847,37135,2681,517,1900,264,2164,2681,1.0,0.1928384930995897,0.8071615069004103,517,0.7086907870197687,0.09847071988064156,0.1928384930995897
1848,37135,3538,255,2212,358,3283,3538,1.0,0.07207461842849067,0.9279253815715093,968,0.6252119841718485,0.10118711136235162,0.2736009044657999
1849,37135,2740,214,1543,269,2526,2740,1.0,0.0781021897810219,0.9218978102189781,928,0.5631386861313868,0.09817518248175182,0.3386861313868613
1850,37135,2883,405,1771,182,2478,2883,1.0,0.1404786680541103,0.8595213319458896,930,0.614290669441554,0.06312868539715574,0.3225806451612903
1851,37135,1164,96,914,105,1068,1164,1.0,0.08247422680412371,0.9175257731958762,145,0.7852233676975945,0.09020618556701031,0.12457044673539519
1852,37135,1854,293,889,469,1561,1854,1.0,0.15803667745415317,0.8419633225458468,496,0.47950377562028046,0.2529665587918015,0.267529665587918
1853,37135,1535,89,1188,113,1446,1535,1.0,0.057980456026058634,0.9420195439739414,234,0.7739413680781759,0.0736156351791531,0.152442996742671
1854,37135,2437,219,1135,1044,2218,2437,1.0,0.0898645876077144,0.9101354123922856,258,0.4657365613459171,0.428395568321707,0.10586787033237587
1855,37135,1732,89,1404,295,1643,1732,1.0,0.05138568129330254,0.9486143187066974,33,0.8106235565819861,0.17032332563510394,0.01905311778290993
1856,37135,5071,1098,2088,1665,3973,5071,1.0,0.2165253401695918,0.7834746598304082,1318,0.4117531058962729,0.3283376059948728,0.2599092881088543
1857,37135,2987,335,2468,518,2652,2987,1.0466175955134946,0.11215266153331102,0.887847338466689,1,0.8262470706394376,0.1734181452962839,0.00033478406427854036
1858,37135,1072,254,709,111,818,1072,1.0,0.23694029850746268,0.7630597014925373,252,0.6613805970149254,0.10354477611940298,0.23507462686567165
1859,37135,2896,350,1448,292,2546,2896,1.0,0.12085635359116022,0.8791436464088398,1156,0.5,0.10082872928176796,0.39917127071823205
1860,37135,4442,248,2683,891,4194,4442,1.0,0.055830706888788835,0.9441692931112111,868,0.6040072039621792,0.20058532192705988,0.19540747411076093
1861,37135,2455,448,1923,382,2007,2455,1.0,0.1824847250509165,0.8175152749490835,150,0.7832993890020367,0.15560081466395112,0.06109979633401222
1862,37135,1410,329,595,515,1081,1410,1.0,0.23333333333333334,0.7666666666666667,300,0.4219858156028369,0.36524822695035464,0.2127659574468085
1863,37135,2839,266,1848,246,2573,2839,1.0,0.09369496301514618,0.9063050369848539,745,0.6509334272631209,0.08665022895385699,0.2624163437830222
1864,37135,2630,286,1500,978,2344,2630,1.0,0.10874524714828897,0.8912547528517111,152,0.5703422053231939,0.37186311787072246,0.05779467680608365
1865,37135,3193,195,991,978,2998,3193,1.0,0.06107109301597244,0.9389289069840275,1224,0.3103664265580958,0.306295020357031,0.38333855308487313
1866,37135,2220,238,1294,264,1982,2220,1.0,0.10720720720720721,0.8927927927927928,662,0.5828828828828829,0.11891891891891893,0.2981981981981982
1867,37135,1999,247,1488,89,1752,1999,1.0,0.12356178089044523,0.8764382191095548,422,0.7443721860930466,0.04452226113056528,0.2111055527763882
1868,37135,2615,157,1426,363,2458,2615,1.0,0.060038240917782024,0.939961759082218,826,0.5453154875717017,0.13881453154875717,0.3158699808795411
1869,37135,2690,86,2087,322,2604,2690,1.0,0.03197026022304833,0.9680297397769517,281,0.7758364312267658,0.11970260223048328,0.10446096654275093
1870,37135,1502,48,889,460,1454,1502,1.0,0.03195739014647137,0.9680426098535286,153,0.5918774966711052,0.3062583222370173,0.10186418109187749
1871,37135,2713,214,861,1244,2499,2713,1.0,0.07887946922226317,0.9211205307777368,608,0.3173608551419093,0.4585329893107261,0.22410615554736454
1872,37135,1980,267,808,771,1713,1980,1.0,0.13484848484848486,0.8651515151515151,401,0.4080808080808081,0.3893939393939394,0.20252525252525252
1873,37135,2610,1087,1448,417,1523,2610,1.0,0.4164750957854406,0.5835249042145594,745,0.5547892720306513,0.15977011494252874,0.28544061302681994
1874,37137,500,252,152,124,248,500,1.0,0.504,0.496,224,0.304,0.248,0.448
1875,37137,2267,305,521,1003,1962,2267,1.0,0.1345390383767093,0.8654609616232907,743,0.22981914424349362,0.44243493603881784,0.32774591971768857
1876,37137,1859,202,664,865,1657,1859,1.0,0.10866057019903173,0.8913394298009683,330,0.35718128025820334,0.46530392684238836,0.17751479289940827
1877,37137,302,2,7,130,300,302,1.0,0.006622516556291391,0.9933774834437086,165,0.023178807947019868,0.4304635761589404,0.5463576158940397
1878,37137,1428,148,241,738,1280,1428,1.0,0.10364145658263306,0.896358543417367,449,0.16876750700280113,0.5168067226890757,0.31442577030812324
1879,37137,1721,179,237,753,1542,1721,1.0,0.10400929692039512,0.8959907030796049,731,0.13771063335270192,0.4375363160952934,0.42475305055200463
1880,37137,2105,966,531,445,1139,2105,1.0,0.45890736342042754,0.5410926365795724,1129,0.25225653206650833,0.21140142517814728,0.5363420427553445
1881,37137,608,149,113,203,459,608,1.0,0.2450657894736842,0.7549342105263158,292,0.18585526315789475,0.3338815789473684,0.48026315789473684
1882,37139,1731,530,673,477,1201,1731,1.0,0.30618139803581745,0.6938186019641825,581,0.3887926054303871,0.2755632582322357,0.3356441363373772
1883,37139,1305,180,244,520,1125,1305,1.0,0.13793103448275862,0.8620689655172413,541,0.18697318007662836,0.39846743295019155,0.41455938697318007
1884,37139,2840,1865,823,161,975,2840,1.0,0.6566901408450704,0.34330985915492956,1856,0.2897887323943662,0.05669014084507042,0.6535211267605634
1885,37139,1731,578,489,273,1153,1731,1.0,0.3339110340843443,0.6660889659156557,969,0.2824956672443674,0.15771230502599654,0.5597920277296361
1886,37139,3729,654,896,1696,3075,3729,1.0,0.1753821399839099,0.82461786001609,1137,0.24027889514615178,0.4548136229552159,0.3049074818986323
1887,37139,3961,1074,1319,1389,2887,3961,1.0,0.27114365059328455,0.7288563494067155,1253,0.3329967180005049,0.3506690229739965,0.3163342590254986
1888,37139,2111,815,602,569,1296,2111,1.0,0.3860729512079583,0.6139270487920417,940,0.2851729038370441,0.2695405021316911,0.4452865940312648
1889,37139,1466,1085,630,122,381,1466,1.0,0.7401091405184175,0.2598908594815825,714,0.4297407912687585,0.08321964529331514,0.4870395634379263
1890,37139,1548,1307,575,152,241,1548,1.0,0.8443152454780362,0.15568475452196381,821,0.3714470284237726,0.09819121447028424,0.5303617571059431
1891,37139,1694,800,629,168,894,1694,1.0,0.4722550177095632,0.5277449822904369,897,0.37131050767414403,0.09917355371900827,0.5295159386068476
1892,37139,1684,709,432,299,975,1684,1.0,0.42102137767220904,0.578978622327791,953,0.25653206650831356,0.17755344418052257,0.565914489311164
1893,37139,1409,635,370,211,774,1409,1.0,0.45067423704755144,0.5493257629524485,828,0.262597586941093,0.1497515968772179,0.5876508161816891
1894,37139,6253,1542,1092,2034,4711,6253,1.0,0.24660163121701584,0.7533983687829842,3127,0.17463617463617465,0.3252838637454022,0.5000799616184232
1895,37141,3288,312,616,1340,2976,3288,1.0,0.0948905109489051,0.9051094890510949,1332,0.1873479318734793,0.4075425790754258,0.4051094890510949
1896,37141,1725,895,640,381,830,1725,1.0,0.518840579710145,0.4811594202898551,704,0.3710144927536232,0.22086956521739132,0.4081159420289855
1897,37141,1108,271,309,384,837,1108,1.0,0.24458483754512636,0.7554151624548736,415,0.2788808664259928,0.34657039711191334,0.37454873646209386
1898,37141,297,110,89,51,187,297,1.0,0.37037037037037035,0.6296296296296297,157,0.2996632996632997,0.1717171717171717,0.5286195286195287
1899,37141,1828,606,488,510,1222,1828,1.0,0.33150984682713347,0.6684901531728665,830,0.26695842450765866,0.2789934354485777,0.4540481400437637
1900,37141,1739,323,345,733,1416,1739,1.0,0.18573893041978148,0.8142610695802185,661,0.19838987924094306,0.4215066129959747,0.3801035077630822
1901,37141,1331,207,232,528,1124,1331,1.0,0.1555221637866266,0.8444778362133734,571,0.17430503380916604,0.39669421487603307,0.4290007513148009
1902,37141,430,18,57,204,412,430,1.0,0.04186046511627907,0.958139534883721,169,0.1325581395348837,0.4744186046511628,0.3930232558139535
1903,37141,2494,194,797,1367,2300,2494,1.0,0.07778668805132317,0.9222133119486768,330,0.3195669607056937,0.5481154771451484,0.132317562149158
1904,37141,2904,867,527,731,2037,2904,1.0,0.29855371900826444,0.7014462809917356,1646,0.18147382920110192,0.25172176308539945,0.5668044077134986
1905,37141,496,57,71,250,439,496,1.0,0.11491935483870967,0.8850806451612904,175,0.1431451612903226,0.5040322580645161,0.3528225806451613
1906,37141,2711,552,591,645,2159,2711,1.0,0.2036149022500922,0.7963850977499077,1475,0.21800073773515308,0.23791958686831427,0.5440796753965327
1907,37141,3655,1070,935,1113,2585,3655,1.0,0.292749658002736,0.707250341997264,1607,0.2558139534883721,0.3045143638850889,0.439671682626539
1908,37141,3004,153,875,1568,2851,3004,1.0,0.050932090545938745,0.9490679094540613,561,0.29127829560585883,0.521970705725699,0.18675099866844208
1909,37141,1599,15,407,948,1584,1599,1.0,0.009380863039399626,0.9906191369606003,244,0.25453408380237647,0.5928705440900562,0.15259537210756724
1910,37141,2905,220,772,1542,2685,2905,1.0,0.0757314974182444,0.9242685025817556,591,0.2657487091222031,0.5308089500860586,0.20344234079173837
1911,37141,763,513,439,149,250,763,1.0,0.672346002621232,0.32765399737876805,175,0.5753604193971167,0.19528178243774574,0.22935779816513763
1912,37141,3564,73,861,1844,3491,3564,1.0,0.02048260381593715,0.9795173961840629,859,0.2415824915824916,0.5173961840628507,0.2410213243546577
1913,37141,1429,463,322,399,966,1429,1.0,0.32400279916025193,0.6759972008397481,708,0.22533240027991602,0.27921623512946114,0.49545136459062283
1914,37141,3058,146,814,1935,2912,3058,1.0,0.04774362328319163,0.9522563767168084,309,0.26618705035971224,0.6327665140614781,0.10104643557880968
1915,37143,2058,664,492,744,1394,2058,1.0,0.3226433430515063,0.6773566569484937,822,0.239067055393586,0.36151603498542273,0.39941690962099125
1916,37143,766,152,157,333,614,766,1.0,0.19843342036553524,0.8015665796344648,276,0.20496083550913838,0.4347258485639687,0.360313315926893
1917,37143,268,50,48,106,218,268,1.0,0.1865671641791045,0.8134328358208955,114,0.1791044776119403,0.39552238805970147,0.4253731343283582
1918,37143,2971,364,567,1267,2607,2971,1.0,0.12251767081790643,0.8774823291820936,1137,0.19084483338943117,0.426455738808482,0.3826994278020868
1919,37143,1143,570,367,256,573,1143,1.0,0.49868766404199477,0.5013123359580053,520,0.321084864391951,0.22397200349956256,0.4549431321084864
1920,37143,1078,268,233,328,810,1078,1.0,0.24860853432282004,0.75139146567718,517,0.21614100185528756,0.3042671614100185,0.47959183673469385
1921,37143,2400,425,424,999,1975,2400,1.0,0.17708333333333334,0.8229166666666666,977,0.17666666666666667,0.41625,0.40708333333333335
1922,37145,1178,206,242,522,972,1178,1.0,0.17487266553480477,0.8251273344651953,414,0.20543293718166383,0.4431239388794567,0.35144312393887944
1923,37145,2684,1195,737,576,1489,2684,1.0,0.44523099850968706,0.5547690014903129,1371,0.27459016393442626,0.21460506706408347,0.5108047690014903
1924,37145,1144,431,406,349,713,1144,1.0,0.3767482517482518,0.6232517482517482,389,0.3548951048951049,0.30506993006993005,0.34003496503496505
1925,37145,2066,459,534,790,1607,2066,1.0,0.22216844143272024,0.7778315585672798,742,0.2584704743465634,0.3823814133591481,0.3591481122942885
1926,37145,2544,343,617,1172,2201,2544,1.0,0.13482704402515724,0.8651729559748428,755,0.2425314465408805,0.4606918238993711,0.29677672955974843
1927,37145,5425,747,1212,2404,4678,5425,1.0,0.1376958525345622,0.8623041474654378,1809,0.22341013824884792,0.44313364055299537,0.33345622119815665
1928,37145,1808,657,664,485,1151,1808,1.0,0.3633849557522124,0.6366150442477876,659,0.3672566371681416,0.2682522123893805,0.3644911504424779
1929,37145,2557,749,761,595,1808,2557,1.0,0.2929213922565507,0.7070786077434493,1201,0.29761439186546734,0.23269456394211968,0.469691044192413
1930,37145,2284,519,830,737,1765,2284,1.0,0.22723292469352013,0.7727670753064798,717,0.36339754816112085,0.3226795096322242,0.313922942206655
1931,37145,2519,1270,741,651,1249,2519,1.0,0.5041683207622072,0.49583167923779276,1127,0.2941643509329099,0.25843588725684796,0.44739976181024216
1932,37145,819,198,193,327,621,819,1.0,0.24175824175824176,0.7582417582417582,299,0.23565323565323565,0.3992673992673993,0.36507936507936506
1933,37145,2328,754,755,749,1574,2328,1.0,0.3238831615120275,0.6761168384879725,824,0.3243127147766323,0.32173539518900346,0.3539518900343643
1934,37145,1251,194,340,575,1057,1251,1.0,0.1550759392486011,0.8449240607513989,336,0.2717825739408473,0.4596322941646683,0.2685851318944844
1935,37145,1743,246,368,838,1497,1743,1.0,0.14113597246127366,0.8588640275387264,537,0.21113023522662078,0.48078026391279405,0.3080895008605852
1936,37147,3305,622,904,579,2683,3305,1.0,0.1881996974281392,0.8118003025718609,1822,0.2735249621785174,0.17518910741301058,0.551285930408472
1937,37147,2982,660,752,1139,2322,2982,1.0,0.22132796780684105,0.778672032193159,1091,0.25217974513749164,0.38195841716968476,0.3658618376928236
1938,37147,5688,1444,2025,2470,4244,5688,1.0,0.2538677918424754,0.7461322081575246,1193,0.3560126582278481,0.43424753867791843,0.20973980309423348
1939,37147,3628,1055,864,1195,2573,3628,1.0,0.2907938257993385,0.7092061742006616,1569,0.23814773980154355,0.32938257993384784,0.4324696802646086
1940,37147,2725,1368,949,659,1357,2725,1.0,0.5020183486238532,0.4979816513761468,1117,0.34825688073394495,0.2418348623853211,0.40990825688073396
1941,37147,5622,2698,1750,922,2924,5622,1.0,0.479900391319815,0.520099608680185,2950,0.31127712557808607,0.1639985770188545,0.5247242974030594
1942,37147,7468,4301,3561,1037,3167,7468,1.0,0.575923942153187,0.42407605784681307,2870,0.4768344938403856,0.13885913229780397,0.3843063738618104
1943,37147,4655,1144,1792,1815,3511,4655,1.0,0.24575725026852846,0.7542427497314715,1048,0.3849624060150376,0.38990332975295383,0.22513426423200858
1944,37147,1803,1376,646,80,427,1803,1.0,0.7631724902939545,0.2368275097060455,1077,0.35829173599556297,0.044370493621741544,0.5973377703826955
1945,37147,4839,537,798,2506,4302,4839,1.0,0.11097334159950403,0.889026658400496,1535,0.16491010539367637,0.5178755941310188,0.3172143004753048
1946,37147,2715,1070,860,875,1645,2715,1.0,0.39410681399631675,0.6058931860036832,980,0.31675874769797424,0.32228360957642727,0.36095764272559855
1947,37147,5468,993,1334,1081,4475,5468,1.0,0.1816020482809071,0.8183979517190929,3053,0.2439648866130212,0.1976956839795172,0.5583394294074616
1948,37147,1986,460,536,951,1526,1986,1.0,0.23162134944612287,0.7683786505538771,499,0.26988922457200404,0.4788519637462236,0.2512588116817724
1949,37147,3170,2073,1425,338,1097,3170,1.0,0.6539432176656151,0.34605678233438486,1407,0.44952681388012616,0.10662460567823344,0.4438485804416404
1950,37147,3766,1493,1421,1253,2273,3766,1.0,0.39644184811471056,0.6035581518852894,1092,0.37732342007434944,0.33271375464684017,0.2899628252788104
1951,37147,3014,2491,1688,172,523,3014,1.0,0.8264764432647644,0.17352355673523556,1154,0.5600530856005309,0.05706702057067021,0.38287989382879895
1952,37147,2160,248,509,513,1912,2160,1.0,0.11481481481481481,0.8851851851851852,1138,0.23564814814814813,0.2375,0.5268518518518519
1953,37147,2562,1137,963,365,1425,2562,1.0,0.44379391100702575,0.5562060889929742,1234,0.3758782201405152,0.14246682279469164,0.4816549570647931
1954,37147,3889,2082,1363,392,1807,3889,1.0,0.5353561326819234,0.4646438673180766,2134,0.35047570069426587,0.10079712008228336,0.5487271792234507
1955,37147,2806,326,1016,1029,2480,2806,1.0,0.11617961511047754,0.8838203848895224,761,0.3620812544547398,0.3667141838916607,0.2712045616535994
1956,37147,3188,636,1037,1231,2552,3188,1.0,0.19949811794228356,0.8005018820577164,920,0.3252823086574655,0.38613550815558345,0.28858218318695106
1957,37147,2335,258,700,1048,2077,2335,1.0,0.11049250535331906,0.889507494646681,587,0.29978586723768735,0.4488222698072805,0.25139186295503213
1958,37147,1283,107,186,596,1176,1283,1.0,0.08339828526890102,0.916601714731099,501,0.1449727201870616,0.46453624318004677,0.39049103663289164
1959,37147,2843,578,961,1376,2265,2843,1.0,0.20330636651424552,0.7966936334857545,506,0.3380232149138234,0.48399577910657754,0.177981005979599
1960,37147,3116,419,1083,1543,2697,3116,1.0,0.13446726572528883,0.8655327342747111,490,0.3475609756097561,0.49518613607188705,0.15725288831835688
1961,37147,6417,1298,1927,1262,5119,6417,1.0,0.2022752064827801,0.7977247935172199,3228,0.3002960885148823,0.19666510830606201,0.5030388031790556
1962,37147,1516,504,397,493,1012,1516,1.0,0.3324538258575198,0.6675461741424802,626,0.26187335092348285,0.32519788918205805,0.4129287598944591
1963,37147,1569,491,319,621,1078,1569,1.0,0.31293817718291905,0.687061822817081,629,0.20331421287444232,0.39579349904397704,0.4008922880815806
1964,37147,1924,1038,672,459,886,1924,1.0,0.5395010395010394,0.4604989604989605,793,0.3492723492723493,0.23856548856548856,0.41216216216216217
1965,37147,1053,333,210,349,720,1053,1.0,0.3162393162393162,0.6837606837606838,494,0.19943019943019943,0.33143399810066476,0.4691358024691358
1966,37147,2237,934,794,647,1303,2237,1.0,0.4175234689316048,0.5824765310683951,796,0.35493965131873045,0.2892266428252123,0.3558337058560572
1967,37147,6035,1933,1197,1242,4102,6035,1.0,0.3202982601491301,0.6797017398508699,3596,0.19834299917149958,0.20579950289975146,0.595857497928749
1968,37147,2520,737,1092,639,1783,2520,1.0,0.2924603174603175,0.7075396825396826,789,0.43333333333333335,0.25357142857142856,0.3130952380952381
1969,37147,3758,588,908,1774,3170,3758,1.0,0.15646620542841938,0.8435337945715806,1076,0.24161788185204897,0.4720596061734965,0.2863225119744545
1970,37147,4644,1745,2112,1529,2899,4644,1.0,0.3757536606373816,0.6242463393626184,1003,0.45478036175710596,0.3292420327304048,0.21597760551248923
1971,37147,2861,259,655,446,2602,2861,1.0,0.09052778748689269,0.9094722125131073,1760,0.22894092974484445,0.15588954910870326,0.6151695211464523
1972,37147,5822,1277,1516,1002,4545,5822,1.0,0.21934043284094812,0.7806595671590518,3304,0.26039161800068705,0.1721058055650979,0.5675025764342151
1973,37147,2978,456,903,1030,2522,2978,1.0,0.15312290127602418,0.8468770987239759,1045,0.3032236400268637,0.3458697112155809,0.3509066487575554
1974,37149,2695,53,700,1067,2642,2695,1.0,0.019666048237476808,0.9803339517625231,928,0.2597402597402597,0.39591836734693875,0.3443413729128015
1975,37149,1704,20,225,780,1684,1704,1.0,0.011737089201877934,0.9882629107981221,699,0.13204225352112675,0.45774647887323944,0.4102112676056338
1976,37149,2814,250,650,1145,2564,2814,1.0,0.08884150675195451,0.9111584932480455,1019,0.23098791755508175,0.4068941009239517,0.3621179815209666
1977,37149,2562,26,670,948,2536,2562,1.0,0.01014832162373146,0.9898516783762685,944,0.2615144418423107,0.3700234192037471,0.36846213895394225
1978,37149,3217,258,1180,931,2959,3217,1.0,0.08019894311470314,0.9198010568852969,1106,0.3668013677339136,0.28940006216972336,0.34379857009636305
1979,37149,1616,19,472,629,1597,1616,1.0,0.011757425742574257,0.9882425742574258,515,0.29207920792079206,0.38923267326732675,0.3186881188118812
1980,37149,1964,77,405,725,1887,1964,1.0,0.03920570264765784,0.9607942973523421,834,0.20621181262729124,0.36914460285132383,0.42464358452138495
1981,37151,1102,108,143,565,994,1102,1.0,0.09800362976406533,0.9019963702359347,394,0.1297640653357532,0.5127041742286751,0.35753176043557167
1982,37151,1797,66,218,934,1731,1797,1.0,0.03672787979966611,0.9632721202003339,645,0.1213132999443517,0.5197551474680022,0.3589315525876461
1983,37151,4404,187,597,1940,4217,4404,1.0,0.042461398728428704,0.9575386012715713,1867,0.13555858310626703,0.4405086285195277,0.4239327883742053
1984,37151,2581,201,565,864,2380,2581,1.0,0.0778767919411081,0.9221232080588919,1152,0.21890740023246805,0.33475397132894225,0.4463386284385897
1985,37151,2956,899,705,686,2057,2956,1.0,0.30412719891745604,0.695872801082544,1565,0.2384979702300406,0.23207036535859268,0.5294316644113667
1986,37151,2565,258,410,625,2307,2565,1.0,0.10058479532163743,0.8994152046783626,1530,0.15984405458089668,0.24366471734892786,0.5964912280701754
1987,37151,928,9,84,484,919,928,1.0,0.009698275862068966,0.990301724137931,360,0.09051724137931035,0.521551724137931,0.3879310344827586
1988,37151,2750,176,308,1087,2574,2750,1.0,0.064,0.936,1355,0.112,0.3952727272727273,0.49272727272727274
1989,37151,2319,186,708,690,2133,2319,1.0,0.08020698576972833,0.9197930142302717,921,0.3053040103492885,0.2975420439844761,0.39715394566623546
1990,37151,3012,180,395,1200,2832,3012,1.0,0.05976095617529881,0.9402390438247012,1417,0.13114209827357237,0.398406374501992,0.4704515272244356
1991,37151,2880,127,356,1395,2753,2880,1.0,0.044097222222222225,0.9559027777777778,1129,0.12361111111111112,0.484375,0.3920138888888889
1992,37151,2145,16,297,910,2129,2145,1.0,0.007459207459207459,0.9925407925407925,938,0.13846153846153847,0.42424242424242425,0.4372960372960373
1993,37151,1960,12,189,1114,1948,1960,1.0,0.006122448979591836,0.9938775510204082,657,0.09642857142857143,0.5683673469387756,0.3352040816326531
1994,37151,2443,42,459,1422,2401,2443,1.0,0.017191977077363897,0.9828080229226361,562,0.18788374948833403,0.5820712239050347,0.2300450266066312
1995,37151,3445,285,464,775,3160,3445,1.0,0.08272859216255443,0.9172714078374455,2206,0.1346879535558781,0.22496371552975328,0.6403483309143686
1996,37151,2437,164,350,1217,2273,2437,1.0,0.0672958555601149,0.9327041444398851,870,0.1436192039392696,0.49938448912597455,0.35699630693475587
1997,37151,1806,146,287,693,1660,1806,1.0,0.08084163898117387,0.9191583610188261,826,0.15891472868217055,0.38372093023255816,0.4573643410852713
1998,37151,4274,121,774,1880,4153,4274,1.0,0.028310715956948992,0.971689284043051,1620,0.18109499298081422,0.4398689751988769,0.37903603182030887
1999,37151,2393,147,371,615,2246,2393,1.0,0.06142916840785625,0.9385708315921437,1407,0.1550355202674467,0.25699958211450064,0.5879648976180527
2000,37151,2439,247,364,895,2192,2439,1.0,0.1012710127101271,0.8987289872898729,1180,0.14924149241492415,0.3669536695366954,0.4838048380483805
2001,37151,2179,68,233,1036,2111,2179,1.0,0.031206975676916018,0.968793024323084,910,0.10692978430472694,0.4754474529600734,0.41762276273519966
2002,37151,3409,490,659,1236,2919,3409,1.0,0.1437371663244353,0.8562628336755647,1514,0.1933118216485773,0.36256966852449396,0.44411850982692874
2003,37151,3384,31,296,1592,3353,3384,1.0,0.009160756501182032,0.9908392434988179,1496,0.08747044917257683,0.47044917257683216,0.44208037825059104
2004,37151,2938,28,313,1347,2910,2938,1.0,0.009530292716133424,0.9904697072838666,1278,0.1065350578624915,0.45847515316541865,0.43498978897208984
2005,37151,3366,35,400,1741,3331,3366,1.0,0.010398098633392751,0.9896019013666072,1225,0.11883541295306001,0.5172311348781937,0.3639334521687463
2006,37151,3703,63,538,1874,3640,3703,1.0,0.017013232514177693,0.9829867674858223,1291,0.14528760464488252,0.5060761544693492,0.3486362408857683
2007,37151,1505,97,493,754,1408,1505,1.0,0.06445182724252492,0.935548172757475,258,0.3275747508305648,0.5009966777408638,0.17142857142857143
2008,37151,2563,69,400,1163,2494,2563,1.0,0.026921576277799453,0.9730784237222005,1000,0.15606710885680844,0.4537651190011705,0.3901677721420211
2009,37151,2193,185,313,1059,2008,2193,1.0,0.084359325125399,0.915640674874601,821,0.14272685818513453,0.4829001367989056,0.3743730050159599
2010,37151,4122,197,670,1923,3925,4122,1.0,0.04779233381853469,0.9522076661814654,1529,0.16254245511887433,0.46652110625909754,0.37093643862202813
2011,37151,3334,83,464,1427,3251,3334,1.0,0.02489502099580084,0.9751049790041991,1443,0.13917216556688664,0.4280143971205759,0.4328134373125375
2012,37151,457,4,53,241,453,457,1.0,0.0087527352297593,0.9912472647702407,163,0.11597374179431072,0.5273522975929978,0.35667396061269147
2013,37151,2633,41,320,1131,2592,2633,1.0,0.015571591340676035,0.984428408659324,1182,0.12153437143942271,0.42954804405620967,0.44891758450436764
2014,37151,2254,96,462,1121,2158,2254,1.0,0.04259094942324756,0.9574090505767524,671,0.20496894409937888,0.49733806566104705,0.2976929902395741
2015,37151,2561,109,323,1149,2452,2561,1.0,0.04256149941429129,0.9574385005857087,1089,0.1261226083561109,0.4486528699726669,0.42522452167122216
2016,37151,3224,519,752,1108,2705,3224,1.0,0.1609801488833747,0.8390198511166254,1364,0.23325062034739455,0.3436724565756824,0.4230769230769231
2017,37151,3431,44,473,1838,3387,3431,1.0,0.012824249489944622,0.9871757505100553,1120,0.13786068201690468,0.5357038764208686,0.32643544156222676
2018,37151,2546,53,322,1262,2493,2546,1.0,0.020816967792615867,0.9791830322073841,962,0.12647289866457187,0.4956794972505892,0.377847604084839
2019,37151,4333,59,481,2327,4274,4333,1.0,0.013616432033233325,0.9863835679667666,1525,0.11100853911839373,0.5370413108700669,0.35195015001153934
2020,37151,2267,79,365,1050,2188,2267,1.0,0.03484781649757389,0.9651521835024262,852,0.16100573445081606,0.4631671812968681,0.3758270842523158
2021,37153,868,154,126,188,714,868,1.0,0.1774193548387097,0.8225806451612904,554,0.14516129032258066,0.21658986175115208,0.6382488479262672
2022,37153,5936,1367,1467,1842,4569,5936,1.0,0.23028975741239893,0.7697102425876011,2627,0.24713611859838275,0.3103099730458221,0.44255390835579517
2023,37153,164,91,67,34,73,164,1.0,0.5548780487804879,0.4451219512195122,63,0.40853658536585363,0.2073170731707317,0.38414634146341464
2024,37153,2321,586,481,505,1735,2321,1.0,0.25247738043946577,0.7475226195605342,1335,0.2072382593709608,0.2175786299009048,0.5751831107281344
2025,37153,5985,2396,1758,1117,3589,5985,1.0,0.4003341687552214,0.5996658312447786,3110,0.293734335839599,0.18663324979114454,0.5196324143692564
2026,37153,4411,1934,1385,987,2477,4411,1.0,0.43844933121741103,0.561550668782589,2039,0.3139877578780322,0.22375878485604173,0.4622534572659261
2027,37153,392,5,44,185,387,392,1.0,0.012755102040816327,0.9872448979591837,163,0.11224489795918367,0.4719387755102041,0.41581632653061223
2028,37153,5470,936,1402,1980,4534,5470,1.0,0.17111517367458867,0.8288848263254114,2088,0.25630712979890313,0.3619744058500914,0.3817184643510055
2029,37153,935,245,243,303,690,935,1.0,0.2620320855614973,0.7379679144385026,389,0.25989304812834224,0.3240641711229946,0.4160427807486631
2030,37153,220,34,36,93,186,220,1.0,0.15454545454545454,0.8454545454545455,91,0.16363636363636364,0.42272727272727273,0.41363636363636364
2031,37153,1974,570,494,634,1404,1974,1.0,0.2887537993920973,0.7112462006079028,846,0.2502532928064843,0.3211752786220871,0.42857142857142855
2032,37153,1069,315,357,448,754,1069,1.0,0.29466791393826003,0.7053320860617399,264,0.33395696913002804,0.41908325537885877,0.2469597754911132
2033,37153,1877,917,356,187,960,1877,1.0,0.4885455514118274,0.5114544485881726,1334,0.18966435801811402,0.09962706446457112,0.7107085775173149
2034,37153,1081,364,303,288,717,1081,1.0,0.3367252543940796,0.6632747456059205,490,0.2802960222016651,0.2664199814986124,0.4532839962997225
2035,37153,1591,175,254,632,1416,1591,1.0,0.10999371464487744,0.8900062853551226,705,0.1596480201131364,0.39723444374607164,0.44311753614079197
2036,37153,965,162,175,421,803,965,1.0,0.16787564766839377,0.8321243523316062,369,0.18134715025906736,0.43626943005181346,0.38238341968911915
2037,37155,1890,899,605,301,991,1890,1.0,0.4756613756613757,0.5243386243386243,984,0.3201058201058201,0.15925925925925927,0.5206349206349207
2038,37155,1103,328,240,205,775,1103,1.0,0.2973708068902992,0.7026291931097008,658,0.21758839528558477,0.185856754306437,0.5965548504079783
2039,37155,3955,1681,1194,478,2274,3955,1.0,0.425031605562579,0.574968394437421,2283,0.30189633375474084,0.12085967130214918,0.57724399494311
2040,37155,3136,1326,981,554,1810,3136,1.0,0.42283163265306123,0.5771683673469388,1601,0.3128188775510204,0.17665816326530612,0.5105229591836735
2041,37155,638,92,66,150,546,638,1.0,0.14420062695924765,0.8557993730407524,422,0.10344827586206896,0.23510971786833856,0.6614420062695925
2042,37155,828,348,167,141,480,828,1.0,0.42028985507246375,0.5797101449275363,520,0.20169082125603865,0.17028985507246377,0.6280193236714976
2043,37155,754,78,59,314,676,754,1.0,0.10344827586206896,0.896551724137931,381,0.07824933687002653,0.41644562334217505,0.5053050397877984
2044,37155,5757,586,1166,2358,5171,5757,1.0,0.10178912628104916,0.8982108737189508,2233,0.202536043077992,0.40958832725377803,0.38787562966822997
2045,37155,1574,1003,538,116,571,1574,1.0,0.6372299872935197,0.3627700127064803,920,0.3418043202033037,0.07369758576874205,0.5844980940279543
2046,37155,1366,433,312,376,933,1366,1.0,0.3169838945827233,0.6830161054172768,678,0.22840409956076135,0.2752562225475842,0.49633967789165445
2047,37155,1544,570,329,306,974,1544,1.0,0.36917098445595853,0.6308290155440415,909,0.21308290155440415,0.19818652849740934,0.5887305699481865
2048,37155,2989,941,576,671,2048,2989,1.0,0.3148210103713617,0.6851789896286383,1742,0.19270659083305453,0.22448979591836735,0.5828036132485781
2049,37155,4313,1368,596,506,2945,4313,1.0,0.31718061674008813,0.6828193832599119,3211,0.13818687688383954,0.11731973104567586,0.7444933920704846
2050,37155,3225,1315,961,424,1910,3225,1.0,0.4077519379844961,0.5922480620155038,1840,0.297984496124031,0.13147286821705426,0.5705426356589147
2051,37155,2749,25,270,867,2724,2749,1.0,0.009094216078574026,0.9909057839214259,1612,0.09821753364859949,0.31538741360494726,0.5863950527464532
2052,37155,4523,706,475,1290,3817,4523,1.0,0.15609108998452353,0.8439089100154764,2758,0.10501879283661286,0.285208932124696,0.6097722750386911
2053,37155,2175,417,344,440,1758,2175,1.0,0.1917241379310345,0.8082758620689655,1391,0.15816091954022987,0.20229885057471264,0.6395402298850574
2054,37155,2757,589,487,550,2168,2757,1.0,0.2136380123322452,0.7863619876677548,1720,0.17664127675009067,0.19949220166848022,0.6238665215814291
2055,37155,3843,265,445,771,3578,3843,1.0,0.06895654436638043,0.9310434556336196,2627,0.11579495186052563,0.20062451209992194,0.6835805360395524
2056,37155,2509,458,303,716,2051,2509,1.0,0.18254284575528099,0.817457154244719,1490,0.12076524511757672,0.28537265842965326,0.59386209645277
2057,37155,1561,180,198,343,1381,1561,1.0,0.11531069827033953,0.8846893017296604,1020,0.1268417680973735,0.21973094170403587,0.6534272901985907
2058,37155,1815,423,284,292,1392,1815,1.0,0.23305785123966943,0.7669421487603306,1239,0.15647382920110192,0.16088154269972452,0.6826446280991736
2059,37155,978,134,158,169,844,978,1.0,0.13701431492842536,0.8629856850715747,651,0.16155419222903886,0.17280163599182005,0.6656441717791411
2060,37155,3783,1100,729,852,2683,3783,1.0,0.2907745175786413,0.7092254824213587,2202,0.19270420301348137,0.22521808088818399,0.5820777160983347
2061,37155,2030,215,214,330,1815,2030,1.0,0.10591133004926108,0.8940886699507389,1486,0.10541871921182266,0.1625615763546798,0.7320197044334975
2062,37155,5244,1211,833,815,4033,5244,1.0,0.23093058733791,0.7690694126620901,3596,0.15884820747520975,0.15541571319603356,0.6857360793287567
2063,37155,1156,394,407,187,762,1156,1.0,0.3408304498269896,0.6591695501730104,562,0.35207612456747406,0.16176470588235295,0.486159169550173
2064,37155,1666,212,206,333,1454,1666,1.0,0.12725090036014405,0.8727490996398559,1127,0.12364945978391356,0.1998799519807923,0.6764705882352942
2065,37155,2795,424,327,464,2371,2795,1.0,0.1516994633273703,0.8483005366726297,2004,0.11699463327370305,0.16601073345259393,0.716994633273703
2066,37155,2732,111,331,818,2621,2732,1.0,0.04062957540263543,0.9593704245973645,1583,0.12115666178623719,0.29941434846266474,0.5794289897510981
2067,37155,4968,281,646,1118,4687,4968,1.0,0.056561996779388085,0.9434380032206119,3204,0.13003220611916264,0.2250402576489533,0.644927536231884
2068,37155,1466,1268,648,55,198,1466,1.0,0.8649386084583902,0.13506139154160982,763,0.44201909959072305,0.03751705320600273,0.5204638472032742
2069,37155,726,228,142,112,498,726,1.0,0.3140495867768595,0.6859504132231405,472,0.19559228650137742,0.15426997245179064,0.650137741046832
2070,37155,2148,587,480,563,1561,2148,1.0,0.2732774674115456,0.7267225325884544,1105,0.22346368715083798,0.26210428305400374,0.5144320297951583
2071,37155,2738,925,753,383,1813,2738,1.0,0.33783783783783783,0.6621621621621622,1602,0.275018261504748,0.13988312636961286,0.5850986121256392
2072,37155,1995,580,272,316,1415,1995,1.0,0.2907268170426065,0.7092731829573935,1407,0.13634085213032582,0.15839598997493734,0.7052631578947368
2073,37155,1842,241,298,749,1601,1842,1.0,0.13083604777415853,0.8691639522258415,795,0.16178067318132464,0.40662323561346364,0.43159609120521175
2074,37155,1022,514,292,173,508,1022,1.0,0.50293542074364,0.49706457925636005,557,0.2857142857142857,0.16927592954990214,0.5450097847358122
2075,37155,2032,298,464,635,1734,2032,1.0,0.1466535433070866,0.8533464566929134,933,0.2283464566929134,0.3125,0.45915354330708663
2076,37155,1706,490,341,425,1216,1706,1.0,0.28722157092614303,0.712778429073857,940,0.19988276670574442,0.24912075029308323,0.5509964830011723
2077,37155,2210,216,211,511,1994,2210,1.0,0.09773755656108597,0.902262443438914,1488,0.09547511312217194,0.23122171945701359,0.6733031674208145
2078,37157,5627,2368,1548,1159,3259,5627,1.0,0.4208281499911143,0.5791718500088857,2920,0.2751021858894615,0.2059712102363604,0.5189266038741781
2079,37157,4931,1219,1533,1612,3712,4931,1.0,0.24721151896167107,0.752788481038329,1786,0.31089028594605556,0.3269113770026364,0.36219833705130805
2080,37157,3442,879,820,1030,2563,3442,1.0,0.25537478210342823,0.7446252178965718,1592,0.23823358512492737,0.2992446252178966,0.46252178965717605
2081,37157,5139,956,1111,1487,4183,5139,1.0,0.1860284101965363,0.8139715898034637,2541,0.21618992021794123,0.2893559058182526,0.4944541739638062
2082,37157,5383,794,1182,2277,4589,5383,1.0,0.1475013932751254,0.8524986067248747,1924,0.21958015976221437,0.42299832806984955,0.3574215121679361
2083,37157,4457,662,845,1777,3795,4457,1.0,0.1485304016154364,0.8514695983845636,1835,0.18958940991698453,0.3986986762396231,0.4117119138433924
2084,37157,5454,939,1055,1516,4515,5454,1.0,0.17216721672167218,0.8278327832783279,2883,0.19343601026769344,0.277961129446278,0.5286028602860287
2085,37157,3827,802,953,1322,3025,3827,1.0,0.20956362686177163,0.7904363731382283,1552,0.24902012019858896,0.34544029265743403,0.40553958714397703
2086,37157,2914,611,594,793,2303,2914,1.0,0.20967741935483872,0.7903225806451613,1527,0.20384351407000686,0.2721345229924502,0.5240219629375429
2087,37157,4362,1453,1398,1053,2909,4362,1.0,0.33310408069692804,0.666895919303072,1911,0.3204951856946355,0.24140302613480055,0.43810178817056394
2088,37157,4601,195,753,2054,4406,4601,1.0,0.04238209084981526,0.9576179091501847,1794,0.16366007389697892,0.4464246902847207,0.38991523581830034
2089,37157,2114,251,416,853,1863,2114,1.0,0.11873226111636707,0.881267738883633,845,0.1967833491012299,0.4035004730368969,0.39971617786187325
2090,37157,2870,661,611,952,2209,2870,1.0,0.23031358885017422,0.7696864111498258,1307,0.21289198606271778,0.33170731707317075,0.4554006968641115
2091,37157,1522,390,386,488,1132,1522,1.0,0.25624178712220763,0.7437582128777924,648,0.2536136662286465,0.32063074901445465,0.42575558475689884
2092,37157,2675,180,495,1291,2495,2675,1.0,0.06728971962616823,0.9327102803738317,889,0.18504672897196262,0.48261682242990656,0.33233644859813083
2093,37157,4835,599,944,1711,4236,4835,1.0,0.12388831437435367,0.8761116856256463,2180,0.1952430196483971,0.35387797311271973,0.45087900723888313
2094,37157,3613,108,611,1797,3505,3613,1.0,0.02989205646277332,0.9701079435372267,1205,0.16911154165513423,0.49737060614447826,0.3335178522003875
2095,37157,5088,416,1079,1659,4672,5088,1.0,0.08176100628930817,0.9182389937106918,2350,0.21206761006289307,0.326061320754717,0.46187106918238996
2096,37159,2705,335,443,720,2370,2705,1.0,0.12384473197781885,0.8761552680221811,1542,0.16377079482439927,0.266173752310536,0.5700554528650646
2097,37159,1640,84,222,728,1556,1640,1.0,0.05121951219512195,0.948780487804878,690,0.1353658536585366,0.44390243902439025,0.42073170731707316
2098,37159,3106,58,293,1423,3048,3106,1.0,0.018673535093367676,0.9813264649066323,1390,0.09433354797166774,0.4581455247907276,0.4475209272376046
2099,37159,2399,43,229,1175,2356,2399,1.0,0.01792413505627345,0.9820758649437266,995,0.09545644018340975,0.48978741142142557,0.41475614839516467
2100,37159,1265,412,441,437,853,1265,1.0,0.3256916996047431,0.6743083003952569,387,0.3486166007905138,0.34545454545454546,0.3059288537549407
2101,37159,2577,53,280,1397,2524,2577,1.0,0.020566550252231277,0.9794334497477687,900,0.1086534730306558,0.5421032207993791,0.3492433061699651
2102,37159,2347,52,221,1190,2295,2347,1.0,0.022155943757988922,0.9778440562420111,936,0.09416276097145292,0.5070302513847464,0.39880698764380057
2103,37159,1952,202,384,967,1750,1952,1.0,0.10348360655737705,0.8965163934426229,601,0.19672131147540983,0.4953893442622951,0.3078893442622951
2104,37159,2709,97,454,1148,2612,2709,1.0,0.03580657069029162,0.9641934293097084,1107,0.16758951642672573,0.42377260981912146,0.40863787375415284
2105,37159,2065,430,477,826,1635,2065,1.0,0.20823244552058112,0.7917675544794189,762,0.23099273607748183,0.4,0.36900726392251815
2106,37159,3018,895,968,798,2123,3018,1.0,0.29655400927766734,0.7034459907223327,1252,0.32074221338634856,0.2644135188866799,0.4148442677269715
2107,37159,1638,249,363,787,1389,1638,1.0,0.152014652014652,0.847985347985348,488,0.2216117216117216,0.4804639804639805,0.2979242979242979
2108,37159,3910,35,475,1921,3875,3910,1.0,0.008951406649616368,0.9910485933503836,1514,0.12148337595907928,0.49130434782608695,0.3872122762148338
2109,37159,1353,175,248,645,1178,1353,1.0,0.1293422025129342,0.8706577974870657,460,0.18329637841832963,0.47671840354767187,0.3399852180339985
2110,37159,2576,279,701,1295,2297,2576,1.0,0.10830745341614907,0.8916925465838509,580,0.27212732919254656,0.5027173913043478,0.2251552795031056
2111,37159,2598,68,424,1503,2530,2598,1.0,0.02617397998460354,0.9738260200153964,671,0.16320246343341033,0.5785219399538106,0.25827559661277905
2112,37159,1777,15,198,1076,1762,1777,1.0,0.008441193021947102,0.9915588069780529,503,0.11142374788970175,0.6055149127743388,0.2830613393359595
2113,37159,3150,291,500,976,2859,3150,1.0,0.09238095238095238,0.9076190476190477,1674,0.15873015873015872,0.30984126984126986,0.5314285714285715
2114,37159,2773,308,618,1199,2465,2773,1.0,0.11107104219257122,0.8889289578074288,956,0.22286332491886043,0.432383699963938,0.3447529751172016
2115,37159,1644,445,381,468,1199,1644,1.0,0.2706812652068126,0.7293187347931873,795,0.23175182481751824,0.2846715328467153,0.4835766423357664
2116,37159,1290,79,220,700,1211,1290,1.0,0.06124031007751938,0.9387596899224806,370,0.17054263565891473,0.5426356589147286,0.2868217054263566
2117,37159,4371,770,529,905,3601,4371,1.0,0.17616106154198125,0.8238389384580188,2937,0.12102493708533517,0.20704644246167925,0.6719286204529856
2118,37159,4115,80,543,2175,4035,4115,1.0,0.019441069258809233,0.9805589307411907,1397,0.13195625759416768,0.528554070473876,0.3394896719319563
2119,37159,1308,95,208,661,1213,1308,1.0,0.07262996941896024,0.9273700305810397,439,0.15902140672782875,0.5053516819571865,0.33562691131498473
2120,37159,3415,831,953,744,2584,3415,1.0,0.24333821376281112,0.7566617862371888,1718,0.27906295754026356,0.2178623718887262,0.5030746705710103
2121,37159,3717,292,744,1523,3425,3717,1.0,0.07855797686306161,0.9214420231369383,1450,0.20016142050040356,0.4097390368576809,0.39009954264191554
2122,37159,1668,109,313,753,1559,1668,1.0,0.06534772182254196,0.934652278177458,602,0.18764988009592326,0.45143884892086333,0.3609112709832134
2123,37159,3403,248,535,1679,3155,3403,1.0,0.07287687334704672,0.9271231266529533,1189,0.1572142227446371,0.4933881868939171,0.3493975903614458
2124,37159,1771,12,183,845,1759,1771,1.0,0.006775832862789385,0.9932241671372106,743,0.10333145115753811,0.4771315640880858,0.41953698475437606
2125,37159,2834,216,407,1352,2618,2834,1.0,0.07621736062103035,0.9237826393789696,1075,0.14361326746647848,0.47706422018348627,0.3793225123500353
2126,37159,2775,110,425,1209,2665,2775,1.0,0.03963963963963964,0.9603603603603603,1141,0.15315315315315314,0.43567567567567567,0.4111711711711712
2127,37159,3139,1227,1119,660,1912,3139,1.0,0.3908888180949347,0.6091111819050653,1360,0.35648295635552724,0.21025804396304557,0.4332589996814272
2128,37159,1194,968,487,57,226,1194,1.0,0.8107202680067002,0.18927973199329984,650,0.40787269681742044,0.04773869346733668,0.5443886097152428
2129,37159,1831,18,261,1007,1813,1831,1.0,0.009830693610049153,0.9901693063899508,563,0.14254505734571274,0.5499726925177498,0.3074822501365374
2130,37159,891,4,115,483,887,891,1.0,0.004489337822671156,0.9955106621773289,293,0.12906846240179573,0.5420875420875421,0.3288439955106622
2131,37159,2123,29,225,983,2094,2123,1.0,0.013659915214319359,0.9863400847856807,915,0.10598210080075365,0.46302402260951486,0.43099387658973154
2132,37159,3300,1507,1172,590,1793,3300,1.0,0.45666666666666667,0.5433333333333333,1538,0.35515151515151516,0.1787878787878788,0.46606060606060606
2133,37159,2001,1782,965,43,219,2001,1.0,0.8905547226386806,0.10944527736131934,993,0.48225887056471767,0.02148925537231384,0.4962518740629685
2134,37159,1972,215,289,812,1757,1972,1.0,0.10902636916835699,0.890973630831643,871,0.14655172413793102,0.4117647058823529,0.44168356997971603
2135,37159,2596,497,657,661,2099,2596,1.0,0.19144838212634824,0.8085516178736518,1278,0.25308166409861327,0.2546224961479199,0.49229583975346686
2136,37159,1781,473,617,635,1308,1781,1.0,0.26558113419427287,0.7344188658057271,529,0.3464345873104997,0.3565412689500281,0.2970241437394722
2137,37159,2596,791,848,637,1805,2596,1.0,0.3046995377503852,0.6953004622496148,1111,0.3266563944530046,0.24537750385208013,0.4279661016949153
2138,37159,1438,521,566,271,917,1438,1.0,0.3623087621696801,0.6376912378303199,601,0.39360222531293465,0.18845618915159945,0.4179415855354659
2139,37159,2755,809,930,748,1946,2755,1.0,0.29364791288566244,0.7063520871143376,1077,0.33756805807622503,0.2715063520871143,0.3909255898366606
2140,37161,2715,209,414,1039,2506,2715,1.0,0.07697974217311233,0.9230202578268877,1262,0.15248618784530388,0.38268876611418046,0.46482504604051567
2141,37161,2809,75,448,1337,2734,2809,1.0,0.026699893200427198,0.9733001067995728,1024,0.1594873620505518,0.47597009611961555,0.3645425418298327
2142,37161,3988,398,884,1458,3590,3988,1.0,0.09979939819458375,0.9002006018054163,1646,0.22166499498495487,0.36559679037111337,0.4127382146439318
2143,37161,2079,265,349,707,1814,2079,1.0,0.12746512746512748,0.8725348725348725,1023,0.16786916786916786,0.3400673400673401,0.49206349206349204
2144,37161,2298,170,654,942,2128,2298,1.0,0.07397737162750218,0.9260226283724978,702,0.2845953002610966,0.40992167101827676,0.30548302872062666
2145,37161,4868,1147,1237,1385,3721,4868,1.0,0.235620377978636,0.764379622021364,2246,0.2541084634346754,0.28451109285127363,0.46138044371405096
2146,37161,4236,1017,1023,1127,3219,4236,1.0,0.24008498583569404,0.759915014164306,2086,0.2415014164305949,0.26605288007554295,0.49244570349386213
2147,37161,3068,465,657,844,2603,3068,1.0,0.1515645371577575,0.8484354628422425,1567,0.21414602346805736,0.27509778357235987,0.5107561929595827
2148,37161,1275,4,160,661,1271,1275,1.0,0.003137254901960784,0.9968627450980392,454,0.12549019607843137,0.5184313725490196,0.356078431372549
2149,37161,2261,88,266,1182,2173,2261,1.0,0.038920831490490936,0.961079168509509,813,0.11764705882352941,0.5227775320654577,0.3595754091110128
2150,37161,2401,202,350,865,2199,2401,1.0,0.08413161182840483,0.9158683881715952,1186,0.1457725947521866,0.36026655560183257,0.49396084964598086
2151,37161,1438,14,223,741,1424,1438,1.0,0.009735744089012517,0.9902642559109874,474,0.15507649513212796,0.5152990264255911,0.32962447844228093
2152,37161,3990,100,526,1744,3890,3990,1.0,0.02506265664160401,0.974937343358396,1720,0.1318295739348371,0.4370927318295739,0.43107769423558895
2153,37161,2225,167,461,951,2058,2225,1.0,0.0750561797752809,0.9249438202247191,813,0.20719101123595507,0.42741573033707864,0.3653932584269663
2154,37161,3934,268,499,1163,3666,3934,1.0,0.0681240467717336,0.9318759532282664,2272,0.126842907981698,0.2956278596847992,0.5775292323335028
2155,37161,6578,258,924,2689,6320,6578,1.0,0.03922164791730009,0.9607783520826999,2965,0.14046822742474915,0.4087868653086044,0.4507449072666464
2156,37161,2423,280,437,837,2143,2423,1.0,0.11555922410235246,0.8844407758976476,1149,0.18035493190260007,0.3454395377631036,0.47420553033429635
2157,37163,3034,1606,1204,711,1428,3034,1.0,0.5293342122610415,0.47066578773895845,1119,0.3968358602504944,0.23434410019775873,0.36882003955174686
2158,37163,1998,168,252,844,1830,1998,1.0,0.08408408408408409,0.9159159159159159,902,0.12612612612612611,0.42242242242242245,0.45145145145145144
2159,37163,1987,250,275,618,1737,1987,1.0,0.12581781580271767,0.8741821841972823,1094,0.13839959738298943,0.3110216406643181,0.5505787619526925
2160,37163,1625,588,432,398,1037,1625,1.0,0.3618461538461539,0.6381538461538462,795,0.26584615384615384,0.2449230769230769,0.48923076923076925
2161,37163,1126,167,203,456,959,1126,1.0,0.1483126110124334,0.8516873889875666,467,0.1802841918294849,0.4049733570159858,0.4147424511545293
2162,37163,1921,185,279,790,1736,1921,1.0,0.09630400832899531,0.9036959916710047,852,0.14523685580426862,0.4112441436751692,0.4435190005205622
2163,37163,3233,1548,1210,676,1685,3233,1.0,0.4788122486854315,0.5211877513145685,1347,0.3742653881843489,0.20909372100216517,0.41664089081348593
2164,37163,1491,617,500,365,874,1491,1.0,0.4138162307176392,0.5861837692823608,626,0.335345405767941,0.24480214621059693,0.4198524480214621
2165,37163,1230,912,548,102,318,1230,1.0,0.7414634146341463,0.25853658536585367,580,0.44552845528455287,0.08292682926829269,0.4715447154471545
2166,37163,2083,487,507,759,1596,2083,1.0,0.23379740758521364,0.7662025924147864,817,0.24339894383101296,0.3643783005280845,0.39222275564090253
2167,37163,2443,393,500,897,2050,2443,1.0,0.16086778550961933,0.8391322144903807,1046,0.20466639377814164,0.36717151043798607,0.42816209578387227
2168,37163,3050,346,327,1436,2704,3050,1.0,0.11344262295081967,0.8865573770491804,1287,0.10721311475409837,0.47081967213114756,0.4219672131147541
2169,37163,2251,534,410,604,1717,2251,1.0,0.2372278987116837,0.7627721012883163,1237,0.18214127054642382,0.2683251888049756,0.5495335406486006
2170,37163,2708,774,447,816,1934,2708,1.0,0.2858197932053176,0.7141802067946824,1445,0.16506646971935007,0.30132939438700146,0.5336041358936484
2171,37163,1601,221,275,607,1380,1601,1.0,0.13803872579637727,0.8619612742036228,719,0.1717676452217364,0.3791380387257964,0.4490943160524672
2172,37163,2008,1139,814,371,869,2008,1.0,0.5672310756972112,0.43276892430278885,823,0.40537848605577687,0.1847609561752988,0.4098605577689243
2173,37163,1722,536,426,374,1186,1722,1.0,0.31126596980255516,0.6887340301974448,922,0.24738675958188153,0.21718931475029035,0.5354239256678281
2174,37163,2318,570,487,664,1748,2318,1.0,0.2459016393442623,0.7540983606557377,1167,0.2100949094046592,0.28645383951682485,0.503451251078516
2175,37163,1962,331,341,637,1631,1962,1.0,0.16870540265035677,0.8312945973496432,984,0.17380224260958205,0.32466870540265036,0.5015290519877675
2176,37163,1841,567,426,378,1274,1841,1.0,0.30798479087452474,0.6920152091254753,1037,0.2313959804454101,0.20532319391634982,0.5632808256382401
2177,37163,2875,486,368,1261,2389,2875,1.0,0.16904347826086957,0.8309565217391305,1246,0.128,0.4386086956521739,0.4333913043478261
2178,37163,1824,242,258,706,1582,1824,1.0,0.13267543859649122,0.8673245614035088,860,0.14144736842105263,0.38706140350877194,0.47149122807017546
2179,37163,823,49,77,465,774,823,1.0,0.05953827460510328,0.9404617253948967,281,0.09356014580801944,0.5650060753341434,0.34143377885783716
2180,37165,1627,356,283,471,1271,1627,1.0,0.21880762138905963,0.7811923786109404,873,0.17393976644130302,0.2894898586355255,0.5365703749231715
2181,37165,3372,986,978,962,2386,3372,1.0,0.29240806642941874,0.7075919335705813,1432,0.2900355871886121,0.28529062870699884,0.4246737841043891
2182,37165,4308,969,1160,1356,3339,4308,1.0,0.22493036211699163,0.7750696378830083,1792,0.2692664809656453,0.3147632311977716,0.4159702878365831
2183,37165,2393,476,472,665,1917,2393,1.0,0.19891349770162975,0.8010865022983702,1256,0.19724195570413708,0.2778938570831592,0.5248641872127037
2184,37165,3703,1734,1196,724,1969,3703,1.0,0.4682689711045099,0.5317310288954902,1783,0.32298136645962733,0.19551714825816904,0.4815014852822036
2185,37165,2671,774,554,613,1897,2671,1.0,0.28977910894795955,0.7102208910520404,1504,0.20741295394983153,0.22950205915387495,0.5630849868962935
2186,37165,2189,1329,911,260,860,2189,1.0,0.6071265417999087,0.39287345820009134,1018,0.4161717679305619,0.1187756966651439,0.4650525354042942
2187,37165,1755,261,244,619,1494,1755,1.0,0.14871794871794872,0.8512820512820513,892,0.13903133903133902,0.3527065527065527,0.5082621082621083
2188,37165,1780,852,226,155,928,1780,1.0,0.4786516853932584,0.5213483146067416,1399,0.12696629213483146,0.08707865168539326,0.7859550561797752
2189,37165,3286,2216,1327,266,1070,3286,1.0,0.6743761412051126,0.3256238587948874,1693,0.40383444917833233,0.08094948265368229,0.5152160681679854
2190,37167,1811,211,263,518,1600,1811,1.0,0.11651021535063501,0.883489784649365,1030,0.14522363335173938,0.2860298177802319,0.5687465488680287
2191,37167,3401,32,384,1824,3369,3401,1.0,0.009408997353719493,0.9905910026462805,1193,0.11290796824463394,0.5363128491620112,0.3507791825933549
2192,37167,2070,1413,994,154,657,2070,1.0,0.6826086956521739,0.3173913043478261,922,0.4801932367149758,0.07439613526570048,0.4454106280193237
2193,37167,2042,52,274,964,1990,2042,1.0,0.025465230166503428,0.9745347698334965,804,0.13418217433888344,0.4720861900097943,0.39373163565132224
2194,37167,2341,320,587,903,2021,2341,1.0,0.13669372063220847,0.8633062793677916,851,0.25074754378470737,0.38573259290901324,0.3635198633062794
2195,37167,3094,47,319,1716,3047,3094,1.0,0.015190691661279896,0.9848093083387202,1059,0.1031027795733678,0.5546218487394958,0.3422753716871364
2196,37167,1926,431,394,569,1495,1926,1.0,0.2237798546209761,0.7762201453790238,963,0.20456905503634476,0.29543094496365524,0.5
2197,37167,1236,40,142,578,1196,1236,1.0,0.032362459546925564,0.9676375404530745,516,0.11488673139158576,0.46763754045307443,0.4174757281553398
2198,37167,2217,727,365,534,1490,2217,1.0,0.32792061344158774,0.6720793865584123,1318,0.16463689670726206,0.2408660351826793,0.5944970681100586
2199,37167,1985,136,322,1080,1849,1985,1.0,0.06851385390428212,0.9314861460957179,583,0.16221662468513853,0.5440806045340051,0.29370277078085644
2200,37167,1699,7,200,963,1692,1699,1.0,0.004120070629782225,0.9958799293702177,536,0.11771630370806356,0.566804002354326,0.3154796939376104
2201,37167,1725,141,310,572,1584,1725,1.0,0.0817391304347826,0.9182608695652174,843,0.17971014492753623,0.33159420289855074,0.48869565217391303
2202,37167,1806,130,267,599,1676,1806,1.0,0.07198228128460686,0.9280177187153932,940,0.1478405315614618,0.33167220376522705,0.5204872646733112
2203,37167,2457,10,278,1455,2447,2457,1.0,0.00407000407000407,0.995929995929996,724,0.11314611314611314,0.5921855921855922,0.2946682946682947
2204,37167,2883,27,340,1873,2856,2883,1.0,0.009365244536940686,0.9906347554630593,670,0.11793270898369754,0.6496704821366632,0.23239680887963926
2205,37167,1177,24,186,575,1153,1177,1.0,0.020390824129141887,0.9796091758708582,416,0.1580288870008496,0.48853016142735767,0.35344095157179267
2206,37167,1875,87,277,887,1788,1875,1.0,0.0464,0.9536,711,0.14773333333333333,0.4730666666666667,0.3792
2207,37167,1357,5,165,847,1352,1357,1.0,0.0036845983787767134,0.9963154016212233,345,0.12159174649963155,0.6241709653647752,0.2542372881355932
2208,37167,2623,256,512,1216,2367,2623,1.0,0.09759817003431186,0.9024018299656882,895,0.1951963400686237,0.46359130766298134,0.34121235226839497
2209,37167,2193,228,728,871,1965,2193,1.0,0.1039671682626539,0.896032831737346,594,0.3319653442772458,0.39717282261741904,0.2708618331053352
2210,37167,2017,188,300,1043,1829,2017,1.0,0.0932077342588002,0.9067922657411998,674,0.1487357461576599,0.5171046108081309,0.3341596430342092
2211,37167,1549,76,258,718,1473,1549,1.0,0.04906391220142027,0.9509360877985797,573,0.16655907036797934,0.4635248547449968,0.3699160748870239
2212,37167,1368,303,298,595,1065,1368,1.0,0.22149122807017543,0.7785087719298246,475,0.21783625730994152,0.43494152046783624,0.3472222222222222
2213,37169,2147,15,320,992,2132,2147,1.0,0.0069864927806241265,0.9930135072193759,835,0.14904517931998137,0.46204005589194225,0.3889147647880764
2214,37169,3341,41,652,1703,3300,3341,1.0,0.012271774917689314,0.9877282250823107,986,0.19515115234959593,0.5097276264591439,0.2951212211912601
2215,37169,1602,8,204,755,1594,1602,1.0,0.004993757802746567,0.9950062421972534,643,0.12734082397003746,0.4712858926342072,0.4013732833957553
2216,37169,4513,76,662,1691,4437,4513,1.0,0.016840239308663858,0.9831597606913361,2160,0.1466873476623089,0.3746953246177709,0.4786173277199202
2217,37169,761,79,140,312,682,761,1.0,0.1038107752956636,0.8961892247043364,309,0.18396846254927726,0.4099868593955322,0.4060446780551905
2218,37169,1004,15,166,423,989,1004,1.0,0.014940239043824702,0.9850597609561753,415,0.16533864541832669,0.4213147410358566,0.41334661354581675
2219,37169,2198,33,323,843,2165,2198,1.0,0.015013648771610554,0.9849863512283894,1032,0.14695177434030937,0.3835304822565969,0.4695177434030937
2220,37169,1984,24,287,921,1960,1984,1.0,0.012096774193548387,0.9879032258064516,776,0.14465725806451613,0.4642137096774194,0.3911290322580645
2221,37169,1446,27,191,684,1419,1446,1.0,0.01867219917012448,0.9813278008298755,571,0.13208852005532504,0.4730290456431535,0.3948824343015214
2222,37169,772,30,105,345,742,772,1.0,0.038860103626943004,0.961139896373057,322,0.13601036269430053,0.44689119170984454,0.4170984455958549
2223,37169,2459,84,404,1023,2375,2459,1.0,0.03416022773485156,0.9658397722651484,1032,0.1642944286295242,0.4160227734851566,0.41968279788531926
2224,37169,2310,18,329,1076,2292,2310,1.0,0.007792207792207792,0.9922077922077922,905,0.14242424242424243,0.4658008658008658,0.3917748917748918
2225,37169,811,39,169,328,772,811,1.0,0.04808877928483354,0.9519112207151664,314,0.20838471023427868,0.40443896424167697,0.3871763255240444
2226,37169,1680,65,259,676,1615,1680,1.0,0.03869047619047619,0.9613095238095238,745,0.15416666666666667,0.4023809523809524,0.44345238095238093
2227,37169,2683,17,371,1163,2666,2683,1.0,0.00633619083115915,0.9936638091688409,1149,0.13827804696235557,0.43346999627282895,0.4282519567648155
2228,37169,1192,122,182,453,1070,1192,1.0,0.10234899328859061,0.8976510067114094,557,0.15268456375838926,0.3800335570469799,0.4672818791946309
2229,37169,543,273,223,137,270,543,1.0,0.5027624309392266,0.4972375690607735,183,0.4106813996316759,0.2523020257826888,0.3370165745856354
2230,37169,2071,190,422,805,1881,2071,1.0,0.09174311926605505,0.908256880733945,844,0.20376629647513278,0.38870111057460166,0.40753259295026556
2231,37169,1870,377,498,675,1493,1870,1.0,0.2016042780748663,0.7983957219251336,697,0.2663101604278075,0.3609625668449198,0.37272727272727274
2232,37169,1493,12,267,709,1481,1493,1.0,0.008037508372404554,0.9919624916275954,517,0.17883456128600134,0.47488278633623576,0.3462826523777629
2233,37171,1782,25,240,634,1757,1782,1.0,0.014029180695847363,0.9859708193041526,908,0.13468013468013468,0.3557800224466891,0.5095398428731762
2234,37171,2490,54,374,1051,2436,2490,1.0,0.021686746987951807,0.9783132530120482,1065,0.1502008032128514,0.42208835341365464,0.42771084337349397
2235,37171,2790,22,315,1371,2768,2790,1.0,0.007885304659498209,0.9921146953405018,1104,0.11290322580645161,0.4913978494623656,0.3956989247311828
2236,37171,1646,38,232,671,1608,1646,1.0,0.023086269744835967,0.976913730255164,743,0.14094775212636695,0.40765492102065615,0.4513973268529769
2237,37171,3344,262,561,759,3082,3344,1.0,0.07834928229665072,0.9216507177033493,2024,0.16776315789473684,0.22697368421052633,0.6052631578947368
2238,37171,1967,92,248,791,1875,1967,1.0,0.04677173360447382,0.9532282663955262,928,0.1260803253685816,0.40213523131672596,0.47178444331469244
2239,37171,3071,39,496,1068,3032,3071,1.0,0.012699446434386193,0.9873005535656139,1507,0.1615109084988603,0.34776945620319116,0.49071963529794854
2240,37171,1593,48,436,501,1545,1593,1.0,0.030131826741996232,0.9698681732580038,656,0.27369742623979915,0.3145009416195857,0.4118016321406152
2241,37171,1832,64,277,550,1768,1832,1.0,0.034934497816593885,0.9650655021834061,1005,0.15120087336244542,0.3002183406113537,0.5485807860262009
2242,37171,872,0,127,445,872,872,1.0,0.0,1.0,300,0.14564220183486237,0.5103211009174312,0.3440366972477064
2243,37171,1589,30,280,708,1559,1589,1.0,0.018879798615481436,0.9811202013845186,601,0.1762114537444934,0.44556324732536184,0.3782252989301447
2244,37171,1747,32,247,673,1715,1747,1.0,0.018317115054378934,0.9816828849456211,827,0.14138523182598742,0.38523182598740696,0.4733829421866056
2245,37171,2114,11,315,980,2103,2114,1.0,0.005203405865657522,0.9947965941343425,819,0.1490066225165563,0.46357615894039733,0.38741721854304634
2246,37171,1669,116,377,570,1553,1669,1.0,0.0695026962252846,0.9304973037747154,722,0.22588376273217495,0.341521869382864,0.43259436788496103
2247,37171,3220,33,457,1273,3187,3220,1.0,0.010248447204968944,0.989751552795031,1490,0.14192546583850932,0.3953416149068323,0.46273291925465837
2248,37171,1510,121,353,431,1389,1510,1.0,0.08013245033112583,0.9198675496688742,726,0.2337748344370861,0.2854304635761589,0.48079470198675495
2249,37171,2791,212,501,984,2579,2791,1.0,0.07595843783590112,0.9240415621640989,1306,0.17950555356503045,0.3525618058043712,0.46793264063059836
2250,37171,1421,26,220,576,1395,1421,1.0,0.018296973961998593,0.9817030260380014,625,0.15482054890921887,0.40534834623504573,0.4398311048557354
2251,37171,1121,76,280,407,1045,1121,1.0,0.06779661016949153,0.9322033898305084,434,0.24977698483496877,0.36306868867082964,0.3871543264942016
2252,37171,2535,208,363,791,2327,2535,1.0,0.08205128205128205,0.9179487179487179,1381,0.14319526627218934,0.31203155818540435,0.5447731755424063
2253,37171,2029,44,416,1060,1985,2029,1.0,0.02168555938886151,0.9783144406111385,553,0.20502710694923607,0.5224248398225727,0.2725480532281912
2254,37171,1730,180,443,717,1550,1730,1.0,0.10404624277456648,0.8959537572254336,570,0.2560693641618497,0.4144508670520231,0.32947976878612717
2255,37171,1122,50,183,236,1072,1122,1.0,0.044563279857397504,0.9554367201426025,703,0.16310160427807488,0.2103386809269162,0.6265597147950089
2256,37171,1367,111,398,500,1256,1367,1.0,0.08119970738844184,0.9188002926115582,469,0.29114850036576445,0.365764447695684,0.34308705193855155
2257,37171,2301,31,341,898,2270,2301,1.0,0.013472403302911778,0.9865275966970882,1062,0.14819643633202956,0.39026510212950893,0.46153846153846156
2258,37171,1793,48,304,884,1745,1793,1.0,0.026770775237032907,0.9732292247629671,605,0.16954824316787506,0.49302844394868933,0.3374233128834356
2259,37171,2458,30,419,934,2428,2458,1.0,0.012205044751830757,0.9877949552481693,1105,0.17046379170056958,0.3799837266069976,0.4495524816924329
2260,37171,1325,12,234,520,1313,1325,1.0,0.009056603773584906,0.9909433962264151,571,0.17660377358490567,0.39245283018867927,0.4309433962264151
2261,37171,1227,11,147,615,1216,1227,1.0,0.008964955175224124,0.9910350448247759,465,0.1198044009779951,0.5012224938875306,0.37897310513447435
2262,37173,3926,43,820,662,3883,3926,1.0,0.010952623535404993,0.9890473764645951,2444,0.2088639836984208,0.1686194600101885,0.6225165562913907
2263,37173,2389,5,577,846,2384,2389,1.0,0.002092925910422771,0.9979070740895772,966,0.24152365006278778,0.35412306404353283,0.40435328589367936
2264,37173,2433,17,692,754,2416,2433,1.0,0.006987258528565557,0.9930127414714345,987,0.28442252363337445,0.3099054665022606,0.40567200986436497
2265,37173,1204,2,342,513,1202,1204,1.0,0.0016611295681063123,0.9983388704318937,349,0.2840531561461794,0.4260797342192691,0.2898671096345515
2266,37173,760,0,231,321,760,760,1.0,0.0,1.0,208,0.30394736842105263,0.42236842105263156,0.2736842105263158
2267,37175,544,7,89,218,537,544,1.0,0.012867647058823529,0.9871323529411765,237,0.1636029411764706,0.4007352941176471,0.43566176470588236
2268,37175,2970,137,693,1046,2833,2970,1.0,0.04612794612794613,0.9538720538720539,1231,0.23333333333333334,0.35218855218855216,0.4144781144781145
2269,37175,443,0,43,233,443,443,1.0,0.0,1.0,167,0.09706546275395034,0.5259593679458239,0.37697516930022573
2270,37175,1729,127,321,516,1602,1729,1.0,0.07345286292654714,0.9265471370734528,892,0.18565644881434354,0.2984384037015616,0.5159051474840949
2271,37175,2020,6,329,907,2014,2020,1.0,0.0029702970297029703,0.997029702970297,784,0.16287128712871288,0.449009900990099,0.38811881188118813
2272,37175,2584,16,564,1054,2568,2584,1.0,0.006191950464396285,0.9938080495356038,966,0.21826625386996903,0.40789473684210525,0.3738390092879257
2273,37175,1902,102,752,617,1800,1902,1.0,0.05362776025236593,0.9463722397476341,533,0.3953732912723449,0.3243953732912723,0.28023133543638273
2274,37175,1906,394,631,369,1512,1906,1.0,0.20671563483735572,0.7932843651626443,906,0.3310598111227702,0.19359916054564533,0.4753410283315845
2275,37175,1541,14,430,702,1527,1541,1.0,0.009085009733939001,0.990914990266061,409,0.2790395846852693,0.4555483452303699,0.2654120700843608
2276,37175,1943,83,658,416,1860,1943,1.0,0.04271744724652599,0.957282552753474,869,0.3386515697375193,0.21410190427174472,0.447246525990736
2277,37175,1599,8,561,645,1591,1599,1.0,0.0050031269543464665,0.9949968730456535,393,0.350844277673546,0.40337711069418386,0.24577861163227016
2278,37175,2085,76,774,468,2009,2085,1.0,0.03645083932853717,0.9635491606714628,843,0.3712230215827338,0.22446043165467625,0.40431654676258993
2279,37175,2376,7,880,885,2369,2376,1.0,0.002946127946127946,0.9970538720538721,611,0.37037037037037035,0.37247474747474746,0.25715488215488214
2280,37175,754,1,268,286,753,754,1.0,0.001326259946949602,0.9986737400530504,200,0.35543766578249336,0.3793103448275862,0.26525198938992045
2281,37175,579,2,50,251,577,579,1.0,0.0034542314335060447,0.9965457685664939,278,0.08635578583765112,0.43350604490500866,0.48013816925734026
2282,37175,619,1,120,294,618,619,1.0,0.0016155088852988692,0.9983844911147012,205,0.1938610662358643,0.47495961227786754,0.33117932148626816
2283,37175,684,0,114,268,684,684,1.0,0.0,1.0,302,0.16666666666666666,0.391812865497076,0.4415204678362573
2284,37175,980,0,321,374,980,980,1.0,0.0,1.0,285,0.32755102040816325,0.3816326530612245,0.29081632653061223
2285,37177,72,5,8,38,67,72,1.0,0.06944444444444445,0.9305555555555556,26,0.1111111111111111,0.5277777777777778,0.3611111111111111
2286,37177,275,95,43,93,180,275,1.0,0.34545454545454546,0.6545454545454545,139,0.15636363636363637,0.3381818181818182,0.5054545454545455
2287,37177,279,213,113,31,66,279,1.0,0.7634408602150538,0.23655913978494625,135,0.4050179211469534,0.1111111111111111,0.4838709677419355
2288,37177,2414,890,383,620,1524,2414,1.0,0.36868268434134216,0.6313173156586578,1411,0.15865782932891467,0.25683512841756423,0.5845070422535211
2289,37177,532,207,152,190,325,532,1.0,0.3890977443609023,0.6109022556390977,190,0.2857142857142857,0.35714285714285715,0.35714285714285715
2290,37177,40,9,5,18,31,40,1.0,0.225,0.775,17,0.125,0.45,0.425
2291,37179,2430,253,542,1129,2177,2430,1.0,0.10411522633744856,0.8958847736625515,759,0.22304526748971193,0.4646090534979424,0.31234567901234567
2292,37179,2803,123,924,1878,2680,2803,1.1005498821681068,0.04388155547627542,0.9561184445237246,1,0.32964680699250803,0.6699964323938638,0.00035676061362825543
2293,37179,2454,115,367,1329,2339,2454,1.0,0.04686226568867156,0.9531377343113284,758,0.1495517522412388,0.5415647921760391,0.30888345558272207
2294,37179,11813,861,4436,7376,10952,11813,1.0055333276581255,0.07288580377550156,0.9271141962244984,1,0.3755184965715737,0.6243968509269449,8.465250148141877e-05
2295,37179,2848,112,943,1904,2736,2848,1.1601466992665037,0.03932584269662921,0.9606741573033708,1,0.33110955056179775,0.6685393258426966,0.00035112359550561797
2296,37179,2168,138,504,1028,2030,2168,1.0,0.06365313653136531,0.9363468634686347,636,0.23247232472324722,0.474169741697417,0.2933579335793358
2297,37179,3118,181,997,2082,2937,3118,1.0,0.058050032071840924,0.9419499679281591,39,0.3197562540089801,0.667735728030789,0.012508017960230917
2298,37179,3443,393,942,1480,3050,3443,1.0,0.11414464130119083,0.8858553586988092,1021,0.2735986058669765,0.4298576822538484,0.29654371187917516
2299,37179,1621,808,469,111,813,1621,1.0,0.4984577421344849,0.5015422578655151,1041,0.28932757557063543,0.06847624922887106,0.6421961752004935
2300,37179,4219,498,955,1294,3721,4219,1.0,0.11803744963261437,0.8819625503673857,1970,0.2263569566247926,0.3067077506518132,0.4669352927233942
2301,37179,3918,393,1281,2472,3525,3918,1.0,0.1003062787136294,0.8996937212863706,165,0.32695252679938747,0.6309341500765697,0.04211332312404288
2302,37179,3431,438,852,1497,2993,3431,1.0,0.1276595744680851,0.8723404255319149,1082,0.2483241037598368,0.4363159428737977,0.31535995336636546
2303,37179,2397,60,305,1507,2337,2397,1.0,0.025031289111389236,0.9749687108886108,585,0.1272423863162286,0.6287025448477264,0.24405506883604505
2304,37179,4162,393,1378,1992,3769,4162,1.0,0.09442575684766939,0.9055742431523306,792,0.3310908217203268,0.47861604997597307,0.19029312830370015
2305,37179,2157,78,592,1369,2079,2157,1.0,0.03616133518776078,0.9638386648122392,196,0.27445526193787667,0.6346777932313398,0.09086694483078349
2306,37179,2225,201,468,1062,2024,2225,1.0,0.09033707865168539,0.9096629213483146,695,0.21033707865168538,0.47730337078651686,0.31235955056179776
2307,37179,2154,198,454,840,1956,2154,1.0,0.09192200557103064,0.9080779944289693,860,0.2107706592386258,0.38997214484679665,0.39925719591457753
2308,37179,3410,373,708,1296,3037,3410,1.0,0.1093841642228739,0.8906158357771261,1406,0.20762463343108503,0.38005865102639297,0.41231671554252197
2309,37179,2620,955,656,164,1665,2620,1.0,0.36450381679389315,0.6354961832061069,1800,0.250381679389313,0.06259541984732825,0.6870229007633588
2310,37179,2506,598,426,196,1908,2506,1.0,0.2386272944932163,0.7613727055067837,1884,0.16999201915403034,0.0782122905027933,0.7517956903431764
2311,37179,3245,410,635,1710,2835,3245,1.0,0.1263482280431433,0.8736517719568567,900,0.19568567026194145,0.5269645608628659,0.2773497688751926
2312,37179,2004,126,285,1013,1878,2004,1.0,0.06287425149700598,0.937125748502994,706,0.14221556886227546,0.5054890219560878,0.3522954091816367
2313,37179,2351,397,396,986,1954,2351,1.0,0.16886431305827307,0.8311356869417269,969,0.1684389621437686,0.4193960017014037,0.41216503615482775
2314,37179,2103,244,299,1000,1859,2103,1.0,0.11602472658107466,0.8839752734189253,804,0.1421778411792677,0.47551117451260105,0.38231098430813126
2315,37179,3716,1112,949,649,2604,3716,1.0,0.2992465016146394,0.7007534983853606,2118,0.2553821313240043,0.17465016146393972,0.569967707212056
2316,37179,2624,13,267,1745,2611,2624,1.0,0.004954268292682927,0.995045731707317,612,0.1017530487804878,0.665015243902439,0.23323170731707318
2317,37179,2103,132,334,1235,1971,2103,1.0,0.06276747503566334,0.9372325249643366,534,0.15882073228720875,0.5872563005230623,0.25392296718972895
2318,37179,1620,543,577,251,1077,1620,1.0,0.3351851851851852,0.6648148148148149,792,0.35617283950617284,0.15493827160493828,0.4888888888888889
2319,37179,1961,422,407,312,1539,1961,1.0,0.21519632840387556,0.7848036715961244,1242,0.20754716981132076,0.15910249872514023,0.633350331463539
2320,37179,2125,671,738,398,1454,2125,1.0,0.31576470588235295,0.684235294117647,989,0.3472941176470588,0.18729411764705883,0.46541176470588236
2321,37179,2211,200,340,1011,2011,2211,1.0,0.09045680687471733,0.9095431931252826,860,0.15377657168701944,0.45725915875169604,0.3889642695612845
2322,37179,2552,162,342,1343,2390,2552,1.0,0.06347962382445141,0.9365203761755486,867,0.13401253918495298,0.5262539184952978,0.3397335423197492
2323,37179,1717,735,626,353,982,1717,1.0,0.4280722189866045,0.5719277810133955,738,0.3645894001164822,0.20559114735002912,0.42981945253348863
2324,37179,2149,220,295,1032,1929,2149,1.0,0.10237319683573755,0.8976268031642625,822,0.13727315030246626,0.48022335970218705,0.38250348999534667
2325,37179,2972,200,634,1668,2772,2972,1.0,0.06729475100942127,0.9327052489905787,670,0.2133243606998654,0.5612382234185733,0.22543741588156124
2326,37179,3224,172,933,1834,3052,3224,1.0,0.05334987593052109,0.9466501240694789,457,0.2893920595533499,0.5688585607940446,0.14174937965260545
2327,37179,1751,101,293,631,1650,1751,1.0,0.05768132495716733,0.9423186750428326,827,0.16733295259851513,0.36036550542547113,0.4723015419760137
2328,37179,4710,681,1125,1890,4029,4710,1.0,0.1445859872611465,0.8554140127388535,1695,0.23885350318471338,0.4012738853503185,0.35987261146496813
2329,37179,3793,243,1180,2234,3550,3793,1.0,0.06406538360137094,0.9359346163986291,379,0.31109939361982597,0.5889796994463485,0.09992090693382547
2330,37179,4273,314,1208,1805,3959,4273,1.0,0.07348467119120056,0.9265153288087994,1260,0.28270535923238943,0.4224198455417739,0.29487479522583665
2331,37179,2328,18,226,1564,2310,2328,1.0,0.007731958762886598,0.9922680412371134,538,0.09707903780068729,0.6718213058419243,0.23109965635738833
2332,37179,1797,44,464,1014,1753,1797,1.0,0.02448525319977741,0.9755147468002225,319,0.2582081246521981,0.5642737896494157,0.1775180856983862
2333,37179,2524,32,260,1630,2492,2524,1.0,0.012678288431061807,0.9873217115689382,634,0.10301109350237718,0.6458003169572107,0.25118858954041207
2334,37179,3079,421,1190,1581,2658,3079,1.0,0.13673270542383892,0.8632672945761611,308,0.3864891198441052,0.513478402078597,0.10003247807729783
2335,37179,3154,235,741,1481,2919,3154,1.0,0.07450856055802156,0.9254914394419784,932,0.23493975903614459,0.4695624603677869,0.29549778059606846
2336,37179,3815,545,1538,1660,3270,3815,1.0,0.14285714285714285,0.8571428571428571,617,0.40314547837483616,0.4351245085190039,0.1617300131061599
2337,37179,2455,153,650,1077,2302,2455,1.0,0.06232179226069246,0.9376782077393075,728,0.26476578411405294,0.43869653767820777,0.2965376782077393
2338,37179,1276,60,348,834,1216,1276,1.0,0.047021943573667714,0.9529780564263323,94,0.2727272727272727,0.6536050156739812,0.07366771159874608
2339,37179,1600,113,442,792,1487,1600,1.0,0.070625,0.929375,366,0.27625,0.495,0.22875
2340,37181,504,18,171,212,486,504,1.0,0.03571428571428571,0.9642857142857143,121,0.3392857142857143,0.42063492063492064,0.2400793650793651
2341,37181,1220,590,356,293,630,1220,1.0,0.48360655737704916,0.5163934426229508,571,0.29180327868852457,0.24016393442622952,0.4680327868852459
2342,37181,2587,1586,976,241,1001,2587,1.0,0.6130653266331658,0.3869346733668342,1370,0.37727097023579437,0.0931580981832238,0.5295709315809818
2343,37181,1089,537,416,256,552,1089,1.0,0.4931129476584022,0.5068870523415978,417,0.3820018365472911,0.23507805325987144,0.38292011019283745
2344,37181,2875,1344,1161,767,1531,2875,1.0,0.46747826086956523,0.5325217391304348,947,0.4038260869565217,0.2667826086956522,0.3293913043478261
2345,37181,2145,733,639,794,1412,2145,1.0,0.3417249417249417,0.6582750582750583,712,0.29790209790209793,0.3701631701631702,0.33193473193473194
2346,37181,2477,1254,1030,649,1223,2477,1.0,0.5062575696406943,0.4937424303593056,798,0.4158255954784013,0.26201049656842956,0.3221639079531692
2347,37181,916,429,343,163,487,916,1.0,0.4683406113537118,0.5316593886462883,410,0.37445414847161573,0.1779475982532751,0.44759825327510916
2348,37181,4829,1859,1457,1135,2970,4829,1.0,0.38496583143507973,0.6150341685649203,2237,0.30171878235659555,0.23503831020915303,0.4632429074342514
2349,37181,1188,443,322,160,745,1188,1.0,0.3728956228956229,0.627104377104377,706,0.27104377104377103,0.13468013468013468,0.5942760942760943
2350,37181,937,536,367,122,401,937,1.0,0.5720384204909285,0.4279615795090715,448,0.39167556029882605,0.13020277481323372,0.4781216648879402
2351,37181,2565,2116,1207,130,449,2565,1.0,0.8249512670565302,0.1750487329434698,1228,0.4705653021442495,0.050682261208576995,0.4787524366471735
2352,37181,988,503,284,135,485,988,1.0,0.5091093117408907,0.4908906882591093,569,0.2874493927125506,0.13663967611336034,0.5759109311740891
2353,37181,2298,1863,1222,78,435,2298,1.0,0.8107049608355091,0.18929503916449086,998,0.5317667536988686,0.033942558746736295,0.43429068755439515
2354,37181,2930,839,1115,926,2091,2930,1.0,0.2863481228668942,0.7136518771331058,889,0.38054607508532423,0.31604095563139933,0.30341296928327643
2355,37181,4333,1509,1201,1320,2824,4333,1.0,0.34825755827371335,0.6517424417262866,1812,0.27717516732056313,0.3046388183706439,0.418186014308793
2356,37183,5746,1027,2599,1283,4719,5746,1.0,0.17873303167420815,0.8212669683257918,1864,0.45231465367211976,0.22328576400974592,0.32439958231813437
2357,37183,1065,36,614,443,1029,1065,1.0,0.03380281690140845,0.9661971830985916,8,0.5765258215962441,0.415962441314554,0.007511737089201878
2358,37183,2972,496,1442,727,2476,2972,1.0,0.16689098250336473,0.8331090174966352,803,0.4851951547779273,0.2446164199192463,0.2701884253028264
2359,37183,2050,353,1157,703,1697,2050,1.0,0.1721951219512195,0.8278048780487804,190,0.564390243902439,0.3429268292682927,0.09268292682926829
2360,37183,4117,510,2009,1253,3607,4117,1.0,0.1238766091814428,0.8761233908185572,855,0.4879766820500364,0.30434782608695654,0.20767549186300704
2361,37183,4708,591,2555,1625,4117,4708,1.0,0.12553101104502973,0.8744689889549703,528,0.5426932880203909,0.3451571792693288,0.11214953271028037
2362,37183,1603,49,783,702,1554,1603,1.0,0.03056768558951965,0.9694323144104804,118,0.48845913911416095,0.4379288833437305,0.07361197754210855
2363,37183,2020,127,1002,816,1893,2020,1.0,0.06287128712871287,0.9371287128712872,202,0.49603960396039604,0.403960396039604,0.1
2364,37183,3025,799,1296,432,2226,3025,1.0,0.2641322314049587,0.7358677685950413,1297,0.4284297520661157,0.1428099173553719,0.42876033057851237
2365,37183,2298,93,1133,1099,2205,2298,1.0,0.04046997389033943,0.9595300261096605,66,0.4930374238468233,0.4782419495213229,0.028720626631853787
2366,37183,4045,241,2068,1537,3804,4045,1.0,0.05957972805933251,0.9404202719406675,440,0.5112484548825711,0.3799752781211372,0.10877626699629171
2367,37183,2239,330,1091,577,1909,2239,1.0,0.14738722644037516,0.8526127735596248,571,0.4872711031710585,0.25770433229120143,0.2550245645377401
2368,37183,2931,466,1382,793,2465,2931,1.0,0.15899010576595018,0.8410098942340498,756,0.47151142954622993,0.2705561241896963,0.2579324462640737
2369,37183,4338,475,2102,1139,3863,4338,1.0,0.1094974642692485,0.8905025357307514,1097,0.48455509451360074,0.26256339326878747,0.2528815122176118
2370,37183,2577,741,845,971,1836,2577,1.0,0.28754365541327126,0.7124563445867288,761,0.32790065968180054,0.37679472254559565,0.2953046177726038
2371,37183,4180,1488,1691,963,2692,4180,1.0,0.3559808612440191,0.6440191387559808,1526,0.40454545454545454,0.23038277511961722,0.3650717703349282
2372,37183,2484,526,955,1272,1958,2484,1.0,0.21175523349436393,0.788244766505636,257,0.38446054750402575,0.5120772946859904,0.1034621578099839
2373,37183,1580,202,356,657,1378,1580,1.0,0.12784810126582277,0.8721518987341772,567,0.22531645569620254,0.4158227848101266,0.3588607594936709
2374,37183,4526,1183,1558,1332,3343,4526,1.0,0.26137870083959347,0.7386212991604065,1636,0.3442333186036235,0.29429960229783475,0.36146707909854175
2375,37183,3047,868,1122,942,2179,3047,1.0,0.284870364292747,0.7151296357072531,983,0.36823104693140796,0.3091565474236954,0.3226124056448966
2376,37183,6439,2163,3076,2130,4276,6439,1.0,0.33592172697623857,0.6640782730237614,1233,0.4777139307345861,0.3307967075632862,0.19148936170212766
2377,37183,4524,691,2538,1257,3833,4524,1.0,0.15274093722369583,0.8472590627763041,729,0.5610079575596817,0.27785145888594165,0.16114058355437666
2378,37183,4193,348,2184,1322,3845,4193,1.0,0.08299546863820653,0.9170045313617935,687,0.5208681135225376,0.3152873837347961,0.16384450274266635
2379,37183,4855,476,1783,2582,4379,4855,1.0,0.098043254376931,0.901956745623069,490,0.36725025746652934,0.5318228630278063,0.10092687950566426
2380,37183,3947,772,1792,1634,3175,3947,1.0,0.1955915885482645,0.8044084114517355,521,0.45401570813275904,0.41398530529516087,0.13199898657208006
2381,37183,4129,320,1167,2092,3809,4129,1.0,0.07750060547348026,0.9224993945265197,870,0.28263502058609835,0.5066602082828772,0.21070477113102445
2382,37183,6146,610,2780,3123,5536,6146,1.0,0.09925154572079402,0.900748454279206,243,0.4523267165636186,0.5081353726000651,0.0395379108363163
2383,37183,3096,405,1227,1608,2691,3096,1.0,0.1308139534883721,0.8691860465116279,261,0.3963178294573643,0.5193798449612403,0.08430232558139535
2384,37183,2799,370,926,1148,2429,2799,1.0,0.1321900678813862,0.8678099321186138,725,0.330832440157199,0.41014648088603073,0.2590210789567703
2385,37183,4374,1030,1892,1477,3344,4374,1.0,0.23548239597622314,0.7645176040237769,1005,0.4325560128029264,0.3376771833561957,0.22976680384087791
2386,37183,3200,400,1455,1744,2800,3200,1.0162007623888183,0.125,0.875,1,0.4546875,0.545,0.0003125
2387,37183,6342,2764,2712,609,3578,6342,1.0,0.4358246609902239,0.5641753390097761,3021,0.42762535477767266,0.09602649006622517,0.4763481551561022
2388,37183,2130,195,945,768,1935,2130,1.0,0.09154929577464789,0.9084507042253521,417,0.44366197183098594,0.36056338028169016,0.19577464788732393
2389,37183,2375,839,1199,418,1536,2375,1.0,0.35326315789473683,0.6467368421052632,758,0.5048421052631579,0.176,0.3191578947368421
2390,37183,3139,525,1500,986,2614,3139,1.0,0.16725071678878622,0.8327492832112138,653,0.47785919082510353,0.3141127747690347,0.20802803440586173
2391,37183,2166,646,1295,548,1520,2166,1.0,0.2982456140350877,0.7017543859649122,323,0.5978762696214219,0.2530009233610342,0.14912280701754385
2392,37183,3258,1392,1623,393,1866,3258,1.0,0.427255985267035,0.572744014732965,1242,0.498158379373849,0.12062615101289134,0.3812154696132597
2393,37183,4596,1847,2496,736,2749,4596,1.0,0.40187119234116625,0.5981288076588338,1364,0.5430809399477807,0.16013925152306355,0.2967798085291558
2394,37183,5316,495,2611,2071,4821,5316,1.0,0.09311512415349887,0.9068848758465011,634,0.4911587659894658,0.38957863054928515,0.11926260346124906
2395,37183,3004,260,1388,1234,2744,3004,1.0,0.08655126498002663,0.9134487350199734,382,0.4620505992010652,0.41078561917443407,0.12716378162450068
2396,37183,782,49,232,384,733,782,1.0,0.06265984654731457,0.9373401534526854,166,0.2966751918158568,0.49104859335038364,0.21227621483375958
2397,37183,4757,187,1773,2983,4570,4757,1.0585354996661474,0.03931048980449863,0.9606895101955014,1,0.37271389531217153,0.6270758881648097,0.00021021652301870928
2398,37183,4593,480,1413,1943,4113,4593,1.0,0.10450685826257348,0.8954931417374266,1237,0.3076420640104507,0.4230350533420422,0.2693228826475071
2399,37183,5947,742,2023,2194,5205,5947,1.0,0.12476879098705229,0.8752312090129477,1730,0.34017151504960486,0.3689255086598285,0.29090297629056666
2400,37183,4664,482,1381,2226,4182,4664,1.0,0.10334476843910806,0.8966552315608919,1057,0.29609777015437394,0.4772727272727273,0.2266295025728988
2401,37183,2136,308,819,973,1828,2136,1.0,0.1441947565543071,0.8558052434456929,344,0.38342696629213485,0.45552434456928836,0.16104868913857678
2402,37183,3235,521,985,1072,2714,3235,1.0,0.16105100463678515,0.8389489953632149,1178,0.3044822256568779,0.3313755795981453,0.36414219474497683
2403,37183,5972,3034,3031,695,2938,5972,1.0,0.5080375083724046,0.4919624916275954,2246,0.5075351640991292,0.11637642330877428,0.37608841259209647
2404,37183,2079,597,770,412,1482,2079,1.0,0.28715728715728717,0.7128427128427128,897,0.37037037037037035,0.19817219817219817,0.4314574314574315
2405,37183,2657,737,1171,992,1920,2657,1.0,0.27738050432818967,0.7226194956718103,494,0.4407226194956718,0.373353406097102,0.1859239744072262
2406,37183,3147,549,1122,965,2598,3147,1.0,0.1744518589132507,0.8255481410867492,1060,0.3565300285986654,0.30664124563075945,0.33682872577057515
2407,37183,1906,713,785,372,1193,1906,1.0,0.3740818467995803,0.6259181532004198,749,0.4118572927597062,0.19517313746065057,0.39296956977964326
2408,37183,3454,708,1545,1154,2746,3454,1.0,0.20497973364215402,0.795020266357846,755,0.44730746960046325,0.33410538506079906,0.2185871453387377
2409,37183,7287,4457,4797,846,2830,7287,1.0,0.6116371620694387,0.38836283793056126,1644,0.6582955948950185,0.11609715932482503,0.22560724578015645
2410,37183,3562,1071,1625,948,2491,3562,1.0,0.30067377877596857,0.6993262212240314,989,0.4562043795620438,0.26614261650758003,0.2776530039303762
2411,37183,3791,1371,1531,596,2420,3791,1.0,0.361646003692957,0.638353996307043,1664,0.4038512265892904,0.15721445528884198,0.43893431812186756
2412,37183,1335,230,422,361,1105,1335,1.0,0.17228464419475656,0.8277153558052435,552,0.3161048689138577,0.2704119850187266,0.4134831460674157
2413,37183,6829,2105,3518,1488,4724,6829,1.0,0.3082442524527749,0.691755747547225,1823,0.5151559525552789,0.21789427441792356,0.26694977302679745
2414,37183,5441,1581,2950,1576,3860,5441,1.0,0.2905715861054953,0.7094284138945047,915,0.5421797463701525,0.28965263738283403,0.16816761624701343
2415,37183,4411,1649,2247,840,2762,4411,1.0,0.3738381319428701,0.6261618680571299,1324,0.5094082974382226,0.1904330083881206,0.30015869417365676
2416,37183,2524,448,783,798,2076,2524,1.0,0.1774960380348653,0.8225039619651348,943,0.3102218700475436,0.3161648177496038,0.3736133122028526
2417,37183,4330,2284,2406,457,2046,4330,1.0,0.5274826789838337,0.4725173210161663,1467,0.5556581986143188,0.10554272517321016,0.33879907621247113
2418,37183,7157,2343,4061,2061,4814,7157,1.0,0.32737180382841974,0.6726281961715803,1035,0.5674165152997066,0.28796981975688135,0.14461366494341205
2419,37183,3666,2462,2442,258,1204,3666,1.0,0.6715766503000545,0.32842334969994547,966,0.6661211129296236,0.07037643207855974,0.2635024549918167
2420,37183,1735,555,626,302,1180,1735,1.0,0.31988472622478387,0.6801152737752162,807,0.36080691642651297,0.17406340057636888,0.46512968299711815
2421,37183,5204,1813,2518,768,3391,5204,1.0,0.34838585703305147,0.6516141429669485,1918,0.483858570330515,0.14757878554957723,0.36856264411990775
2422,37183,7951,1272,2838,890,6679,7951,1.0,0.1599798767450635,0.8400201232549365,4223,0.35693623443592,0.11193560558420325,0.5311281599798767
2423,37183,4144,135,1813,2108,4009,4144,1.0,0.032577220077220075,0.9674227799227799,223,0.4375,0.5086872586872587,0.05381274131274131
2424,37183,2073,67,1123,839,2006,2073,1.0,0.032320308731307285,0.9676796912686927,111,0.5417269657501206,0.4047274481427882,0.053545586107091175
2425,37183,4347,428,1595,1615,3919,4347,1.0,0.09845870715435932,0.9015412928456407,1137,0.3669197147458017,0.37152058891189327,0.261559696342305
2426,37183,4200,90,2258,1920,4110,4200,1.0,0.02142857142857143,0.9785714285714285,22,0.5376190476190477,0.45714285714285713,0.005238095238095238
2427,37183,4740,723,2235,955,4017,4740,1.0,0.15253164556962026,0.8474683544303797,1550,0.47151898734177217,0.20147679324894516,0.3270042194092827
2428,37183,3335,250,1154,1582,3085,3335,1.0,0.07496251874062969,0.9250374812593704,599,0.3460269865067466,0.47436281859070467,0.17961019490254873
2429,37183,4581,392,1853,1257,4189,4581,1.0,0.0855708360619952,0.9144291639380048,1471,0.4044968347522375,0.27439423706614274,0.32110892818161973
2430,37183,3135,296,1120,1265,2839,3135,1.0,0.09441786283891547,0.9055821371610845,750,0.3572567783094099,0.40350877192982454,0.23923444976076555
2431,37183,5921,986,3140,2780,4935,5921,1.0709117221418234,0.166525924674886,0.833474075325114,1,0.5303158250295558,0.4695152845803074,0.00016889039013680122
2432,37183,2979,140,1025,1523,2839,2979,1.0,0.04699563611950319,0.9530043638804968,431,0.3440751930177912,0.5112453843571668,0.14467942262504196
2433,37183,7269,980,3218,2822,6289,7269,1.0,0.13481909478607787,0.8651809052139221,1229,0.4427018847159169,0.38822396478195076,0.16907415050213234
2434,37183,2357,788,1178,1107,1569,2357,1.0,0.3343232923207467,0.6656767076792532,72,0.49978786593126856,0.4696648281714043,0.030547305897327112
2435,37183,3851,513,1511,1957,3338,3851,1.0,0.1332121526876136,0.8667878473123863,383,0.39236561931965724,0.5081796935860815,0.09945468709426124
2436,37183,6535,753,3033,3501,5782,6535,1.2077634011090572,0.1152257077276205,0.8847742922723795,1,0.4641162968630451,0.5357306809487375,0.0001530221882172915
2437,37183,2613,296,1142,1180,2317,2613,1.0,0.11327975507079985,0.8867202449292002,291,0.43704554152315345,0.45158821278224265,0.1113662456946039
2438,37183,4442,489,2226,2211,3953,4442,1.0,0.11008554705087799,0.889914452949122,5,0.5011256190904998,0.49774876181900046,0.0011256190904997748
2439,37183,3054,739,1141,1091,2315,3054,1.0,0.24197773411918794,0.758022265880812,822,0.3736083824492469,0.3572364112639162,0.2691552062868369
2440,37183,4393,1405,2560,1346,2988,4393,1.0,0.3198269974960164,0.6801730025039836,487,0.5827452765763715,0.30639653994992033,0.11085818347370817
2441,37183,3760,721,1651,1126,3039,3760,1.0,0.19175531914893618,0.8082446808510638,983,0.43909574468085105,0.29946808510638295,0.26143617021276594
2442,37183,12679,1131,8094,4584,11548,12679,1.0535150407179659,0.08920261850303651,0.9107973814969634,1,0.6383784210111207,0.3615427084154902,7.887057338906853e-05
2443,37183,2969,142,1623,1345,2827,2969,1.0935887988209285,0.04782755136409565,0.9521724486359043,1,0.5466487032670932,0.453014482990906,0.0003368137420006736
2444,37183,3568,131,1739,1107,3437,3568,1.0,0.0367152466367713,0.9632847533632287,722,0.4873878923766816,0.3102578475336323,0.2023542600896861
2445,37183,3287,168,1718,1491,3119,3287,1.0,0.05111043504715546,0.9488895649528445,78,0.5226650441131732,0.4536051110435047,0.02372984484332218
2446,37183,7301,729,3795,2765,6572,7301,1.0,0.09984933570743734,0.9001506642925626,741,0.5197918093411862,0.37871524448705657,0.10149294617175729
2447,37183,4572,306,1996,1669,4266,4572,1.0,0.06692913385826772,0.9330708661417323,907,0.43657042869641294,0.36504811898512685,0.1983814523184602
2448,37183,2335,97,1332,1002,2238,2335,1.01743679163034,0.041541755888650965,0.9584582441113491,1,0.5704496788008565,0.4291220556745182,0.00042826552462526765
2449,37183,3211,94,1592,1030,3117,3211,1.0,0.029274369355341015,0.970725630644659,589,0.49579570227343506,0.32077234506384306,0.1834319526627219
2450,37183,3531,205,1562,1499,3326,3531,1.0,0.05805720758991787,0.9419427924100822,470,0.4423676012461059,0.4245256301331068,0.13310676862078732
2451,37183,2530,111,1113,1047,2419,2530,1.0,0.04387351778656127,0.9561264822134388,370,0.4399209486166008,0.41383399209486166,0.14624505928853754
2452,37183,2313,303,1313,351,2010,2313,1.0,0.1309987029831388,0.8690012970168612,649,0.567661046260268,0.1517509727626459,0.28058798097708604
2453,37183,3005,165,1194,438,2840,3005,1.0,0.05490848585690516,0.9450915141430949,1373,0.3973377703826955,0.14575707154742096,0.4569051580698835
2454,37183,1901,29,1082,713,1872,1901,1.0,0.015255128879537085,0.9847448711204629,106,0.5691741188847975,0.3750657548658601,0.05576012624934245
2455,37183,1187,16,662,408,1171,1187,1.0,0.013479359730412805,0.9865206402695872,117,0.5577085088458298,0.34372367312552654,0.09856781802864364
2456,37183,1084,74,546,387,1010,1084,1.0,0.06826568265682657,0.9317343173431735,151,0.503690036900369,0.3570110701107011,0.1392988929889299
2457,37183,2760,82,1782,539,2678,2760,1.0,0.029710144927536233,0.9702898550724638,439,0.6456521739130435,0.19528985507246377,0.15905797101449276
2458,37183,1937,304,1560,376,1633,1937,1.0078084331077564,0.15694372741352608,0.843056272586474,1,0.8053691275167785,0.19411461022199278,0.0005162622612287042
2459,37183,1146,14,802,226,1132,1146,1.0,0.012216404886561954,0.987783595113438,118,0.699825479930192,0.19720767888307156,0.10296684118673648
2460,37183,1330,18,898,431,1312,1330,1.0060560181680545,0.013533834586466165,0.9864661654135338,1,0.675187969924812,0.3240601503759398,0.0007518796992481203
2461,37183,1862,9,852,994,1853,1862,1.0,0.004833512352309345,0.9951664876476907,16,0.45757250268528465,0.5338345864661654,0.008592910848549946
2462,37183,1890,221,1052,513,1669,1890,1.0,0.11693121693121693,0.8830687830687831,325,0.5566137566137566,0.2714285714285714,0.17195767195767195
2463,37183,1664,406,1100,227,1258,1664,1.0,0.2439903846153846,0.7560096153846154,337,0.6610576923076923,0.13641826923076922,0.20252403846153846
2464,37183,3503,725,2412,502,2778,3503,1.0,0.20696545817870396,0.7930345418212961,589,0.6885526691407365,0.1433057379389095,0.168141592920354
2465,37183,1560,104,905,654,1456,1560,1.0498316498316498,0.06666666666666667,0.9333333333333333,1,0.5801282051282052,0.41923076923076924,0.000641025641025641
2466,37183,3230,456,1514,670,2774,3230,1.0,0.1411764705882353,0.8588235294117647,1046,0.46873065015479876,0.20743034055727555,0.3238390092879257
2467,37183,1130,19,494,414,1111,1130,1.0,0.016814159292035398,0.9831858407079646,222,0.43716814159292033,0.3663716814159292,0.19646017699115045
2468,37183,4124,789,1455,789,3335,4124,1.0,0.19131910766246363,0.8086808923375364,1880,0.3528128031037827,0.19131910766246363,0.45586808923375366
2469,37183,2167,1653,1308,63,514,2167,1.0,0.7628057221965852,0.23719427780341487,796,0.6035994462390402,0.029072450392247345,0.3673281033687125
2470,37183,2860,2104,1825,206,756,2860,1.0,0.7356643356643356,0.26433566433566436,829,0.6381118881118881,0.07202797202797202,0.28986013986013986
2471,37183,5231,1624,2257,795,3607,5231,1.0,0.31045689160772316,0.6895431083922768,2179,0.4314662588415217,0.15197858917988913,0.41655515197858917
2472,37183,3791,2950,2843,153,841,3791,1.0,0.7781587971511474,0.22184120284885256,795,0.7499340543392244,0.04035874439461883,0.2097072012661567
2473,37183,12065,1940,3856,1377,10125,12065,1.0,0.16079569001243266,0.8392043099875673,6832,0.3196021549937837,0.11413178615830916,0.5662660588479071
2474,37183,868,706,411,43,162,868,1.0,0.8133640552995391,0.18663594470046083,414,0.4735023041474654,0.04953917050691244,0.4769585253456221
2475,37183,4854,3327,1817,100,1527,4854,1.0,0.6854140914709518,0.3145859085290482,2937,0.37433044911413266,0.020601565718994644,0.6050679851668727
2476,37183,2472,699,1313,208,1773,2472,1.0,0.2827669902912621,0.7172330097087378,951,0.5311488673139159,0.08414239482200647,0.38470873786407767
2477,37183,3996,2365,2767,451,1631,3996,1.0,0.5918418418418419,0.40815815815815815,778,0.6924424424424425,0.11286286286286286,0.1946946946946947
2478,37183,2139,36,1194,878,2103,2139,1.0,0.016830294530154277,0.9831697054698457,67,0.5582047685834503,0.4104721832632071,0.031323048153342685
2479,37183,1198,48,647,458,1150,1198,1.0,0.04006677796327212,0.9599332220367279,93,0.5400667779632721,0.3823038397328882,0.07762938230383973
2480,37183,6803,1492,2124,446,5311,6803,1.0,0.21931500808466853,0.7806849919153315,4233,0.31221519917683377,0.0655593120682052,0.6222254887549611
2481,37183,3516,637,1420,490,2879,3516,1.0,0.1811717861205916,0.8188282138794084,1606,0.40386803185437997,0.13936291240045506,0.45676905574516496
2482,37183,1638,92,819,425,1546,1638,1.0,0.05616605616605617,0.9438339438339438,394,0.5,0.2594627594627595,0.24053724053724054
2483,37183,2607,2281,1128,59,326,2607,1.0,0.874952052167242,0.12504794783275797,1420,0.4326812428078251,0.02263137706175681,0.5446873801304181
2484,37183,3252,2329,1573,74,923,3252,1.0,0.7161746617466175,0.2838253382533825,1605,0.48370233702337023,0.022755227552275523,0.4935424354243542
2485,37183,2008,173,1054,953,1835,2008,1.0973209404045927,0.08615537848605578,0.9138446215139442,1,0.5249003984063745,0.47460159362549803,0.00049800796812749
2486,37183,1900,146,934,628,1754,1900,1.0,0.07684210526315789,0.9231578947368421,338,0.49157894736842106,0.33052631578947367,0.17789473684210527
2487,37183,2810,702,1252,512,2108,2810,1.0,0.2498220640569395,0.7501779359430605,1046,0.44555160142348754,0.1822064056939502,0.37224199288256227
2488,37183,3068,813,1522,595,2255,3068,1.0,0.264993481095176,0.7350065189048239,951,0.49608865710560623,0.1939374185136897,0.30997392438070404
2489,37183,5942,4121,2926,196,1821,5942,1.0,0.6935375294513632,0.30646247054863685,2820,0.4924267923258162,0.032985526758667116,0.4745876809155167
2490,37183,3791,371,1264,359,3420,3791,1.0,0.09786336059087312,0.9021366394091269,2168,0.333421260881034,0.09469796887364812,0.5718807702453178
2491,37183,2766,187,1151,1250,2579,2766,1.0,0.06760665220535068,0.9323933477946493,365,0.41612436731742586,0.45191612436731743,0.13195950831525669
2492,37183,3220,744,1259,474,2476,3220,1.0,0.231055900621118,0.768944099378882,1487,0.3909937888198758,0.14720496894409937,0.46180124223602487
2493,37183,4577,1178,1967,893,3399,4577,1.0,0.25737382564998906,0.7426261743500109,1717,0.4297574830675115,0.19510596460563687,0.37513655232685167
2494,37183,2586,483,908,568,2103,2586,1.0,0.18677494199535963,0.8132250580046404,1110,0.3511214230471771,0.21964423820572312,0.42923433874709976
2495,37183,5226,2281,1924,309,2945,5226,1.0,0.4364714887102947,0.5635285112897053,2993,0.3681592039800995,0.05912743972445465,0.5727133562954458
2496,37183,2126,119,971,902,2007,2126,1.0,0.055973659454374415,0.9440263405456256,253,0.45672624647224835,0.4242709313264346,0.11900282220131703
2497,37183,2680,331,1413,408,2349,2680,1.0,0.12350746268656716,0.8764925373134328,859,0.5272388059701493,0.15223880597014924,0.3205223880597015
2498,37183,3773,987,1716,536,2786,3773,1.0,0.26159554730983303,0.738404452690167,1521,0.45481049562682213,0.14206201961304002,0.4031274847601378
2499,37183,2451,2066,1932,144,385,2451,1.0,0.842921256629947,0.15707874337005304,375,0.7882496940024479,0.0587515299877601,0.15299877600979192
2500,37183,1187,124,558,395,1063,1187,1.0,0.10446503791069923,0.8955349620893007,234,0.4700926705981466,0.33277169334456613,0.1971356360572873
2501,37183,3019,191,1367,1267,2828,3019,1.0,0.06326598211328255,0.9367340178867175,385,0.45279894004637294,0.4196753892017224,0.1275256707519046
2502,37183,4735,287,2167,2449,4448,4735,1.0,0.06061246040126716,0.9393875395987329,119,0.4576557550158395,0.5172122492080253,0.025131995776135164
2503,37183,2617,73,1109,1413,2544,2617,1.0,0.027894535727932747,0.9721054642720672,95,0.42376767290790984,0.5399312189529997,0.036301108139090564
2504,37183,2191,76,893,1138,2115,2191,1.0,0.03468735737106344,0.9653126426289366,160,0.4075764491099954,0.5193975353719763,0.0730260155180283
2505,37183,937,31,423,467,906,937,1.0,0.033084311632870865,0.9669156883671292,47,0.45144076840981856,0.4983991462113127,0.05016008537886873
2506,37183,2382,102,944,1305,2280,2382,1.0,0.042821158690176324,0.9571788413098237,133,0.3963056255247691,0.5478589420654912,0.05583543240973971
2507,37183,2933,353,1473,1459,2580,2933,1.3002217294900222,0.1203545857483805,0.8796454142516195,1,0.5022161609273781,0.4974428912376406,0.00034094783498124785
2508,37183,2451,281,1111,650,2170,2451,1.0,0.11464708282333741,0.8853529171766625,690,0.4532843737250102,0.2651978784169727,0.28151774785801714
2509,37183,3764,270,1293,744,3494,3764,1.0,0.07173219978746015,0.9282678002125399,1727,0.3435175345377258,0.19766206163655686,0.4588204038257173
2510,37183,2616,451,1050,545,2165,2616,1.0,0.17240061162079512,0.8275993883792049,1021,0.4013761467889908,0.20833333333333334,0.3902905198776758
2511,37183,2565,453,870,488,2112,2565,1.0,0.17660818713450294,0.8233918128654971,1207,0.3391812865497076,0.1902534113060429,0.4705653021442495
2512,37183,2927,175,1881,1045,2752,2927,1.0170316301703164,0.05978817902289033,0.9402118209771096,1,0.6426375128117526,0.3570208404509737,0.00034164673727365904
2513,37183,3019,189,1478,970,2830,3019,1.0,0.06260351109638954,0.9373964889036105,571,0.4895660814839351,0.3212984431931103,0.18913547532295463
2514,37183,2548,35,1171,1281,2513,2548,1.0,0.013736263736263736,0.9862637362637363,96,0.4595761381475667,0.5027472527472527,0.03767660910518053
2515,37183,2491,343,1385,562,2148,2491,1.0,0.1376957045363308,0.8623042954636692,544,0.5560016057808109,0.22561220393416298,0.2183861902850261
2516,37183,2649,158,1166,884,2491,2649,1.0,0.05964514911287278,0.9403548508871272,599,0.44016610041525106,0.3337108342770857,0.22612306530766327
2517,37183,2890,144,1399,868,2746,2890,1.0,0.04982698961937716,0.9501730103806229,623,0.48408304498269894,0.30034602076124567,0.21557093425605536
2518,37183,1935,269,871,351,1666,1935,1.0,0.13901808785529715,0.8609819121447029,713,0.4501291989664083,0.1813953488372093,0.36847545219638245
2519,37183,2781,117,1379,952,2664,2781,1.0,0.042071197411003236,0.9579288025889967,450,0.49586479683567064,0.34232290542970156,0.16181229773462782
2520,37183,4279,224,2223,1519,4055,4279,1.0,0.05234867959803693,0.9476513204019631,537,0.5195139051180182,0.3549894835241879,0.12549661135779389
2521,37183,1772,85,883,542,1687,1772,1.0,0.04796839729119639,0.9520316027088036,347,0.4983069977426637,0.3058690744920993,0.19582392776523702
2522,37183,2197,166,1295,701,2031,2197,1.0,0.0755575785161584,0.9244424214838416,201,0.5894401456531634,0.3190714610832954,0.09148839326354119
2523,37183,2215,115,1161,620,2100,2215,1.0,0.05191873589164785,0.9480812641083521,434,0.5241534988713318,0.2799097065462754,0.19593679458239277
2524,37183,2110,192,1069,510,1918,2110,1.0,0.0909952606635071,0.9090047393364928,531,0.5066350710900474,0.24170616113744076,0.25165876777251184
2525,37183,2874,263,1423,739,2611,2874,1.0,0.09151009046624912,0.9084899095337509,712,0.49512874043145444,0.25713291579679887,0.2477383437717467
2526,37183,1747,50,933,553,1697,1747,1.0,0.028620492272467088,0.9713795077275329,261,0.5340583858042358,0.31654264453348596,0.1493989696622782
2527,37183,3636,377,1665,793,3259,3636,1.0,0.10368536853685369,0.8963146314631463,1178,0.45792079207920794,0.2180968096809681,0.323982398239824
2528,37183,2480,522,1022,364,1958,2480,1.0,0.21048387096774193,0.7895161290322581,1094,0.4120967741935484,0.14677419354838708,0.4411290322580645
2529,37183,4628,585,1987,1239,4043,4628,1.0,0.12640449438202248,0.8735955056179775,1402,0.429343128781331,0.2677182368193604,0.30293863439930857
2530,37183,3321,284,1571,1218,3037,3321,1.0,0.08551641071966275,0.9144835892803372,532,0.47305028605841615,0.36675700090334235,0.16019271303824148
2531,37183,10250,1123,5344,2142,9127,10250,1.0,0.1095609756097561,0.8904390243902439,2764,0.5213658536585366,0.20897560975609755,0.26965853658536587
2532,37183,6911,1335,3710,1960,5576,6911,1.0,0.19317030820431197,0.8068296917956881,1241,0.5368253508898857,0.2836058457531472,0.17956880335696715
2533,37183,4796,191,2437,1624,4605,4796,1.0,0.03982485404503753,0.9601751459549625,735,0.5081317764804003,0.3386155129274395,0.15325271059216014
2534,37183,8202,1298,4100,4101,6904,8202,1.110343893853236,0.15825408436966593,0.8417459156303341,1,0.49987807851743477,0.5,0.000121921482565228
2535,37183,2771,591,1615,1155,2180,2771,1.1228212403729225,0.21328040418621436,0.7867195958137856,1,0.5828220858895705,0.41681703356189104,0.00036088054853843375
2536,37183,2887,154,1235,1523,2733,2887,1.0,0.05334257014201593,0.9466574298579841,129,0.42777970211292,0.5275372358850018,0.044683062002078285
2537,37183,3555,477,1508,1182,3078,3555,1.0,0.1341772151898734,0.8658227848101265,865,0.4241912798874824,0.33248945147679326,0.24331926863572434
2538,37183,4304,537,2294,1944,3767,4304,1.0,0.12476765799256506,0.8752323420074349,66,0.5329925650557621,0.4516728624535316,0.01533457249070632
2539,37183,2164,348,933,466,1816,2164,1.0,0.16081330868761554,0.8391866913123844,765,0.4311460258780037,0.21534195933456562,0.35351201478743066
2540,37183,1578,299,831,532,1279,1578,1.0,0.18948035487959441,0.8105196451204055,215,0.526615969581749,0.33713561470215464,0.13624841571609633
2541,37183,1592,96,787,576,1496,1592,1.0,0.06030150753768844,0.9396984924623115,229,0.4943467336683417,0.36180904522613067,0.14384422110552764
2542,37183,4834,983,2351,968,3851,4834,1.0,0.20335126189491104,0.796648738105089,1515,0.48634671079851055,0.20024824162184526,0.3134050475796442
2543,37183,2023,318,916,583,1705,2023,1.0,0.15719228868017796,0.842807711319822,524,0.4527928818586258,0.28818586258032625,0.25902125556104794
2544,37183,3420,182,1621,1300,3238,3420,1.0,0.05321637426900585,0.9467836257309942,499,0.4739766081871345,0.38011695906432746,0.145906432748538
2545,37183,4501,376,2115,1388,4125,4501,1.0,0.08353699177960454,0.9164630082203955,998,0.4698955787602755,0.3083759164630082,0.2217285047767163
2546,37183,3748,413,1717,872,3335,3748,1.0,0.11019210245464248,0.8898078975453575,1159,0.458110992529349,0.23265741728922093,0.3092315901814301
2547,37185,1066,98,184,412,968,1066,1.0,0.09193245778611632,0.9080675422138836,470,0.1726078799249531,0.38649155722326456,0.44090056285178236
2548,37185,1161,325,334,432,836,1161,1.0,0.27993109388458226,0.7200689061154177,395,0.2876830318690784,0.37209302325581395,0.34022394487510765
2549,37185,912,244,263,348,668,912,1.0,0.2675438596491228,0.7324561403508771,301,0.2883771929824561,0.3815789473684211,0.3300438596491228
2550,37185,586,294,229,149,292,586,1.0,0.5017064846416383,0.49829351535836175,208,0.39078498293515357,0.25426621160409557,0.35494880546075086
2551,37185,1164,561,444,263,603,1164,1.0,0.48195876288659795,0.5180412371134021,457,0.38144329896907214,0.2259450171821306,0.39261168384879724
2552,37185,1311,515,771,109,796,1311,1.0,0.39282990083905417,0.6071700991609459,431,0.5881006864988558,0.08314263920671243,0.3287566742944317
2553,37185,2195,1507,662,174,688,2195,1.0,0.6865603644646925,0.3134396355353075,1359,0.30159453302961275,0.07927107061503418,0.6191343963553531
2554,37185,924,484,380,204,440,924,1.0,0.5238095238095238,0.47619047619047616,340,0.41125541125541126,0.22077922077922077,0.36796536796536794
2555,37185,1740,1053,746,240,687,1740,1.0,0.6051724137931035,0.39482758620689656,754,0.42873563218390803,0.13793103448275862,0.43333333333333335
2556,37185,819,346,245,192,473,819,1.0,0.42246642246642246,0.5775335775335775,382,0.29914529914529914,0.23443223443223443,0.46642246642246643
2557,37185,1410,815,595,229,595,1410,1.0,0.5780141843971631,0.4219858156028369,586,0.4219858156028369,0.1624113475177305,0.4156028368794326
2558,37185,2008,1334,1015,250,674,2008,1.0,0.6643426294820717,0.33565737051792827,743,0.5054780876494024,0.12450199203187251,0.3700199203187251
2559,37185,1005,600,414,145,405,1005,1.0,0.5970149253731343,0.40298507462686567,446,0.41194029850746267,0.14427860696517414,0.4437810945273632
2560,37185,413,277,192,72,136,413,1.0,0.6707021791767555,0.32929782082324455,149,0.4648910411622276,0.17433414043583534,0.36077481840193704
2561,37187,1521,836,635,282,685,1521,1.0,0.5496383957922419,0.45036160420775806,604,0.4174884944115713,0.1854043392504931,0.3971071663379356
2562,37187,2726,1114,836,877,1612,2726,1.0,0.4086573734409391,0.5913426265590609,1013,0.3066764490095378,0.32171680117388113,0.3716067498165811
2563,37187,1035,333,274,331,702,1035,1.0,0.3217391304347826,0.6782608695652174,430,0.2647342995169082,0.31980676328502416,0.41545893719806765
2564,37187,2235,1232,830,503,1003,2235,1.0,0.5512304250559285,0.4487695749440716,902,0.3713646532438479,0.2250559284116331,0.403579418344519
2565,37187,1407,418,288,522,989,1407,1.0,0.2970859985785359,0.7029140014214641,597,0.2046908315565032,0.37100213219616207,0.42430703624733473
2566,37187,1261,837,522,150,424,1261,1.0,0.6637589214908802,0.3362410785091198,589,0.41395717684377475,0.11895321173671689,0.46708961141950833
2567,37189,2348,7,945,914,2341,2348,1.0,0.002981260647359455,0.9970187393526405,489,0.4024701873935264,0.389267461669506,0.20826235093696763
2568,37189,3611,36,1156,1382,3575,3611,1.0,0.009969537524231515,0.9900304624757685,1073,0.32013292716698977,0.382719468291332,0.2971476045416782
2569,37189,2947,68,1325,594,2879,2947,1.0,0.02307431286053614,0.9769256871394638,1028,0.4496097726501527,0.2015609093993892,0.3488293179504581
2570,37189,632,2,165,230,630,632,1.0,0.0031645569620253164,0.9968354430379747,237,0.2610759493670886,0.3639240506329114,0.375
2571,37189,520,4,167,241,516,520,1.0,0.007692307692307693,0.9923076923076923,112,0.3211538461538462,0.4634615384615385,0.2153846153846154
2572,37189,3848,158,1438,568,3690,3848,1.0,0.04106029106029106,0.9589397089397089,1842,0.3737006237006237,0.14760914760914762,0.4786902286902287
2573,37189,1870,90,961,243,1780,1870,1.0,0.0481283422459893,0.9518716577540107,666,0.513903743315508,0.12994652406417112,0.35614973262032085
2574,37189,3968,69,1607,1106,3899,3968,1.0,0.017389112903225805,0.9826108870967742,1255,0.4049899193548387,0.27872983870967744,0.3162802419354839
2575,37189,291,4,134,156,287,291,1.0469314079422383,0.013745704467353952,0.9862542955326461,1,0.46048109965635736,0.5360824742268041,0.003436426116838488
2576,37189,2949,14,1041,1103,2935,2949,1.0,0.004747371990505256,0.9952526280094948,805,0.35300101729399797,0.3740250932519498,0.2729738894540522
2577,37189,3238,51,1223,827,3187,3238,1.0,0.015750463248919086,0.984249536751081,1188,0.37770228536133416,0.2554045707226683,0.36689314391599753
2578,37189,4391,80,1559,1073,4311,4391,1.0,0.018219084491004327,0.9817809155089957,1759,0.3550444090184468,0.24436347073559553,0.40059212024595764
2579,37189,2014,20,409,874,1994,2014,1.0,0.009930486593843098,0.9900695134061569,731,0.20307845084409137,0.4339622641509434,0.36295928500496527
2580,37189,1313,4,297,458,1309,1313,1.0,0.0030464584920030465,0.996953541507997,558,0.2261995430312262,0.3488194973343488,0.424980959634425
2581,37189,2505,18,680,914,2487,2505,1.0,0.00718562874251497,0.9928143712574851,911,0.2714570858283433,0.3648702594810379,0.36367265469061877
2582,37189,476,4,175,216,472,476,1.0,0.008403361344537815,0.9915966386554622,85,0.36764705882352944,0.453781512605042,0.17857142857142858
2583,37189,2483,7,627,1009,2476,2483,1.0,0.002819170358437374,0.9971808296415626,847,0.25251711639146196,0.4063632702376158,0.3411196133709223
2584,37189,1084,4,218,510,1080,1084,1.0,0.0036900369003690036,0.996309963099631,356,0.2011070110701107,0.470479704797048,0.3284132841328413
2585,37189,181,2,25,79,179,181,1.0,0.011049723756906077,0.988950276243094,77,0.13812154696132597,0.43646408839779005,0.425414364640884
2586,37189,3350,109,1496,575,3241,3350,1.0,0.03253731343283582,0.9674626865671642,1279,0.44656716417910447,0.17164179104477612,0.3817910447761194
2587,37191,2679,617,538,592,2062,2679,1.0,0.23030981709593132,0.7696901829040687,1549,0.20082120194102276,0.2209779768570362,0.578200821201941
2588,37191,2191,1481,688,77,710,2191,1.0,0.6759470561387494,0.32405294386125055,1426,0.3140118667275217,0.03514376996805112,0.6508443633044272
2589,37191,3264,1249,867,657,2015,3264,1.0,0.38265931372549017,0.6173406862745098,1740,0.265625,0.20128676470588236,0.5330882352941176
2590,37191,4565,703,625,1426,3862,4565,1.0,0.15399780941949617,0.8460021905805039,2514,0.13691128148959475,0.31237677984665935,0.5507119386637459
2591,37191,2284,1254,841,292,1030,2284,1.0,0.5490367775831874,0.45096322241681264,1151,0.36821366024518387,0.12784588441331,0.5039404553415061
2592,37191,2880,1195,916,731,1685,2880,1.0,0.4149305555555556,0.5850694444444444,1233,0.31805555555555554,0.25381944444444443,0.428125
2593,37191,5325,1203,840,1227,4122,5325,1.0,0.2259154929577465,0.7740845070422535,3258,0.15774647887323945,0.2304225352112676,0.611830985915493
2594,37191,3549,429,455,1413,3120,3549,1.0,0.12087912087912088,0.8791208791208791,1681,0.1282051282051282,0.3981403212172443,0.4736545505776275
2595,37191,3688,343,456,1689,3345,3688,1.0,0.09300433839479393,0.9069956616052061,1543,0.12364425162689804,0.4579718004338395,0.4183839479392625
2596,37191,4337,1121,512,1307,3216,4337,1.0,0.2584735992621628,0.7415264007378373,2518,0.11805395434632235,0.3013603873645377,0.58058565828914
2597,37191,2055,1454,859,283,601,2055,1.0,0.7075425790754258,0.2924574209245742,913,0.4180048661800487,0.13771289537712894,0.4442822384428224
2598,37191,2958,413,631,1556,2545,2958,1.0,0.13962136578769438,0.8603786342123056,771,0.21331981068289385,0.5260311020960108,0.2606490872210953
2599,37191,4506,612,720,2159,3894,4506,1.0,0.13581890812250333,0.8641810918774967,1627,0.15978695073235685,0.47913892587660895,0.3610741233910342
2600,37191,3914,662,657,1666,3252,3914,1.0,0.16913643331630046,0.8308635666836995,1591,0.16785896780786919,0.42565150740929997,0.40648952478283085
2601,37191,1845,1330,847,103,515,1845,1.0,0.7208672086720868,0.2791327913279133,895,0.45907859078590785,0.05582655826558266,0.48509485094850946
2602,37191,3045,656,509,1047,2389,3045,1.0,0.21543513957307062,0.7845648604269294,1489,0.16715927750410509,0.3438423645320197,0.4889983579638752
2603,37191,4825,1056,1056,1956,3769,4825,1.0,0.218860103626943,0.781139896373057,1813,0.218860103626943,0.40538860103626945,0.3757512953367876
2604,37191,3200,799,639,975,2401,3200,1.0,0.2496875,0.7503125,1586,0.1996875,0.3046875,0.495625
2605,37191,3576,481,696,1845,3095,3576,1.0,0.13450782997762864,0.8654921700223713,1035,0.19463087248322147,0.5159395973154363,0.28942953020134227
2606,37191,3295,156,284,1571,3139,3295,1.0,0.047344461305007586,0.9526555386949924,1440,0.08619119878603945,0.47678300455235206,0.4370257966616085
2607,37191,2886,811,835,1015,2075,2886,1.0,0.28101178101178104,0.718988218988219,1036,0.28932778932778935,0.35169785169785167,0.358974358974359
2608,37191,2291,696,659,504,1595,2291,1.0,0.3037974683544304,0.6962025316455697,1128,0.28764731558271495,0.21999127018769096,0.49236141422959406
2609,37191,2816,622,513,935,2194,2816,1.0,0.22088068181818182,0.7791193181818182,1368,0.18217329545454544,0.33203125,0.48579545454545453
2610,37191,1914,1004,853,389,910,1914,1.0,0.5245559038662487,0.4754440961337513,672,0.4456635318704284,0.203239289446186,0.3510971786833856
2611,37191,1844,1526,955,108,318,1844,1.0,0.8275488069414316,0.17245119305856832,781,0.5178958785249458,0.05856832971800434,0.4235357917570499
2612,37191,1845,1273,714,175,572,1845,1.0,0.6899728997289973,0.3100271002710027,956,0.38699186991869916,0.0948509485094851,0.5181571815718157
2613,37191,4033,1348,1172,991,2685,4033,1.0,0.3342424993801141,0.6657575006198859,1870,0.29060252913463924,0.2457227870071907,0.4636746838581701
2614,37191,2224,1063,891,476,1161,2224,1.0,0.4779676258992806,0.5220323741007195,857,0.4006294964028777,0.21402877697841727,0.385341726618705
2615,37191,2228,1130,825,418,1098,2228,1.0,0.507181328545781,0.49281867145421904,985,0.37028725314183125,0.18761220825852784,0.44210053859964094
2616,37191,2077,1358,806,238,719,2077,1.0,0.6538276360134809,0.346172363986519,1033,0.3880597014925373,0.11458834857968224,0.4973519499277805
2617,37193,3126,19,401,1527,3107,3126,1.0,0.006078055022392835,0.9939219449776072,1198,0.12827895073576456,0.4884836852207294,0.38323736404350606
2618,37193,1025,2,125,410,1023,1025,1.0,0.001951219512195122,0.9980487804878049,490,0.12195121951219512,0.4,0.47804878048780486
2619,37193,1561,10,182,676,1551,1561,1.0,0.0064061499039077515,0.9935938500960922,703,0.11659192825112108,0.433055733504164,0.45035233824471493
2620,37193,4877,31,710,2073,4846,4877,1.0,0.006356366618823047,0.993643633381177,2094,0.1455812999794956,0.4250563871232315,0.4293623128972729
2621,37193,2735,239,629,815,2496,2735,1.0,0.08738574040219378,0.9126142595978062,1291,0.229981718464351,0.2979890310786106,0.4720292504570384
2622,37193,1030,18,111,465,1012,1030,1.0,0.017475728155339806,0.9825242718446602,454,0.10776699029126213,0.45145631067961167,0.4407766990291262
2623,37193,1408,39,168,609,1369,1408,1.0,0.027698863636363636,0.9723011363636364,631,0.11931818181818182,0.4325284090909091,0.4481534090909091
2624,37193,1191,73,164,505,1118,1191,1.0,0.061293031066330814,0.9387069689336692,522,0.1376994122586062,0.42401343408900083,0.43828715365239296
2625,37193,3177,449,663,679,2728,3177,1.0,0.14132829713566258,0.8586717028643375,1835,0.20868744098205855,0.21372363865281713,0.5775889203651243
2626,37193,2096,232,375,617,1864,2096,1.0,0.11068702290076336,0.8893129770992366,1104,0.17891221374045801,0.2943702290076336,0.5267175572519084
2627,37193,3168,329,559,1206,2839,3168,1.0,0.1038510101010101,0.89614898989899,1403,0.1764520202020202,0.3806818181818182,0.4428661616161616
2628,37193,971,0,95,448,971,971,1.0,0.0,1.0,428,0.09783728115345006,0.46138002059732236,0.4407826982492276
2629,37193,1369,61,191,708,1308,1369,1.0,0.04455807158509861,0.9554419284149014,470,0.13951789627465302,0.5171658144631117,0.34331628926223523
2630,37193,836,56,113,370,780,836,1.0,0.06698564593301436,0.9330143540669856,353,0.13516746411483255,0.44258373205741625,0.4222488038277512
2631,37193,855,8,70,537,847,855,1.0,0.00935672514619883,0.9906432748538012,248,0.08187134502923976,0.6280701754385964,0.29005847953216374
2632,37193,807,2,104,328,805,807,1.0,0.0024783147459727386,0.9975216852540273,375,0.1288723667905824,0.40644361833952913,0.4646840148698885
2633,37193,459,4,83,199,455,459,1.0,0.008714596949891068,0.9912854030501089,177,0.18082788671023964,0.4335511982570806,0.38562091503267976
2634,37193,1966,14,328,834,1952,1966,1.0,0.007121057985757884,0.9928789420142421,804,0.16683621566632756,0.4242115971515768,0.40895218718209564
2635,37193,2205,13,369,1058,2192,2205,1.0,0.0058956916099773245,0.9941043083900227,778,0.1673469387755102,0.4798185941043084,0.3528344671201814
2636,37193,2198,20,269,984,2178,2198,1.0,0.009099181073703366,0.9909008189262967,945,0.12238398544131028,0.44767970882620567,0.4299363057324841
2637,37193,4386,34,547,2014,4352,4386,1.0,0.007751937984496124,0.9922480620155039,1825,0.12471500227998177,0.45918832649338803,0.4160966712266302
2638,37193,2476,48,298,1021,2428,2476,1.0,0.01938610662358643,0.9806138933764136,1157,0.12035541195476575,0.4123586429725363,0.4672859450726979
2639,37193,1792,200,339,730,1592,1792,1.0,0.11160714285714286,0.8883928571428571,723,0.18917410714285715,0.40736607142857145,0.40345982142857145
2640,37193,2318,99,378,1061,2219,2318,1.0,0.04270923209663503,0.957290767903365,879,0.1630716134598792,0.45772217428817946,0.37920621225194134
2641,37193,2279,108,496,962,2171,2279,1.0,0.04738920579201404,0.952610794207986,821,0.21763931548924967,0.4221149627029399,0.36024572180781045
2642,37193,2067,41,287,782,2026,2067,1.0,0.01983551040154814,0.9801644895984518,998,0.13884857281083696,0.378326076439284,0.48282535074987903
2643,37193,448,2,76,275,446,448,1.0,0.004464285714285714,0.9955357142857143,97,0.16964285714285715,0.6138392857142857,0.21651785714285715
2644,37193,978,59,149,362,919,978,1.0,0.06032719836400818,0.9396728016359919,467,0.1523517382413088,0.37014314928425357,0.4775051124744376
2645,37195,1852,1331,1058,98,521,1852,1.0,0.718682505399568,0.281317494600432,696,0.5712742980561555,0.052915766738660906,0.3758099352051836
2646,37195,1743,1271,675,49,472,1743,1.0,0.7292025243832473,0.2707974756167527,1019,0.387263339070568,0.028112449799196786,0.5846242111302352
2647,37195,1656,288,535,740,1368,1656,1.0,0.17391304347826086,0.8260869565217391,381,0.32306763285024154,0.4468599033816425,0.23007246376811594
2648,37195,2517,729,883,922,1788,2517,1.0,0.2896305125148987,0.7103694874851013,712,0.3508144616607072,0.36630909813269763,0.28287644020659514
2649,37195,3955,574,875,1861,3381,3955,1.0,0.14513274336283186,0.8548672566371681,1219,0.22123893805309736,0.47054361567635905,0.3082174462705436
2650,37195,1857,934,527,104,923,1857,1.0,0.5029617662897146,0.4970382337102854,1226,0.28379106085083466,0.05600430802369413,0.6602046311254712
2651,37195,1793,1003,706,277,790,1793,1.0,0.5593976575571667,0.44060234244283325,810,0.39375348577802566,0.15448968209704406,0.4517568321249303
2652,37195,3133,391,523,1307,2742,3133,1.0,0.12480051069262688,0.8751994893073731,1303,0.16693265240983082,0.4171720395786786,0.4158953080114906
2653,37195,2360,504,464,921,1856,2360,1.0,0.2135593220338983,0.7864406779661017,975,0.19661016949152543,0.3902542372881356,0.413135593220339
2654,37195,2611,2216,1542,99,395,2611,1.0,0.8487169666794332,0.15128303332056683,970,0.5905783224818077,0.03791650708540789,0.37150517043278436
2655,37195,4291,1601,1264,1344,2690,4291,1.0,0.37310650198089024,0.6268934980191098,1683,0.2945700302959683,0.3132137030995106,0.3922162666045211
2656,37195,6492,1682,2050,2401,4810,6492,1.0,0.25908810844115837,0.7409118915588416,2041,0.3157732593961799,0.36983980283425755,0.31438693776956256
2657,37195,1316,550,419,354,766,1316,1.0,0.41793313069908816,0.5820668693009119,543,0.3183890577507599,0.2689969604863222,0.4126139817629179
2658,37195,3861,1269,1505,1078,2592,3861,1.0,0.32867132867132864,0.6713286713286714,1278,0.3897953897953898,0.2792022792022792,0.331002331002331
2659,37195,1239,982,563,29,257,1239,1.0,0.7925746569814366,0.20742534301856336,647,0.4543987086359968,0.023405972558514933,0.5221953188054883
2660,37195,4171,1375,1677,1390,2796,4171,1.0,0.32965715655718053,0.6703428434428195,1104,0.4020618556701031,0.3332534164468952,0.2646847278830017
2661,37195,1569,245,486,724,1324,1569,1.0,0.1561504142766093,0.8438495857233907,359,0.30975143403441685,0.461440407903123,0.22880815806246016
2662,37195,768,651,442,11,117,768,1.0,0.84765625,0.15234375,315,0.5755208333333334,0.014322916666666666,0.41015625
2663,37195,2838,1043,858,841,1795,2838,1.0,0.3675123326286117,0.6324876673713883,1139,0.3023255813953488,0.2963354474982382,0.401338971106413
2664,37195,1574,179,553,747,1395,1574,1.0,0.11372299872935197,0.886277001270648,274,0.3513341804320203,0.47458703939008895,0.17407878017789072
2665,37195,2376,1214,896,345,1162,2376,1.0,0.5109427609427609,0.4890572390572391,1135,0.3771043771043771,0.1452020202020202,0.47769360269360267
2666,37195,2721,1790,974,105,931,2721,1.0,0.6578463800073502,0.34215361999264976,1642,0.3579566335905917,0.03858875413450937,0.6034546122748989
2667,37195,2966,535,523,1010,2431,2966,1.0,0.1803776129467296,0.8196223870532704,1433,0.1763317599460553,0.3405259608900877,0.48314227916385705
2668,37195,1523,552,473,404,971,1523,1.0,0.3624425476034143,0.6375574523965857,646,0.31057124097176625,0.26526592252133946,0.4241628365068943
2669,37197,3251,153,524,1460,3098,3251,1.0,0.047062442325438325,0.9529375576745617,1267,0.16118117502306983,0.4490925868963396,0.3897262380805906
2670,37197,2424,31,296,1012,2393,2424,1.0,0.01278877887788779,0.9872112211221122,1116,0.12211221122112212,0.4174917491749175,0.4603960396039604
2671,37197,2655,38,392,1168,2617,2655,1.0,0.01431261770244821,0.9856873822975518,1095,0.14764595103578154,0.439924670433145,0.4124293785310734
2672,37197,3145,56,477,1729,3089,3145,1.0,0.0178060413354531,0.982193958664547,939,0.15166931637519873,0.5497615262321145,0.2985691573926868
2673,37197,1746,15,165,764,1731,1746,1.0,0.00859106529209622,0.9914089347079038,817,0.09450171821305842,0.43757159221076747,0.4679266895761741
2674,37197,1166,5,138,624,1161,1166,1.0,0.004288164665523156,0.9957118353344768,404,0.1183533447684391,0.5351629502572899,0.346483704974271
2675,37197,3605,267,572,1361,3338,3605,1.0,0.07406380027739251,0.9259361997226075,1672,0.15866851595006934,0.37753120665742024,0.4638002773925104
2676,37197,4640,201,664,1744,4439,4640,1.0,0.04331896551724138,0.9566810344827587,2232,0.14310344827586208,0.3758620689655172,0.4810344827586207
2677,37197,1007,13,149,451,994,1007,1.0,0.012909632571996028,0.9870903674280039,407,0.14796425024826215,0.44786494538232374,0.4041708043694141
2678,37197,1952,36,205,961,1916,1952,1.0,0.018442622950819672,0.9815573770491803,786,0.10502049180327869,0.4923155737704918,0.4026639344262295
2679,37197,1429,6,111,753,1423,1429,1.0,0.004198740377886634,0.9958012596221134,565,0.07767669699090272,0.5269419174247726,0.39538138558432473
2680,37197,2448,49,340,1165,2399,2448,1.0,0.020016339869281044,0.9799836601307189,943,0.1388888888888889,0.4758986928104575,0.3852124183006536
2681,37199,489,1,129,196,488,489,1.0,0.002044989775051125,0.9979550102249489,164,0.26380368098159507,0.40081799591002043,0.33537832310838445
2682,37199,499,0,135,203,499,499,1.0,0.0,1.0,161,0.27054108216432865,0.40681362725450904,0.3226452905811623
2683,37199,414,1,100,153,413,414,1.0,0.0024154589371980675,0.9975845410628019,161,0.24154589371980675,0.3695652173913043,0.3888888888888889
2684,37199,1283,5,389,609,1278,1283,1.0,0.003897116134060795,0.9961028838659393,285,0.30319563522992987,0.47466874512860485,0.2221356196414653
2685,37199,1464,2,349,592,1462,1464,1.0,0.001366120218579235,0.9986338797814208,523,0.2383879781420765,0.40437158469945356,0.3572404371584699
2686,37199,2653,5,655,1172,2648,2653,1.0,0.0018846588767433095,0.9981153411232567,826,0.24689031285337354,0.44176404070863173,0.3113456464379947
2687,37199,3586,66,1031,1233,3520,3586,1.0,0.018404907975460124,0.9815950920245399,1322,0.2875069715560513,0.3438371444506414,0.3686558839933073
2688,37199,1082,1,277,582,1081,1082,1.0,0.0009242144177449168,0.9990757855822551,223,0.256007393715342,0.5378927911275416,0.20609981515711645
2689,37199,528,1,134,244,527,528,1.0,0.001893939393939394,0.9981060606060606,150,0.2537878787878788,0.4621212121212121,0.2840909090909091
2690,37199,1894,11,665,712,1883,1894,1.0,0.005807814149947202,0.9941921858500528,517,0.3511087645195354,0.3759239704329461,0.2729672650475185
2691,37199,364,1,67,149,363,364,1.0,0.0027472527472527475,0.9972527472527473,148,0.18406593406593408,0.40934065934065933,0.4065934065934066
