,County,VAP,BVAP,EL16G_US_1,EL16G_USS_,OVAP,TOT_VOTES,factor,BVAP_pct,OVAP_pct,SEN16None,EL16G_US_1_pct,EL16G_USS__pct,SEN16None_pct
0,37001,1505,338,329,273,1167,1505,1.0,0.2245847176079734,0.7754152823920266,903,0.2186046511627907,0.1813953488372093,0.6
1,37001,2503,712,543,308,1791,2503,1.0,0.2844586496204555,0.7155413503795446,1652,0.21693967239312825,0.12305233719536555,0.6600079904115062
2,37001,2156,243,695,640,1913,2156,1.0,0.11270871985157699,0.887291280148423,821,0.32235621521335805,0.29684601113172543,0.3807977736549165
3,37001,3167,1027,821,420,2140,3167,1.0,0.3242816545626776,0.6757183454373223,1926,0.25923586990843067,0.13261761919797915,0.6081465108935902
4,37001,1713,50,506,886,1663,1713,1.0,0.02918855808523059,0.9708114419147694,321,0.29538820782253356,0.517221249270286,0.18739054290718038
5,37001,1948,276,518,695,1672,1948,1.0,0.14168377823408623,0.8583162217659137,735,0.26591375770020537,0.3567761806981519,0.3773100616016427
6,37001,2127,494,596,587,1633,2127,1.0,0.23225199811941702,0.767748001880583,944,0.28020686412787965,0.2759755524212506,0.44381758345086975
7,37001,4955,350,1244,1482,4605,4955,1.0,0.07063572149344097,0.929364278506559,2229,0.2510595358224016,0.29909182643794147,0.4498486377396569
8,37001,3483,81,396,1973,3402,3483,1.0,0.023255813953488372,0.9767441860465116,1114,0.11369509043927649,0.5664656904966983,0.3198392190640253
9,37001,2371,578,728,680,1793,2371,1.0,0.24377899620413326,0.7562210037958668,963,0.30704344158582875,0.2867988190636862,0.40615773935048505
10,37001,3130,469,700,1179,2661,3130,1.0,0.14984025559105432,0.8501597444089457,1251,0.22364217252396165,0.3766773162939297,0.3996805111821086
11,37001,3498,1037,964,530,2461,3498,1.0,0.2964551172098342,0.7035448827901658,2004,0.2755860491709548,0.15151515151515152,0.5728987993138936
12,37001,4530,2457,1721,294,2073,4530,1.0,0.5423841059602649,0.45761589403973507,2515,0.37991169977924943,0.06490066225165562,0.5551876379690949
13,37001,3686,257,418,1829,3429,3686,1.0,0.06972327726532827,0.9302767227346718,1439,0.1134020618556701,0.49620184481823115,0.39039609332609876
14,37001,2197,201,510,869,1996,2197,1.0,0.09148839326354119,0.9085116067364588,818,0.2321347291761493,0.3955393718707328,0.3723258989531179
15,37001,1630,141,356,781,1489,1630,1.0,0.08650306748466258,0.9134969325153375,493,0.2184049079754601,0.47914110429447854,0.3024539877300613
16,37001,5580,729,1699,2165,4851,5580,1.0,0.13064516129032258,0.8693548387096774,1716,0.30448028673835126,0.38799283154121866,0.30752688172043013
17,37001,1694,70,286,723,1624,1694,1.0,0.04132231404958678,0.9586776859504132,685,0.16883116883116883,0.4268004722550177,0.40436835891381345
18,37001,3476,1342,1132,1017,2134,3476,1.0,0.3860759493670886,0.6139240506329114,1327,0.3256616800920598,0.2925776754890679,0.38176064441887225
19,37001,5931,1310,2379,2337,4621,5931,1.0,0.2208733771707975,0.7791266228292025,1215,0.4011127971674254,0.39403136064744565,0.20485584218512898
20,37001,3118,255,643,1194,2863,3118,1.0,0.081783194355356,0.918216805644644,1281,0.2062219371391918,0.38293778062860806,0.41084028223220015
21,37001,4345,476,1036,1805,3869,4345,1.0,0.1095512082853855,0.8904487917146146,1504,0.2384349827387802,0.4154200230149597,0.34614499424626005
22,37001,2757,951,752,344,1806,2757,1.0,0.34494015233949943,0.6550598476605005,1661,0.2727602466449039,0.12477330431628582,0.6024664490388103
23,37001,2408,198,632,1233,2210,2408,1.0,0.08222591362126246,0.9177740863787376,543,0.26245847176079734,0.5120431893687708,0.22549833887043189
24,37001,3146,267,581,1309,2879,3146,1.0,0.08486967577876668,0.9151303242212333,1256,0.18467895740623014,0.4160839160839161,0.39923712650985377
25,37001,4661,519,1080,1746,4142,4661,1.0,0.11134949581634843,0.8886505041836515,1835,0.23170993349066724,0.374597725809912,0.3936923406994207
26,37001,3292,503,916,1509,2789,3292,1.0,0.15279465370595383,0.8472053462940462,867,0.2782503037667072,0.4583839611178615,0.2633657351154314
27,37001,3307,149,436,1655,3158,3307,1.0,0.04505594194133656,0.9549440580586634,1216,0.1318415482310251,0.5004535833081343,0.36770486846084066
28,37001,1860,602,483,192,1258,1860,1.0,0.32365591397849464,0.6763440860215054,1185,0.25967741935483873,0.1032258064516129,0.6370967741935484
29,37001,2681,152,320,1430,2529,2681,1.0,0.0566952629615815,0.9433047370384186,931,0.11935844834017158,0.5333830660201417,0.3472584856396867
30,37001,4070,1178,1014,1030,2892,4070,1.0,0.28943488943488943,0.7105651105651105,2026,0.24914004914004914,0.25307125307125306,0.4977886977886978
31,37001,5660,421,926,1532,5239,5660,1.0,0.07438162544169612,0.9256183745583039,3202,0.16360424028268553,0.2706713780918728,0.5657243816254417
32,37001,4194,420,570,2035,3774,4194,1.0,0.10014306151645208,0.899856938483548,1589,0.13590844062947066,0.48521697663328567,0.37887458273724367
33,37001,2153,148,597,1194,2005,2153,1.0,0.06874129122155133,0.9312587087784486,362,0.2772875058058523,0.5545750116117046,0.1681374825824431
34,37001,1834,329,545,865,1505,1834,1.0,0.17938931297709923,0.8206106870229007,424,0.29716466739367503,0.47164667393675025,0.2311886586695747
35,37001,4922,2325,1801,639,2597,4922,1.0,0.47236895570906134,0.5276310442909387,2482,0.3659081674116213,0.1298252742787485,0.5042665583096302
36,37003,2871,14,415,1600,2857,2871,1.0,0.004876349703935911,0.9951236502960641,856,0.14454893765238594,0.557297109021247,0.2981539533263671
37,37003,3528,24,490,1865,3504,3528,1.0,0.006802721088435374,0.9931972789115646,1173,0.1388888888888889,0.5286281179138322,0.3324829931972789
38,37003,2567,121,384,1263,2446,2567,1.0,0.047136735488897546,0.9528632645111025,920,0.14959096221269966,0.49201402415270745,0.3583950136345929
39,37003,769,5,115,393,764,769,1.0,0.006501950585175552,0.9934980494148244,261,0.14954486345903772,0.5110533159947984,0.33940182054616386
40,37003,940,39,142,491,901,940,1.0,0.04148936170212766,0.9585106382978723,307,0.15106382978723404,0.5223404255319148,0.32659574468085106
41,37003,1133,33,138,676,1100,1133,1.0,0.02912621359223301,0.970873786407767,319,0.12180052956751986,0.5966460723742277,0.2815533980582524
42,37003,1973,138,273,848,1835,1973,1.0,0.06994424733907754,0.9300557526609224,852,0.1383679675620882,0.4298023314749113,0.4318297009630005
43,37003,2417,67,288,984,2350,2417,1.0,0.02772031443938767,0.9722796855606123,1145,0.11915597848572611,0.40711625982623084,0.47372776168804304
44,37003,1019,61,125,444,958,1019,1.0,0.05986261040235525,0.9401373895976447,450,0.12266928361138371,0.43572129538763493,0.44160942100098133
45,37003,929,1,99,502,928,929,1.0,0.001076426264800861,0.9989235737351991,328,0.10656620021528525,0.5403659849300323,0.35306781485468247
46,37003,2802,569,222,684,2233,2802,1.0,0.2030692362598144,0.7969307637401856,1896,0.07922912205567452,0.24411134903640258,0.6766595289079229
47,37003,1758,246,305,705,1512,1758,1.0,0.13993174061433447,0.8600682593856656,748,0.17349260523321958,0.40102389078498296,0.4254835039817975
48,37003,1384,49,258,591,1335,1384,1.0,0.03540462427745665,0.9645953757225434,535,0.18641618497109827,0.4270231213872832,0.3865606936416185
49,37003,1737,230,258,793,1507,1737,1.0,0.13241220495106507,0.8675877950489349,686,0.14853195164075994,0.4565342544617156,0.3949337938975245
50,37003,1092,74,150,466,1018,1092,1.0,0.06776556776556776,0.9322344322344323,476,0.13736263736263737,0.4267399267399267,0.4358974358974359
51,37003,1826,10,234,966,1816,1826,1.0,0.00547645125958379,0.9945235487404163,626,0.12814895947426067,0.5290251916757941,0.3428258488499452
52,37005,702,0,108,312,702,702,1.0,0.0,1.0,282,0.15384615384615385,0.4444444444444444,0.4017094017094017
53,37005,718,5,101,294,713,718,1.0,0.006963788300835654,0.9930362116991643,323,0.14066852367688024,0.40947075208913647,0.44986072423398327
54,37005,1214,3,176,642,1211,1214,1.0,0.002471169686985173,0.9975288303130149,396,0.14497528830313014,0.528830313014827,0.3261943986820428
55,37005,3532,71,552,1259,3461,3532,1.0,0.020101925254813136,0.9798980747451869,1721,0.15628539071347677,0.35645526613816536,0.4872593431483579
56,37005,1567,10,193,715,1557,1567,1.0,0.006381620931716656,0.9936183790682833,659,0.12316528398213146,0.4562858966177409,0.4205488194001276
57,37005,325,4,49,140,321,325,1.0,0.012307692307692308,0.9876923076923076,136,0.15076923076923077,0.4307692307692308,0.41846153846153844
58,37005,862,4,158,358,858,862,1.0,0.004640371229698376,0.9953596287703016,346,0.18329466357308585,0.41531322505800466,0.4013921113689095
59,37007,1595,217,197,611,1378,1595,1.0,0.1360501567398119,0.8639498432601881,787,0.12351097178683386,0.3830721003134796,0.4934169278996865
60,37007,353,117,94,105,236,353,1.0,0.3314447592067989,0.6685552407932012,154,0.26628895184135976,0.29745042492917845,0.43626062322946174
61,37007,2672,1373,965,562,1299,2672,1.0,0.5138473053892215,0.4861526946107784,1145,0.3611526946107784,0.21032934131736528,0.42851796407185627
62,37007,2623,1725,1070,384,898,2623,1.0,0.6576439191765154,0.34235608082348457,1169,0.40792985131528786,0.14639725505146778,0.44567289363324436
63,37007,4109,2391,707,307,1718,4109,1.0,0.5818934047213434,0.4181065952786566,3095,0.17206132879045996,0.0747140423460696,0.7532246288634704
64,37007,2887,1149,840,626,1738,2887,1.0,0.3979909941115345,0.6020090058884655,1421,0.2909594735019051,0.2168340838240388,0.4922064426740561
65,37007,1431,937,674,169,494,1431,1.0,0.6547868623340322,0.34521313766596784,588,0.47099930118798045,0.11809923130677848,0.4109014675052411
66,37007,1513,237,233,640,1276,1513,1.0,0.1566424322538004,0.8433575677461996,640,0.15399867812293458,0.4230006609385327,0.4230006609385327
67,37007,1289,502,333,368,787,1289,1.0,0.3894491854150504,0.6105508145849495,588,0.2583397982932506,0.28549262994569435,0.4561675717610551
68,37007,1224,681,424,277,543,1224,1.0,0.5563725490196079,0.44362745098039214,523,0.3464052287581699,0.22630718954248366,0.4272875816993464
69,37007,1286,528,263,327,758,1286,1.0,0.4105754276827372,0.5894245723172629,696,0.20451010886469673,0.25427682737169516,0.5412130637636081
70,37009,930,3,132,439,927,930,1.0,0.0032258064516129032,0.9967741935483871,359,0.14193548387096774,0.4720430107526882,0.3860215053763441
71,37009,710,2,115,301,708,710,1.0,0.0028169014084507044,0.9971830985915493,294,0.1619718309859155,0.423943661971831,0.4140845070422535
72,37009,487,1,57,263,486,487,1.0,0.002053388090349076,0.997946611909651,167,0.11704312114989733,0.5400410677618069,0.34291581108829566
73,37009,332,0,33,115,332,332,1.0,0.0,1.0,184,0.09939759036144578,0.3463855421686747,0.5542168674698795
74,37009,1439,0,197,627,1439,1439,1.0,0.0,1.0,615,0.1369006254343294,0.43571924947880475,0.4273801250868659
75,37009,2129,14,356,842,2115,2129,1.0,0.006575857209957727,0.9934241427900423,931,0.16721465476749647,0.3954908407703147,0.4372945044621888
76,37009,985,1,107,415,984,985,1.0,0.0010152284263959391,0.9989847715736041,463,0.10862944162436548,0.4213197969543147,0.4700507614213198
77,37009,535,0,73,165,535,535,1.0,0.0,1.0,297,0.13644859813084112,0.308411214953271,0.5551401869158878
78,37009,585,2,76,265,583,585,1.0,0.003418803418803419,0.9965811965811966,244,0.12991452991452992,0.452991452991453,0.4170940170940171
79,37009,200,1,23,71,199,200,1.0,0.005,0.995,106,0.115,0.355,0.53
80,37009,252,1,44,76,251,252,1.0,0.003968253968253968,0.996031746031746,132,0.1746031746031746,0.30158730158730157,0.5238095238095238
81,37009,500,1,107,198,499,500,1.0,0.002,0.998,195,0.214,0.396,0.39
82,37009,2094,11,360,970,2083,2094,1.0,0.0052531041069723014,0.9947468958930277,764,0.17191977077363896,0.46322827125119387,0.3648519579751671
83,37009,1122,4,187,528,1118,1122,1.0,0.0035650623885918,0.9964349376114082,407,0.16666666666666666,0.47058823529411764,0.3627450980392157
84,37009,2172,2,458,1096,2170,2172,1.0,0.0009208103130755065,0.9990791896869244,618,0.21086556169429096,0.5046040515653776,0.2845303867403315
85,37009,3681,33,602,1360,3648,3681,1.0,0.008964955175224124,0.9910350448247759,1719,0.16354251562075522,0.36946481934257,0.4669926650366748
86,37009,3827,41,648,1522,3786,3827,1.0,0.010713352495427228,0.9892866475045727,1657,0.16932322968382546,0.3977005487326888,0.43297622158348575
87,37011,320,0,19,183,320,320,1.0,0.0,1.0,118,0.059375,0.571875,0.36875
88,37011,996,5,133,487,991,996,1.0,0.0050200803212851405,0.9949799196787149,376,0.13353413654618473,0.48895582329317266,0.37751004016064255
89,37011,547,0,49,270,547,547,1.0,0.0,1.0,228,0.08957952468007313,0.4936014625228519,0.41681901279707495
90,37011,2538,65,467,915,2473,2538,1.0,0.0256107171000788,0.9743892828999212,1156,0.18400315208825846,0.3605200945626478,0.45547675334909377
91,37011,501,4,33,180,497,501,1.0,0.007984031936127744,0.9920159680638723,288,0.0658682634730539,0.3592814371257485,0.5748502994011976
92,37011,365,0,32,221,365,365,1.0,0.0,1.0,112,0.08767123287671233,0.6054794520547945,0.30684931506849317
93,37011,395,0,34,181,395,395,1.0,0.0,1.0,180,0.08607594936708861,0.4582278481012658,0.45569620253164556
94,37011,384,0,18,180,384,384,1.0,0.0,1.0,186,0.046875,0.46875,0.484375
95,37011,2709,577,97,387,2132,2709,1.0,0.2129937246216316,0.7870062753783684,2225,0.03580657069029162,0.14285714285714285,0.8213362864525655
96,37011,105,3,20,41,102,105,1.0,0.02857142857142857,0.9714285714285714,44,0.19047619047619047,0.3904761904761905,0.41904761904761906
97,37011,555,7,43,309,548,555,1.0,0.012612612612612612,0.9873873873873874,203,0.07747747747747748,0.5567567567567567,0.36576576576576575
98,37011,992,7,68,383,985,992,1.0,0.007056451612903226,0.9929435483870968,541,0.06854838709677419,0.3860887096774194,0.5453629032258065
99,37011,345,1,36,186,344,345,1.0,0.002898550724637681,0.9971014492753624,123,0.10434782608695652,0.5391304347826087,0.3565217391304348
100,37011,930,4,116,503,926,930,1.0,0.004301075268817204,0.9956989247311828,311,0.12473118279569892,0.5408602150537635,0.33440860215053764
101,37011,538,0,100,239,538,538,1.0,0.0,1.0,199,0.18587360594795538,0.44423791821561337,0.36988847583643125
102,37011,1031,2,245,619,1029,1031,1.0,0.0019398642095053346,0.9980601357904947,167,0.2376333656644035,0.600387972841901,0.16197866149369544
103,37011,899,1,84,384,898,899,1.0,0.0011123470522803114,0.9988876529477196,431,0.09343715239154617,0.4271412680756396,0.4794215795328142
104,37011,235,4,12,146,231,235,1.0,0.01702127659574468,0.9829787234042553,77,0.05106382978723404,0.6212765957446809,0.3276595744680851
105,37011,354,0,99,255,354,354,1.0028328611898016,0.0,1.0,0,0.2796610169491525,0.7203389830508474,0.0
106,37013,2478,475,511,920,2003,2478,1.0,0.1916868442292171,0.8083131557707829,1047,0.2062146892655367,0.37126715092816787,0.4225181598062954
107,37013,1305,575,458,359,730,1305,1.0,0.44061302681992337,0.5593869731800766,488,0.35095785440613025,0.275095785440613,0.3739463601532567
108,37013,1615,159,235,671,1456,1615,1.0,0.09845201238390093,0.9015479876160991,709,0.14551083591331268,0.4154798761609907,0.4390092879256966
109,37013,1690,753,628,372,937,1690,1.0,0.4455621301775148,0.5544378698224852,690,0.3715976331360947,0.22011834319526627,0.40828402366863903
110,37013,841,274,269,357,567,841,1.0,0.3258026159334126,0.6741973840665874,215,0.31985731272294887,0.4244946492271106,0.2556480380499406
111,37013,1483,435,433,541,1048,1483,1.0,0.2933243425488874,0.7066756574511126,509,0.29197572488199597,0.3648010788941335,0.34322319622387054
112,37013,957,59,69,560,898,957,1.0,0.06165099268547544,0.9383490073145245,328,0.07210031347962383,0.5851619644723093,0.34273772204806685
113,37013,1833,773,518,555,1060,1833,1.0,0.4217130387343153,0.5782869612656847,760,0.2825968357883252,0.3027823240589198,0.414620840152755
114,37013,1897,185,488,1028,1712,1897,1.0,0.09752240379546652,0.9024775962045335,381,0.25724828676858197,0.5419082762256194,0.20084343700579863
115,37013,2650,398,434,1186,2252,2650,1.0,0.150188679245283,0.849811320754717,1030,0.16377358490566038,0.44754716981132076,0.3886792452830189
116,37013,1507,920,708,239,587,1507,1.0,0.6104844061048441,0.38951559389515594,560,0.46980756469807566,0.1585932315859323,0.37159920371599203
117,37013,4524,1004,801,1598,3520,4524,1.0,0.22192749778956675,0.7780725022104332,2125,0.1770557029177719,0.3532272325375774,0.46971706454465073
118,37013,1737,853,626,323,884,1737,1.0,0.491076568796776,0.5089234312032239,788,0.36039147956246403,0.18595279217040875,0.45365572826712725
119,37013,1392,457,259,507,935,1392,1.0,0.32830459770114945,0.6716954022988506,626,0.18606321839080459,0.3642241379310345,0.44971264367816094
120,37013,2571,624,622,841,1947,2571,1.0,0.2427071178529755,0.7572928821470245,1108,0.24192921042395954,0.3271100739012058,0.4309607156748347
121,37013,1846,101,192,989,1745,1846,1.0,0.05471289274106175,0.9452871072589383,665,0.10400866738894908,0.5357529794149513,0.36023835319609965
122,37013,1190,428,267,349,762,1190,1.0,0.3596638655462185,0.6403361344537815,574,0.22436974789915967,0.29327731092436976,0.4823529411764706
123,37013,1872,80,299,1052,1792,1872,1.0,0.042735042735042736,0.9572649572649573,521,0.1597222222222222,0.561965811965812,0.2783119658119658
124,37013,912,87,69,497,825,912,1.0,0.09539473684210527,0.9046052631578947,346,0.0756578947368421,0.5449561403508771,0.3793859649122807
125,37013,1616,119,234,814,1497,1616,1.0,0.07363861386138613,0.9263613861386139,568,0.1448019801980198,0.5037128712871287,0.35148514851485146
126,37013,1316,257,316,555,1059,1316,1.0,0.1952887537993921,0.8047112462006079,445,0.24012158054711247,0.4217325227963526,0.33814589665653494
127,37015,1707,1096,686,289,611,1707,1.0,0.6420620972466315,0.3579379027533685,732,0.4018746338605741,0.169302870533099,0.4288224956063269
128,37015,849,421,239,267,428,849,1.0,0.4958775029446408,0.5041224970553593,343,0.28150765606595995,0.31448763250883394,0.4040047114252061
129,37015,986,470,244,318,516,986,1.0,0.4766734279918864,0.5233265720081136,424,0.24746450304259635,0.3225152129817444,0.4300202839756592
130,37015,811,463,326,234,348,811,1.0,0.5709001233045623,0.42909987669543775,251,0.40197287299630086,0.2885326757090012,0.3094944512946979
131,37015,764,24,50,451,740,764,1.0,0.031413612565445025,0.9685863874345549,263,0.06544502617801047,0.5903141361256544,0.34424083769633507
132,37015,5703,3712,1688,889,1991,5703,1.0,0.650885498860249,0.349114501139751,3126,0.2959845695248115,0.1558828686656146,0.5481325618095739
133,37015,983,578,314,173,405,983,1.0,0.5879959308240081,0.41200406917599186,496,0.31943031536113936,0.17599186164801628,0.5045778229908443
134,37015,1025,778,432,113,247,1025,1.0,0.7590243902439024,0.24097560975609755,480,0.4214634146341463,0.11024390243902439,0.4682926829268293
135,37015,1274,498,313,425,776,1274,1.0,0.39089481946624804,0.609105180533752,536,0.2456828885400314,0.33359497645211933,0.4207221350078493
136,37015,1050,879,472,63,171,1050,1.0,0.8371428571428572,0.16285714285714287,515,0.44952380952380955,0.06,0.49047619047619045
137,37015,1302,954,548,179,348,1302,1.0,0.7327188940092166,0.2672811059907834,575,0.42089093701996927,0.13748079877112135,0.4416282642089094
138,37015,392,335,212,32,57,392,1.0,0.8545918367346939,0.14540816326530612,148,0.5408163265306123,0.08163265306122448,0.37755102040816324
139,37017,1607,245,233,783,1362,1607,1.0,0.15245799626633477,0.8475420037336652,591,0.1449906658369633,0.48724331051649034,0.36776602364654637
140,37017,813,202,168,312,611,813,1.0,0.24846248462484624,0.7515375153751538,333,0.2066420664206642,0.3837638376383764,0.4095940959409594
141,37017,3006,660,477,1108,2346,3006,1.0,0.21956087824351297,0.780439121756487,1421,0.15868263473053892,0.3685961410512309,0.4727212242182302
142,37017,1838,460,323,685,1378,1838,1.0,0.250272034820457,0.749727965179543,830,0.17573449401523394,0.37268770402611534,0.4515778019586507
143,37017,1414,608,401,361,806,1414,1.0,0.42998585572843,0.57001414427157,652,0.2835926449787836,0.2553041018387553,0.4611032531824611
144,37017,1503,911,739,151,592,1503,1.0,0.6061210911510313,0.39387890884896876,613,0.4916833000665336,0.10046573519627412,0.4078509647371923
145,37017,1439,830,563,231,609,1439,1.0,0.5767894371091036,0.4232105628908965,645,0.3912439193884642,0.16052814454482278,0.448227936066713
146,37017,1789,707,541,458,1082,1789,1.0,0.3951928451648966,0.6048071548351034,790,0.3024035774175517,0.25600894354387926,0.44158747903856904
147,37017,739,132,94,213,607,739,1.0,0.17861975642760486,0.8213802435723951,432,0.12719891745602166,0.2882273342354533,0.584573748308525
148,37017,1410,378,299,422,1032,1410,1.0,0.2680851063829787,0.7319148936170212,689,0.21205673758865248,0.29929078014184396,0.48865248226950353
149,37017,551,178,174,159,373,551,1.0,0.32304900181488205,0.676950998185118,218,0.3157894736842105,0.2885662431941924,0.3956442831215971
150,37017,3314,616,520,1319,2698,3314,1.0,0.18587809293904647,0.8141219070609536,1475,0.15691007845503924,0.3980084490042245,0.44508147254073627
151,37017,923,372,262,209,551,923,1.0,0.40303358613217766,0.5969664138678223,452,0.2838569880823402,0.22643553629469124,0.48970747562296857
152,37017,3068,1475,1172,832,1593,3068,1.0,0.4807692307692308,0.5192307692307693,1064,0.3820078226857888,0.2711864406779661,0.3468057366362451
153,37017,2092,974,681,501,1118,2092,1.0,0.4655831739961759,0.5344168260038241,910,0.32552581261950286,0.23948374760994265,0.4349904397705545
154,37017,745,163,134,275,582,745,1.0,0.21879194630872484,0.7812080536912752,336,0.17986577181208055,0.3691275167785235,0.45100671140939597
155,37017,822,302,217,223,520,822,1.0,0.36739659367396593,0.6326034063260341,382,0.2639902676399027,0.2712895377128954,0.46472019464720193
156,37019,2693,221,884,1416,2472,2693,1.0,0.08206461195692537,0.9179353880430746,393,0.32825844782770147,0.525807649461567,0.14593390271073153
157,37019,2259,15,557,1210,2244,2259,1.0,0.006640106241699867,0.9933598937583001,492,0.24656927844178841,0.535635236830456,0.21779548472775564
158,37019,3584,99,576,1641,3485,3584,1.0,0.027622767857142856,0.9723772321428571,1367,0.16071428571428573,0.45786830357142855,0.3814174107142857
159,37019,5008,976,1433,2508,4032,5008,1.0,0.19488817891373802,0.805111821086262,1067,0.2861421725239617,0.5007987220447284,0.2130591054313099
160,37019,2003,517,466,644,1486,2003,1.0,0.2581128307538692,0.7418871692461309,893,0.2326510234648028,0.32151772341487767,0.4458312531203195
161,37019,2734,998,689,772,1736,2734,1.0,0.3650329188002926,0.6349670811997074,1273,0.25201170446232624,0.28237015362106804,0.4656181419166057
162,37019,4102,417,650,1394,3685,4102,1.0,0.10165772793759142,0.8983422720624086,2058,0.1584592881521209,0.33983422720624085,0.5017064846416383
163,37019,6285,333,2136,4148,5952,6285,1.122142857142857,0.05298329355608592,0.9470167064439141,1,0.3398568019093079,0.6599840891010342,0.00015910898965791568
164,37019,3979,517,723,1609,3462,3979,1.0,0.12993214375471224,0.8700678562452877,1647,0.18170394571500376,0.40437295802965567,0.4139230962553405
165,37019,4318,101,915,1995,4217,4318,1.0,0.023390458545622973,0.9766095414543771,1408,0.21190365910143585,0.4620194534506716,0.32607688744789254
166,37019,4341,90,1061,2323,4251,4341,1.0,0.02073255010366275,0.9792674498963373,957,0.24441372955540197,0.5351301543423175,0.22045611610228058
167,37019,4246,150,810,2146,4096,4246,1.0,0.03532736693358455,0.9646726330664155,1290,0.19076778144135656,0.5054168629298162,0.3038153556288271
168,37019,4918,337,1193,2779,4581,4918,1.0,0.06852379015860106,0.9314762098413989,946,0.2425782838552257,0.5650671004473363,0.19235461569743798
169,37019,5287,1162,1562,1963,4125,5287,1.0,0.21978437677321733,0.7802156232267827,1762,0.2954416493285417,0.3712880650652544,0.3332702856062039
170,37019,2350,11,591,1260,2339,2350,1.0,0.004680851063829788,0.9953191489361702,499,0.25148936170212766,0.5361702127659574,0.2123404255319149
171,37019,4520,133,781,2131,4387,4520,1.0,0.029424778761061948,0.970575221238938,1608,0.17278761061946904,0.47146017699115045,0.35575221238938054
172,37019,3945,364,1222,2175,3581,3945,1.0,0.09226869455006337,0.9077313054499366,548,0.30975918884664133,0.5513307984790875,0.13891001267427122
173,37019,10931,1298,4108,6111,9633,10931,1.0,0.1187448540847132,0.8812551459152868,712,0.37581191107858386,0.5590522367578447,0.0651358521635715
174,37019,1842,583,534,404,1259,1842,1.0,0.31650380021715524,0.6834961997828447,904,0.2899022801302932,0.21932681867535286,0.49077090119435396
175,37019,2448,171,298,871,2277,2448,1.0,0.06985294117647059,0.9301470588235294,1279,0.12173202614379085,0.35580065359477125,0.5224673202614379
176,37019,3151,201,569,1435,2950,3151,1.0,0.06378927324658838,0.9362107267534117,1147,0.1805775944144716,0.45541098064106633,0.3640114249444621
177,37019,1944,476,320,656,1468,1944,1.0,0.2448559670781893,0.7551440329218106,968,0.1646090534979424,0.3374485596707819,0.49794238683127573
178,37019,1067,5,292,522,1062,1067,1.0,0.004686035613870665,0.9953139643861293,253,0.2736644798500469,0.48922211808809746,0.23711340206185566
179,37021,3266,376,1667,588,2890,3266,1.0,0.11512553582363748,0.8848744641763625,1011,0.5104102878138396,0.18003674219228413,0.3095529699938763
180,37021,4056,59,1639,1731,3997,4056,1.0,0.014546351084812623,0.9854536489151874,686,0.40409270216962523,0.42677514792899407,0.16913214990138067
181,37021,3169,77,890,1210,3092,3169,1.0,0.024297885768381194,0.9757021142316188,1069,0.2808456926475229,0.38182391921741876,0.3373303881350584
182,37021,4062,91,1658,2046,3971,4062,1.0,0.0224027572624323,0.9775972427375677,358,0.40817331363860165,0.5036927621861153,0.08813392417528311
183,37021,3264,742,2203,161,2522,3264,1.0,0.22732843137254902,0.772671568627451,900,0.6749387254901961,0.04932598039215686,0.2757352941176471
184,37021,1758,88,934,295,1670,1758,1.0,0.05005688282138794,0.949943117178612,529,0.5312855517633674,0.16780432309442547,0.30091012514220705
185,37021,1559,82,1040,243,1477,1559,1.0,0.05259781911481719,0.9474021808851828,276,0.6670942912123156,0.15586914688903142,0.177036561898653
186,37021,2213,19,1133,748,2194,2213,1.0,0.00858563036601898,0.991414369633981,332,0.5119746949841844,0.3380027112516945,0.1500225937641211
187,37021,999,122,639,122,877,999,1.0,0.12212212212212212,0.8778778778778779,238,0.6396396396396397,0.12212212212212212,0.23823823823823823
188,37021,1571,182,1170,207,1389,1571,1.0,0.1158497772119669,0.8841502227880331,194,0.7447485677912158,0.13176320814767664,0.12348822406110757
189,37021,1634,5,436,825,1629,1634,1.0,0.0030599755201958386,0.9969400244798041,373,0.2668298653610771,0.5048959608323134,0.22827417380660955
190,37021,4049,80,952,1525,3969,4049,1.0,0.01975796492961225,0.9802420350703878,1572,0.23511978266238578,0.37663620647073354,0.3882440108668807
191,37021,3129,38,688,1426,3091,3129,1.0,0.012144455097475231,0.9878555449025248,1015,0.21987855544902524,0.45573665707893896,0.3243847874720358
192,37021,4545,26,952,1823,4519,4545,1.0,0.00572057205720572,0.9942794279427942,1770,0.20946094609460947,0.4011001100110011,0.38943894389438943
193,37021,3409,63,1263,972,3346,3409,1.0,0.018480492813141684,0.9815195071868583,1174,0.37048987973012615,0.2851276034027574,0.34438251686711646
194,37021,2818,82,1281,647,2736,2818,1.0,0.029098651525904896,0.9709013484740951,890,0.4545777146912704,0.2295954577714691,0.3158268275372605
195,37021,5027,237,2163,1490,4790,5027,1.0,0.04714541476029441,0.9528545852397056,1374,0.4302765068629401,0.2963994430077581,0.2733240501293018
196,37021,4819,84,1272,1802,4735,4819,1.0,0.017431002282631253,0.9825689977173687,1745,0.2639551774227018,0.37393650134882755,0.36210832122847064
197,37021,1339,6,495,501,1333,1339,1.0,0.004480955937266617,0.9955190440627334,343,0.3696788648244959,0.3741598207617625,0.2561613144137416
198,37021,4849,310,2128,895,4539,4849,1.0,0.06393070736234276,0.9360692926376573,1826,0.43885337182924317,0.18457413899773148,0.3765724891730254
199,37021,4108,30,817,1671,4078,4108,1.0,0.007302823758519961,0.99269717624148,1620,0.1988802336903603,0.4067672833495618,0.3943524829600779
200,37021,1251,37,955,195,1214,1251,1.0,0.029576338928856916,0.9704236610711431,101,0.7633892885691447,0.15587529976019185,0.08073541167066348
201,37021,2403,370,1225,302,2033,2403,1.0,0.15397419891801914,0.8460258010819809,876,0.509779442363712,0.1256762380357886,0.3645443196004994
202,37021,7282,1393,3196,1395,5889,7282,1.0,0.19129360065915957,0.8087063993408404,2691,0.4388904147212304,0.1915682504806372,0.3695413347981324
203,37021,3827,25,1475,1593,3802,3827,1.0,0.006532532009406846,0.9934674679905932,759,0.3854193885550039,0.41625293963940424,0.19832767180559185
204,37021,3404,25,1338,1389,3379,3404,1.0,0.007344300822561692,0.9926556991774383,677,0.39306698002350177,0.4080493537015276,0.19888366627497062
205,37021,2542,186,1060,522,2356,2542,1.0,0.07317073170731707,0.926829268292683,960,0.4169944925255704,0.2053501180173092,0.3776553894571204
206,37021,2174,89,650,752,2085,2174,1.0,0.04093836246550138,0.9590616375344986,772,0.29898804047838085,0.34590616375344985,0.35510579576816925
207,37021,2671,34,1845,619,2637,2671,1.0,0.01272931486334706,0.987270685136653,207,0.690752527143392,0.23174840883564207,0.07749906402096593
208,37021,1242,36,518,421,1206,1242,1.0,0.028985507246376812,0.9710144927536232,303,0.4170692431561997,0.3389694041867955,0.24396135265700483
209,37021,1395,79,856,270,1316,1395,1.0,0.056630824372759854,0.9433691756272401,269,0.6136200716845878,0.1935483870967742,0.192831541218638
210,37021,4540,359,1395,822,4181,4540,1.0,0.0790748898678414,0.9209251101321586,2323,0.30726872246696035,0.18105726872246697,0.5116740088105727
211,37021,2413,328,1561,155,2085,2413,1.0,0.13593037712391215,0.8640696228760879,697,0.6469125569830088,0.06423539162867799,0.2888520513883133
212,37021,2276,70,696,693,2206,2276,1.0,0.030755711775043937,0.9692442882249561,887,0.30579964850615116,0.30448154657293497,0.3897188049209139
213,37021,4486,82,1169,1418,4404,4486,1.0,0.018279090503789567,0.9817209094962104,1899,0.2605884975479269,0.31609451627284885,0.42331698617922425
214,37021,2681,68,921,1187,2613,2681,1.0,0.02536367027228646,0.9746363297277135,573,0.3435285341290563,0.44274524431182394,0.21372622155911974
215,37021,1863,22,697,684,1841,1863,1.0,0.011808910359634998,0.988191089640365,482,0.37412775093934514,0.3671497584541063,0.25872249060654856
216,37021,3939,315,2071,956,3624,3939,1.0,0.07996953541507996,0.92003046458492,912,0.5257679614115258,0.2427011931962427,0.23153084539223154
217,37021,1059,6,479,579,1053,1059,1.0047483380816715,0.0056657223796034,0.9943342776203966,1,0.4523135033050047,0.546742209631728,0.0009442870632672333
218,37021,3302,25,765,1346,3277,3302,1.0,0.007571168988491823,0.9924288310115081,1191,0.23167777104784978,0.4076317383403998,0.36069049061175046
219,37021,2021,185,776,443,1836,2021,1.0,0.09153884215734785,0.9084611578426521,802,0.3839683325086591,0.21919841662543296,0.396833250865908
220,37021,2244,22,1482,578,2222,2244,1.0,0.00980392156862745,0.9901960784313726,184,0.660427807486631,0.25757575757575757,0.08199643493761141
221,37021,1423,458,814,79,965,1423,1.0,0.3218552354181307,0.6781447645818693,530,0.5720309205903021,0.05551651440618412,0.3724525650035137
222,37021,2158,89,581,751,2069,2158,1.0,0.041241890639481,0.958758109360519,826,0.2692307692307692,0.3480074142724745,0.3827618164967563
223,37021,1613,1,389,635,1612,1613,1.0,0.0006199628022318661,0.9993800371977681,589,0.2411655300681959,0.393676379417235,0.3651580905145691
224,37021,2870,98,1067,1173,2772,2870,1.0,0.03414634146341464,0.9658536585365853,630,0.3717770034843206,0.40871080139372823,0.21951219512195122
225,37021,2124,611,1194,207,1513,2124,1.0,0.2876647834274953,0.7123352165725048,723,0.5621468926553672,0.09745762711864407,0.3403954802259887
226,37021,1412,0,478,544,1412,1412,1.0,0.0,1.0,390,0.3385269121813031,0.38526912181303113,0.2762039660056657
227,37021,1841,119,1357,195,1722,1841,1.0,0.06463878326996197,0.935361216730038,289,0.737099402498642,0.10592069527430745,0.15697990222705052
228,37021,2284,1025,1003,77,1259,2284,1.0,0.44877408056042034,0.5512259194395797,1204,0.4391418563922942,0.03371278458844133,0.5271453590192644
229,37021,3176,114,873,1440,3062,3176,1.0,0.03589420654911839,0.9641057934508817,863,0.2748740554156171,0.4534005037783375,0.2717254408060453
230,37021,1830,207,548,323,1623,1830,1.0,0.11311475409836065,0.8868852459016393,959,0.2994535519125683,0.17650273224043717,0.5240437158469945
231,37021,5795,33,1499,2473,5762,5795,1.0,0.005694564279551337,0.9943054357204487,1823,0.25867126833477133,0.4267471958584987,0.31458153580672993
232,37021,1087,26,523,362,1061,1087,1.0,0.02391904323827047,0.9760809567617296,202,0.48114075436982523,0.3330266789328427,0.1858325666973321
233,37021,2066,113,719,702,1953,2066,1.0,0.05469506292352372,0.9453049370764763,645,0.3480154888673766,0.33978702807357214,0.3121974830590513
234,37021,3079,96,1005,755,2983,3079,1.0,0.03117895420591101,0.968821045794089,1319,0.3264046768431309,0.24520948359857098,0.4283858395582982
235,37021,1895,44,1351,273,1851,1895,1.0,0.02321899736147757,0.9767810026385224,271,0.7129287598944591,0.14406332453825857,0.14300791556728232
236,37021,601,4,186,214,597,601,1.0,0.0066555740432612314,0.9933444259567388,201,0.30948419301164726,0.3560732113144759,0.33444259567387685
237,37021,4361,34,913,1798,4327,4361,1.0,0.007796376977757395,0.9922036230222426,1650,0.2093556523733089,0.4122907590002293,0.37835358862646185
238,37021,1050,17,613,340,1033,1050,1.0,0.01619047619047619,0.9838095238095238,97,0.5838095238095238,0.3238095238095238,0.09238095238095238
239,37021,2316,27,947,855,2289,2316,1.0,0.011658031088082901,0.9883419689119171,514,0.40889464594127806,0.36917098445595853,0.2219343696027634
240,37021,2052,60,671,518,1992,2052,1.0,0.029239766081871343,0.9707602339181286,863,0.32699805068226123,0.2524366471734893,0.42056530214424953
241,37021,2739,111,1585,247,2628,2739,1.0,0.040525739320920046,0.9594742606790799,907,0.5786783497626871,0.09017889740781307,0.33114275282949984
242,37021,4348,188,1483,1268,4160,4348,1.0,0.04323827046918123,0.9567617295308187,1597,0.3410763569457222,0.29162833486660533,0.3672953081876725
243,37021,7904,545,3198,2691,7359,7904,1.0,0.06895242914979757,0.9310475708502024,2015,0.40460526315789475,0.3404605263157895,0.25493421052631576
244,37021,2485,109,929,725,2376,2485,1.0,0.04386317907444668,0.9561368209255533,831,0.3738430583501006,0.2917505030181087,0.33440643863179076
245,37021,2317,403,1415,197,1914,2317,1.0,0.17393180837289599,0.826068191627104,705,0.6107034958998705,0.08502373759171342,0.30427276650841606
246,37023,2746,62,279,1093,2684,2746,1.0,0.022578295702840496,0.9774217042971595,1374,0.10160233066278222,0.39803350327749454,0.5003641660597232
247,37023,564,1,113,233,563,564,1.0,0.0017730496453900709,0.99822695035461,218,0.20035460992907803,0.41312056737588654,0.38652482269503546
248,37023,3809,189,607,1383,3620,3809,1.0,0.04961932265686532,0.9503806773431347,1819,0.15935941191913888,0.3630874245208716,0.4775531635599895
249,37023,3694,286,685,1422,3408,3694,1.0,0.07742284786139686,0.9225771521386031,1587,0.18543584190579318,0.38494856524093124,0.4296155928532756
250,37023,1682,16,263,601,1666,1682,1.0,0.009512485136741973,0.990487514863258,818,0.15636147443519618,0.3573127229488704,0.4863258026159334
251,37023,2050,123,360,747,1927,2050,1.0,0.06,0.94,943,0.17560975609756097,0.364390243902439,0.46
252,37023,930,25,151,393,905,930,1.0,0.026881720430107527,0.9731182795698925,386,0.16236559139784945,0.42258064516129035,0.4150537634408602
253,37023,3525,44,309,1474,3481,3525,1.0,0.0124822695035461,0.9875177304964539,1742,0.0876595744680851,0.41815602836879434,0.49418439716312057
254,37023,565,33,147,265,532,565,1.0,0.0584070796460177,0.9415929203539823,153,0.26017699115044246,0.4690265486725664,0.27079646017699116
255,37023,853,132,252,398,721,853,1.0,0.15474794841735054,0.8452520515826495,203,0.2954279015240328,0.46658851113716293,0.23798358733880423
256,37023,1737,151,283,510,1586,1737,1.0,0.08693149107656879,0.9130685089234312,944,0.1629245826137018,0.29360967184801384,0.5434657455382844
257,37023,2729,292,362,801,2437,2729,1.0,0.10699890069622572,0.8930010993037742,1566,0.13264932209600586,0.2935141077317699,0.5738365701722242
258,37023,2349,175,673,649,2174,2349,1.0,0.07449978714346531,0.9255002128565347,1027,0.286504895700298,0.27628778203490845,0.43720732226479353
259,37023,2290,34,289,934,2256,2290,1.0,0.014847161572052401,0.9851528384279477,1067,0.12620087336244543,0.4078602620087336,0.46593886462882095
260,37023,3693,572,979,1221,3121,3693,1.0,0.15488762523693475,0.8451123747630652,1493,0.2650961278093691,0.330625507717303,0.40427836447332793
261,37023,2034,138,547,879,1896,2034,1.0,0.06784660766961652,0.9321533923303835,608,0.2689282202556539,0.43215339233038347,0.29891838741396265
262,37023,2230,37,362,870,2193,2230,1.0,0.016591928251121078,0.9834080717488789,998,0.16233183856502242,0.3901345291479821,0.4475336322869955
263,37023,2711,174,506,830,2537,2711,1.0,0.06418295831796385,0.9358170416820362,1375,0.1866469937292512,0.30616008852821835,0.5071929177425304
264,37023,2767,474,764,468,2293,2767,1.0,0.17130466208890496,0.8286953379110951,1535,0.2761113118901337,0.1691362486447416,0.5547524394651246
265,37023,1886,275,484,442,1611,1886,1.0,0.14581124072110285,0.8541887592788971,960,0.256627783669141,0.23435843054082714,0.5090137857900318
266,37023,2770,32,494,1152,2738,2770,1.0,0.011552346570397111,0.9884476534296028,1124,0.17833935018050542,0.41588447653429605,0.40577617328519855
267,37023,1947,31,198,697,1916,1947,1.0,0.015921931176168466,0.9840780688238315,1052,0.1016949152542373,0.35798664612223935,0.5403184386235234
268,37023,2558,322,534,508,2236,2558,1.0,0.12587959343236904,0.874120406567631,1516,0.20875684128225175,0.19859265050820954,0.5926505082095387
269,37023,3430,36,293,1398,3394,3430,1.0,0.010495626822157435,0.9895043731778426,1739,0.08542274052478134,0.4075801749271137,0.506997084548105
270,37023,2791,17,321,1004,2774,2791,1.0,0.006091006807595844,0.9939089931924041,1466,0.11501254030813328,0.35972769616624867,0.5252597635256181
271,37023,844,11,137,385,833,844,1.0,0.013033175355450236,0.9869668246445498,322,0.1623222748815166,0.4561611374407583,0.3815165876777251
272,37023,2738,25,422,1135,2713,2738,1.0,0.009130752373995616,0.9908692476260044,1181,0.15412710007304603,0.414536157779401,0.43133674214755297
273,37023,1356,15,161,605,1341,1356,1.0,0.011061946902654867,0.9889380530973452,590,0.1187315634218289,0.44616519174041297,0.4351032448377581
274,37023,2674,9,195,1034,2665,2674,1.0,0.0033657442034405387,0.9966342557965595,1445,0.07292445774121167,0.38668661181750186,0.5403889304412864
275,37023,2068,8,147,1102,2060,2068,1.0,0.0038684719535783366,0.9961315280464217,819,0.07108317214700194,0.5328820116054158,0.3960348162475822
276,37023,2704,924,154,532,1780,2704,1.0,0.34171597633136097,0.658284023668639,2018,0.05695266272189349,0.19674556213017752,0.746301775147929
277,37025,2201,376,422,552,1825,2201,1.0,0.1708314402544298,0.8291685597455702,1227,0.19173103134938665,0.25079509313948206,0.5574738755111313
278,37025,2780,781,704,343,1999,2780,1.0,0.28093525179856116,0.7190647482014388,1733,0.25323741007194245,0.12338129496402878,0.6233812949640288
279,37025,3155,778,888,909,2377,3155,1.0,0.24659270998415214,0.7534072900158478,1358,0.2814580031695721,0.28811410459587955,0.43042789223454836
280,37025,3457,656,1536,1760,2801,3457,1.0,0.1897599074341915,0.8102400925658085,161,0.44431588082152157,0.5091119467746601,0.04657217240381834
281,37025,2530,372,1103,1328,2158,2530,1.0,0.14703557312252966,0.8529644268774703,99,0.4359683794466403,0.524901185770751,0.0391304347826087
282,37025,3624,377,1016,1809,3247,3624,1.0,0.10402869757174393,0.8959713024282561,799,0.2803532008830022,0.4991721854304636,0.2204746136865342
283,37025,1928,119,305,818,1809,1928,1.0,0.061721991701244816,0.9382780082987552,805,0.15819502074688796,0.4242738589211618,0.4175311203319502
284,37025,3342,421,686,1108,2921,3342,1.0,0.12597247157390784,0.8740275284260922,1548,0.20526630760023937,0.3315380011968881,0.4631956912028725
285,37025,3846,717,1109,1081,3129,3846,1.0,0.18642745709828393,0.8135725429017161,1656,0.28835153406136244,0.28107124284971396,0.43057722308892354
286,37025,1432,116,363,659,1316,1432,1.0,0.08100558659217877,0.9189944134078212,410,0.2534916201117318,0.46019553072625696,0.28631284916201116
287,37025,2234,105,465,1247,2129,2234,1.0,0.047000895255147716,0.9529991047448523,522,0.20814682184422562,0.5581915846016114,0.23366159355416294
288,37025,4775,230,776,2705,4545,4775,1.0,0.048167539267015703,0.9518324607329843,1294,0.1625130890052356,0.5664921465968586,0.27099476439790576
289,37025,2582,135,769,1475,2447,2582,1.0,0.052285050348567,0.947714949651433,338,0.2978311386522076,0.5712625871417506,0.13090627420604184
290,37025,4395,838,2240,2101,3557,4395,1.0,0.1906712172923777,0.8093287827076223,54,0.5096700796359499,0.4780432309442548,0.012286689419795221
291,37025,5023,759,2015,2453,4264,5023,1.0,0.15110491738005177,0.8488950826199483,555,0.40115468843320723,0.48835357356161657,0.11049173800517618
292,37025,2061,339,483,588,1722,2061,1.0,0.16448326055312956,0.8355167394468704,990,0.23435225618631733,0.2852983988355167,0.48034934497816595
293,37025,3012,848,928,701,2164,3012,1.0,0.2815405046480744,0.7184594953519257,1383,0.30810092961487384,0.23273572377158033,0.4591633466135458
294,37025,2273,330,659,1413,1943,2273,1.0,0.14518257809062912,0.8548174219093708,201,0.289925208974923,0.6216454025516938,0.08842938847338319
295,37025,2945,740,844,974,2205,2945,1.0,0.25127334465195245,0.7487266553480475,1127,0.2865874363327674,0.3307300509337861,0.3826825127334465
296,37025,1112,32,278,545,1080,1112,1.0,0.02877697841726619,0.9712230215827338,289,0.25,0.49010791366906475,0.25989208633093525
297,37025,3571,446,862,1479,3125,3571,1.0,0.12489498739848783,0.8751050126015122,1230,0.24138896667600113,0.41416970036404366,0.3444413329599552
298,37025,3160,139,519,1493,3021,3160,1.0,0.0439873417721519,0.9560126582278481,1148,0.1642405063291139,0.47246835443037977,0.3632911392405063
299,37025,2540,583,559,589,1957,2540,1.0,0.2295275590551181,0.7704724409448819,1392,0.2200787401574803,0.23188976377952755,0.5480314960629922
300,37025,1584,501,471,464,1083,1584,1.0,0.3162878787878788,0.6837121212121212,649,0.29734848484848486,0.29292929292929293,0.4097222222222222
301,37025,2630,55,288,1459,2575,2630,1.0,0.02091254752851711,0.9790874524714829,883,0.10950570342205324,0.5547528517110266,0.33574144486692015
302,37025,5408,881,1417,1632,4527,5408,1.0,0.16290680473372782,0.8370931952662722,2359,0.2620192307692308,0.30177514792899407,0.43620562130177515
303,37025,1620,1128,765,79,492,1620,1.0,0.6962962962962963,0.3037037037037037,776,0.4722222222222222,0.04876543209876543,0.47901234567901235
304,37025,716,130,216,167,586,716,1.0,0.18156424581005587,0.8184357541899442,333,0.3016759776536313,0.23324022346368714,0.4650837988826816
305,37025,1695,367,516,496,1328,1695,1.0,0.21651917404129795,0.783480825958702,683,0.30442477876106194,0.2926253687315634,0.40294985250737464
306,37025,2058,114,535,973,1944,2058,1.0,0.05539358600583091,0.9446064139941691,550,0.2599611273080661,0.47278911564625853,0.26724975704567544
307,37025,3605,652,781,801,2953,3605,1.0,0.1808599167822469,0.8191400832177531,2023,0.21664355062413315,0.22219140083217753,0.5611650485436893
308,37025,4334,248,529,2091,4086,4334,1.0,0.05722196585140748,0.9427780341485925,1714,0.1220581449007845,0.4824642362713429,0.39547761882787263
309,37025,1078,5,121,653,1073,1078,1.0,0.00463821892393321,0.9953617810760668,304,0.11224489795918367,0.6057513914656771,0.2820037105751391
310,37025,1994,22,177,1292,1972,1994,1.0,0.011033099297893681,0.9889669007021064,525,0.08876629889669008,0.6479438314944834,0.2632898696088265
311,37025,2923,155,409,1490,2768,2923,1.0,0.05302771125555936,0.9469722887444406,1024,0.13992473486144372,0.5097502565856996,0.35032500855285664
312,37025,3463,271,1162,2278,3192,3463,1.0,0.07825584753104245,0.9217441524689576,23,0.3355472133987872,0.6578111464048513,0.006641640196361536
313,37025,5529,641,1446,2424,4888,5529,1.0,0.11593416531018268,0.8840658346898174,1659,0.2615301139446555,0.43841562669560497,0.30005425935973956
314,37025,2237,320,559,842,1917,2237,1.0,0.1430487259722843,0.8569512740277156,836,0.24988824318283415,0.3763969602145731,0.37371479660259277
315,37025,2209,360,377,408,1849,2209,1.0,0.16296966953372566,0.8370303304662743,1424,0.1706654594839294,0.1846989588048891,0.6446355817111815
316,37025,2231,204,591,1319,2027,2231,1.0,0.09143881667413715,0.9085611833258629,321,0.2649036306588974,0.5912147019273868,0.14388166741371583
317,37025,968,17,188,534,951,968,1.0,0.01756198347107438,0.9824380165289256,246,0.19421487603305784,0.5516528925619835,0.25413223140495866
318,37025,3085,458,1161,1453,2627,3085,1.0,0.14846029173419772,0.8515397082658023,471,0.37633711507293355,0.47098865478119933,0.1526742301458671
319,37025,2838,300,768,1182,2538,2838,1.0,0.10570824524312897,0.8942917547568711,888,0.27061310782241016,0.4164904862579281,0.3128964059196617
320,37025,2193,315,486,780,1878,2193,1.0,0.1436388508891929,0.8563611491108071,927,0.2216142270861833,0.35567715458276333,0.42270861833105333
321,37025,2485,271,509,1014,2214,2485,1.0,0.1090543259557344,0.8909456740442656,962,0.20482897384305834,0.4080482897384306,0.3871227364185111
322,37025,4369,510,1267,1761,3859,4369,1.0,0.11673151750972763,0.8832684824902723,1341,0.2899977111467155,0.403067063401236,0.30693522545204854
323,37027,2189,75,216,973,2114,2189,1.0,0.034262220191868434,0.9657377798081316,1000,0.09867519415258108,0.44449520328917314,0.4568296025582458
324,37027,1772,223,285,553,1549,1772,1.0,0.12584650112866816,0.8741534988713319,934,0.1608352144469526,0.31207674943566593,0.5270880361173815
325,37027,1862,29,247,762,1833,1862,1.0,0.015574650912996778,0.9844253490870032,853,0.1326530612244898,0.4092373791621912,0.458109559613319
326,37027,1349,53,185,555,1296,1349,1.0,0.039288361749444035,0.9607116382505559,609,0.13713862120088954,0.41141586360266863,0.4514455151964418
327,37027,2012,57,365,795,1955,2012,1.0,0.028330019880715707,0.9716699801192843,852,0.18141153081510936,0.3951292246520875,0.4234592445328032
328,37027,944,9,118,452,935,944,1.0,0.009533898305084746,0.9904661016949152,374,0.125,0.4788135593220339,0.3961864406779661
329,37027,4106,67,800,1959,4039,4106,1.0,0.01631758402338042,0.9836824159766195,1347,0.1948368241597662,0.47710667316122746,0.3280565026790063
330,37027,3483,26,359,1527,3457,3483,1.0,0.007464829170255527,0.9925351708297445,1597,0.1030720643123744,0.4384151593453919,0.4585127763422337
331,37027,2888,425,492,507,2463,2888,1.0,0.1471606648199446,0.8528393351800554,1889,0.1703601108033241,0.1755540166204986,0.6540858725761773
332,37027,1985,404,495,455,1581,1985,1.0,0.2035264483627204,0.7964735516372796,1035,0.24937027707808565,0.22921914357682618,0.5214105793450882
333,37027,2334,25,196,916,2309,2334,1.0,0.010711225364181662,0.9892887746358183,1222,0.08397600685518423,0.3924592973436161,0.5235646958011997
334,37027,3952,357,571,961,3595,3952,1.0,0.09033400809716599,0.909665991902834,2420,0.1444838056680162,0.24316801619433198,0.6123481781376519
335,37027,2305,14,196,885,2291,2305,1.0,0.006073752711496746,0.9939262472885032,1224,0.08503253796095445,0.3839479392624729,0.5310195227765727
336,37027,3843,66,363,1640,3777,3843,1.0,0.01717408274785324,0.9828259172521467,1840,0.09445745511319281,0.42674993494665625,0.47879260994015094
337,37027,2842,109,295,1112,2733,2842,1.0,0.038353272343420126,0.9616467276565799,1435,0.10380014074595355,0.3912737508796622,0.5049261083743842
338,37027,3531,3,314,1669,3528,3531,1.0,0.0008496176720475786,0.9991503823279524,1548,0.08892664967431323,0.47267063154913624,0.43840271877655057
339,37027,3014,23,478,1643,2991,3014,1.0,0.007631055076310551,0.9923689449236894,893,0.1585932315859323,0.5451227604512277,0.2962840079628401
340,37027,4350,359,599,1476,3991,4350,1.0,0.08252873563218391,0.9174712643678161,2275,0.13770114942528736,0.3393103448275862,0.5229885057471264
341,37027,3939,58,499,1845,3881,3939,1.0,0.014724549378014725,0.9852754506219853,1595,0.12668189895912668,0.4683929931454684,0.4049251078954049
342,37027,4496,22,438,2093,4474,4496,1.0,0.004893238434163701,0.9951067615658363,1965,0.09741992882562278,0.4655249110320285,0.43705516014234874
343,37027,1925,21,249,914,1904,1925,1.0,0.01090909090909091,0.9890909090909091,762,0.12935064935064935,0.4748051948051948,0.39584415584415583
344,37027,1378,460,290,334,918,1378,1.0,0.33381712626995647,0.6661828737300436,754,0.2104499274310595,0.24238026124818576,0.5471698113207547
345,37027,3744,61,492,1511,3683,3744,1.0,0.016292735042735044,0.9837072649572649,1741,0.13141025641025642,0.40357905982905984,0.4650106837606838
346,37029,2688,429,452,1224,2259,2688,1.0,0.15959821428571427,0.8404017857142857,1012,0.16815476190476192,0.45535714285714285,0.37648809523809523
347,37029,1919,165,297,870,1754,1919,1.0,0.0859822824387702,0.9140177175612298,752,0.15476810838978636,0.4533611255862428,0.3918707660239708
348,37029,2816,413,530,1306,2403,2816,1.0,0.14666193181818182,0.8533380681818182,980,0.18821022727272727,0.4637784090909091,0.34801136363636365
349,37031,331,1,32,128,330,331,1.0,0.0030211480362537764,0.9969788519637462,171,0.09667673716012085,0.3867069486404834,0.5166163141993958
350,37031,584,1,74,242,583,584,1.0,0.0017123287671232876,0.9982876712328768,268,0.1267123287671233,0.4143835616438356,0.4589041095890411
351,37031,535,56,131,235,479,535,1.0,0.10467289719626169,0.8953271028037383,169,0.24485981308411214,0.4392523364485981,0.31588785046728973
352,37031,1272,57,181,780,1215,1272,1.0,0.04481132075471698,0.9551886792452831,311,0.14229559748427673,0.6132075471698113,0.24449685534591195
353,37031,650,363,294,179,287,650,1.0,0.5584615384615385,0.44153846153846155,177,0.4523076923076923,0.2753846153846154,0.2723076923076923
354,37031,352,0,45,184,352,352,1.0,0.0,1.0,123,0.1278409090909091,0.5227272727272727,0.3494318181818182
355,37031,1205,4,342,651,1201,1205,1.0,0.0033195020746887966,0.9966804979253112,212,0.2838174273858921,0.5402489626556016,0.17593360995850624
356,37031,3265,167,639,1736,3098,3265,1.0,0.05114854517611026,0.9488514548238898,890,0.19571209800918837,0.5316998468606432,0.2725880551301684
357,37031,1299,131,231,604,1168,1299,1.0,0.100846805234796,0.8991531947652041,464,0.17782909930715934,0.4649730561970747,0.35719784449576597
358,37031,699,10,119,323,689,699,1.0,0.01430615164520744,0.9856938483547926,257,0.17024320457796852,0.46208869814020026,0.3676680972818312
359,37031,343,2,44,163,341,343,1.0,0.0058309037900874635,0.9941690962099126,136,0.1282798833819242,0.4752186588921283,0.3965014577259475
360,37031,176,0,22,86,176,176,1.0,0.0,1.0,68,0.125,0.48863636363636365,0.38636363636363635
361,37031,468,3,31,103,465,468,1.0,0.00641025641025641,0.9935897435897436,334,0.06623931623931624,0.22008547008547008,0.7136752136752137
362,37031,251,0,27,99,251,251,1.0,0.0,1.0,125,0.10756972111553785,0.3944223107569721,0.49800796812749004
363,37031,284,0,56,142,284,284,1.0,0.0,1.0,86,0.19718309859154928,0.5,0.3028169014084507
364,37031,3123,20,698,1825,3103,3123,1.0,0.006404098623118796,0.9935959013768813,600,0.22350304194684598,0.5843739993595901,0.19212295869356388
365,37031,2275,53,282,1039,2222,2275,1.0,0.023296703296703296,0.9767032967032967,954,0.12395604395604395,0.4567032967032967,0.41934065934065934
366,37031,1360,12,238,809,1348,1360,1.0,0.008823529411764706,0.9911764705882353,313,0.175,0.5948529411764706,0.2301470588235294
367,37031,3148,320,632,1151,2828,3148,1.0,0.10165184243964422,0.8983481575603558,1365,0.20076238881829733,0.3656289707750953,0.43360864040660735
368,37031,572,6,56,302,566,572,1.0,0.01048951048951049,0.9895104895104895,214,0.0979020979020979,0.527972027972028,0.3741258741258741
369,37031,2286,116,337,1594,2170,2286,1.0,0.05074365704286964,0.9492563429571304,355,0.14741907261592302,0.6972878390201225,0.1552930883639545
370,37031,3966,230,577,1715,3736,3966,1.0,0.05799293998991427,0.9420070600100857,1674,0.1454866364094806,0.4324256177508825,0.42208774583963693
371,37031,2526,285,544,1175,2241,2526,1.0,0.11282660332541568,0.8871733966745843,807,0.21536025336500395,0.4651623119556611,0.3194774346793349
372,37031,3624,287,876,1453,3337,3624,1.0,0.07919426048565122,0.9208057395143487,1295,0.24172185430463577,0.40093818984547464,0.35733995584988965
373,37031,1228,6,163,645,1222,1228,1.0,0.004885993485342019,0.995114006514658,420,0.13273615635179153,0.5252442996742671,0.34201954397394135
374,37031,2645,21,430,1732,2624,2645,1.0,0.007939508506616257,0.9920604914933837,483,0.16257088846880907,0.654820415879017,0.1826086956521739
375,37031,1529,294,581,479,1235,1529,1.0,0.19228253760627861,0.8077174623937214,469,0.37998691955526487,0.3132766514061478,0.30673642903858733
376,37031,1960,8,242,921,1952,1960,1.0,0.004081632653061225,0.9959183673469387,797,0.12346938775510204,0.4698979591836735,0.4066326530612245
377,37031,2545,19,521,1494,2526,2545,1.0,0.007465618860510805,0.9925343811394892,530,0.20471512770137523,0.5870333988212181,0.2082514734774067
378,37031,322,1,88,154,321,322,1.0,0.003105590062111801,0.9968944099378882,80,0.2732919254658385,0.4782608695652174,0.2484472049689441
379,37031,1055,0,143,609,1055,1055,1.0,0.0,1.0,303,0.13554502369668248,0.5772511848341232,0.28720379146919434
380,37031,3076,141,338,1497,2935,3076,1.0,0.045838751625487645,0.9541612483745123,1241,0.10988296488946683,0.4866710013003901,0.40344603381014305
381,37031,4488,442,562,1710,4046,4488,1.0,0.09848484848484848,0.9015151515151515,2216,0.12522281639928698,0.3810160427807487,0.49376114081996436
382,37031,452,0,89,210,452,452,1.0,0.0,1.0,153,0.19690265486725664,0.4646017699115044,0.33849557522123896
383,37033,3514,663,673,1336,2851,3514,1.0,0.18867387592487195,0.811326124075128,1505,0.1915196357427433,0.3801935116676153,0.42828685258964144
384,37033,2380,1186,790,589,1194,2380,1.0,0.49831932773109244,0.5016806722689076,1001,0.3319327731092437,0.24747899159663866,0.42058823529411765
385,37033,914,217,208,356,697,914,1.0,0.237417943107221,0.762582056892779,350,0.2275711159737418,0.38949671772428884,0.38293216630196936
386,37033,2486,559,508,964,1927,2486,1.0,0.2248592115848753,0.7751407884151247,1014,0.20434432823813356,0.38777152051488334,0.40788415124698313
387,37033,2652,1168,475,388,1484,2652,1.0,0.44042232277526394,0.5595776772247361,1789,0.17911010558069382,0.14630467571644043,0.6745852187028658
388,37033,966,543,329,263,423,966,1.0,0.562111801242236,0.43788819875776397,374,0.34057971014492755,0.2722567287784679,0.38716356107660455
389,37033,2256,1116,844,603,1140,2256,1.0,0.4946808510638298,0.5053191489361702,809,0.374113475177305,0.26728723404255317,0.35859929078014185
390,37033,721,281,213,261,440,721,1.0,0.3897364771151179,0.6102635228848821,247,0.29542302357836336,0.361997226074896,0.34257975034674065
391,37033,1076,399,242,416,677,1076,1.0,0.370817843866171,0.629182156133829,418,0.22490706319702602,0.38661710037174724,0.38847583643122674
392,37033,971,128,235,394,843,971,1.0,0.13182286302780638,0.8681771369721936,342,0.2420185375901133,0.4057672502574665,0.35221421215242016
393,37033,894,196,154,422,698,894,1.0,0.21923937360178972,0.7807606263982103,318,0.17225950782997762,0.4720357941834452,0.35570469798657717
394,37035,2779,174,343,1156,2605,2779,1.0,0.06261245052177042,0.9373875494782296,1280,0.12342569269521411,0.41597697013314144,0.46059733717164447
395,37035,4300,168,666,2098,4132,4300,1.0,0.03906976744186046,0.9609302325581396,1536,0.15488372093023256,0.48790697674418604,0.3572093023255814
396,37035,3840,187,770,2084,3653,3840,1.0,0.04869791666666667,0.9513020833333333,986,0.20052083333333334,0.5427083333333333,0.25677083333333334
397,37035,3258,344,641,871,2914,3258,1.0,0.10558624923265807,0.894413750767342,1746,0.1967464702271332,0.267341927562922,0.5359116022099447
398,37035,2382,30,301,1213,2352,2382,1.0,0.012594458438287154,0.9874055415617129,868,0.12636439966414778,0.5092359361880773,0.36439966414777497
399,37035,2878,330,484,696,2548,2878,1.0,0.11466296038915914,0.8853370396108409,1698,0.16817234190410008,0.24183460736622656,0.5899930507296733
400,37035,2577,89,698,1443,2488,2577,1.0,0.03453628249902988,0.9654637175009702,436,0.2708575863407062,0.559953434225844,0.16918897943344974
401,37035,1961,313,401,603,1648,1961,1.0,0.15961244263131055,0.8403875573686894,957,0.20448750637429883,0.30749617542070373,0.48801631820499747
402,37035,4915,182,827,2446,4733,4915,1.0,0.037029501525941,0.962970498474059,1642,0.16826042726347915,0.49766022380467956,0.3340793489318413
403,37035,2770,94,467,1309,2676,2770,1.0,0.03393501805054152,0.9660649819494584,994,0.16859205776173286,0.47256317689530686,0.3588447653429603
404,37035,2284,438,531,372,1846,2284,1.0,0.19176882661996497,0.808231173380035,1381,0.23248686514886166,0.1628721541155867,0.6046409807355516
405,37035,4367,270,591,1361,4097,4367,1.0,0.061827341424318755,0.9381726585756812,2415,0.13533318067323105,0.3116555988092512,0.5530112205175177
406,37035,3176,30,495,1777,3146,3176,1.0,0.009445843828715366,0.9905541561712846,904,0.15585642317380352,0.5595088161209067,0.28463476070528965
407,37035,1572,50,453,642,1522,1572,1.0,0.031806615776081425,0.9681933842239185,477,0.2881679389312977,0.4083969465648855,0.30343511450381677
408,37035,4193,203,702,2264,3990,4193,1.0,0.048414023372287146,0.9515859766277128,1227,0.16742189363224422,0.5399475316002862,0.29263057476746956
409,37035,2013,906,703,222,1107,2013,1.0,0.45007451564828616,0.5499254843517138,1088,0.3492300049677099,0.11028315946348734,0.5404868355688028
410,37035,3788,80,360,1881,3708,3788,1.0,0.021119324181626188,0.9788806758183738,1547,0.09503695881731784,0.49656810982048577,0.4083949313621964
411,37035,932,186,210,256,746,932,1.0,0.19957081545064378,0.8004291845493562,466,0.22532188841201717,0.27467811158798283,0.5
412,37035,2712,111,257,1361,2601,2712,1.0,0.04092920353982301,0.959070796460177,1094,0.09476401179941003,0.5018436578171092,0.4033923303834808
413,37035,2296,112,595,1023,2184,2296,1.0,0.04878048780487805,0.9512195121951219,678,0.25914634146341464,0.4455574912891986,0.2952961672473868
414,37035,1604,220,328,367,1384,1604,1.0,0.1371571072319202,0.8628428927680798,909,0.20448877805486285,0.22880299251870323,0.566708229426434
415,37035,4153,288,925,1482,3865,4153,1.0,0.0693474596677101,0.93065254033229,1746,0.2227305562244161,0.3568504695400915,0.4204189742354924
416,37035,744,238,196,128,506,744,1.0,0.31989247311827956,0.6801075268817204,420,0.26344086021505375,0.17204301075268819,0.5645161290322581
417,37035,3697,409,596,1485,3288,3697,1.0,0.11063024073573167,0.8893697592642683,1616,0.16121179334595617,0.4016770354341358,0.43711117121990806
418,37035,3672,323,519,1539,3349,3672,1.0,0.08796296296296297,0.9120370370370371,1614,0.14133986928104575,0.41911764705882354,0.4395424836601307
419,37035,1909,77,231,947,1832,1909,1.0,0.04033525405971713,0.9596647459402828,731,0.12100576217915139,0.4960712414876899,0.38292299633315874
420,37035,4105,280,632,1549,3825,4105,1.0,0.0682095006090134,0.9317904993909866,1924,0.15395858708891597,0.37734470158343486,0.46869671132764923
421,37035,2265,130,387,1213,2135,2265,1.0,0.05739514348785872,0.9426048565121413,665,0.17086092715231788,0.5355408388520971,0.293598233995585
422,37035,2444,262,386,564,2182,2444,1.0,0.1072013093289689,0.8927986906710311,1494,0.1579378068739771,0.23076923076923078,0.6112929623567921
423,37035,7073,236,943,3090,6837,7073,1.0,0.03336632263537396,0.966633677364626,3040,0.1333239078184646,0.4368726141665488,0.4298034780149866
424,37035,2842,71,400,1239,2771,2842,1.0,0.02498240675580577,0.9750175932441942,1203,0.14074595355383532,0.43596059113300495,0.42329345531315976
425,37035,3468,305,480,863,3163,3468,1.0,0.08794694348327567,0.9120530565167243,2125,0.1384083044982699,0.24884659746251442,0.6127450980392157
426,37035,1809,76,517,788,1733,1809,1.0,0.04201216141514649,0.9579878385848535,504,0.28579325594250965,0.435599778883361,0.27860696517412936
427,37035,1365,192,261,445,1173,1365,1.0,0.14065934065934066,0.8593406593406593,659,0.1912087912087912,0.326007326007326,0.4827838827838828
428,37035,3639,448,701,1163,3191,3639,1.0,0.1231107447100852,0.8768892552899148,1775,0.19263533937895025,0.3195932948612256,0.4877713657598241
429,37035,3049,334,631,908,2715,3049,1.0,0.10954411282387667,0.8904558871761233,1510,0.20695309937684486,0.2978025582158085,0.49524434240734666
430,37035,3452,462,706,1159,2990,3452,1.0,0.13383545770567787,0.8661645422943222,1587,0.20451911935110081,0.335747392815759,0.4597334878331402
431,37035,858,715,432,28,143,858,1.0,0.8333333333333334,0.16666666666666666,398,0.5034965034965035,0.03263403263403263,0.46386946386946387
432,37035,4442,153,518,1906,4289,4442,1.0,0.03444394416929311,0.9655560558307069,2018,0.11661413777577667,0.4290859972985142,0.4542998649257091
433,37035,1980,23,447,1272,1957,1980,1.0,0.011616161616161616,0.9883838383838384,261,0.22575757575757577,0.6424242424242425,0.1318181818181818
434,37037,6508,1429,3038,2080,5079,6508,1.0,0.2195759065765212,0.7804240934234788,1390,0.4668100799016595,0.31960663798401967,0.21358328211432084
435,37037,1969,250,1016,611,1719,1969,1.0,0.12696800406297612,0.8730319959370239,342,0.515997968511935,0.31030980192991364,0.17369222955815133
436,37037,880,60,97,483,820,880,1.0,0.06818181818181818,0.9318181818181818,300,0.11022727272727273,0.5488636363636363,0.3409090909090909
437,37037,5209,461,2717,1666,4748,5209,1.0,0.08850067191399501,0.911499328086005,826,0.5215972355538491,0.3198310616241121,0.15857170282203878
438,37037,3908,83,2236,1449,3825,3908,1.0,0.021238485158648925,0.9787615148413511,223,0.5721596724667349,0.37077789150460594,0.05706243602865916
439,37037,1654,195,318,738,1459,1654,1.0,0.11789600967351874,0.8821039903264812,598,0.19226118500604594,0.44619105199516323,0.3615477629987908
440,37037,2642,597,658,1051,2045,2642,1.0,0.2259651778955337,0.7740348221044663,933,0.24905374716124148,0.39780469341408026,0.3531415594246783
441,37037,948,139,321,415,809,948,1.0,0.14662447257383968,0.8533755274261603,212,0.33860759493670883,0.43776371308016876,0.22362869198312235
442,37037,1587,97,501,787,1490,1587,1.0,0.06112161310649023,0.9388783868935098,299,0.31568998109640833,0.4959042218021424,0.18840579710144928
443,37037,5127,396,3565,1561,4731,5127,1.2126803879820203,0.07723815096547688,0.9227618490345231,1,0.6953384045250633,0.3044665496391652,0.0001950458357714063
444,37037,2016,156,365,842,1860,2016,1.0,0.07738095238095238,0.9226190476190477,809,0.1810515873015873,0.4176587301587302,0.40128968253968256
445,37037,3853,678,883,915,3175,3853,1.0,0.17596677913314301,0.824033220866857,2055,0.22917207370879833,0.23747729042304697,0.5333506358681547
446,37037,839,12,67,470,827,839,1.0,0.014302741358760428,0.9856972586412396,302,0.07985697258641239,0.5601907032181168,0.3599523241954708
447,37037,1377,29,553,625,1348,1377,1.0,0.021060275962236745,0.9789397240377633,199,0.40159767610748004,0.4538852578068264,0.14451706608569354
448,37037,5912,1330,1510,1214,4582,5912,1.0,0.22496617050067658,0.7750338294993234,3188,0.2554127198917456,0.20534506089309879,0.5392422192151556
449,37037,1680,239,533,699,1441,1680,1.0,0.14226190476190476,0.8577380952380952,448,0.31726190476190474,0.4160714285714286,0.26666666666666666
450,37037,1958,379,551,827,1579,1958,1.0,0.19356486210418794,0.806435137895812,580,0.2814096016343207,0.4223697650663943,0.296220633299285
451,37037,3218,231,1601,1616,2987,3218,1.288346015218262,0.07178371659415786,0.9282162834058422,1,0.49751398384089496,0.5021752641392169,0.00031075201988812925
452,37039,1296,7,190,657,1289,1296,1.0,0.005401234567901234,0.9945987654320988,449,0.14660493827160495,0.5069444444444444,0.3464506172839506
453,37039,1897,2,246,953,1895,1897,1.0,0.0010542962572482868,0.9989457037427517,698,0.12967843964153927,0.5023721665788087,0.3679493937796521
454,37039,1101,1,125,542,1100,1101,1.0,0.0009082652134423251,0.9990917347865577,434,0.11353315168029064,0.49227974568574023,0.3941871026339691
455,37039,755,1,82,422,754,755,1.0,0.0013245033112582781,0.9986754966887417,251,0.10860927152317881,0.5589403973509933,0.33245033112582784
456,37039,2461,10,400,1244,2451,2461,1.0,0.0040633888663145065,0.9959366111336855,817,0.16253555465258024,0.5054855749695246,0.33197887037789514
457,37039,1141,4,211,581,1137,1141,1.0,0.0035056967572304996,0.9964943032427696,349,0.18492550394390886,0.50920245398773,0.3058720420683611
458,37039,2427,23,328,1023,2404,2427,1.0,0.009476720230737536,0.9905232797692625,1076,0.13514627111660485,0.4215080346106304,0.4433456942727647
459,37039,2442,15,345,1050,2427,2442,1.0,0.006142506142506142,0.9938574938574939,1047,0.14127764127764128,0.42997542997543,0.42874692874692877
460,37039,1819,36,249,745,1783,1819,1.0,0.019791094007696537,0.9802089059923035,825,0.13688840021990104,0.40956569543705335,0.45354590434304565
461,37039,1838,9,248,674,1829,1838,1.0,0.004896626768226333,0.9951033732317737,916,0.13492927094668117,0.36670293797606096,0.49836779107725787
462,37039,2328,124,376,880,2204,2328,1.0,0.05326460481099656,0.9467353951890034,1072,0.16151202749140894,0.37800687285223367,0.46048109965635736
463,37039,1486,12,194,684,1474,1486,1.0,0.008075370121130552,0.9919246298788694,608,0.13055181695827725,0.46029609690444145,0.40915208613728127
464,37039,518,4,44,250,514,518,1.0,0.007722007722007722,0.9922779922779923,224,0.08494208494208494,0.4826254826254826,0.43243243243243246
465,37039,648,3,172,411,645,648,1.0,0.004629629629629629,0.9953703703703703,65,0.2654320987654321,0.6342592592592593,0.10030864197530864
466,37041,1053,204,166,521,849,1053,1.0,0.19373219373219372,0.8062678062678063,366,0.157644824311491,0.49477682811016144,0.3475783475783476
467,37041,994,433,289,320,561,994,1.0,0.43561368209255535,0.5643863179074446,385,0.29074446680080485,0.32193158953722334,0.3873239436619718
468,37041,3437,1330,1026,1151,2107,3437,1.0,0.3869653767820774,0.6130346232179226,1260,0.29851614780331687,0.3348850741926098,0.3665987780040733
469,37041,1674,401,422,650,1273,1674,1.0,0.23954599761051373,0.7604540023894862,602,0.2520908004778972,0.38829151732377537,0.35961768219832735
470,37041,1841,78,185,904,1763,1841,1.0,0.042368278109722976,0.957631721890277,752,0.10048886474741989,0.49103747963063554,0.4084736556219446
471,37041,2477,1294,842,481,1183,2477,1.0,0.5224061364553896,0.4775938635446104,1154,0.33992733144933385,0.19418651594670974,0.4658861526039564
472,37043,861,3,161,426,858,861,1.0,0.003484320557491289,0.9965156794425087,274,0.18699186991869918,0.49477351916376305,0.31823461091753774
473,37043,759,4,132,346,755,759,1.0,0.005270092226613966,0.994729907773386,281,0.17391304347826086,0.45586297760210803,0.3702239789196311
474,37043,1476,7,278,634,1469,1476,1.0,0.0047425474254742545,0.9952574525745257,564,0.18834688346883469,0.42953929539295393,0.3821138211382114
475,37043,1314,8,240,672,1306,1314,1.0,0.0060882800608828,0.9939117199391172,402,0.182648401826484,0.5114155251141552,0.3059360730593607
476,37043,1236,4,146,646,1232,1236,1.0,0.003236245954692557,0.9967637540453075,444,0.11812297734627832,0.5226537216828478,0.3592233009708738
477,37043,624,1,115,339,623,624,1.0,0.0016025641025641025,0.9983974358974359,170,0.1842948717948718,0.5432692307692307,0.2724358974358974
478,37043,688,2,119,348,686,688,1.0,0.0029069767441860465,0.997093023255814,221,0.17296511627906977,0.5058139534883721,0.32122093023255816
479,37043,1102,13,219,577,1089,1102,1.0,0.011796733212341199,0.9882032667876588,306,0.1987295825771325,0.5235934664246824,0.2776769509981851
480,37043,544,2,72,195,542,544,1.0,0.003676470588235294,0.9963235294117647,277,0.1323529411764706,0.3584558823529412,0.5091911764705882
481,37045,3749,783,712,1359,2966,3749,1.0,0.2088556948519605,0.7911443051480395,1678,0.18991731128300882,0.3624966657775407,0.44758602293945055
482,37045,1437,3,94,813,1434,1437,1.0,0.0020876826722338203,0.9979123173277662,530,0.06541405706332637,0.5657620041753654,0.36882393876130826
483,37045,1969,611,568,595,1358,1969,1.0,0.31030980192991364,0.6896901980700864,806,0.2884713052310818,0.3021838496698832,0.40934484509903507
484,37045,2725,839,817,875,1886,2725,1.0,0.30788990825688073,0.6921100917431192,1033,0.2998165137614679,0.3211009174311927,0.3790825688073394
485,37045,2707,121,278,1223,2586,2707,1.0,0.04469892870336165,0.9553010712966383,1206,0.10269671222755818,0.45179165127447357,0.4455116364979682
486,37045,2909,417,697,1147,2492,2909,1.0,0.143348229632176,0.856651770367824,1065,0.23960123753867307,0.39429357167411483,0.3661051907872121
487,37045,5028,580,714,1936,4448,5028,1.0,0.11535401750198886,0.8846459824980112,2378,0.14200477326968974,0.3850437549721559,0.47295147175815433
488,37045,2464,55,226,1043,2409,2464,1.0,0.022321428571428572,0.9776785714285714,1195,0.09172077922077922,0.42329545454545453,0.4849837662337662
489,37045,3395,267,365,1393,3128,3395,1.0,0.07864506627393225,0.9213549337260677,1637,0.10751104565537556,0.41030927835051545,0.482179675994109
490,37045,3752,502,509,1510,3250,3752,1.0,0.1337953091684435,0.8662046908315565,1733,0.13566098081023453,0.40245202558635396,0.4618869936034115
491,37045,2511,676,766,738,1835,2511,1.0,0.26921545201115094,0.7307845479888491,1007,0.305057745917961,0.2939068100358423,0.40103544404619673
492,37045,2967,765,852,918,2202,2967,1.0,0.25783619817997977,0.7421638018200202,1197,0.2871587462082912,0.30940343781597573,0.4034378159757331
493,37045,3536,1116,938,1009,2420,3536,1.0,0.3156108597285068,0.6843891402714932,1589,0.2652714932126697,0.28535067873303166,0.44937782805429866
494,37045,1735,419,336,564,1316,1735,1.0,0.2414985590778098,0.7585014409221902,835,0.1936599423631124,0.32507204610951007,0.4812680115273775
495,37045,2587,557,522,879,2030,2587,1.0,0.21530730575956705,0.784692694240433,1186,0.2017781213761113,0.33977580208735986,0.4584460765365288
496,37045,1847,63,177,867,1784,1847,1.0,0.03410936654033568,0.9658906334596643,803,0.09583107742284785,0.46940985381700057,0.4347590687601516
497,37045,924,485,429,212,439,924,1.0,0.5248917748917749,0.4751082251082251,283,0.4642857142857143,0.22943722943722944,0.30627705627705626
498,37045,2483,1050,819,789,1433,2483,1.0,0.42287555376560615,0.5771244462343939,875,0.3298429319371728,0.31776077325815544,0.3523962948046718
499,37045,2211,1049,606,544,1162,2211,1.0,0.47444595205789236,0.5255540479421077,1061,0.27408412483039346,0.2460425146992311,0.4798733604703754
500,37045,3861,212,457,1699,3649,3861,1.0,0.05490805490805491,0.945091945091945,1705,0.11836311836311836,0.44004144004144,0.4415954415954416
501,37045,4375,841,754,1566,3534,4375,1.0,0.19222857142857142,0.8077714285714286,2055,0.17234285714285713,0.3579428571428571,0.4697142857142857
502,37045,3356,896,1120,1014,2460,3356,1.0,0.266984505363528,0.733015494636472,1222,0.33373063170441003,0.30214541120381405,0.3641239570917759
503,37045,1727,146,206,759,1581,1727,1.0,0.08453966415749856,0.9154603358425014,762,0.11928199189345687,0.4394904458598726,0.44122756224667053
504,37045,2965,469,515,1256,2496,2965,1.0,0.1581787521079258,0.8418212478920742,1194,0.1736930860033727,0.4236087689713322,0.4026981450252951
505,37045,822,43,121,329,779,822,1.0,0.052311435523114354,0.9476885644768857,372,0.14720194647201945,0.4002433090024331,0.45255474452554745
506,37045,2209,828,582,520,1381,2209,1.0,0.37483023992756903,0.625169760072431,1107,0.2634676324128565,0.23540063377093706,0.5011317338162065
507,37045,1957,191,254,937,1766,1957,1.0,0.0975983648441492,0.9024016351558508,766,0.12979049565661727,0.47879407256004086,0.39141543178334187
508,37045,2872,564,591,997,2308,2872,1.0,0.19637883008356546,0.8036211699164345,1284,0.2057799442896936,0.34714484679665736,0.44707520891364905
509,37047,1129,254,212,541,875,1129,1.0,0.224977856510186,0.775022143489814,376,0.18777679362267494,0.479185119574845,0.3330380868024801
510,37047,1367,659,436,274,708,1367,1.0,0.4820775420629115,0.5179224579370885,657,0.31894659839063644,0.20043891733723482,0.4806144842721288
511,37047,1677,234,296,571,1443,1677,1.0,0.13953488372093023,0.8604651162790697,810,0.1765056648777579,0.3404889683959451,0.48300536672629696
512,37047,2138,565,481,688,1573,2138,1.0,0.26426566884939195,0.735734331150608,969,0.22497661365762395,0.32179607109448083,0.4532273152478952
513,37047,1107,214,132,364,893,1107,1.0,0.1933152664859982,0.8066847335140018,611,0.11924119241192412,0.3288166214995483,0.5519421860885275
514,37047,521,14,20,206,507,521,1.0,0.026871401151631478,0.9731285988483686,295,0.03838771593090211,0.39539347408829173,0.5662188099808061
515,37047,2218,206,154,1035,2012,2218,1.0,0.09287646528403967,0.9071235347159603,1029,0.06943192064923355,0.4666366095581605,0.46393146979260597
516,37047,5287,2402,809,1028,2885,5287,1.0,0.4543219216947229,0.5456780783052771,3450,0.15301683374314357,0.19443919046718366,0.6525439757896728
517,37047,2972,1001,721,779,1971,2972,1.0,0.33681022880215344,0.6631897711978466,1472,0.24259757738896365,0.2621130551816958,0.4952893674293405
518,37047,1693,512,111,433,1181,1693,1.0,0.3024217365623154,0.6975782634376846,1149,0.06556408741878322,0.25575900767867693,0.6786769049025398
519,37047,824,46,69,302,778,824,1.0,0.055825242718446605,0.9441747572815534,453,0.08373786407766991,0.36650485436893204,0.5497572815533981
520,37047,500,41,54,217,459,500,1.0,0.082,0.918,229,0.108,0.434,0.458
521,37047,985,15,67,438,970,985,1.0,0.015228426395939087,0.9847715736040609,480,0.06802030456852792,0.4446700507614213,0.4873096446700508
522,37047,517,204,82,135,313,517,1.0,0.3945841392649903,0.6054158607350096,300,0.15860735009671179,0.2611218568665377,0.5802707930367504
523,37047,793,112,80,240,681,793,1.0,0.14123581336696092,0.8587641866330391,473,0.1008827238335435,0.3026481715006305,0.5964691046658259
524,37047,2533,922,581,667,1611,2533,1.0,0.363995262534544,0.6360047374654559,1285,0.22937228582708252,0.2633241215949467,0.5073035925779708
525,37047,1403,579,341,330,824,1403,1.0,0.4126870990734141,0.5873129009265858,732,0.24305060584461868,0.23521026372059872,0.5217391304347826
526,37047,1218,595,332,186,623,1218,1.0,0.4885057471264368,0.5114942528735632,700,0.27257799671592775,0.15270935960591134,0.5747126436781609
527,37047,2534,538,432,904,1996,2534,1.0,0.2123125493291239,0.7876874506708761,1198,0.17048145224940806,0.35674822415153906,0.47277032359905286
528,37047,3648,1445,1008,964,2203,3648,1.0,0.39610745614035087,0.6038925438596491,1676,0.27631578947368424,0.2642543859649123,0.4594298245614035
529,37047,636,192,132,207,444,636,1.0,0.3018867924528302,0.6981132075471698,297,0.20754716981132076,0.32547169811320753,0.4669811320754717
530,37047,2216,775,628,823,1441,2216,1.0,0.3497292418772563,0.6502707581227437,765,0.2833935018050541,0.3713898916967509,0.34521660649819497
531,37047,3605,1220,1025,1172,2385,3605,1.0,0.33841886269070737,0.6615811373092927,1408,0.2843273231622746,0.32510402219140083,0.39056865464632456
532,37047,1569,68,135,748,1501,1569,1.0,0.043339706819630335,0.9566602931803697,686,0.08604206500956023,0.4767367750159337,0.43722115997450606
533,37047,1204,492,466,263,712,1204,1.0,0.40863787375415284,0.5913621262458472,475,0.38704318936877075,0.21843853820598005,0.3945182724252492
534,37047,272,3,37,121,269,272,1.0,0.011029411764705883,0.9889705882352942,114,0.13602941176470587,0.44485294117647056,0.41911764705882354
535,37049,559,20,34,319,539,559,1.0,0.03577817531305903,0.964221824686941,206,0.06082289803220036,0.5706618962432916,0.3685152057245081
536,37049,2240,195,506,1403,2045,2240,1.0,0.08705357142857142,0.9129464285714286,331,0.22589285714285715,0.6263392857142858,0.14776785714285715
537,37049,1130,313,189,407,817,1130,1.0,0.27699115044247785,0.7230088495575221,534,0.1672566371681416,0.3601769911504425,0.4725663716814159
538,37049,634,271,181,187,363,634,1.0,0.4274447949526814,0.5725552050473186,266,0.2854889589905363,0.2949526813880126,0.4195583596214511
539,37049,1060,273,195,374,787,1060,1.0,0.25754716981132075,0.7424528301886792,491,0.18396226415094338,0.35283018867924526,0.46320754716981133
540,37049,851,92,96,405,759,851,1.0,0.10810810810810811,0.8918918918918919,350,0.1128084606345476,0.47591069330199764,0.4112808460634548
541,37049,4655,1553,891,1345,3102,4655,1.0,0.33361976369495167,0.6663802363050484,2419,0.19140708915145005,0.2889366272824919,0.519656283566058
542,37049,5124,1551,1343,1099,3573,5124,1.0,0.30269320843091335,0.6973067915690867,2682,0.2620999219359875,0.21448087431693988,0.5234192037470726
543,37049,2527,773,672,999,1754,2527,1.0,0.30589631974673526,0.6941036802532647,856,0.2659279778393352,0.3953304313415117,0.33874159081915317
544,37049,2688,1717,1081,351,971,2688,1.0,0.6387648809523809,0.36123511904761907,1256,0.4021577380952381,0.13058035714285715,0.46726190476190477
545,37049,2699,208,564,1304,2491,2699,1.0,0.0770655798443868,0.9229344201556132,831,0.20896628380881807,0.48314190440904037,0.30789181178214153
546,37049,3148,110,707,1505,3038,3148,1.0,0.0349428208386277,0.9650571791613723,936,0.22458703939008895,0.4780813214739517,0.29733163913595934
547,37049,3299,54,636,2079,3245,3299,1.0,0.016368596544407397,0.9836314034555926,584,0.19278569263413156,0.6301909669596848,0.1770233404061837
548,37049,1395,493,481,420,902,1395,1.0,0.353405017921147,0.646594982078853,494,0.34480286738351257,0.3010752688172043,0.3541218637992832
549,37049,889,268,340,450,621,889,1.0,0.3014623172103487,0.6985376827896513,99,0.38245219347581555,0.5061867266591676,0.11136107986501688
550,37049,983,328,275,402,655,983,1.0,0.3336724313326551,0.6663275686673449,306,0.2797558494404883,0.40895218718209564,0.31129196337741605
551,37049,2648,1157,895,607,1491,2648,1.0,0.4369335347432024,0.5630664652567976,1146,0.33799093655589124,0.22922960725075528,0.43277945619335345
552,37049,4276,542,1090,2337,3734,4276,1.0,0.12675397567820393,0.8732460243217961,849,0.254911131898971,0.5465388213283442,0.19855004677268476
553,37049,2177,449,588,703,1728,2177,1.0,0.20624712907671108,0.793752870923289,886,0.27009646302250806,0.3229214515388149,0.4069820854386771
554,37049,2225,174,318,1192,2051,2225,1.0,0.07820224719101124,0.9217977528089888,715,0.14292134831460673,0.5357303370786517,0.32134831460674157
555,37049,2417,1092,821,374,1325,2417,1.0,0.45179975175837817,0.5482002482416218,1222,0.3396772858916012,0.15473727761688044,0.5055854364915184
556,37049,2897,1110,950,1056,1787,2897,1.0,0.3831549879185364,0.6168450120814636,891,0.3279254401104591,0.36451501553331034,0.30755954435623056
557,37049,10395,1198,896,1667,9197,10395,1.0,0.11524771524771525,0.8847522847522847,7832,0.0861952861952862,0.16036556036556038,0.7534391534391535
558,37049,3373,252,374,1386,3121,3373,1.0,0.07471093981618737,0.9252890601838126,1613,0.11088052179069079,0.41091016898903054,0.4782093092202787
559,37049,4787,694,1214,1846,4093,4787,1.0,0.1449759766033006,0.8550240233966994,1727,0.2536035095049091,0.38562774180071024,0.36076874869438064
560,37049,4175,445,744,1904,3730,4175,1.0,0.10658682634730539,0.8934131736526946,1527,0.17820359281437126,0.4560479041916168,0.36574850299401196
561,37049,6051,1314,874,1620,4737,6051,1.0,0.21715418939018344,0.7828458106098165,3557,0.14443893571310526,0.2677243430837878,0.5878367212031069
562,37051,4441,739,1044,2052,3702,4441,1.0,0.1664039630713803,0.8335960369286197,1345,0.2350821886962396,0.4620580950236433,0.3028597162801171
563,37051,7956,1391,1502,3495,6565,7956,1.0,0.17483660130718953,0.8251633986928104,2959,0.18878833584715937,0.43929110105580693,0.3719205630970337
564,37051,11325,2952,3228,3547,8373,11325,1.0,0.2606622516556291,0.7393377483443708,4550,0.28503311258278147,0.3132008830022075,0.40176600441501104
565,37051,1068,956,473,20,112,1068,1.0,0.8951310861423221,0.10486891385767791,575,0.44288389513108617,0.018726591760299626,0.5383895131086143
566,37051,2324,1766,1092,160,558,2324,1.0,0.7598967297762479,0.24010327022375216,1072,0.46987951807228917,0.06884681583476764,0.4612736660929432
567,37051,1286,236,373,358,1050,1286,1.0,0.18351477449455678,0.8164852255054432,555,0.2900466562986003,0.27838258164852253,0.43157076205287714
568,37051,1311,224,347,649,1087,1311,1.0,0.17086193745232647,0.8291380625476735,315,0.2646834477498093,0.4950419527078566,0.2402745995423341
569,37051,1280,109,272,461,1171,1280,1.0,0.08515625,0.91484375,547,0.2125,0.36015625,0.42734375
570,37051,1400,635,450,322,765,1400,1.0,0.45357142857142857,0.5464285714285714,628,0.32142857142857145,0.23,0.44857142857142857
571,37051,3094,520,727,1099,2574,3094,1.0,0.16806722689075632,0.8319327731092437,1268,0.23497091144149967,0.3552036199095023,0.40982546864899805
572,37051,1594,77,320,908,1517,1594,1.0,0.04830614805520703,0.951693851944793,366,0.20075282308657466,0.5696361355081556,0.22961104140526975
573,37051,1931,1795,1343,51,136,1931,1.0,0.9295701708959089,0.07042982910409114,537,0.6954945624029001,0.02641118591403418,0.2780942516830658
574,37051,2887,2284,1302,77,603,2887,1.0,0.7911326636647038,0.20886733633529617,1508,0.4509871839279529,0.026671285071007966,0.5223415310010392
575,37051,1516,321,329,385,1195,1516,1.0,0.2117414248021108,0.7882585751978892,802,0.2170184696569921,0.25395778364116095,0.5290237467018469
576,37051,13019,3683,3591,3039,9336,13019,1.0,0.2828942315077963,0.7171057684922038,6389,0.2758276365312236,0.2334280666717874,0.490744296796989
577,37051,6648,1917,1761,1449,4731,6648,1.0,0.28835740072202165,0.7116425992779783,3438,0.2648916967509025,0.21796028880866425,0.5171480144404332
578,37051,2410,598,638,555,1812,2410,1.0,0.24813278008298756,0.7518672199170124,1217,0.26473029045643154,0.23029045643153526,0.5049792531120332
579,37051,1762,308,352,761,1454,1762,1.0,0.17480136208853575,0.8251986379114642,649,0.19977298524404086,0.4318955732122588,0.36833144154370034
580,37051,2273,359,571,860,1914,2273,1.0,0.15794104707435108,0.8420589529256489,842,0.2512098548174219,0.3783545974483062,0.3704355477342719
581,37051,14830,7675,5735,2110,7155,14830,1.0,0.5175320296695887,0.48246797033041133,6985,0.3867161159811194,0.14227916385704653,0.47100472016183415
582,37051,3235,1245,879,421,1990,3235,1.0,0.3848531684698609,0.615146831530139,1935,0.2717156105100464,0.13013910355486863,0.598145285935085
583,37051,1993,482,487,338,1511,1993,1.0,0.2418464626191671,0.7581535373808329,1168,0.24435524335173106,0.16959357752132465,0.5860511791269443
584,37051,2900,1367,1297,341,1533,2900,1.0,0.4713793103448276,0.5286206896551724,1262,0.4472413793103448,0.11758620689655172,0.43517241379310345
585,37051,4229,2091,1896,585,2138,4229,1.0,0.49444313076377394,0.505556869236226,1748,0.4483329392291322,0.13833057460392528,0.4133364861669425
586,37051,1831,898,644,149,933,1831,1.0,0.4904423812124522,0.5095576187875478,1038,0.3517203713817586,0.08137629710540688,0.5669033315128346
587,37051,2762,1133,912,565,1629,2762,1.0,0.4102099927588704,0.5897900072411296,1285,0.33019551049963797,0.2045619116582187,0.4652425778421434
588,37051,1817,896,450,240,921,1817,1.0,0.49312052834342324,0.5068794716565768,1127,0.2476609796367639,0.13208585580627408,0.620253164556962
589,37051,2563,745,651,492,1818,2563,1.0,0.2906749902458057,0.7093250097541943,1420,0.2539992196644557,0.19196254389387438,0.5540382364416699
590,37051,2735,496,436,1245,2239,2735,1.0,0.1813528336380256,0.8186471663619744,1054,0.15941499085923216,0.45521023765996343,0.3853747714808044
591,37051,4174,2049,1444,604,2125,4174,1.0,0.49089602299952084,0.5091039770004792,2126,0.34595112601820793,0.14470531863919503,0.509343555342597
592,37051,3326,729,687,1097,2597,3326,1.0,0.21918220084185208,0.780817799158148,1542,0.20655441972339147,0.3298256163559832,0.4636199639206254
593,37051,6581,2296,1960,2072,4285,6581,1.0,0.3488831484576812,0.6511168515423188,2549,0.29782707795167906,0.3148457681203464,0.38732715392797445
594,37051,2434,535,672,996,1899,2434,1.0,0.2198027937551356,0.7801972062448644,766,0.27608874281018897,0.40920295809367296,0.31470829909613807
595,37051,3545,1236,1096,596,2309,3545,1.0,0.34866008462623416,0.6513399153737659,1853,0.3091678420310296,0.16812411847672779,0.5227080394922426
596,37051,10755,3597,3016,2084,7158,10755,1.0,0.33444909344490936,0.6655509065550906,5655,0.2804277080427708,0.19377033937703395,0.5258019525801952
597,37051,5889,2385,1572,501,3504,5889,1.0,0.40499235863474276,0.5950076413652573,3816,0.2669383596535914,0.08507386653082018,0.6479877738155884
598,37051,3514,656,728,1413,2858,3514,1.0,0.186681844052362,0.813318155947638,1373,0.20717131474103587,0.4021058622652248,0.39072282299373934
599,37051,21761,5261,2822,1477,16500,21761,1.0,0.24176278663664352,0.7582372133633565,17462,0.1296815403703874,0.06787371903864713,0.8024447405909655
600,37051,4571,1855,1475,523,2716,4571,1.0,0.4058192955589586,0.5941807044410413,2573,0.32268650185954934,0.11441697659155546,0.5628965215488952
601,37051,2874,2190,1454,201,684,2874,1.0,0.7620041753653445,0.23799582463465555,1219,0.5059151009046625,0.06993736951983298,0.4241475295755045
602,37051,2622,1851,1267,165,771,2622,1.0,0.7059496567505721,0.2940503432494279,1190,0.4832189168573608,0.06292906178489703,0.45385202135774216
603,37051,6234,3036,2813,960,3198,6234,1.0,0.4870067372473532,0.5129932627526468,2461,0.4512351620147578,0.15399422521655437,0.39477061276868786
604,37051,25793,10419,9296,5340,15374,25793,1.0,0.4039468072732912,0.5960531927267088,11157,0.3604078625983794,0.20703291590741674,0.43255922149420384
605,37051,2706,854,663,480,1852,2706,1.0,0.3155949741315595,0.6844050258684405,1563,0.24501108647450112,0.17738359201773837,0.5776053215077606
606,37051,1990,594,575,806,1396,1990,1.0,0.2984924623115578,0.7015075376884422,609,0.2889447236180904,0.4050251256281407,0.3060301507537688
607,37051,2815,559,653,1315,2256,2815,1.0,0.1985790408525755,0.8014209591474245,847,0.23197158081705152,0.46714031971580816,0.30088809946714035
608,37051,10011,1963,2956,3964,8048,10011,1.0,0.1960843072620118,0.8039156927379882,3091,0.29527519728298873,0.3959644391169713,0.30876036360003994
609,37051,3875,1738,1482,574,2137,3875,1.0,0.44851612903225807,0.551483870967742,1819,0.3824516129032258,0.1481290322580645,0.46941935483870967
610,37053,372,0,36,160,372,372,1.0,0.0,1.0,176,0.0967741935483871,0.43010752688172044,0.4731182795698925
611,37053,1730,134,348,718,1596,1730,1.0,0.07745664739884393,0.922543352601156,664,0.20115606936416186,0.41502890173410406,0.3838150289017341
612,37053,434,10,178,255,424,434,1.0069767441860464,0.02304147465437788,0.9769585253456221,1,0.41013824884792627,0.5875576036866359,0.002304147465437788
613,37053,245,0,40,161,245,245,1.0,0.0,1.0,44,0.16326530612244897,0.6571428571428571,0.17959183673469387
614,37053,977,136,123,285,841,977,1.0,0.13920163766632548,0.8607983623336745,569,0.12589559877175024,0.2917093142272262,0.5823950870010235
615,37053,1217,3,126,520,1214,1217,1.0,0.0024650780608052587,0.9975349219391948,571,0.10353327855382087,0.4272801972062449,0.4691865242399343
616,37053,3424,107,517,1934,3317,3424,1.0,0.03125,0.96875,973,0.1509929906542056,0.5648364485981309,0.28417056074766356
617,37053,3800,175,641,1592,3625,3800,1.0,0.046052631578947366,0.9539473684210527,1567,0.1686842105263158,0.4189473684210526,0.4123684210526316
618,37053,129,0,48,81,129,129,1.5176470588235293,0.0,1.0,0,0.37209302325581395,0.627906976744186,0.0
619,37053,1061,126,208,594,935,1061,1.0,0.11875589066918002,0.88124410933082,259,0.19604147031102734,0.5598491988689915,0.24410933081998115
620,37053,4615,356,734,2621,4259,4615,1.0,0.0771397616468039,0.9228602383531961,1260,0.1590465872156013,0.5679306608884074,0.27302275189599134
621,37055,2660,26,698,1231,2634,2660,1.0,0.009774436090225564,0.9902255639097745,731,0.262406015037594,0.46278195488721807,0.27481203007518795
622,37055,371,0,172,198,371,371,1.1246200607902737,0.0,1.0,1,0.4636118598382749,0.5336927223719676,0.0026954177897574125
623,37055,5320,56,1359,1965,5264,5320,1.0,0.010526315789473684,0.9894736842105263,1996,0.2554511278195489,0.3693609022556391,0.375187969924812
624,37055,125,1,18,47,124,125,1.0,0.008,0.992,60,0.144,0.376,0.48
625,37055,180,0,21,85,180,180,1.0,0.0,1.0,74,0.11666666666666667,0.4722222222222222,0.4111111111111111
626,37055,518,5,178,205,513,518,1.0,0.009652509652509652,0.9903474903474904,135,0.3436293436293436,0.39575289575289574,0.2606177606177606
627,37055,675,4,100,244,671,675,1.0,0.005925925925925926,0.9940740740740741,331,0.14814814814814814,0.36148148148148146,0.49037037037037035
628,37055,2708,8,970,1439,2700,2708,1.0,0.0029542097488921715,0.9970457902511078,299,0.3581979320531758,0.5313884785819794,0.11041358936484491
629,37055,3247,18,845,1354,3229,3247,1.0,0.00554357868801971,0.9944564213119803,1048,0.26024022174314754,0.41700030797659376,0.3227594702802587
630,37055,4748,445,1315,1822,4303,4748,1.0,0.09372367312552654,0.9062763268744735,1611,0.2769587194608256,0.38374052232518957,0.3393007582139848
631,37055,2320,35,738,948,2285,2320,1.0,0.015086206896551725,0.9849137931034483,634,0.31810344827586207,0.4086206896551724,0.27327586206896554
632,37055,672,1,165,289,671,672,1.0,0.001488095238095238,0.9985119047619048,218,0.24553571428571427,0.43005952380952384,0.3244047619047619
633,37055,424,1,111,223,423,424,1.0,0.0023584905660377358,0.9976415094339622,90,0.2617924528301887,0.5259433962264151,0.21226415094339623
634,37055,742,0,166,340,742,742,1.0,0.0,1.0,236,0.22371967654986524,0.4582210242587601,0.31805929919137466
635,37055,1187,7,212,456,1180,1187,1.0,0.005897219882055603,0.9941027801179444,519,0.17860151642796968,0.38416175231676497,0.43723673125526535
636,37055,1273,3,158,544,1270,1273,1.0,0.002356637863315004,0.997643362136685,571,0.12411626080125687,0.42733699921445406,0.44854673998428907
637,37057,6131,592,1206,2875,5539,6131,1.0,0.09655847333224596,0.903441526667754,2050,0.19670526830859567,0.4689283966726472,0.3343663350187571
638,37057,3872,40,332,1990,3832,3872,1.0,0.010330578512396695,0.9896694214876033,1550,0.08574380165289257,0.5139462809917356,0.4003099173553719
639,37057,2932,167,387,1218,2765,2932,1.0,0.05695770804911323,0.9430422919508867,1327,0.13199181446111868,0.4154160982264666,0.45259208731241474
640,37057,2925,71,303,1401,2854,2925,1.0,0.024273504273504273,0.9757264957264957,1221,0.10358974358974359,0.47897435897435897,0.41743589743589743
641,37057,5202,664,926,1819,4538,5202,1.0,0.12764321414840446,0.8723567858515956,2457,0.1780084582852749,0.34967320261437906,0.47231833910034604
642,37057,4671,46,521,2371,4625,4671,1.0,0.009847998287304646,0.9901520017126954,1779,0.11153928494968958,0.5076000856347677,0.3808606294155427
643,37057,2564,510,605,727,2054,2564,1.0,0.19890795631825273,0.8010920436817472,1232,0.2359594383775351,0.2835413416536661,0.48049921996879874
644,37057,2833,154,424,1210,2679,2833,1.0,0.05435933639251676,0.9456406636074832,1199,0.14966466643134485,0.4271090716554889,0.42322626191316626
645,37057,2539,90,285,1309,2449,2539,1.0,0.035447026388341865,0.9645529736116581,945,0.11224891689641592,0.5155573060259945,0.3721937770775896
646,37057,3375,49,325,1870,3326,3375,1.0,0.01451851851851852,0.9854814814814815,1180,0.0962962962962963,0.554074074074074,0.3496296296296296
647,37057,4234,32,540,2832,4202,4234,1.0,0.007557864903164856,0.9924421350968351,862,0.12753897024090693,0.6688710439300898,0.2035899858290033
648,37057,3030,545,545,769,2485,3030,1.0,0.17986798679867988,0.8201320132013201,1716,0.17986798679867988,0.2537953795379538,0.5663366336633663
649,37057,2661,46,309,1577,2615,2661,1.0,0.01728673431040962,0.9827132656895904,775,0.1161217587373168,0.5926343479894777,0.29124389327320555
650,37057,1411,56,116,467,1355,1411,1.0,0.039688164422395464,0.9603118355776046,828,0.08221119773210489,0.330970942593905,0.58681785967399
651,37057,4456,72,425,2150,4384,4456,1.0,0.01615798922800718,0.9838420107719928,1881,0.09537701974865351,0.48249551166965887,0.4221274685816876
652,37057,1777,368,436,322,1409,1777,1.0,0.20709060213843555,0.7929093978615644,1019,0.2453573438379291,0.1812042768711311,0.5734383792909398
653,37057,3591,53,317,1806,3538,3591,1.0,0.014759120022277916,0.985240879977722,1468,0.08827624617098301,0.5029239766081871,0.40879977722082983
654,37057,920,49,183,506,871,920,1.0,0.05326086956521739,0.9467391304347826,231,0.19891304347826086,0.55,0.2510869565217391
655,37057,5138,250,875,3103,4888,5138,1.0,0.04865706500583885,0.9513429349941611,1160,0.17029972752043596,0.6039314908524718,0.22576878162709224
656,37057,3023,52,321,1461,2971,3023,1.0,0.017201455507773734,0.9827985444922263,1241,0.10618590803837248,0.4832947403241813,0.41051935163744624
657,37057,1688,64,192,674,1624,1688,1.0,0.037914691943127965,0.9620853080568721,822,0.11374407582938388,0.39928909952606634,0.48696682464454977
658,37057,2642,1363,916,222,1279,2642,1.0,0.5158970476911431,0.4841029523088569,1504,0.34670704012112036,0.08402725208175625,0.5692657077971234
659,37057,2581,340,416,593,2241,2581,1.0,0.13173188686555598,0.868268113134444,1572,0.1611778380472685,0.22975590856257264,0.6090662533901589
660,37057,1097,1,95,425,1096,1097,1.0,0.0009115770282588879,0.9990884229717412,577,0.08659981768459435,0.38742023701002737,0.5259799453053783
661,37057,2274,4,122,1065,2270,2274,1.0,0.001759014951627089,0.9982409850483729,1087,0.05364995602462621,0.4683377308707124,0.4780123131046614
662,37057,2801,112,354,1396,2689,2801,1.0,0.039985719385933594,0.9600142806140664,1051,0.12638343448768297,0.49839343091752947,0.37522313459478757
663,37057,3577,152,416,1587,3425,3577,1.0,0.0424937098126922,0.9575062901873078,1574,0.11629857422421024,0.4436678781101482,0.4400335476656416
664,37057,1279,57,186,549,1222,1279,1.0,0.044566067240031274,0.9554339327599687,544,0.145426114151681,0.4292415949960907,0.4253322908522283
665,37057,2358,342,520,525,2016,2358,1.0,0.1450381679389313,0.8549618320610687,1313,0.2205258693808312,0.22264631043256997,0.5568278201865988
666,37057,3011,18,142,1387,2993,3011,1.0,0.005978080371969445,0.9940219196280305,1482,0.04716041182331451,0.46064430421786784,0.4921952839588177
667,37057,3065,23,279,1537,3042,3065,1.0,0.007504078303425775,0.9924959216965742,1249,0.09102773246329526,0.501468189233279,0.4075040783034258
668,37057,2108,7,221,1106,2101,2108,1.0,0.003320683111954459,0.9966793168880456,781,0.10483870967741936,0.5246679316888045,0.3704933586337761
669,37057,4601,188,773,2605,4413,4601,1.0,0.04086068246033471,0.9591393175396653,1223,0.1680069550097805,0.5661812649424038,0.2658117800478157
670,37057,3794,103,373,1733,3691,3794,1.0,0.027148128624143383,0.9728518713758566,1688,0.09831312598840274,0.45677385345282023,0.444913020558777
671,37057,3538,62,295,1434,3476,3538,1.0,0.017524024872809497,0.9824759751271905,1809,0.08338044092707744,0.4053137365743358,0.5113058224985868
672,37057,4007,465,695,2121,3542,4007,1.0,0.11604691789368606,0.883953082106314,1191,0.17344646867981034,0.5293236835537809,0.29722984776640876
673,37057,2307,881,602,259,1426,2307,1.0,0.3818812310359775,0.6181187689640225,1446,0.2609449501517122,0.11226701343736455,0.6267880364109233
674,37057,1955,404,346,311,1551,1955,1.0,0.20664961636828644,0.7933503836317135,1298,0.17698209718670077,0.15907928388746803,0.6639386189258312
675,37057,1404,1,97,739,1403,1404,1.0,0.0007122507122507123,0.9992877492877493,568,0.06908831908831908,0.5263532763532763,0.4045584045584046
676,37057,2227,1114,699,229,1113,2227,1.0,0.5002245172878311,0.4997754827121688,1299,0.31387516838796586,0.10282891782667265,0.5832959137853615
677,37057,2150,922,494,133,1228,2150,1.0,0.4288372093023256,0.5711627906976744,1523,0.2297674418604651,0.06186046511627907,0.7083720930232558
678,37057,2257,5,139,1122,2252,2257,1.0,0.002215330084182543,0.9977846699158175,996,0.061586176340274704,0.4971200708905627,0.4412937527691626
679,37059,1107,142,189,570,965,1107,1.0,0.12827461607949414,0.8717253839205059,348,0.17073170731707318,0.5149051490514905,0.3143631436314363
680,37059,1335,67,154,585,1268,1335,1.0,0.050187265917602995,0.949812734082397,596,0.11535580524344569,0.43820224719101125,0.44644194756554306
681,37059,2859,105,284,1501,2754,2859,1.0,0.03672612801678909,0.9632738719832109,1074,0.09933543196922001,0.5250087443161945,0.3756558237145855
682,37059,2520,233,298,800,2287,2520,1.0,0.09246031746031746,0.9075396825396825,1422,0.11825396825396825,0.31746031746031744,0.5642857142857143
683,37059,2562,105,355,1419,2457,2562,1.0,0.040983606557377046,0.9590163934426229,788,0.13856362217017953,0.5538641686182669,0.3075722092115535
684,37059,1783,95,261,877,1688,1783,1.0,0.0532809871003926,0.9467190128996074,645,0.14638250140213124,0.4918676388109927,0.36174985978687607
685,37059,2020,176,283,888,1844,2020,1.0,0.08712871287128712,0.9128712871287129,849,0.1400990099009901,0.4396039603960396,0.4202970297029703
686,37059,2321,411,586,755,1910,2321,1.0,0.17707884532529083,0.8229211546747092,980,0.25247738043946577,0.3252908229211547,0.4222317966393796
687,37059,2633,287,458,1010,2346,2633,1.0,0.10900113938473224,0.8909988606152678,1165,0.17394606912267377,0.3835928598556779,0.44246107102164833
688,37059,2179,39,442,1328,2140,2179,1.0,0.017898118402937126,0.9821018815970629,409,0.2028453418999541,0.609453877925654,0.18770078017439193
689,37059,1787,29,182,1030,1758,1787,1.0,0.016228315612758813,0.9837716843872412,575,0.10184667039731393,0.5763850027979854,0.32176832680470063
690,37059,3458,129,611,2009,3329,3458,1.0,0.0373048004626952,0.9626951995373048,838,0.17669172932330826,0.5809716599190283,0.24233661075766338
691,37059,2837,79,646,1666,2758,2837,1.0,0.02784631653154741,0.9721536834684525,525,0.22770532252379275,0.5872400422982024,0.18505463517800494
692,37059,2088,100,368,1130,1988,2088,1.0,0.04789272030651341,0.9521072796934866,590,0.17624521072796934,0.5411877394636015,0.2825670498084291
693,37061,3596,363,382,1560,3233,3596,1.0,0.10094549499443826,0.8990545050055617,1654,0.10622914349276974,0.43381535038932145,0.4599555061179088
694,37061,1658,422,295,526,1236,1658,1.0,0.2545235223160434,0.7454764776839565,837,0.1779252110977081,0.3172496984318456,0.5048250904704463
695,37061,1701,828,552,357,873,1701,1.0,0.48677248677248675,0.5132275132275133,792,0.32451499118165783,0.20987654320987653,0.4656084656084656
696,37061,912,28,59,412,884,912,1.0,0.03070175438596491,0.9692982456140351,441,0.06469298245614036,0.4517543859649123,0.48355263157894735
697,37061,4303,1723,1016,930,2580,4303,1.0,0.40041831280501977,0.5995816871949803,2357,0.23611433883337207,0.2161282825935394,0.5477573785730886
698,37061,1214,424,292,365,790,1214,1.0,0.34925864909390447,0.6507413509060955,557,0.24052718286655683,0.30065897858319607,0.4588138385502471
699,37061,1544,161,144,731,1383,1544,1.0,0.10427461139896373,0.8957253886010362,669,0.09326424870466321,0.4734455958549223,0.4332901554404145
700,37061,2298,701,437,464,1597,2298,1.0,0.3050478677110531,0.6949521322889469,1397,0.19016536118363794,0.20191470844212359,0.6079199303742384
701,37061,4543,2183,1307,708,2360,4543,1.0,0.4805194805194805,0.5194805194805194,2528,0.2876953554919657,0.15584415584415584,0.5564604886638785
702,37061,5837,1770,1422,1534,4067,5837,1.0,0.3032379647078979,0.6967620352921021,2881,0.24361829707041288,0.26280623608017817,0.49357546684940895
703,37061,1093,191,156,445,902,1093,1.0,0.1747483989021043,0.8252516010978957,492,0.14272644098810613,0.4071363220494053,0.4501372369624886
704,37061,2179,702,516,378,1477,2179,1.0,0.3221661312528683,0.6778338687471317,1285,0.23680587425424507,0.1734740706746214,0.5897200550711336
705,37061,2570,137,174,646,2433,2570,1.0,0.05330739299610895,0.946692607003891,1750,0.06770428015564202,0.25136186770428015,0.6809338521400778
706,37061,651,80,64,219,571,651,1.0,0.1228878648233487,0.8771121351766513,368,0.09831029185867896,0.33640552995391704,0.565284178187404
707,37061,1236,222,147,418,1014,1236,1.0,0.1796116504854369,0.8203883495145631,671,0.11893203883495146,0.33818770226537215,0.5428802588996764
708,37061,2546,839,569,562,1707,2546,1.0,0.32953652788688137,0.6704634721131186,1415,0.2234878240377062,0.22073841319717202,0.5557737627651218
709,37061,1538,227,160,622,1311,1538,1.0,0.14759427828348504,0.852405721716515,756,0.10403120936280884,0.4044213263979194,0.49154746423927176
710,37061,1258,68,94,374,1190,1258,1.0,0.05405405405405406,0.9459459459459459,790,0.07472178060413355,0.2972972972972973,0.6279809220985691
711,37061,2958,171,227,751,2787,2958,1.0,0.057809330628803245,0.9421906693711968,1980,0.07674104124408385,0.25388776200135227,0.6693711967545639
712,37063,6814,2538,3864,1265,4276,6814,1.0,0.3724684473143528,0.6275315526856472,1685,0.5670678015849722,0.1856471969474611,0.24728500146756677
713,37063,1952,1623,1293,62,329,1952,1.0,0.8314549180327869,0.16854508196721313,597,0.6623975409836066,0.031762295081967214,0.30584016393442626
714,37063,7323,1976,4989,1670,5347,7323,1.0,0.26983476717192406,0.7301652328280759,664,0.6812781646866038,0.22804861395602896,0.0906732213573672
715,37063,3559,1787,1371,79,1772,3559,1.0,0.5021073335206518,0.49789266647934816,2109,0.38522056757516154,0.022197246417533015,0.5925821860073054
716,37063,4069,2654,2140,227,1415,4069,1.0,0.652248709756697,0.34775129024330304,1702,0.5259277463750307,0.05578766281641681,0.41828459080855246
717,37063,1841,529,1160,317,1312,1841,1.0,0.287343834872352,0.7126561651276481,364,0.6300923411189571,0.17218902770233568,0.19771863117870722
718,37063,4258,967,2086,271,3291,4258,1.0,0.22710192578675434,0.7728980742132456,1901,0.48990136214185065,0.06364490371066228,0.44645373414748707
719,37063,1460,215,422,694,1245,1460,1.0,0.14726027397260275,0.8527397260273972,344,0.28904109589041094,0.47534246575342465,0.2356164383561644
720,37063,8984,2107,3098,543,6877,8984,1.0,0.2345280498664292,0.7654719501335708,5343,0.34483526268922526,0.060440783615316115,0.5947239536954586
721,37063,4587,1616,2040,1037,2971,4587,1.0,0.3522999781992588,0.6477000218007413,1510,0.4447351209941138,0.22607368650534118,0.329191192500545
722,37063,2860,265,1274,1585,2595,2860,1.1098602484472049,0.09265734265734266,0.9073426573426573,1,0.44545454545454544,0.5541958041958042,0.00034965034965034965
723,37063,6595,4023,4498,917,2572,6595,1.0,0.6100075815011372,0.3899924184988628,1180,0.6820318423047763,0.13904473085670963,0.17892342683851403
724,37063,2156,1180,1652,118,976,2156,1.0,0.5473098330241187,0.45269016697588127,386,0.7662337662337663,0.05473098330241188,0.1790352504638219
725,37063,2332,331,1581,169,2001,2332,1.0,0.14193825042881647,0.8580617495711835,582,0.6779588336192109,0.07246998284734134,0.24957118353344768
726,37063,3282,393,1147,1369,2889,3282,1.0,0.11974405850091407,0.8802559414990859,766,0.3494820231566118,0.41712370505789154,0.23339427178549665
727,37063,5158,1041,2391,1656,4117,5158,1.0,0.20182241178751453,0.7981775882124854,1111,0.4635517642497092,0.32105467235362545,0.21539356339666538
728,37063,7430,1777,3634,991,5653,7430,1.0,0.23916554508748317,0.7608344549125168,2805,0.48909825033647375,0.13337819650067295,0.3775235531628533
729,37063,5086,707,2395,1639,4379,5086,1.0,0.13900904443570586,0.8609909555642942,1052,0.47090051120723553,0.3222571765631144,0.20684231222965002
730,37063,3261,2233,1804,88,1028,3261,1.0,0.6847592762956148,0.31524072370438516,1369,0.5532045384851273,0.02698558724317694,0.4198098742716958
731,37063,5788,3675,3845,521,2113,5788,1.0,0.6349343469246718,0.3650656530753283,1422,0.6643054595715273,0.09001382170006911,0.24568071872840358
732,37063,5760,1073,2920,2190,4687,5760,1.0,0.18628472222222223,0.8137152777777777,650,0.5069444444444444,0.3802083333333333,0.11284722222222222
733,37063,3313,1823,1981,239,1490,3313,1.0,0.5502565650467854,0.4497434349532146,1093,0.5979474796257169,0.07214005433142168,0.32991246604286145
734,37063,2544,514,1405,133,2030,2544,1.0,0.20204402515723272,0.7979559748427673,1006,0.5522798742138365,0.05227987421383648,0.39544025157232704
735,37063,4923,1894,1896,485,3029,4923,1.0,0.3847247613243957,0.6152752386756043,2542,0.38513101767215113,0.09851716433069267,0.5163518179971562
736,37063,4037,1012,1969,940,3025,4037,1.0,0.2506811989100817,0.7493188010899182,1128,0.4877384196185286,0.2328461729006688,0.27941540748080257
737,37063,5830,418,3846,1309,5412,5830,1.0,0.07169811320754717,0.9283018867924528,675,0.6596912521440823,0.22452830188679246,0.11578044596912522
738,37063,2839,497,1827,959,2342,2839,1.0,0.1750616414230363,0.8249383585769637,53,0.6435364564987671,0.3377949982388165,0.018668545262416344
739,37063,3886,432,2331,845,3454,3886,1.0,0.11116829644879053,0.8888317035512094,710,0.5998455995882656,0.21744724652599073,0.18270715388574368
740,37063,5377,3739,3200,224,1638,5377,1.0,0.6953691649618746,0.3046308350381253,1953,0.5951273944578761,0.04165891761205133,0.3632136879300725
741,37063,1343,1190,769,26,153,1343,1.0,0.8860759493670886,0.11392405063291139,548,0.5725986597170514,0.0193596425912137,0.40804169769173493
742,37063,3912,811,2210,746,3101,3912,1.0,0.20731083844580778,0.7926891615541922,956,0.5649284253578732,0.19069529652351738,0.2443762781186094
743,37063,3928,1086,1856,309,2842,3928,1.0,0.27647657841140527,0.7235234215885947,1763,0.4725050916496945,0.07866598778004073,0.44882892057026474
744,37063,3380,477,1228,1531,2903,3380,1.0,0.1411242603550296,0.8588757396449704,621,0.3633136094674556,0.45295857988165683,0.18372781065088759
745,37063,8679,4902,5656,739,3777,8679,1.0,0.564811614241272,0.435188385758728,2284,0.6516879824864615,0.08514805853208895,0.26316395898144945
746,37063,2516,877,1830,317,1639,2516,1.0,0.3485691573926868,0.6514308426073132,369,0.7273449920508744,0.12599364069952304,0.14666136724960255
747,37063,2030,141,1678,238,1889,2030,1.0,0.06945812807881774,0.9305418719211823,114,0.8266009852216749,0.11724137931034483,0.0561576354679803
748,37063,1425,87,1129,202,1338,1425,1.0,0.061052631578947365,0.9389473684210526,94,0.7922807017543859,0.14175438596491227,0.06596491228070175
749,37063,1650,1361,852,35,289,1650,1.0,0.8248484848484848,0.17515151515151514,763,0.5163636363636364,0.021212121212121213,0.4624242424242424
750,37063,2054,506,1190,175,1548,2054,1.0,0.24634858812074,0.75365141187926,689,0.5793573515092503,0.08519961051606621,0.33544303797468356
751,37063,2493,562,1517,92,1931,2493,1.0,0.22543120738066585,0.7745687926193341,884,0.6085038106698757,0.036903329322101885,0.3545928600080225
752,37063,1808,553,831,89,1255,1808,1.0,0.30586283185840707,0.6941371681415929,888,0.4596238938053097,0.04922566371681416,0.4911504424778761
753,37063,1900,1155,837,84,745,1900,1.0,0.6078947368421053,0.39210526315789473,979,0.4405263157894737,0.04421052631578947,0.5152631578947369
754,37063,2483,1530,1324,117,953,2483,1.0,0.6161900926298832,0.3838099073701168,1042,0.5332259363672976,0.04712041884816754,0.4196536447845348
755,37063,4212,3869,3119,60,343,4212,1.0,0.9185660018993352,0.08143399810066476,1033,0.7405033238366572,0.014245014245014245,0.2452516619183286
756,37063,1331,1220,1054,22,111,1331,1.0,0.9166040570999249,0.08339594290007513,255,0.791885800150263,0.01652892561983471,0.19158527422990232
757,37063,1288,1134,918,18,154,1288,1.0,0.8804347826086957,0.11956521739130435,352,0.7127329192546584,0.013975155279503106,0.2732919254658385
758,37063,670,593,462,26,77,670,1.0,0.8850746268656716,0.11492537313432835,182,0.6895522388059702,0.03880597014925373,0.2716417910447761
759,37063,2303,643,1340,367,1660,2303,1.0,0.27920104211897523,0.7207989578810248,596,0.5818497611810681,0.1593573599652627,0.25879287885366914
760,37063,7495,2872,4333,917,4623,7495,1.0,0.38318879252835225,0.6168112074716477,2245,0.5781187458305537,0.12234823215476985,0.29953302201467646
761,37063,2016,649,1433,166,1367,2016,1.0,0.3219246031746032,0.6780753968253969,417,0.7108134920634921,0.08234126984126984,0.20684523809523808
762,37063,2948,241,1764,752,2707,2948,1.0,0.08175033921302578,0.9182496607869742,432,0.5983717774762551,0.25508819538670285,0.14654002713704206
763,37063,4702,793,3472,883,3909,4702,1.0,0.16865163760102084,0.8313483623989791,347,0.7384091875797533,0.18779242875372182,0.07379838366652489
764,37063,4070,1397,2228,943,2673,4070,1.0,0.34324324324324323,0.6567567567567567,899,0.5474201474201474,0.23169533169533169,0.22088452088452087
765,37063,6122,2281,4407,1613,3841,6122,1.0,0.3725906566481542,0.6274093433518458,102,0.7198627899379287,0.26347598823913754,0.016661221822933683
766,37063,3488,708,1829,605,2780,3488,1.0,0.2029816513761468,0.7970183486238532,1054,0.5243692660550459,0.17345183486238533,0.3021788990825688
767,37065,2753,1728,911,306,1025,2753,1.0,0.6276788957500908,0.37232110424990916,1536,0.3309117326552851,0.11115147112241192,0.557936796222303
768,37065,2774,2346,1454,150,428,2774,1.0,0.8457101658255227,0.15428983417447728,1170,0.5241528478731075,0.05407354001441961,0.42177361211247294
769,37065,1207,775,537,170,432,1207,1.0,0.6420878210439105,0.35791217895608946,500,0.44490472245236123,0.14084507042253522,0.4142502071251036
770,37065,1750,1635,1189,75,115,1750,1.0,0.9342857142857143,0.06571428571428571,486,0.6794285714285714,0.04285714285714286,0.2777142857142857
771,37065,2238,917,790,678,1321,2238,1.0,0.4097408400357462,0.5902591599642538,770,0.3529937444146559,0.30294906166219837,0.34405719392314565
772,37065,2405,2191,1239,50,214,2405,1.0,0.911018711018711,0.08898128898128899,1116,0.5151767151767151,0.02079002079002079,0.46403326403326406
773,37065,932,326,213,167,606,932,1.0,0.3497854077253219,0.6502145922746781,552,0.22854077253218885,0.1791845493562232,0.592274678111588
774,37065,1857,557,370,588,1300,1857,1.0,0.2999461497038234,0.7000538502961766,899,0.1992460958535272,0.3166397415185784,0.4841141626278945
775,37065,2520,1136,787,725,1384,2520,1.0,0.4507936507936508,0.5492063492063493,1008,0.3123015873015873,0.2876984126984127,0.4
776,37065,1329,225,133,510,1104,1329,1.0,0.16930022573363432,0.8306997742663657,686,0.1000752445447705,0.3837471783295711,0.5161775771256584
777,37065,700,366,259,169,334,700,1.0,0.5228571428571429,0.47714285714285715,272,0.37,0.24142857142857144,0.38857142857142857
778,37065,573,241,163,121,332,573,1.0,0.4205933682373473,0.5794066317626527,289,0.2844677137870855,0.2111692844677138,0.5043630017452007
779,37065,3525,1506,1169,909,2019,3525,1.0,0.4272340425531915,0.5727659574468085,1447,0.33163120567375887,0.2578723404255319,0.4104964539007092
780,37065,1428,1375,778,23,53,1428,1.0,0.9628851540616247,0.03711484593837535,627,0.5448179271708683,0.01610644257703081,0.43907563025210083
781,37065,4130,3818,2640,131,312,4130,1.0,0.924455205811138,0.07554479418886198,1359,0.639225181598063,0.03171912832929782,0.32905569007263924
782,37065,1595,345,267,535,1250,1595,1.0,0.21630094043887146,0.7836990595611285,793,0.16739811912225705,0.335423197492163,0.4971786833855799
783,37065,1402,264,218,558,1138,1402,1.0,0.18830242510699002,0.81169757489301,626,0.15549215406562053,0.3980028530670471,0.44650499286733236
784,37065,1436,486,338,430,950,1436,1.0,0.3384401114206128,0.6615598885793872,668,0.23537604456824512,0.2994428969359331,0.46518105849582175
785,37065,3689,1666,1178,853,2023,3689,1.0,0.45161290322580644,0.5483870967741935,1658,0.31932773109243695,0.23122797506099213,0.44944429384657086
786,37065,2971,1126,789,823,1845,2971,1.0,0.37899697071693034,0.6210030292830697,1359,0.2655671491080444,0.27701110737125545,0.4574217435207001
787,37065,1459,655,425,382,804,1459,1.0,0.44893762851267993,0.5510623714873201,652,0.29129540781357094,0.26182316655243315,0.4468814256339959
788,37067,2721,90,610,1648,2631,2721,1.0,0.03307607497243661,0.9669239250275634,463,0.22418228592429254,0.605659683939728,0.1701580301359794
789,37067,2515,382,526,747,2133,2515,1.0,0.15188866799204773,0.8481113320079523,1242,0.2091451292246521,0.2970178926441352,0.49383697813121274
790,37067,2669,544,762,788,2125,2669,1.0,0.20382165605095542,0.7961783439490446,1119,0.2855001873360809,0.2952416635443986,0.4192581491195204
791,37067,1561,329,547,433,1232,1561,1.0,0.21076233183856502,0.7892376681614349,581,0.350416399743754,0.27738629083920563,0.3721973094170404
792,37067,2567,607,973,566,1960,2567,1.0,0.23646279703934553,0.7635372029606544,1028,0.3790416828983249,0.22049084534476043,0.40046747175691466
793,37067,1820,112,539,1183,1708,1820,1.0,0.06153846153846154,0.9384615384615385,98,0.29615384615384616,0.65,0.05384615384615385
794,37067,691,23,138,385,668,691,1.0,0.03328509406657019,0.9667149059334298,168,0.19971056439942114,0.557163531114327,0.24312590448625182
795,37067,4400,1303,1421,801,3097,4400,1.0,0.29613636363636364,0.7038636363636364,2178,0.32295454545454544,0.18204545454545454,0.495
796,37067,2920,292,937,1441,2628,2920,1.0,0.1,0.9,542,0.3208904109589041,0.4934931506849315,0.18561643835616437
797,37067,2928,2011,1336,282,917,2928,1.0,0.6868169398907104,0.3131830601092896,1310,0.4562841530054645,0.09631147540983606,0.4474043715846995
798,37067,1886,162,451,966,1724,1886,1.0,0.08589607635206786,0.9141039236479321,469,0.2391304347826087,0.5121951219512195,0.2486744432661718
799,37067,3161,299,1007,1244,2862,3161,1.0,0.09459031951913952,0.9054096804808605,910,0.31857007276178423,0.39354634609300854,0.28788358114520723
800,37067,1845,147,494,979,1698,1845,1.0,0.07967479674796749,0.9203252032520325,372,0.26775067750677506,0.5306233062330623,0.2016260162601626
801,37067,2279,1591,1345,126,688,2279,1.0,0.6981132075471698,0.3018867924528302,808,0.5901711276875823,0.055287406757349715,0.354541465555068
802,37067,1888,1283,870,52,605,1888,1.0,0.6795550847457628,0.3204449152542373,966,0.4608050847457627,0.02754237288135593,0.5116525423728814
803,37067,5895,457,1418,2544,5438,5895,1.0,0.07752332485156913,0.9224766751484309,1933,0.24054283290924514,0.4315521628498728,0.3279050042408821
804,37067,3261,306,1105,1741,2955,3261,1.0,0.09383624655013799,0.906163753449862,415,0.338853112542165,0.5338853112542165,0.12726157620361853
805,37067,2519,336,542,990,2183,2519,1.0,0.1333862643906312,0.8666137356093688,987,0.21516474791583962,0.3930131004366812,0.39182215164747913
806,37067,3959,1257,1411,874,2702,3959,1.0,0.3175044203081586,0.6824955796918414,1674,0.3564031321040667,0.22076281889366,0.4228340490022733
807,37067,2446,194,910,1256,2252,2446,1.0,0.07931316434995912,0.9206868356500408,280,0.3720359771054783,0.5134914145543745,0.11447260834014718
808,37067,1212,34,349,591,1178,1212,1.0,0.028052805280528052,0.971947194719472,272,0.28795379537953797,0.4876237623762376,0.22442244224422442
809,37067,3197,537,1297,1026,2660,3197,1.0,0.16796997184860807,0.8320300281513919,874,0.40569283703472003,0.32092586800125117,0.2733812949640288
810,37067,3413,194,927,1727,3219,3413,1.0,0.05684148842660416,0.9431585115733958,759,0.2716085555230003,0.5060064459419865,0.22238499853501317
811,37067,4468,1254,1763,1130,3214,4468,1.0,0.28066248880931066,0.7193375111906893,1575,0.39458370635631157,0.25290957923008056,0.35250671441360787
812,37067,3019,476,906,1062,2543,3019,1.0,0.1576681020205366,0.8423318979794634,1051,0.30009937065253395,0.3517721099701888,0.34812851937727723
813,37067,1877,147,665,796,1730,1877,1.0,0.07831646244006393,0.921683537559936,416,0.3542887586574321,0.42408098028769314,0.2216302610548748
814,37067,2313,80,886,1171,2233,2313,1.0,0.03458711629917856,0.9654128837008215,256,0.38305231301340253,0.5062689148292261,0.11067877215737137
815,37067,2046,126,296,991,1920,2046,1.0,0.06158357771260997,0.9384164222873901,759,0.14467253176930597,0.4843597262952102,0.3709677419354839
816,37067,1356,284,516,455,1072,1356,1.0,0.20943952802359883,0.7905604719764012,385,0.3805309734513274,0.3355457227138643,0.28392330383480824
817,37067,3050,1321,1187,381,1729,3050,1.0,0.43311475409836064,0.5668852459016394,1482,0.3891803278688525,0.12491803278688525,0.4859016393442623
818,37067,1535,132,321,517,1403,1535,1.0,0.08599348534201955,0.9140065146579804,697,0.20912052117263843,0.33680781758957656,0.45407166123778503
819,37067,3324,1400,1170,275,1924,3324,1.0,0.42117930204572807,0.5788206979542719,1879,0.351985559566787,0.08273164861612516,0.5652827918170878
820,37067,2691,1159,988,516,1532,2691,1.0,0.4306949089557785,0.5693050910442214,1187,0.3671497584541063,0.19175027870680045,0.44109996283909325
821,37067,3102,919,948,707,2183,3102,1.0,0.29626047711154097,0.7037395228884591,1447,0.3056092843326886,0.22791747259832365,0.46647324306898774
822,37067,5005,1245,2181,1776,3760,5005,1.0,0.24875124875124874,0.7512487512487512,1048,0.4357642357642358,0.35484515484515483,0.20939060939060938
823,37067,1225,76,546,469,1149,1225,1.0,0.062040816326530614,0.9379591836734694,210,0.44571428571428573,0.38285714285714284,0.17142857142857143
824,37067,2050,293,799,559,1757,2050,1.0,0.14292682926829267,0.8570731707317073,692,0.3897560975609756,0.2726829268292683,0.3375609756097561
825,37067,5679,2839,2229,437,2840,5679,1.0,0.49991195633033986,0.5000880436696602,3013,0.3924986793449551,0.07695016728297235,0.5305511533720726
826,37067,2868,621,1167,933,2247,2868,1.0,0.21652719665271966,0.7834728033472803,768,0.40690376569037656,0.3253138075313807,0.26778242677824265
827,37067,3956,687,1009,463,3269,3956,1.0,0.1736602628918099,0.8263397371081901,2484,0.2550556117290192,0.11703741152679474,0.627906976744186
828,37067,3945,576,1569,904,3369,3945,1.0,0.14600760456273765,0.8539923954372624,1472,0.3977186311787072,0.2291508238276299,0.3731305449936629
829,37067,1617,84,778,587,1533,1617,1.0,0.05194805194805195,0.948051948051948,252,0.4811379097093383,0.3630179344465059,0.15584415584415584
830,37067,1486,273,477,623,1213,1486,1.0,0.18371467025572005,0.8162853297442799,386,0.32099596231493943,0.41924629878869446,0.2597577388963661
831,37067,1963,123,590,821,1840,1963,1.0,0.06265919510952624,0.9373408048904738,552,0.30056036678553233,0.41823739174732555,0.2812022414671421
832,37067,4178,1009,1542,1305,3169,4178,1.0,0.24150311153662038,0.7584968884633796,1331,0.3690761129727142,0.31235040689325033,0.3185734801340354
833,37067,1492,316,493,386,1176,1492,1.0,0.21179624664879357,0.7882037533512064,613,0.3304289544235925,0.2587131367292225,0.410857908847185
834,37067,1375,9,481,793,1366,1375,1.0,0.006545454545454545,0.9934545454545455,101,0.3498181818181818,0.5767272727272728,0.07345454545454545
835,37067,1471,8,471,969,1463,1471,1.0,0.005438477226376614,0.9945615227736234,31,0.3201903467029232,0.6587355540448674,0.02107409925220938
836,37067,3847,375,877,1853,3472,3847,1.0,0.09747855471796205,0.9025214452820379,1117,0.22796984663374056,0.48167403171302314,0.29035612165323627
837,37067,1749,168,764,462,1581,1749,1.0,0.09605488850771869,0.9039451114922813,523,0.4368210405946255,0.2641509433962264,0.2990280160091481
838,37067,4526,613,1304,2064,3913,4526,1.0,0.1354396818382678,0.8645603181617322,1158,0.28811312417145385,0.45603181617322136,0.2558550596553248
839,37067,4144,1515,1571,817,2629,4144,1.0,0.3655888030888031,0.634411196911197,1756,0.3791023166023166,0.19715250965250966,0.42374517374517373
840,37067,2039,1265,1048,132,774,2039,1.0,0.6204021579205493,0.3795978420794507,859,0.5139774399215301,0.06473761647866601,0.42128494359980384
841,37067,2324,1082,851,151,1242,2324,1.0,0.4655765920826162,0.5344234079173839,1322,0.3661790017211704,0.06497418244406196,0.5688468158347676
842,37067,1821,1211,954,94,610,1821,1.0,0.6650192202086765,0.33498077979132346,773,0.5238879736408567,0.05161998901702362,0.4244920373421197
843,37067,3194,2753,1535,41,441,3194,1.0,0.8619286161552911,0.13807138384470882,1618,0.48058860363180966,0.012836568566061366,0.506574827802129
844,37067,1974,951,654,121,1023,1974,1.0,0.4817629179331307,0.5182370820668692,1199,0.331306990881459,0.061296859169199594,0.6073961499493414
845,37067,2318,164,586,1295,2154,2318,1.0,0.07075064710957722,0.9292493528904228,437,0.2528041415012942,0.5586712683347713,0.1885245901639344
846,37067,2254,602,734,421,1652,2254,1.0,0.2670807453416149,0.7329192546583851,1099,0.3256433007985803,0.1867790594498669,0.48757763975155277
847,37067,2203,748,866,166,1455,2203,1.0,0.3395369950068089,0.6604630049931911,1171,0.3931003177485247,0.07535179300953246,0.5315478892419429
848,37067,2102,43,843,1035,2059,2102,1.0,0.020456707897240724,0.9795432921027593,224,0.40104662226451,0.4923882017126546,0.1065651760228354
849,37067,2462,564,1089,307,1898,2462,1.0,0.22908204711616573,0.7709179528838342,1066,0.44232331437855404,0.12469536961819659,0.4329813160032494
850,37067,1092,37,455,555,1055,1092,1.0,0.03388278388278388,0.9661172161172161,82,0.4166666666666667,0.5082417582417582,0.07509157509157509
851,37067,2453,1542,1105,99,911,2453,1.0,0.6286180187525479,0.3713819812474521,1249,0.45046881369751324,0.04035874439461883,0.5091724419078679
852,37067,3353,496,623,1413,2857,3353,1.0,0.14792722934685357,0.8520727706531465,1317,0.18580375782881003,0.42141365940948405,0.3927825827617059
853,37067,3694,181,535,1958,3513,3694,1.0,0.04899837574445046,0.9510016242555496,1201,0.1448294531672983,0.5300487276664861,0.32512181916621546
854,37067,3061,199,464,1097,2862,3061,1.0,0.06501143417183927,0.9349885658281607,1500,0.1515844495262986,0.3583796145050637,0.4900359359686377
855,37067,3021,145,409,1432,2876,3021,1.0,0.04799735187024164,0.9520026481297583,1180,0.1353856338960609,0.4740152267461106,0.39059913935782853
856,37067,2858,259,546,897,2599,2858,1.0,0.09062281315605318,0.9093771868439469,1415,0.19104268719384185,0.31385584324702587,0.49510146955913226
857,37067,4197,1444,1826,1432,2753,4197,1.0,0.3440552775792233,0.6559447224207767,939,0.4350726709554444,0.34119609244698595,0.2237312365975697
858,37067,2450,161,409,1057,2289,2450,1.0,0.06571428571428571,0.9342857142857143,984,0.16693877551020408,0.43142857142857144,0.4016326530612245
859,37067,1972,1825,1407,51,147,1972,1.0,0.9254563894523327,0.07454361054766734,514,0.7134888438133874,0.02586206896551724,0.2606490872210953
860,37067,2221,511,1020,344,1710,2221,1.0,0.23007654209815398,0.769923457901846,857,0.45925258892390813,0.15488518685276903,0.38586222422332284
861,37067,3896,536,1060,1737,3360,3896,1.0,0.1375770020533881,0.8624229979466119,1099,0.2720739219712526,0.44584188911704314,0.28208418891170434
862,37067,4129,813,805,1003,3316,4129,1.0,0.19689997578106078,0.8031000242189392,2321,0.1949624606442238,0.2429159602809397,0.5621215790748365
863,37067,2519,474,989,687,2045,2519,1.0,0.18816990869392616,0.8118300913060739,843,0.3926161175069472,0.2727272727272727,0.33465660976578004
864,37067,2819,630,834,256,2189,2819,1.0,0.22348350478893225,0.7765164952110678,1729,0.2958495920539198,0.09081234480312167,0.6133380631429585
865,37067,3937,431,831,1880,3506,3937,1.0,0.1094742189484379,0.8905257810515621,1226,0.2110744221488443,0.4775209550419101,0.31140462280924563
866,37067,1840,240,853,451,1600,1840,1.0,0.13043478260869565,0.8695652173913043,536,0.46358695652173915,0.2451086956521739,0.29130434782608694
867,37067,1168,1044,601,25,124,1168,1.0,0.8938356164383562,0.10616438356164383,542,0.514554794520548,0.021404109589041095,0.464041095890411
868,37067,1388,1028,651,35,360,1388,1.0,0.7406340057636888,0.25936599423631124,702,0.46902017291066284,0.02521613832853026,0.5057636887608069
869,37067,2696,1167,908,245,1529,2696,1.0,0.4328635014836795,0.5671364985163204,1543,0.3367952522255193,0.09087537091988131,0.5723293768545994
870,37067,1411,1266,980,38,145,1411,1.0,0.8972360028348689,0.10276399716513111,393,0.6945428773919207,0.026931254429482635,0.27852586817859676
871,37067,2235,1786,1004,72,449,2235,1.0,0.7991051454138702,0.20089485458612977,1159,0.44921700223713645,0.032214765100671144,0.5185682326621924
872,37067,5528,1905,2098,1305,3623,5528,1.0,0.34460926193921854,0.6553907380607815,2125,0.3795224312590449,0.2360709117221418,0.3844066570188133
873,37067,890,786,537,17,104,890,1.0,0.8831460674157303,0.11685393258426967,336,0.6033707865168539,0.019101123595505618,0.3775280898876405
874,37067,1684,1506,1068,35,178,1684,1.0,0.8942992874109263,0.10570071258907364,581,0.6342042755344418,0.020783847980997625,0.34501187648456055
875,37067,1909,516,938,300,1393,1909,1.0,0.27029858564693554,0.7297014143530645,671,0.49135673127291773,0.1571503404924044,0.3514929282346778
876,37067,1489,1329,846,26,160,1489,1.0,0.8925453324378778,0.10745466756212223,617,0.5681665547347213,0.017461383478844864,0.4143720617864338
877,37067,1977,422,576,434,1555,1977,1.0,0.21345472938796156,0.7865452706120385,967,0.291350531107739,0.21952453211937278,0.4891249367728882
878,37067,946,836,482,19,110,946,1.0,0.8837209302325582,0.11627906976744186,445,0.5095137420718816,0.0200845665961945,0.4704016913319239
879,37067,1246,39,548,338,1207,1246,1.0,0.03130016051364366,0.9686998394863563,360,0.43980738362760835,0.2712680577849117,0.28892455858747995
880,37067,3404,690,1080,1147,2714,3404,1.0,0.20270270270270271,0.7972972972972973,1177,0.3172737955346651,0.33695652173913043,0.34576968272620445
881,37067,2447,219,397,1091,2228,2447,1.0,0.0894973436861463,0.9105026563138537,959,0.16223947691050267,0.44585206375153247,0.39190845933796487
882,37067,1890,86,300,970,1804,1890,1.0,0.0455026455026455,0.9544973544973545,620,0.15873015873015872,0.5132275132275133,0.328042328042328
883,37067,2560,343,643,1220,2217,2560,1.0,0.133984375,0.866015625,697,0.251171875,0.4765625,0.272265625
884,37067,2128,417,554,923,1711,2128,1.0,0.19595864661654136,0.8040413533834586,651,0.26033834586466165,0.43374060150375937,0.3059210526315789
885,37067,2429,118,721,1316,2311,2429,1.0,0.04857966241251544,0.9514203375874846,392,0.2968299711815562,0.5417867435158501,0.16138328530259366
886,37067,2866,162,905,1704,2704,2866,1.0,0.056524773203070484,0.9434752267969295,257,0.31577110956036286,0.5945568736915562,0.08967201674808095
887,37067,2992,197,692,1256,2795,2992,1.0,0.06584224598930481,0.9341577540106952,1044,0.23128342245989306,0.4197860962566845,0.34893048128342247
888,37067,4673,181,1390,2779,4492,4673,1.0,0.038733147870746845,0.9612668521292531,504,0.2974534560239675,0.5946929167558314,0.10785362722020116
889,37069,1606,544,427,481,1062,1606,1.0,0.33872976338729766,0.6612702366127023,698,0.2658779576587796,0.29950186799501866,0.43462017434620176
890,37069,2087,869,701,445,1218,2087,1.0,0.4163871586008625,0.5836128413991375,941,0.3358888356492573,0.21322472448490656,0.45088643986583615
891,37069,1844,396,417,667,1448,1844,1.0,0.21475054229934923,0.7852494577006508,760,0.22613882863340565,0.3617136659436009,0.4121475054229935
892,37069,4085,716,1272,2087,3369,4085,1.0,0.17527539779681764,0.8247246022031823,726,0.3113831089351285,0.5108935128518972,0.1777233782129743
893,37069,3341,908,1067,1124,2433,3341,1.0,0.27177491768931455,0.7282250823106854,1150,0.31936545944328043,0.3364262196947022,0.34420832086201736
894,37069,2987,1527,1316,603,1460,2987,1.0,0.5112152661533311,0.4887847338466689,1068,0.4405758285905591,0.20187479075995982,0.3575493806494811
895,37069,1799,821,588,392,978,1799,1.0,0.4563646470261256,0.5436353529738743,819,0.32684824902723736,0.2178988326848249,0.45525291828793774
896,37069,2427,1057,625,516,1370,2427,1.0,0.43551709929954674,0.5644829007004533,1286,0.25751957148743304,0.2126081582200247,0.5298722702925422
897,37069,2661,1226,898,394,1435,2661,1.0,0.46072904922961294,0.5392709507703871,1369,0.337467117624953,0.14806463735437805,0.5144682450206689
898,37069,3781,460,972,1900,3321,3781,1.0,0.12166093626024861,0.8783390637397513,909,0.2570748479238297,0.5025125628140703,0.24041258926209996
899,37069,1885,165,311,868,1720,1885,1.0,0.08753315649867374,0.9124668435013262,706,0.1649867374005305,0.46047745358090186,0.37453580901856764
900,37069,2940,599,788,1098,2341,2940,1.0,0.20374149659863947,0.7962585034013605,1054,0.2680272108843537,0.373469387755102,0.3585034013605442
901,37069,2096,274,435,879,1822,2096,1.0,0.13072519083969467,0.8692748091603053,782,0.2075381679389313,0.4193702290076336,0.37309160305343514
902,37069,1280,343,256,464,937,1280,1.0,0.26796875,0.73203125,560,0.2,0.3625,0.4375
903,37069,2507,296,626,1263,2211,2507,1.0,0.11806940566414041,0.8819305943358596,618,0.24970083765456721,0.5037893897088154,0.24650977263661747
904,37069,2358,1047,882,546,1311,2358,1.0,0.4440203562340967,0.5559796437659033,930,0.37404580152671757,0.23155216284987276,0.3944020356234097
905,37069,2621,491,538,951,2130,2621,1.0,0.18733307897748952,0.8126669210225105,1132,0.2052651659671881,0.3628386112170927,0.4318962228157192
906,37069,3452,444,761,1601,3008,3452,1.0,0.12862108922363846,0.8713789107763615,1090,0.22045191193511007,0.4637891077636153,0.31575898030127464
907,37071,2736,147,357,1008,2589,2736,1.0,0.0537280701754386,0.9462719298245614,1371,0.13048245614035087,0.3684210526315789,0.5010964912280702
908,37071,4072,722,1070,1730,3350,4072,1.0,0.17730844793713163,0.8226915520628684,1272,0.26277013752455797,0.424852652259332,0.31237721021611004
909,37071,5274,291,766,2315,4983,5274,1.0,0.055176336746302616,0.9448236632536974,2193,0.14524080394387562,0.4389457717102768,0.41581342434584756
910,37071,2910,138,369,911,2772,2910,1.0,0.04742268041237113,0.9525773195876288,1630,0.1268041237113402,0.31305841924398625,0.5601374570446735
911,37071,1787,1280,660,41,507,1787,1.0,0.7162842753217683,0.2837157246782317,1086,0.3693340794627868,0.02294348069390039,0.6077224398433129
912,37071,3429,1445,855,471,1984,3429,1.0,0.4214056576261301,0.57859434237387,2103,0.24934383202099739,0.1373578302712161,0.6132983377077865
913,37071,2849,625,544,845,2224,2849,1.0,0.21937521937521937,0.7806247806247806,1460,0.19094419094419093,0.2965952965952966,0.5124605124605125
914,37071,4136,426,584,1196,3710,4136,1.0,0.1029980657640232,0.8970019342359767,2356,0.14119922630560927,0.28916827852998067,0.5696324951644101
915,37071,2882,95,285,1152,2787,2882,1.0,0.03296321998612075,0.9670367800138793,1445,0.09888965995836224,0.39972241498959055,0.5013879250520472
916,37071,1115,66,311,516,1049,1115,1.0,0.059192825112107626,0.9408071748878923,288,0.2789237668161435,0.46278026905829595,0.25829596412556055
917,37071,6431,1057,1752,2240,5374,6431,1.0,0.16436013061732235,0.8356398693826776,2439,0.27243041517648886,0.3483128595863785,0.37925672523713266
918,37071,3527,563,877,1275,2964,3527,1.0,0.1596257442585767,0.8403742557414233,1375,0.24865324638502978,0.36149702296569325,0.389849730649277
919,37071,2998,630,791,976,2368,2998,1.0,0.21014009339559706,0.789859906604403,1231,0.2638425617078052,0.3255503669112742,0.4106070713809206
920,37071,3183,76,287,1637,3107,3183,1.0,0.023876845743009738,0.9761231542569903,1259,0.0901665095821552,0.5142946905435124,0.3955387998743324
921,37071,2328,136,403,1198,2192,2328,1.0,0.058419243986254296,0.9415807560137457,727,0.17310996563573883,0.5146048109965635,0.3122852233676976
922,37071,5514,895,1488,2584,4619,5514,1.0,0.16231410953935438,0.8376858904606457,1442,0.26985854189336234,0.4686253173739572,0.2615161407326804
923,37071,4107,92,325,1973,4015,4107,1.0,0.022400779157535914,0.9775992208424641,1809,0.07913318724129535,0.4803993182371561,0.4404674945215486
924,37071,4557,471,714,1934,4086,4557,1.0,0.10335747202106649,0.8966425279789335,1909,0.15668202764976957,0.42440201887206497,0.41891595347816546
925,37071,2439,1166,831,243,1273,2439,1.0,0.4780647806478065,0.5219352193521936,1365,0.34071340713407133,0.0996309963099631,0.5596555965559655
926,37071,4526,443,792,1979,4083,4526,1.0,0.09787892178524082,0.9021210782147592,1755,0.17498895271763146,0.4372514361467079,0.38775961113566065
927,37071,3290,221,482,1718,3069,3290,1.0,0.06717325227963526,0.9328267477203648,1090,0.14650455927051673,0.5221884498480243,0.331306990881459
928,37071,6099,767,919,1947,5332,6099,1.0,0.12575832103623544,0.8742416789637646,3233,0.15068043941629775,0.3192326610919823,0.5300868994917199
929,37071,5142,827,839,2078,4315,5142,1.0,0.16083236094904707,0.8391676390509529,2225,0.1631660832360949,0.40412290937378453,0.4327110073901206
930,37071,4937,468,826,2424,4469,4937,1.0,0.09479440956046181,0.9052055904395382,1687,0.16730808183107151,0.4909864290054689,0.3417054891634596
931,37071,3546,149,475,1592,3397,3546,1.0,0.04201917653694304,0.957980823463057,1479,0.13395375070501975,0.44895657078398193,0.4170896785109983
932,37071,2368,933,792,403,1435,2368,1.0,0.3940033783783784,0.6059966216216216,1173,0.3344594594594595,0.1701858108108108,0.4953547297297297
933,37071,2880,368,558,1065,2512,2880,1.0,0.12777777777777777,0.8722222222222222,1257,0.19375,0.3697916666666667,0.43645833333333334
934,37071,3625,168,394,1571,3457,3625,1.0,0.046344827586206894,0.953655172413793,1660,0.10868965517241379,0.4333793103448276,0.4579310344827586
935,37071,1921,166,252,799,1755,1921,1.0,0.0864133263925039,0.9135866736074961,870,0.13118167621030713,0.415929203539823,0.4528891202498699
936,37071,6206,1143,1257,1822,5063,6206,1.0,0.18417660328714147,0.8158233967128585,3127,0.20254592330003224,0.293586851434096,0.5038672252658717
937,37071,3120,114,722,1716,3006,3120,1.0,0.03653846153846154,0.9634615384615385,682,0.23141025641025642,0.55,0.2185897435897436
938,37071,3293,166,932,2154,3127,3293,1.0,0.05040996052232007,0.94959003947768,207,0.2830245976313392,0.6541147889462496,0.06286061342241117
939,37071,1667,163,279,736,1504,1667,1.0,0.09778044391121776,0.9022195560887822,652,0.16736652669466107,0.4415116976604679,0.39112177564487105
940,37071,3335,228,525,1169,3107,3335,1.0,0.06836581709145427,0.9316341829085457,1641,0.15742128935532235,0.3505247376311844,0.49205397301349324
941,37071,2681,212,451,1106,2469,2681,1.0,0.07907497202536368,0.9209250279746364,1124,0.16822081312942933,0.412532637075718,0.41924654979485265
942,37071,2649,131,235,1077,2518,2649,1.0,0.04945262363155908,0.9505473763684409,1337,0.08871272178180445,0.40656851642129105,0.5047187617969044
943,37071,2616,779,577,395,1837,2616,1.0,0.297782874617737,0.702217125382263,1644,0.220565749235474,0.15099388379204892,0.6284403669724771
944,37071,2476,628,599,599,1848,2476,1.0,0.25363489499192243,0.7463651050080775,1278,0.24192245557350567,0.24192245557350567,0.5161550888529887
945,37071,3033,301,646,1052,2732,3033,1.0,0.0992416749093307,0.9007583250906693,1335,0.21299043850972635,0.3468513023409166,0.4401582591493571
946,37071,1361,264,416,371,1097,1361,1.0,0.19397501836884642,0.8060249816311535,574,0.3056576047024247,0.27259368111682586,0.42174871418074944
947,37071,3575,174,636,2032,3401,3575,1.0,0.04867132867132867,0.9513286713286714,907,0.1779020979020979,0.5683916083916084,0.2537062937062937
948,37071,3162,1026,855,568,2136,3162,1.0,0.32447817836812143,0.6755218216318786,1739,0.2703984819734345,0.17963314358001264,0.5499683744465528
949,37071,2290,911,667,330,1379,2290,1.0,0.3978165938864629,0.6021834061135372,1293,0.29126637554585155,0.14410480349344978,0.5646288209606987
950,37071,2937,241,775,1549,2696,2937,1.0,0.08205652025876745,0.9179434797412326,613,0.26387470207694924,0.5274089206673477,0.2087163772557031
951,37071,3510,278,914,2124,3232,3510,1.0,0.07920227920227921,0.9207977207977208,472,0.2603988603988604,0.6051282051282051,0.13447293447293449
952,37071,4326,354,498,1677,3972,4326,1.0,0.08183079056865465,0.9181692094313454,2151,0.11511789181692095,0.38765603328710124,0.4972260748959778
953,37073,1204,297,243,459,907,1204,1.0,0.24667774086378738,0.7533222591362126,502,0.20182724252491693,0.3812292358803987,0.4169435215946844
954,37073,1689,850,537,407,839,1689,1.0,0.5032563647128478,0.49674363528715215,745,0.31793960923623443,0.24097098875074008,0.44108940201302543
955,37073,2266,893,619,567,1373,2266,1.0,0.3940864960282436,0.6059135039717564,1080,0.2731685789938217,0.2502206531332745,0.4766107678729038
956,37073,1106,142,182,458,964,1106,1.0,0.12839059674502712,0.8716094032549728,466,0.16455696202531644,0.4141048824593128,0.4213381555153707
957,37073,1064,496,362,292,568,1064,1.0,0.46616541353383456,0.5338345864661654,410,0.34022556390977443,0.2744360902255639,0.38533834586466165
958,37073,1965,414,311,561,1551,1965,1.0,0.21068702290076335,0.7893129770992366,1093,0.15826972010178117,0.28549618320610687,0.556234096692112
959,37075,500,0,48,255,500,500,1.0,0.0,1.0,197,0.096,0.51,0.394
960,37075,1183,0,162,554,1183,1183,1.0,0.0,1.0,467,0.13693998309382924,0.46830092983939137,0.39475908706677937
961,37075,2484,2,280,977,2482,2484,1.0,0.0008051529790660225,0.999194847020934,1227,0.11272141706924316,0.39331723027375204,0.4939613526570048
962,37075,2781,2,382,1149,2779,2781,1.0,0.000719165767709457,0.9992808342322905,1250,0.1373606616325063,0.41316073354908306,0.4494786048184106
963,37077,1818,601,504,611,1217,1818,1.0,0.33058305830583057,0.6694169416941694,703,0.27722772277227725,0.33608360836083606,0.3866886688668867
964,37077,1426,583,435,443,843,1426,1.0,0.40883590462833097,0.591164095371669,548,0.30504908835904626,0.31065918653576435,0.38429172510518933
965,37077,2162,1168,999,429,994,2162,1.0,0.5402405180388529,0.4597594819611471,734,0.46207215541165586,0.198427382053654,0.33950046253469013
966,37077,1087,645,592,272,442,1087,1.0,0.593376264949402,0.40662373505059796,223,0.5446182152713891,0.250229990800368,0.20515179392824287
967,37077,2159,648,573,721,1511,2159,1.0,0.3001389532190829,0.6998610467809171,865,0.2654006484483557,0.333950903195924,0.4006484483557202
968,37077,2054,986,893,443,1068,2054,1.0,0.4800389483933788,0.5199610516066212,718,0.43476144109055503,0.21567672833495619,0.3495618305744888
969,37077,2009,637,620,684,1372,2009,1.0,0.3170731707317073,0.6829268292682927,705,0.3086112493777999,0.34046789447486314,0.350920856147337
970,37077,4219,646,865,1850,3573,4219,1.0,0.15311685233467645,0.8468831476653236,1504,0.20502488741407918,0.43849253377577624,0.35648257881014456
971,37077,1699,878,698,348,821,1699,1.0,0.516774573278399,0.48322542672160096,653,0.41082989994114183,0.20482636845203062,0.38434373160682755
972,37077,2668,811,691,826,1857,2668,1.0,0.3039730134932534,0.6960269865067467,1151,0.2589955022488756,0.3095952023988006,0.43140929535232386
973,37077,1706,1076,849,213,630,1706,1.0,0.6307151230949589,0.369284876905041,644,0.4976553341148886,0.12485345838218054,0.37749120750293086
974,37077,4845,476,1125,2460,4369,4845,1.0,0.09824561403508772,0.9017543859649123,1260,0.23219814241486067,0.5077399380804953,0.26006191950464397
975,37077,4794,1355,1624,1619,3439,4794,1.0,0.28264497288277013,0.7173550271172299,1551,0.33875677930746767,0.33771380892782643,0.3235294117647059
976,37077,9895,4183,1070,864,5712,9895,1.0,0.4227387569479535,0.5772612430520465,7961,0.10813542193026782,0.08731682668014148,0.8045477513895907
977,37077,4042,758,1220,1797,3284,4042,1.0,0.18753092528451262,0.8124690747154873,1025,0.30183077684314696,0.4445818901533894,0.25358733300346364
978,37079,1249,427,272,288,822,1249,1.0,0.3418734987990392,0.6581265012009607,689,0.2177742193755004,0.23058446757405926,0.5516413130504404
979,37079,1989,535,412,658,1454,1989,1.0,0.26897938662644544,0.7310206133735545,919,0.2071392659627954,0.3308195072900955,0.4620412267471091
980,37079,1550,445,311,370,1105,1550,1.0,0.2870967741935484,0.7129032258064516,869,0.2006451612903226,0.23870967741935484,0.5606451612903226
981,37079,1100,327,194,419,773,1100,1.0,0.2972727272727273,0.7027272727272728,487,0.17636363636363636,0.3809090909090909,0.44272727272727275
982,37079,1060,294,266,376,766,1060,1.0,0.27735849056603773,0.7226415094339622,418,0.2509433962264151,0.35471698113207545,0.39433962264150946
983,37079,4104,1963,557,615,2141,4104,1.0,0.4783138401559454,0.5216861598440545,2932,0.13572124756335283,0.14985380116959066,0.7144249512670565
984,37079,2002,796,603,544,1206,2002,1.0,0.39760239760239763,0.6023976023976024,855,0.3011988011988012,0.27172827172827174,0.4270729270729271
985,37079,1269,485,313,394,784,1269,1.0,0.3821907013396375,0.6178092986603625,562,0.2466509062253743,0.31048069345941687,0.4428684003152088
986,37079,1121,486,361,297,635,1121,1.0,0.4335414808206958,0.5664585191793042,463,0.3220338983050847,0.2649420160570919,0.4130240856378234
987,37079,966,283,229,319,683,966,1.0,0.29296066252587993,0.7070393374741201,418,0.2370600414078675,0.3302277432712215,0.432712215320911
988,37081,2846,1150,1437,303,1696,2846,1.0,0.4040758959943781,0.5959241040056219,1106,0.5049191848208011,0.10646521433591005,0.38861560084328883
989,37081,3529,2973,1762,95,556,3529,1.0,0.8424482856333239,0.15755171436667612,1672,0.49929158401813545,0.026919807310852934,0.47378860867101164
990,37081,7725,2050,3079,2273,5675,7725,1.0,0.26537216828478966,0.7346278317152104,2373,0.39857605177993527,0.2942394822006473,0.30718446601941746
991,37081,4072,696,1626,467,3376,4072,1.0,0.17092337917485265,0.8290766208251473,1979,0.3993123772102161,0.11468565815324165,0.4860019646365422
992,37081,2505,1831,1370,149,674,2505,1.0,0.730938123752495,0.269061876247505,986,0.5469061876247505,0.05948103792415169,0.3936127744510978
993,37081,2493,2315,1508,49,178,2493,1.0,0.9286000802246289,0.07139991977537104,936,0.6048937023666265,0.01965503409546731,0.37545126353790614
994,37081,2919,753,1271,291,2166,2919,1.0,0.2579650565262076,0.7420349434737924,1357,0.4354230900993491,0.09969167523124357,0.46488523466940734
995,37081,3797,965,2211,443,2832,3797,1.0,0.25414801158809586,0.7458519884119041,1143,0.5823018172241243,0.11667105609691862,0.3010271266789571
996,37081,1877,438,868,456,1439,1877,1.0,0.23335109216835376,0.7666489078316463,553,0.4624400639318061,0.24294086307938198,0.29461907298881196
997,37081,2879,2454,1455,50,425,2879,1.0,0.8523792983674887,0.1476207016325113,1374,0.5053838138242446,0.01736714136853074,0.47724904480722474
998,37081,1658,692,651,134,966,1658,1.0,0.41737032569360677,0.5826296743063932,873,0.3926417370325694,0.08082026537997587,0.5265379975874548
999,37081,1138,30,682,288,1108,1138,1.0,0.026362038664323375,0.9736379613356766,168,0.5992970123022847,0.2530755711775044,0.14762741652021089
1000,37081,1607,1492,976,28,115,1607,1.0,0.9284380833851898,0.0715619166148102,603,0.6073428749222153,0.017423771001866834,0.37523335407591785
1001,37081,1405,73,751,327,1332,1405,1.0,0.05195729537366548,0.9480427046263346,327,0.5345195729537366,0.23274021352313168,0.23274021352313168
1002,37081,3445,1233,1313,423,2212,3445,1.0,0.3579100145137881,0.6420899854862119,1709,0.38113207547169814,0.1227866473149492,0.4960812772133527
1003,37081,2845,2638,1295,31,207,2845,1.0,0.9272407732864675,0.07275922671353251,1519,0.45518453427065025,0.010896309314586995,0.5339191564147627
1004,37081,2686,2080,1432,91,606,2686,1.0,0.774385703648548,0.22561429635145197,1163,0.5331347728965004,0.033879374534623974,0.4329858525688757
1005,37081,1248,678,795,89,570,1248,1.0,0.5432692307692307,0.4567307692307692,364,0.6370192307692307,0.07131410256410256,0.2916666666666667
1006,37081,1327,26,666,552,1301,1327,1.0,0.019593067068575734,0.9804069329314242,109,0.5018839487565938,0.4159758854559156,0.08214016578749057
1007,37081,1493,194,841,277,1299,1493,1.0,0.12993971868720697,0.870060281312793,375,0.5632953784326858,0.1855324849296718,0.2511721366376423
1008,37081,1444,81,801,341,1363,1444,1.0,0.05609418282548476,0.9439058171745153,302,0.5547091412742382,0.23614958448753462,0.20914127423822715
1009,37081,2395,753,1114,676,1642,2395,1.0,0.31440501043841335,0.6855949895615866,605,0.4651356993736952,0.28225469728601255,0.25260960334029225
1010,37081,1176,84,681,180,1092,1176,1.0,0.07142857142857142,0.9285714285714286,315,0.5790816326530612,0.15306122448979592,0.26785714285714285
1011,37081,3986,1444,1304,530,2542,3986,1.0,0.3622679377822378,0.6377320622177621,2152,0.3271450075263422,0.13296537882589063,0.5398896136477672
1012,37081,1072,24,559,476,1048,1072,1.0,0.022388059701492536,0.9776119402985075,37,0.5214552238805971,0.44402985074626866,0.03451492537313433
1013,37081,2508,404,1077,747,2104,2508,1.0,0.16108452950558214,0.8389154704944178,684,0.42942583732057416,0.29784688995215314,0.2727272727272727
1014,37081,2066,453,836,542,1613,2066,1.0,0.21926427879961277,0.7807357212003873,688,0.4046466602129719,0.2623426911907067,0.3330106485963214
1015,37081,2355,1831,1131,101,524,2355,1.0,0.7774946921443737,0.22250530785562633,1123,0.4802547770700637,0.042887473460721866,0.47685774946921444
1016,37081,3710,709,1364,1600,3001,3710,1.0,0.19110512129380053,0.8088948787061995,746,0.36765498652291106,0.431266846361186,0.20107816711590296
1017,37081,1680,100,672,591,1580,1680,1.0,0.05952380952380952,0.9404761904761905,417,0.4,0.3517857142857143,0.24821428571428572
1018,37081,1184,20,444,653,1164,1184,1.0,0.016891891891891893,0.9831081081081081,87,0.375,0.5515202702702703,0.07347972972972973
1019,37081,2790,252,1016,921,2538,2790,1.0,0.09032258064516129,0.9096774193548387,853,0.36415770609319,0.3301075268817204,0.3057347670250896
1020,37081,1661,180,542,643,1481,1661,1.0,0.10836845273931367,0.8916315472606864,476,0.3263094521372667,0.38711619506321493,0.2865743527995184
1021,37081,1599,547,580,224,1052,1599,1.0,0.3420888055034397,0.6579111944965603,795,0.3627267041901188,0.14008755472170106,0.4971857410881801
1022,37081,2147,183,707,423,1964,2147,1.0,0.08523521192361434,0.9147647880763856,1017,0.32929669306008386,0.19701909641360038,0.47368421052631576
1023,37081,1547,25,650,709,1522,1547,1.0,0.01616031027795734,0.9838396897220426,188,0.42016806722689076,0.45830639948287005,0.12152553329023917
1024,37081,3746,297,1258,2340,3449,3746,1.0,0.0792845702082221,0.9207154297917779,148,0.3358248798718633,0.6246663107314468,0.039508809396689805
1025,37081,1611,68,741,777,1543,1611,1.0,0.04220980757293606,0.957790192427064,93,0.45996275605214154,0.4823091247672253,0.05772811918063315
1026,37081,3587,1451,1343,424,2136,3587,1.0,0.40451630889322554,0.5954836911067745,1820,0.3744075829383886,0.11820462782269306,0.5073877892389184
1027,37081,1465,1366,1007,80,99,1465,1.0,0.9324232081911262,0.06757679180887372,378,0.6873720136518772,0.05460750853242321,0.25802047781569964
1028,37081,2294,1839,1234,92,455,2294,1.0,0.8016564952048822,0.1983435047951177,968,0.5379250217959896,0.04010462074978204,0.4219703574542284
1029,37081,2471,287,887,960,2184,2471,1.0,0.11614730878186968,0.8838526912181303,624,0.35896398219344394,0.3885066774585188,0.25252934034803726
1030,37081,1490,74,607,510,1416,1490,1.0,0.049664429530201344,0.9503355704697987,373,0.40738255033557047,0.3422818791946309,0.25033557046979865
1031,37081,2714,1348,917,321,1366,2714,1.0,0.496683861459101,0.5033161385408991,1476,0.3378776713338246,0.1182756079587325,0.5438467207074429
1032,37081,2235,127,991,1012,2108,2235,1.0,0.056823266219239374,0.9431767337807606,232,0.44340044742729307,0.4527964205816555,0.10380313199105146
1033,37081,1609,301,609,416,1308,1609,1.0,0.18707271597265382,0.8129272840273462,584,0.37849596022374143,0.25854568054692356,0.362958359229335
1034,37081,1575,1360,1011,44,215,1575,1.0,0.8634920634920635,0.1365079365079365,520,0.6419047619047619,0.027936507936507936,0.33015873015873015
1035,37081,3013,861,735,327,2152,3013,1.0,0.28576169930302026,0.7142383006969798,1951,0.24394291403916363,0.10852970461334219,0.6475273813474942
1036,37081,3404,898,942,570,2506,3404,1.0,0.26380728554641597,0.736192714453584,1892,0.27673325499412454,0.16745005875440658,0.5558166862514688
1037,37081,2901,1207,697,193,1694,2901,1.0,0.416063426404688,0.5839365735953119,2011,0.2402619786280593,0.06652878317821441,0.6932092381937263
1038,37081,1979,406,454,552,1573,1979,1.0,0.20515411824153612,0.7948458817584638,973,0.2294087923193532,0.2789287518948964,0.49166245578575035
1039,37081,1565,1127,563,57,438,1565,1.0,0.7201277955271566,0.27987220447284344,945,0.3597444089456869,0.03642172523961661,0.6038338658146964
1040,37081,3761,584,1276,1143,3177,3761,1.0,0.1552778516352034,0.8447221483647966,1342,0.33927147035362937,0.3039085349641053,0.35681999468226533
1041,37081,1556,132,565,851,1424,1556,1.0,0.08483290488431877,0.9151670951156813,140,0.36311053984575836,0.5469151670951157,0.08997429305912596
1042,37081,2510,465,757,971,2045,2510,1.0,0.1852589641434263,0.8147410358565738,782,0.30159362549800794,0.38685258964143426,0.3115537848605578
1043,37081,1463,363,634,260,1100,1463,1.0,0.24812030075187969,0.7518796992481203,569,0.4333561175666439,0.17771701982228297,0.3889268626110731
1044,37081,1567,72,601,751,1495,1567,1.0,0.04594767070835992,0.9540523292916401,215,0.383535417996171,0.47925973197192084,0.1372048500319081
1045,37081,3065,801,1217,1200,2264,3065,1.0,0.26133768352365416,0.7386623164763458,648,0.3970636215334421,0.3915171288743883,0.21141924959216965
1046,37081,1670,121,640,614,1549,1670,1.0,0.07245508982035928,0.9275449101796407,416,0.38323353293413176,0.36766467065868264,0.24910179640718563
1047,37081,3953,948,1339,1152,3005,3953,1.0,0.239817859853276,0.760182140146724,1462,0.3387300784214521,0.29142423475841134,0.36984568682013663
1048,37081,1608,194,552,552,1414,1608,1.0,0.12064676616915423,0.8793532338308457,504,0.34328358208955223,0.34328358208955223,0.31343283582089554
1049,37081,2182,52,255,1181,2130,2182,1.0,0.02383134738771769,0.9761686526122824,746,0.11686526122823097,0.5412465627864345,0.34188817598533455
1050,37081,2104,75,276,1213,2029,2104,1.0,0.03564638783269962,0.9643536121673004,615,0.1311787072243346,0.5765209125475285,0.29230038022813687
1051,37081,1971,1496,810,86,475,1971,1.0,0.7590055809233891,0.24099441907661084,1075,0.410958904109589,0.04363267376966007,0.5454084221207509
1052,37081,2775,191,461,1499,2584,2775,1.0,0.06882882882882883,0.9311711711711712,815,0.16612612612612612,0.5401801801801802,0.2936936936936937
1053,37081,2015,239,532,736,1776,2015,1.0,0.11861042183622829,0.8813895781637717,747,0.2640198511166253,0.3652605459057072,0.3707196029776675
1054,37081,2246,401,757,422,1845,2246,1.0,0.17853962600178094,0.821460373998219,1067,0.3370436331255565,0.18788958147818344,0.47506678539626
1055,37081,1948,429,870,543,1519,1948,1.0,0.2202258726899384,0.7797741273100616,535,0.446611909650924,0.27874743326488705,0.2746406570841889
1056,37081,1387,98,459,675,1289,1387,1.0,0.07065609228550829,0.9293439077144917,253,0.330930064888248,0.48666186012977647,0.18240807498197548
1057,37081,1341,183,478,403,1158,1341,1.0,0.13646532438478748,0.8635346756152126,460,0.3564504101416853,0.3005219985085757,0.343027591349739
1058,37081,1515,214,590,612,1301,1515,1.0,0.14125412541254126,0.8587458745874588,313,0.38943894389438943,0.403960396039604,0.2066006600660066
1059,37081,3145,1875,1599,306,1270,3145,1.0,0.5961844197138315,0.40381558028616854,1240,0.5084260731319555,0.0972972972972973,0.3942766295707472
1060,37081,3455,352,1039,1475,3103,3455,1.0,0.10188133140376267,0.8981186685962373,941,0.3007235890014472,0.426917510853835,0.2723589001447178
1061,37081,3471,1965,1491,343,1506,3471,1.0,0.5661192739844425,0.4338807260155575,1637,0.42955920484010374,0.09881878421204264,0.47162201094785366
1062,37081,2148,50,405,1423,2098,2148,1.0,0.023277467411545624,0.9767225325884544,320,0.18854748603351956,0.6624767225325885,0.148975791433892
1063,37081,2826,1257,1692,547,1569,2826,1.0,0.4447983014861996,0.5552016985138004,587,0.5987261146496815,0.1935598018400566,0.20771408351026185
1064,37081,2522,2058,936,30,464,2522,1.0,0.8160190325138779,0.18398096748612214,1556,0.3711340206185567,0.011895321173671689,0.6169706582077716
1065,37081,1857,53,214,762,1804,1857,1.0,0.028540656973613354,0.9714593430263866,881,0.11523963381798599,0.41033925686591277,0.47442110931610126
1066,37081,1306,50,378,781,1256,1306,1.0,0.03828483920367534,0.9617151607963247,147,0.2894333843797856,0.5980091883614089,0.1125574272588055
1067,37081,1876,695,606,266,1181,1876,1.0,0.3704690831556503,0.6295309168443497,1004,0.3230277185501066,0.1417910447761194,0.535181236673774
1068,37081,2779,1645,1123,206,1134,2779,1.0,0.5919395465994962,0.4080604534005038,1450,0.404102195034185,0.07412738395106153,0.5217704210147535
1069,37081,3542,1428,941,178,2114,3542,1.0,0.4031620553359684,0.5968379446640316,2423,0.26566911349520045,0.0502540937323546,0.6840767927724449
1070,37081,3135,852,1174,737,2283,3135,1.0,0.27177033492822966,0.7282296650717703,1224,0.374481658692185,0.23508771929824562,0.39043062200956935
1071,37081,2280,1709,1235,164,571,2280,1.0,0.749561403508772,0.25043859649122807,881,0.5416666666666666,0.07192982456140351,0.3864035087719298
1072,37081,1401,244,499,336,1157,1401,1.0,0.17416131334760884,0.8258386866523911,566,0.3561741613133476,0.2398286937901499,0.4039971448965025
1073,37081,2796,893,1071,590,1903,2796,1.0,0.31938483547925606,0.6806151645207439,1135,0.3830472103004292,0.21101573676680974,0.4059370529327611
1074,37081,2740,491,840,1142,2249,2740,1.0,0.1791970802919708,0.8208029197080292,758,0.30656934306569344,0.4167883211678832,0.27664233576642333
1075,37081,3025,425,1121,1081,2600,3025,1.0,0.14049586776859505,0.859504132231405,823,0.3705785123966942,0.35735537190082645,0.27206611570247935
1076,37081,1807,214,700,671,1593,1807,1.0,0.11842833425567238,0.8815716657443277,436,0.387382401770891,0.37133370226895407,0.24128389596015495
1077,37081,2182,384,1075,992,1798,2182,1.0,0.1759853345554537,0.8240146654445463,115,0.4926672777268561,0.4546287809349221,0.052703941338221816
1078,37081,1818,203,745,792,1615,1818,1.0,0.11166116611661166,0.8883388338833883,281,0.4097909790979098,0.43564356435643564,0.15456545654565457
1079,37081,2355,146,905,1243,2209,2355,1.0,0.06199575371549894,0.9380042462845011,207,0.3842887473460722,0.5278131634819533,0.08789808917197452
1080,37081,2877,687,750,1046,2190,2877,1.0,0.23879040667361837,0.7612095933263816,1081,0.26068821689259647,0.3635731664928745,0.375738616614529
1081,37081,3280,216,967,1766,3064,3280,1.0,0.06585365853658537,0.9341463414634147,547,0.2948170731707317,0.5384146341463415,0.16676829268292684
1082,37081,1065,155,128,537,910,1065,1.0,0.14553990610328638,0.8544600938967136,400,0.12018779342723004,0.504225352112676,0.3755868544600939
1083,37081,4905,2367,2437,991,2538,4905,1.0,0.48256880733944957,0.5174311926605505,1477,0.49683995922528035,0.2020387359836901,0.30112130479102955
1084,37081,2199,134,546,1354,2065,2199,1.0,0.06093678944974989,0.9390632105502501,299,0.24829467939972716,0.6157344247385175,0.13597089586175534
1085,37081,1491,203,423,498,1288,1491,1.0,0.13615023474178403,0.863849765258216,570,0.2837022132796781,0.33400402414486924,0.3822937625754527
1086,37081,1368,64,207,716,1304,1368,1.0,0.04678362573099415,0.9532163742690059,445,0.1513157894736842,0.5233918128654971,0.3252923976608187
1087,37081,1771,280,451,789,1491,1771,1.0,0.15810276679841898,0.841897233201581,531,0.2546583850931677,0.44551101072840205,0.29983060417843027
1088,37081,1398,988,773,106,410,1398,1.0,0.7067238912732475,0.2932761087267525,519,0.5529327610872675,0.07582260371959942,0.37124463519313305
1089,37081,2200,474,633,616,1726,2200,1.0,0.21545454545454545,0.7845454545454545,951,0.2877272727272727,0.28,0.43227272727272725
1090,37081,2728,178,780,1558,2550,2728,1.0,0.06524926686217009,0.9347507331378299,390,0.2859237536656892,0.5711143695014663,0.1429618768328446
1091,37081,2961,151,752,1663,2810,2961,1.0,0.050996285038838234,0.9490037149611618,546,0.25396825396825395,0.5616345829111786,0.18439716312056736
1092,37081,2892,132,781,1964,2760,2892,1.0,0.04564315352697095,0.9543568464730291,147,0.27005532503457813,0.6791147994467497,0.0508298755186722
1093,37081,1263,50,149,771,1213,1263,1.0,0.0395882818685669,0.9604117181314331,343,0.11797307996832937,0.6104513064133017,0.27157561361836896
1094,37081,2091,533,680,903,1558,2091,1.0,0.2549019607843137,0.7450980392156863,508,0.3252032520325203,0.43185078909612623,0.24294595887135342
1095,37081,3748,527,1003,1984,3221,3748,1.0,0.14060832443970117,0.8593916755602988,761,0.2676093916755603,0.5293489861259338,0.20304162219850588
1096,37081,1756,60,499,1196,1696,1756,1.0,0.03416856492027335,0.9658314350797267,61,0.28416856492027337,0.6810933940774487,0.034738041002277904
1097,37081,1574,63,347,910,1511,1574,1.0,0.040025412960609914,0.9599745870393901,317,0.2204574332909784,0.5781448538754765,0.2013977128335451
1098,37081,3666,189,717,2098,3477,3666,1.0,0.05155482815057283,0.9484451718494271,851,0.1955810147299509,0.5722858701582105,0.2321331151118385
1099,37081,2993,1472,1178,365,1521,2993,1.0,0.49181423321082524,0.5081857667891747,1450,0.39358503174072834,0.12195121951219512,0.48446374874707654
1100,37081,1607,611,547,232,996,1607,1.0,0.3802115743621655,0.6197884256378344,828,0.3403858120721842,0.14436838830118232,0.5152457996266335
1101,37081,3006,561,1026,779,2445,3006,1.0,0.18662674650698602,0.8133732534930139,1201,0.3413173652694611,0.25914836992681306,0.3995342648037259
1102,37081,1108,186,341,328,922,1108,1.0,0.16787003610108303,0.8321299638989169,439,0.30776173285198555,0.296028880866426,0.39620938628158847
1103,37081,2510,1169,975,279,1341,2510,1.0,0.4657370517928287,0.5342629482071714,1256,0.3884462151394422,0.11115537848605578,0.500398406374502
1104,37081,1901,693,892,511,1208,1901,1.0,0.3645449763282483,0.6354550236717517,498,0.46922672277748556,0.26880589163598106,0.26196738558653343
1105,37081,2063,127,517,1180,1936,2063,1.0,0.06156083373727581,0.9384391662627242,366,0.2506059137178866,0.5719825496849249,0.17741153659718856
1106,37081,1737,404,465,401,1333,1737,1.0,0.23258491652274035,0.7674150834772596,871,0.26770293609671847,0.23085780080598733,0.5014392630972941
1107,37081,1624,240,420,606,1384,1624,1.0,0.1477832512315271,0.8522167487684729,598,0.25862068965517243,0.3731527093596059,0.3682266009852217
1108,37081,2665,94,316,1438,2571,2665,1.0,0.03527204502814259,0.9647279549718574,911,0.11857410881801125,0.5395872420262664,0.3418386491557223
1109,37081,2318,928,990,526,1390,2318,1.0,0.4003451251078516,0.5996548748921484,802,0.4270923209663503,0.2269197584124245,0.3459879206212252
1110,37081,1162,146,367,512,1016,1162,1.0,0.12564543889845095,0.8743545611015491,283,0.3158347676419966,0.4406196213425129,0.24354561101549052
1111,37081,2656,331,864,1238,2325,2656,1.0,0.12462349397590361,0.8753765060240963,554,0.3253012048192771,0.4661144578313253,0.2085843373493976
1112,37081,1591,330,462,426,1261,1591,1.0,0.20741671904462602,0.792583280955374,703,0.2903834066624764,0.2677561282212445,0.4418604651162791
1113,37081,1360,55,285,800,1305,1360,1.0,0.04044117647058824,0.9595588235294118,275,0.20955882352941177,0.5882352941176471,0.20220588235294118
1114,37081,2286,360,697,1209,1926,2286,1.0,0.15748031496062992,0.84251968503937,380,0.30489938757655294,0.5288713910761155,0.1662292213473316
1115,37081,2400,1630,1474,326,770,2400,1.0,0.6791666666666667,0.32083333333333336,600,0.6141666666666666,0.13583333333333333,0.25
1116,37081,1748,117,452,957,1631,1748,1.0,0.06693363844393593,0.933066361556064,339,0.2585812356979405,0.5474828375286042,0.19393592677345536
1117,37081,1601,183,368,653,1418,1601,1.0,0.11430356027482823,0.8856964397251718,580,0.22985633978763273,0.40787008119925044,0.3622735790131168
1118,37081,1626,216,614,766,1410,1626,1.0,0.13284132841328414,0.8671586715867159,246,0.37761377613776137,0.4710947109471095,0.15129151291512916
1119,37081,2068,1188,1111,253,880,2068,1.0,0.574468085106383,0.425531914893617,704,0.5372340425531915,0.12234042553191489,0.3404255319148936
1120,37081,3654,1860,1943,780,1794,3654,1.0,0.5090311986863711,0.4909688013136289,931,0.5317460317460317,0.2134646962233169,0.2547892720306513
1121,37081,1860,870,770,192,990,1860,1.0,0.46774193548387094,0.532258064516129,898,0.41397849462365593,0.1032258064516129,0.4827956989247312
1122,37081,1863,261,680,849,1602,1863,1.0,0.14009661835748793,0.8599033816425121,334,0.36500268384326356,0.4557165861513688,0.17928073000536768
1123,37081,1858,273,580,835,1585,1858,1.0,0.14693218514531756,0.8530678148546824,443,0.31216361679224974,0.4494079655543595,0.23842841765339073
1124,37081,3276,2071,1565,213,1205,3276,1.0,0.6321733821733821,0.36782661782661785,1498,0.47771672771672774,0.06501831501831502,0.45726495726495725
1125,37081,3258,2421,1869,141,837,3258,1.0,0.7430939226519337,0.2569060773480663,1248,0.5736648250460405,0.0432780847145488,0.3830570902394107
1126,37081,2858,694,1037,609,2164,2858,1.0,0.24282715185444367,0.7571728481455563,1212,0.3628411476557033,0.21308607417774666,0.42407277816655004
1127,37081,2451,491,990,753,1960,2451,1.0,0.20032639738882088,0.7996736026111791,708,0.4039167686658507,0.3072215422276622,0.28886168910648713
1128,37081,2101,858,912,270,1243,2101,1.0,0.4083769633507853,0.5916230366492147,919,0.43407900999524035,0.12851023322227512,0.43741075678248453
1129,37081,2300,342,707,1017,1958,2300,1.0,0.14869565217391303,0.851304347826087,576,0.3073913043478261,0.44217391304347825,0.25043478260869567
1130,37081,1852,1573,1147,88,279,1852,1.0,0.8493520518358532,0.15064794816414687,617,0.6193304535637149,0.047516198704103674,0.3331533477321814
1131,37081,2191,1016,1248,208,1175,2191,1.0,0.4637151985394797,0.5362848014605203,735,0.5696029210406207,0.09493382017343678,0.3354632587859425
1132,37081,3114,1128,886,275,1986,3114,1.0,0.3622350674373796,0.6377649325626205,1953,0.2845215157353886,0.08831085420680797,0.6271676300578035
1133,37081,2715,1875,1128,138,840,2715,1.0,0.6906077348066298,0.30939226519337015,1449,0.4154696132596685,0.05082872928176796,0.5337016574585636
1134,37081,2645,1166,1058,281,1479,2645,1.0,0.44083175803402647,0.5591682419659736,1306,0.4,0.10623818525519849,0.4937618147448015
1135,37081,4195,539,1362,1556,3656,4195,1.0,0.12848629320619787,0.8715137067938021,1277,0.32467222884386177,0.3709177592371871,0.3044100119189511
1136,37081,3201,429,1028,1554,2772,3201,1.0,0.13402061855670103,0.865979381443299,619,0.3211496407372696,0.4854732895970009,0.19337706966572946
1137,37081,4151,1272,1727,1016,2879,4151,1.0,0.3064321850156589,0.6935678149843412,1408,0.4160443266682727,0.24476029872319924,0.33919537460852806
1138,37081,1688,383,588,361,1305,1688,1.0,0.2268957345971564,0.7731042654028436,739,0.34834123222748814,0.21386255924170616,0.4377962085308057
1139,37081,3217,1995,2252,489,1222,3217,1.0,0.6201429903636929,0.37985700963630714,476,0.7000310848616723,0.15200497357786757,0.14796394156046005
1140,37081,1694,1565,1061,34,129,1694,1.0,0.9238488783943329,0.07615112160566706,599,0.6263282172373081,0.020070838252656435,0.35360094451003543
1141,37081,1814,348,638,758,1466,1814,1.0,0.1918412348401323,0.8081587651598677,418,0.35170893054024255,0.4178610804851158,0.23042998897464168
1142,37081,2466,297,729,929,2169,2466,1.0,0.12043795620437957,0.8795620437956204,808,0.2956204379562044,0.3767234387672344,0.32765612327656124
1143,37081,4182,1790,1547,352,2392,4182,1.0,0.42802486848397897,0.5719751315160211,2283,0.3699186991869919,0.08417025346724055,0.5459110473457676
1144,37081,2391,802,797,336,1589,2391,1.0,0.3354245085738185,0.6645754914261816,1258,0.3333333333333333,0.14052697616060225,0.5261396905060645
1145,37081,2089,1974,1503,39,115,2089,1.0,0.9449497367161321,0.05505026328386788,547,0.7194830062230733,0.018669219722355194,0.26184777405457155
1146,37083,456,265,175,107,191,456,1.0,0.581140350877193,0.41885964912280704,174,0.38377192982456143,0.23464912280701755,0.3815789473684211
1147,37083,404,272,199,59,132,404,1.0,0.6732673267326733,0.32673267326732675,146,0.49257425742574257,0.14603960396039603,0.3613861386138614
1148,37083,1388,1156,701,132,232,1388,1.0,0.8328530259365994,0.16714697406340057,555,0.5050432276657061,0.09510086455331412,0.39985590778097985
1149,37083,1821,1570,856,98,251,1821,1.0,0.8621636463481603,0.13783635365183966,867,0.4700713893465129,0.053816584294343765,0.47611202635914335
1150,37083,1251,935,641,122,316,1251,1.0,0.7474020783373302,0.25259792166266987,488,0.5123900879296562,0.09752198241406874,0.390087929656275
1151,37083,1416,531,388,397,885,1416,1.0,0.375,0.625,631,0.2740112994350282,0.2803672316384181,0.4456214689265537
1152,37083,2413,1696,677,204,717,2413,1.0,0.7028595109821799,0.29714048901782014,1532,0.28056361375880645,0.08454206382096975,0.6348943224202238
1153,37083,2515,1100,1265,193,1415,2515,1.0,0.43737574552683894,0.562624254473161,1057,0.5029821073558648,0.07673956262425448,0.42027833001988074
1154,37083,1724,1143,841,255,581,1724,1.0,0.6629930394431555,0.33700696055684454,628,0.48781902552204176,0.14791183294663574,0.3642691415313225
1155,37083,1591,415,453,593,1176,1591,1.0,0.2608422375864236,0.7391577624135763,545,0.28472658705216847,0.3727215587680704,0.34255185417976114
1156,37083,1369,1112,844,120,257,1369,1.0,0.8122717311906501,0.1877282688093499,405,0.6165084002921841,0.08765522279035792,0.295836376917458
1157,37083,467,230,189,95,237,467,1.0,0.4925053533190578,0.5074946466809421,183,0.40471092077087795,0.20342612419700215,0.39186295503211993
1158,37083,1071,343,258,316,728,1071,1.0,0.3202614379084967,0.6797385620915033,497,0.24089635854341737,0.2950513538748833,0.46405228758169936
1159,37083,2804,784,674,1045,2020,2804,1.0,0.2796005706134094,0.7203994293865906,1085,0.24037089871611983,0.3726818830242511,0.3869472182596291
1160,37083,2725,864,712,1011,1861,2725,1.0,0.31706422018348623,0.6829357798165138,1002,0.2612844036697248,0.3710091743119266,0.36770642201834863
1161,37083,503,108,94,114,395,503,1.0,0.2147117296222664,0.7852882703777336,295,0.18687872763419483,0.22664015904572565,0.5864811133200796
1162,37083,1211,137,234,495,1074,1211,1.0,0.11312964492155243,0.8868703550784476,482,0.19322873658133774,0.4087530966143683,0.39801816680429397
1163,37083,1008,77,187,485,931,1008,1.0,0.0763888888888889,0.9236111111111112,336,0.18551587301587302,0.48115079365079366,0.3333333333333333
1164,37083,1134,271,214,383,863,1134,1.0,0.23897707231040563,0.7610229276895943,537,0.18871252204585537,0.3377425044091711,0.47354497354497355
1165,37083,1076,145,232,354,931,1076,1.0,0.13475836431226765,0.8652416356877324,490,0.21561338289962825,0.32899628252788105,0.45539033457249073
1166,37083,1403,867,544,188,536,1403,1.0,0.6179615110477548,0.3820384889522452,671,0.38774055595153245,0.13399857448325017,0.4782608695652174
1167,37083,1349,554,273,423,795,1349,1.0,0.4106745737583395,0.5893254262416605,653,0.20237212750185324,0.31356560415122314,0.4840622683469237
1168,37083,3076,1808,1335,490,1268,3076,1.0,0.58777633289987,0.41222366710013003,1251,0.4340052015604681,0.15929778933680103,0.4066970091027308
1169,37083,1650,1513,723,259,137,1650,1.0,0.916969696969697,0.08303030303030302,668,0.4381818181818182,0.15696969696969698,0.40484848484848485
1170,37083,1256,560,527,189,696,1256,1.0,0.445859872611465,0.554140127388535,540,0.4195859872611465,0.15047770700636942,0.4299363057324841
1171,37083,1098,826,465,148,272,1098,1.0,0.7522768670309654,0.24772313296903462,485,0.42349726775956287,0.13479052823315119,0.44171220400728595
1172,37083,629,359,237,79,270,629,1.0,0.5707472178060413,0.4292527821939587,313,0.3767885532591415,0.12559618441971382,0.49761526232114467
1173,37083,2402,1550,1017,369,852,2402,1.0,0.6452955870108243,0.3547044129891757,1016,0.4233971690258118,0.15362198168193172,0.42298084929225643
1174,37083,539,299,196,98,240,539,1.0,0.5547309833024119,0.4452690166975881,245,0.36363636363636365,0.18181818181818182,0.45454545454545453
1175,37083,324,255,117,58,69,324,1.0,0.7870370370370371,0.21296296296296297,149,0.3611111111111111,0.17901234567901234,0.45987654320987653
1176,37085,2829,1380,1007,798,1449,2829,1.0,0.4878048780487805,0.5121951219512195,1024,0.3559561682573347,0.28207847295864263,0.36196535878402264
1177,37085,7938,910,1072,2988,7028,7938,1.0,0.1146384479717813,0.8853615520282186,3878,0.13504661123708742,0.3764172335600907,0.48853615520282184
1178,37085,6429,1020,1162,2123,5409,6429,1.0,0.15865608959402708,0.8413439104059729,3144,0.18074350598848965,0.3302224296158034,0.48903406439570696
1179,37085,4317,1737,1121,1228,2580,4317,1.0,0.40236275191104937,0.5976372480889507,1968,0.25967106787120686,0.2844567987028029,0.45587213342599026
1180,37085,5648,1387,1165,2027,4261,5648,1.0,0.24557365439093484,0.7544263456090652,2456,0.20626770538243627,0.3588881019830028,0.4348441926345609
1181,37085,8885,1740,2025,2877,7145,8885,1.0,0.19583567810917277,0.8041643218908272,3983,0.22791221159257175,0.32380416432189085,0.4482836240855374
1182,37085,7594,1058,1673,2802,6536,7594,1.0,0.13932051619699762,0.8606794838030024,3119,0.22030550434553595,0.3689755069791941,0.41071898867526996
1183,37085,4620,630,822,1788,3990,4620,1.0,0.13636363636363635,0.8636363636363636,2010,0.17792207792207793,0.38701298701298703,0.43506493506493504
1184,37085,3944,1538,869,709,2406,3944,1.0,0.38995943204868155,0.6100405679513184,2366,0.2203346855983773,0.17976673427991888,0.5998985801217038
1185,37085,7010,1631,1339,1799,5379,7010,1.0,0.2326676176890157,0.7673323823109843,3872,0.19101283880171185,0.25663338088445076,0.5523537803138374
1186,37085,6218,840,917,1635,5378,6218,1.0,0.13509166934705694,0.864908330652943,3666,0.14747507237053714,0.26294628497909295,0.5895786426503699
1187,37085,11860,2206,2623,3773,9654,11860,1.0,0.18600337268128161,0.8139966273187184,5464,0.22116357504215853,0.3181281618887015,0.46070826306914
1188,37085,5559,560,1026,2758,4999,5559,1.0,0.10073754272351142,0.8992624572764886,1775,0.18456556934700485,0.4961323979132938,0.31930203273970137
1189,37087,29,0,7,10,29,29,1.0,0.0,1.0,12,0.2413793103448276,0.3448275862068966,0.41379310344827586
1190,37087,2411,21,479,853,2390,2411,1.0,0.008710078805474907,0.9912899211945251,1079,0.1986727498963086,0.35379510576524265,0.4475321443384488
1191,37087,3260,17,898,1553,3243,3260,1.0,0.005214723926380368,0.9947852760736197,809,0.2754601226993865,0.47638036809815953,0.248159509202454
1192,37087,889,1,273,357,888,889,1.0,0.0011248593925759281,0.9988751406074241,259,0.30708661417322836,0.4015748031496063,0.29133858267716534
1193,37087,1370,2,266,452,1368,1370,1.0,0.00145985401459854,0.9985401459854014,652,0.19416058394160585,0.32992700729927005,0.4759124087591241
1194,37087,3319,11,754,1251,3308,3319,1.0,0.0033142512805061767,0.9966857487194938,1314,0.22717686050015065,0.3769207592648388,0.39590238023501056
1195,37087,1962,75,546,607,1887,1962,1.0,0.0382262996941896,0.9617737003058104,809,0.2782874617737003,0.30937818552497454,0.4123343527013252
1196,37087,2199,38,688,801,2161,2199,1.0,0.017280582082764895,0.9827194179172352,710,0.3128694861300591,0.36425648021828105,0.32287403365165984
1197,37087,326,0,84,110,326,326,1.0,0.0,1.0,132,0.25766871165644173,0.3374233128834356,0.4049079754601227
1198,37087,1839,14,435,606,1825,1839,1.0,0.0076128330614464385,0.9923871669385536,798,0.2365415986949429,0.3295269168026101,0.433931484502447
1199,37087,1744,2,622,648,1742,1744,1.0,0.0011467889908256881,0.9988532110091743,474,0.356651376146789,0.37155963302752293,0.2717889908256881
1200,37087,2151,4,529,827,2147,2151,1.0,0.0018596001859600185,0.99814039981404,795,0.24593212459321245,0.38447233844723383,0.3695955369595537
1201,37087,1358,3,188,544,1355,1358,1.0,0.0022091310751104565,0.9977908689248896,626,0.13843888070692195,0.4005891016200295,0.46097201767304863
1202,37087,1483,6,226,537,1477,1483,1.0,0.004045853000674309,0.9959541469993257,720,0.1523937963587323,0.36210384356035064,0.4855023600809171
1203,37087,2972,7,495,1282,2965,2972,1.0,0.0023553162853297443,0.9976446837146703,1195,0.16655450874831762,0.4313593539703903,0.40208613728129206
1204,37087,824,1,162,304,823,824,1.0,0.0012135922330097086,0.9987864077669902,358,0.1966019417475728,0.36893203883495146,0.4344660194174757
1205,37087,1288,2,213,554,1286,1288,1.0,0.0015527950310559005,0.9984472049689441,521,0.1653726708074534,0.4301242236024845,0.4045031055900621
1206,37087,2633,29,607,947,2604,2633,1.0,0.011014052411697683,0.9889859475883023,1079,0.23053551082415497,0.3596657804785416,0.40979870869730345
1207,37087,1639,6,468,577,1633,1639,1.0,0.0036607687614399025,0.99633923123856,594,0.2855399633923124,0.3520439292251373,0.3624161073825503
1208,37087,1925,147,489,658,1778,1925,1.0,0.07636363636363637,0.9236363636363636,778,0.25402597402597404,0.3418181818181818,0.40415584415584416
1209,37087,411,1,56,228,410,411,1.0,0.0024330900243309003,0.9975669099756691,127,0.1362530413625304,0.5547445255474452,0.30900243309002434
1210,37087,2150,19,400,835,2131,2150,1.0,0.008837209302325582,0.9911627906976744,915,0.18604651162790697,0.3883720930232558,0.4255813953488372
1211,37087,1265,1,203,581,1264,1265,1.0,0.0007905138339920949,0.9992094861660079,481,0.16047430830039525,0.4592885375494071,0.38023715415019765
1212,37087,1417,37,256,339,1380,1417,1.0,0.02611150317572336,0.9738884968242767,822,0.1806633733239238,0.2392378263937897,0.5800988002822866
1213,37087,2293,3,573,811,2290,2293,1.0,0.0013083296990841692,0.9986916703009159,909,0.24989097252507633,0.3536851286524204,0.3964238988225033
1214,37087,1389,1,432,611,1388,1389,1.0,0.0007199424046076314,0.9992800575953924,346,0.31101511879049676,0.4398848092152628,0.24910007199424047
1215,37087,1765,8,343,733,1757,1765,1.0,0.004532577903682719,0.9954674220963173,689,0.1943342776203966,0.41529745042492916,0.3903682719546742
1216,37087,989,28,224,184,961,989,1.0,0.028311425682507583,0.9716885743174924,581,0.22649140546006066,0.18604651162790697,0.5874620829120324
1217,37087,201,0,34,72,201,201,1.0,0.0,1.0,95,0.1691542288557214,0.3582089552238806,0.472636815920398
1218,37089,3189,76,728,1546,3113,3189,1.0,0.02383192223267482,0.9761680777673252,915,0.22828472875509564,0.4847914706804641,0.2869238005644403
1219,37089,2899,14,730,1567,2885,2899,1.0,0.004829251466022766,0.9951707485339772,602,0.25181096929975855,0.5405312176612626,0.20765781303897896
1220,37089,3755,50,834,1651,3705,3755,1.0,0.013315579227696404,0.9866844207723036,1270,0.22210386151797604,0.4396804260985353,0.3382157123834887
1221,37089,904,9,230,368,895,904,1.0,0.00995575221238938,0.9900442477876106,306,0.25442477876106195,0.40707964601769914,0.33849557522123896
1222,37089,3056,272,901,788,2784,3056,1.0,0.08900523560209424,0.9109947643979057,1367,0.29482984293193715,0.25785340314136124,0.44731675392670156
1223,37089,4413,164,1196,1664,4249,4413,1.0,0.03716292771357353,0.9628370722864265,1553,0.271017448447768,0.37706775436211193,0.3519147971901201
1224,37089,2922,71,452,1192,2851,2922,1.0,0.0242984257357974,0.9757015742642026,1278,0.15468856947296372,0.4079397672826831,0.43737166324435317
1225,37089,3073,17,468,1434,3056,3073,1.0,0.005532053368044257,0.9944679466319557,1171,0.15229417507321835,0.4666449723397332,0.38106085258704847
1226,37089,2464,44,542,1114,2420,2464,1.0,0.017857142857142856,0.9821428571428571,808,0.21996753246753248,0.45211038961038963,0.32792207792207795
1227,37089,1860,53,294,550,1807,1860,1.0,0.02849462365591398,0.9715053763440861,1016,0.15806451612903225,0.2956989247311828,0.546236559139785
1228,37089,2514,112,851,839,2402,2514,1.0,0.04455051710421639,0.9554494828957836,824,0.33850437549721557,0.3337311058074781,0.32776451869530626
1229,37089,925,166,313,507,759,925,1.0,0.17945945945945946,0.8205405405405405,105,0.33837837837837836,0.5481081081081081,0.11351351351351352
1230,37089,2630,6,439,1332,2624,2630,1.0,0.0022813688212927757,0.9977186311787072,859,0.16692015209125474,0.5064638783269962,0.32661596958174904
1231,37089,2750,46,574,1151,2704,2750,1.0,0.016727272727272726,0.9832727272727273,1025,0.20872727272727273,0.41854545454545455,0.37272727272727274
1232,37089,2972,62,759,1348,2910,2972,1.0,0.02086137281292059,0.9791386271870794,865,0.2553835800807537,0.4535666218034993,0.291049798115747
1233,37089,2600,22,577,1272,2578,2600,1.0,0.008461538461538461,0.9915384615384616,751,0.22192307692307692,0.48923076923076925,0.28884615384615386
1234,37089,2636,6,999,1588,2630,2636,1.0,0.002276176024279211,0.9977238239757208,49,0.37898330804248864,0.6024279210925645,0.01858877086494689
1235,37089,3758,27,765,1781,3731,3758,1.0,0.007184672698243746,0.9928153273017563,1212,0.2035657264502395,0.47392229909526346,0.3225119744544971
1236,37089,1257,7,243,588,1250,1257,1.0,0.005568814638027049,0.994431185361973,426,0.19331742243436753,0.4677804295942721,0.33890214797136037
1237,37089,1825,22,628,926,1803,1825,1.0,0.012054794520547946,0.9879452054794521,271,0.3441095890410959,0.5073972602739726,0.14849315068493152
1238,37089,2234,68,542,814,2166,2234,1.0,0.03043867502238138,0.9695613249776186,878,0.24261414503133394,0.36436884512085943,0.39301700984780663
1239,37089,2327,14,644,1095,2313,2327,1.0,0.006016330038676407,0.9939836699613236,588,0.27675118177911473,0.4705629565964761,0.2526858616244091
1240,37089,2169,29,474,938,2140,2169,1.0,0.013370216689718764,0.9866297833102813,757,0.21853388658367912,0.43245735361917936,0.3490087597971415
1241,37089,2046,20,619,977,2026,2046,1.0,0.009775171065493646,0.9902248289345064,450,0.30254154447702836,0.47751710654936463,0.21994134897360704
1242,37089,1821,27,651,720,1794,1821,1.0,0.014827018121911038,0.985172981878089,450,0.357495881383855,0.3953871499176277,0.2471169686985173
1243,37089,1741,30,379,650,1711,1741,1.0,0.01723147616312464,0.9827685238368754,712,0.2176909821941413,0.3733486502010339,0.4089603676048248
1244,37089,991,1,237,418,990,991,1.0,0.0010090817356205853,0.9989909182643795,336,0.2391523713420787,0.42179616548940463,0.33905146316851664
1245,37089,3097,121,466,1076,2976,3097,1.0,0.039070067807555696,0.9609299321924443,1555,0.1504681950274459,0.3474329996771069,0.5020988052954473
1246,37089,1479,62,288,565,1417,1479,1.0,0.04192021636240703,0.9580797836375929,626,0.1947261663286004,0.3820148749154834,0.4232589587559162
1247,37089,1467,52,226,472,1415,1467,1.0,0.0354464894342195,0.9645535105657805,769,0.15405589638718473,0.321745057941377,0.5241990456714383
1248,37089,3481,417,992,993,3064,3481,1.0,0.11979316288422867,0.8802068371157713,1496,0.2849755817293881,0.2852628555012927,0.42976156276931915
1249,37089,4813,59,671,1773,4754,4813,1.0,0.012258466652815292,0.9877415333471847,2369,0.13941408684811968,0.3683773114481612,0.4922086017037191
1250,37089,2180,129,436,704,2051,2180,1.0,0.05917431192660551,0.9408256880733945,1040,0.2,0.3229357798165138,0.47706422018348627
1251,37089,2533,45,645,1085,2488,2533,1.0,0.017765495459928938,0.9822345045400711,803,0.25463876825898146,0.4283458349782866,0.31701539676273194
1252,37091,517,198,163,152,319,517,1.0,0.3829787234042553,0.6170212765957447,202,0.3152804642166344,0.2940038684719536,0.390715667311412
1253,37091,692,475,303,78,217,692,1.0,0.6864161849710982,0.31358381502890176,311,0.43786127167630057,0.11271676300578035,0.44942196531791906
1254,37091,2695,1714,615,228,981,2695,1.0,0.6359925788497217,0.3640074211502783,1852,0.22820037105751392,0.08460111317254175,0.6871985157699444
1255,37091,1163,658,414,220,505,1163,1.0,0.5657781599312124,0.4342218400687876,529,0.35597592433361996,0.18916595012897677,0.4548581255374033
1256,37091,1461,888,576,209,573,1461,1.0,0.6078028747433265,0.3921971252566735,676,0.3942505133470226,0.1430527036276523,0.46269678302532513
1257,37091,529,415,250,48,114,529,1.0,0.7844990548204159,0.21550094517958412,231,0.4725897920604915,0.09073724007561437,0.43667296786389415
1258,37091,3348,2036,1189,454,1312,3348,1.0,0.6081242532855436,0.3918757467144564,1705,0.3551373954599761,0.13560334528076465,0.5092592592592593
1259,37091,2412,1239,911,417,1173,2412,1.0,0.513681592039801,0.486318407960199,1084,0.3776948590381426,0.17288557213930347,0.4494195688225539
1260,37091,1036,543,309,257,493,1036,1.0,0.5241312741312741,0.47586872586872586,470,0.2982625482625483,0.24806949806949807,0.45366795366795365
1261,37091,2548,1230,702,566,1318,2548,1.0,0.4827315541601256,0.5172684458398744,1280,0.2755102040816326,0.22213500784929358,0.5023547880690737
1262,37091,1442,1281,832,58,161,1442,1.0,0.8883495145631068,0.11165048543689321,552,0.5769764216366158,0.04022191400832178,0.3828016643550624
1263,37091,924,533,347,151,391,924,1.0,0.5768398268398268,0.4231601731601732,426,0.37554112554112556,0.1634199134199134,0.461038961038961
1264,37091,705,127,98,277,578,705,1.0,0.18014184397163122,0.8198581560283688,330,0.13900709219858157,0.39290780141843973,0.46808510638297873
1265,37093,518,125,112,106,393,518,1.0,0.2413127413127413,0.7586872586872587,300,0.21621621621621623,0.20463320463320464,0.5791505791505791
1266,37093,2676,652,637,415,2024,2676,1.0,0.2436472346786248,0.7563527653213752,1624,0.23804185351270554,0.15508221225710014,0.6068759342301944
1267,37093,3886,1670,1276,512,2216,3886,1.0,0.4297478126608338,0.5702521873391663,2098,0.3283582089552239,0.13175501801338138,0.5398867730313948
1268,37093,1151,453,313,252,698,1151,1.0,0.3935708079930495,0.6064291920069504,586,0.2719374456993918,0.21894005212858383,0.5091225021720244
1269,37093,10292,3134,3266,2579,7158,10292,1.0,0.3045083560046638,0.6954916439953361,4447,0.31733385153517296,0.2505829770695686,0.4320831713952585
1270,37093,1986,694,467,469,1292,1986,1.0,0.34944612286002014,0.6505538771399798,1050,0.2351460221550856,0.23615307150050352,0.5287009063444109
1271,37093,1477,328,299,522,1149,1477,1.0,0.22207176709546378,0.7779282329045363,656,0.2024373730534868,0.35341909275558564,0.44414353419092756
1272,37093,4008,811,785,1340,3197,4008,1.0,0.20234530938123751,0.7976546906187625,1883,0.19585828343313375,0.3343313373253493,0.469810379241517
1273,37093,1147,420,338,188,727,1147,1.0,0.36617262423714037,0.6338273757628596,621,0.2946817785527463,0.16390584132519617,0.5414123801220575
1274,37093,1761,811,645,347,950,1761,1.0,0.4605337876206701,0.5394662123793299,769,0.36626916524701875,0.1970471323111868,0.43668370244179444
1275,37093,742,685,486,18,57,742,1.0,0.9231805929919138,0.07681940700808626,238,0.6549865229110512,0.02425876010781671,0.32075471698113206
1276,37093,2036,886,648,548,1150,2036,1.0,0.4351669941060904,0.5648330058939096,840,0.3182711198428291,0.2691552062868369,0.412573673870334
1277,37093,1087,359,289,373,728,1087,1.0,0.33026678932842685,0.6697332106715731,425,0.265869365225391,0.34314627414903404,0.39098436062557496
1278,37095,421,20,19,183,401,421,1.0,0.047505938242280284,0.9524940617577197,219,0.04513064133016627,0.4346793349168646,0.5201900237529691
1279,37095,751,10,356,177,741,751,1.0,0.013315579227696404,0.9866844207723036,218,0.474034620505992,0.23568575233022637,0.29027962716378164
1280,37095,761,274,136,199,487,761,1.0,0.3600525624178712,0.6399474375821288,426,0.17871222076215507,0.2614980289093298,0.5597897503285151
1281,37095,1109,635,88,145,474,1109,1.0,0.5725879170423805,0.42741208295761945,876,0.0793507664562669,0.13074842200180342,0.7899008115419297
1282,37095,445,160,88,159,285,445,1.0,0.3595505617977528,0.6404494382022472,198,0.19775280898876405,0.35730337078651686,0.4449438202247191
1283,37095,640,172,107,224,468,640,1.0,0.26875,0.73125,309,0.1671875,0.35,0.4828125
1284,37095,607,283,155,157,324,607,1.0,0.46622734761120266,0.5337726523887973,295,0.2553542009884679,0.2586490939044481,0.48599670510708404
1285,37097,2911,367,509,1255,2544,2911,1.0,0.12607351425626934,0.8739264857437307,1147,0.17485400206114737,0.4311233253177602,0.3940226726210924
1286,37097,5249,360,941,2602,4889,5249,1.0,0.06858449228424462,0.9314155077157554,1706,0.17927224233187275,0.4957134692322347,0.32501428843589253
1287,37097,1402,30,157,730,1372,1402,1.0,0.021398002853067047,0.978601997146933,515,0.11198288159771755,0.5206847360912982,0.3673323823109843
1288,37097,4825,425,754,2218,4400,4825,1.0,0.08808290155440414,0.9119170984455959,1853,0.15626943005181348,0.45968911917098443,0.3840414507772021
1289,37097,2006,84,207,1089,1922,2006,1.0,0.04187437686939183,0.9581256231306082,710,0.10319042871385843,0.5428713858424726,0.353938185443669
1290,37097,2911,381,479,1061,2530,2911,1.0,0.1308828581243559,0.8691171418756442,1371,0.16454826520096186,0.36447956028856066,0.4709721745104775
1291,37097,4102,121,941,2165,3981,4102,1.0,0.029497805948317895,0.9705021940516821,996,0.2294002925402243,0.5277913213066797,0.24280838615309605
1292,37097,1406,106,144,663,1300,1406,1.0,0.07539118065433854,0.9246088193456614,599,0.10241820768136557,0.47155049786628733,0.4260312944523471
1293,37097,5253,398,710,2352,4855,5253,1.0,0.07576622882162574,0.9242337711783742,2191,0.13516086046068912,0.4477441462021702,0.4170949933371407
1294,37097,1671,36,155,838,1635,1671,1.0,0.02154398563734291,0.9784560143626571,678,0.09275882704967085,0.5014961101137043,0.40574506283662476
1295,37097,1295,4,134,686,1291,1295,1.0,0.003088803088803089,0.9969111969111969,475,0.10347490347490347,0.5297297297297298,0.3667953667953668
1296,37097,3566,334,474,1192,3232,3566,1.0,0.09366236679753225,0.9063376332024677,1900,0.13292204150308468,0.33426808749298936,0.532809871003926
1297,37097,3415,218,382,1661,3197,3415,1.0,0.06383601756954611,0.9361639824304538,1372,0.11185944363103953,0.4863836017569546,0.40175695461200583
1298,37097,3695,1593,1155,864,2102,3695,1.0,0.4311231393775372,0.5688768606224628,1676,0.3125845737483085,0.23382949932341002,0.4535859269282815
1299,37097,4018,1771,1230,854,2247,4018,1.0,0.44076655052264807,0.5592334494773519,1934,0.30612244897959184,0.21254355400696864,0.48133399701343954
1300,37097,4273,667,976,1577,3606,4273,1.0,0.15609641937748656,0.8439035806225135,1720,0.2284109524923941,0.36906154926281304,0.4025274982447929
1301,37097,3587,952,1015,1003,2635,3587,1.0,0.26540284360189575,0.7345971563981043,1569,0.2829662670755506,0.2796208530805687,0.43741287984388066
1302,37097,3470,672,890,1171,2798,3470,1.0,0.1936599423631124,0.8063400576368877,1409,0.2564841498559078,0.33746397694524494,0.4060518731988473
1303,37097,3401,170,432,1626,3231,3401,1.0,0.049985298441634816,0.9500147015583652,1343,0.1270214642752132,0.4780946780358718,0.39488385768891504
1304,37097,3447,706,863,1036,2741,3447,1.0,0.20481578183928054,0.7951842181607195,1548,0.2503626341746446,0.3005512039454598,0.4490861618798956
1305,37097,5832,471,1349,2637,5361,5832,1.0,0.08076131687242798,0.9192386831275721,1846,0.23131001371742113,0.4521604938271605,0.3165294924554184
1306,37097,3806,50,673,2199,3756,3806,1.0,0.013137151865475564,0.9868628481345244,934,0.1768260641093011,0.5777719390436153,0.24540199684708355
1307,37097,7314,127,1791,4819,7187,7314,1.0,0.017363959529669126,0.9826360404703308,704,0.24487284659557013,0.6588733934919333,0.09625375991249659
1308,37097,6582,309,1336,2733,6273,6582,1.0,0.04694621695533273,0.9530537830446673,2513,0.20297781829231237,0.41522333637192343,0.3817988453357642
1309,37097,6444,1098,1395,2233,5346,6444,1.0,0.17039106145251395,0.8296089385474861,2816,0.2164804469273743,0.34652389819987583,0.43699565487274983
1310,37097,5764,168,1466,3729,5596,5764,1.0,0.02914642609299098,0.970853573907009,569,0.2543372657876475,0.6469465648854962,0.09871616932685635
1311,37097,7675,772,1679,3400,6903,7675,1.0,0.10058631921824104,0.899413680781759,2596,0.21876221498371334,0.44299674267100975,0.33824104234527685
1312,37097,6855,622,1366,3641,6233,6855,1.0,0.09073668854850474,0.9092633114514953,1848,0.19927060539752006,0.5311451495258935,0.26958424507658646
1313,37097,2677,517,584,1091,2160,2677,1.0,0.19312663429211804,0.8068733657078819,1002,0.21815465072842735,0.4075457601793052,0.37429958909226746
1314,37099,4553,22,877,939,4531,4553,1.0,0.004831978915001098,0.9951680210849989,2737,0.19262025038436195,0.20623764550845597,0.601142104107182
1315,37099,1698,8,400,867,1690,1698,1.0,0.004711425206124852,0.9952885747938751,431,0.23557126030624265,0.5106007067137809,0.25382803297997647
1316,37099,1825,1,326,808,1824,1825,1.0,0.000547945205479452,0.9994520547945206,691,0.17863013698630137,0.44273972602739725,0.3786301369863014
1317,37099,1485,8,298,554,1477,1485,1.0,0.0053872053872053875,0.9946127946127946,633,0.20067340067340067,0.37306397306397304,0.4262626262626263
1318,37099,1702,9,421,590,1693,1702,1.0,0.005287896592244419,0.9947121034077556,691,0.24735605170387778,0.34665099882491185,0.40599294947121034
1319,37099,1024,7,194,310,1017,1024,1.0,0.0068359375,0.9931640625,520,0.189453125,0.302734375,0.5078125
1320,37099,591,0,151,243,591,591,1.0,0.0,1.0,197,0.25549915397631134,0.41116751269035534,0.3333333333333333
1321,37099,2159,21,676,674,2138,2159,1.0,0.009726725335803613,0.9902732746641963,809,0.3131079203334877,0.3121815655396017,0.3747105141269106
1322,37099,1186,1,283,490,1185,1186,1.0,0.0008431703204047217,0.9991568296795953,413,0.23861720067453626,0.4131534569983137,0.3482293423271501
1323,37099,6562,95,1813,1711,6467,6562,1.0,0.014477293508076805,0.9855227064919232,3038,0.27628771715940265,0.26074367570862544,0.46296860713197197
1324,37099,8698,507,2123,1773,8191,8698,1.0,0.058289261899287195,0.9417107381007128,4802,0.2440790986433663,0.2038399632099333,0.5520809381467003
1325,37099,1147,6,296,403,1141,1147,1.0,0.0052310374891020054,0.994768962510898,448,0.25806451612903225,0.35135135135135137,0.3905841325196164
1326,37099,518,1,101,197,517,518,1.0,0.0019305019305019305,0.9980694980694981,220,0.19498069498069498,0.3803088803088803,0.4247104247104247
1327,37101,3336,1255,943,534,2081,3336,1.0,0.3761990407673861,0.6238009592326139,1859,0.282673860911271,0.16007194244604317,0.5572541966426858
1328,37101,3100,994,842,540,2106,3100,1.0,0.32064516129032256,0.6793548387096774,1718,0.27161290322580645,0.17419354838709677,0.5541935483870968
1329,37101,3446,792,717,1293,2654,3446,1.0,0.2298316889146837,0.7701683110853164,1436,0.2080673244341265,0.3752176436448056,0.4167150319210679
1330,37101,4164,445,1188,2211,3719,4164,1.0,0.1068683957732949,0.8931316042267051,765,0.28530259365994237,0.5309798270893372,0.18371757925072046
1331,37101,1681,205,240,678,1476,1681,1.0,0.12195121951219512,0.8780487804878049,763,0.14277215942891136,0.4033313503866746,0.453896490184414
1332,37101,3517,435,541,1522,3082,3517,1.0,0.12368495877168041,0.8763150412283196,1454,0.15382428205857265,0.43275518908160365,0.4134205288598237
1333,37101,3032,246,341,1428,2786,3032,1.0,0.08113456464379948,0.9188654353562006,1263,0.112467018469657,0.470976253298153,0.41655672823219
1334,37101,3178,828,826,744,2350,3178,1.0,0.2605412208936438,0.7394587791063562,1608,0.2599118942731278,0.2341095028319698,0.5059786028949025
1335,37101,5521,1064,1352,1731,4457,5521,1.0,0.19271871037855462,0.8072812896214454,2438,0.24488317333816337,0.3135301575801485,0.4415866690816881
1336,37101,4314,593,853,1659,3721,4314,1.0,0.13745943439962913,0.8625405656003708,1802,0.1977283263792304,0.38456189151599446,0.41770978210477516
1337,37101,4766,907,1488,1836,3859,4766,1.0,0.1903063365505665,0.8096936634494335,1442,0.312211498111624,0.38522870331514897,0.302559798573227
1338,37101,2129,238,280,876,1891,2129,1.0,0.11178957256928135,0.8882104274307187,973,0.13151714419915453,0.4114607797087835,0.457022076092062
1339,37101,6596,836,2277,3724,5760,6596,1.0,0.12674348089751364,0.8732565191024864,595,0.34520921770770163,0.564584596725288,0.09020618556701031
1340,37101,2659,240,439,1348,2419,2659,1.0,0.09025949605114705,0.909740503948853,872,0.16509966152688982,0.5069575028206093,0.32794283565250093
1341,37101,4043,1039,969,1380,3004,4043,1.0,0.25698738560474893,0.743012614395251,1694,0.2396735097699728,0.3413306950284442,0.418995795201583
1342,37101,1973,234,283,821,1739,1973,1.0,0.11860111505321845,0.8813988849467815,869,0.1434363912823112,0.4161175874303092,0.44044602128737964
1343,37101,2235,87,226,1120,2148,2235,1.0,0.038926174496644296,0.9610738255033557,889,0.10111856823266219,0.5011185682326622,0.3977628635346756
1344,37101,1312,214,193,573,1098,1312,1.0,0.16310975609756098,0.836890243902439,546,0.14710365853658536,0.4367378048780488,0.41615853658536583
1345,37101,2327,63,257,1339,2264,2327,1.0,0.027073485174043833,0.9729265148259562,731,0.11044262999570262,0.5754189944134078,0.3141383755908896
1346,37101,2305,305,282,788,2000,2305,1.0,0.13232104121475055,0.8676789587852495,1235,0.12234273318872017,0.3418655097613883,0.5357917570498916
1347,37101,2893,193,440,1238,2700,2893,1.0,0.06671275492568268,0.9332872450743174,1215,0.1520912547528517,0.4279294849637055,0.4199792602834428
1348,37101,1257,349,182,508,908,1257,1.0,0.27764518695306284,0.7223548130469372,567,0.14478918058870327,0.4041368337311058,0.4510739856801909
1349,37101,3120,367,412,1490,2753,3120,1.0,0.11762820512820513,0.8823717948717948,1218,0.13205128205128205,0.4775641025641026,0.3903846153846154
1350,37101,1424,273,270,586,1151,1424,1.0,0.19171348314606743,0.8082865168539326,568,0.1896067415730337,0.41151685393258425,0.398876404494382
1351,37101,1503,114,121,677,1389,1503,1.0,0.07584830339321358,0.9241516966067864,705,0.08050565535595476,0.4504324683965403,0.469061876247505
1352,37101,4290,293,1192,2615,3997,4290,1.0,0.0682983682983683,0.9317016317016317,483,0.2778554778554779,0.6095571095571095,0.11258741258741259
1353,37101,2793,280,561,1332,2513,2793,1.0,0.10025062656641603,0.899749373433584,900,0.200859291084855,0.47690655209452204,0.322234156820623
1354,37101,5759,565,1983,3775,5194,5759,1.099694423223835,0.09810731029692656,0.9018926897030735,1,0.34433061295363776,0.6554957457891996,0.00017364125716270185
1355,37101,6135,1352,1939,1941,4783,6135,1.0,0.22037489812550937,0.7796251018744906,2255,0.3160554197229014,0.31638141809290954,0.36756316218418905
1356,37101,4077,598,1380,1804,3479,4077,1.0,0.1466764778023056,0.8533235221976944,893,0.3384841795437822,0.4424822173166544,0.2190336031395634
1357,37101,4463,468,1334,2310,3995,4463,1.0,0.10486220031369034,0.8951377996863097,819,0.29890208380013444,0.5175890656509075,0.1835088505489581
1358,37101,2535,306,596,1294,2229,2535,1.0,0.12071005917159763,0.8792899408284024,645,0.23510848126232742,0.5104536489151874,0.25443786982248523
1359,37101,6742,621,1435,3466,6121,6742,1.0,0.0921091664194601,0.9078908335805399,1841,0.2128448531592999,0.514090774250964,0.273064372589736
1360,37101,3702,211,578,2011,3491,3702,1.0,0.056996218260399786,0.9430037817396002,1113,0.15613182063749326,0.5432198811453268,0.3006482982171799
1361,37101,2244,212,372,1039,2032,2244,1.0,0.0944741532976827,0.9055258467023173,833,0.1657754010695187,0.46301247771836007,0.3712121212121212
1362,37101,985,45,90,505,940,985,1.0,0.04568527918781726,0.9543147208121827,390,0.09137055837563451,0.5126903553299492,0.39593908629441626
1363,37101,2875,669,857,1241,2206,2875,1.0,0.23269565217391305,0.7673043478260869,777,0.2980869565217391,0.4316521739130435,0.2702608695652174
1364,37103,822,249,170,296,573,822,1.0,0.3029197080291971,0.6970802919708029,356,0.20681265206812652,0.36009732360097324,0.43309002433090027
1365,37103,521,61,60,281,460,521,1.0,0.11708253358925144,0.8829174664107485,180,0.11516314779270634,0.5393474088291746,0.345489443378119
1366,37103,2102,676,527,869,1426,2102,1.0,0.32159847764034255,0.6784015223596574,706,0.25071360608943866,0.4134157944814462,0.3358705994291151
1367,37103,1566,611,437,389,955,1566,1.0,0.3901660280970626,0.6098339719029374,740,0.2790549169859515,0.24840357598978288,0.4725415070242657
1368,37103,1538,759,652,460,779,1538,1.0,0.49349804941482445,0.5065019505851756,426,0.42392717815344605,0.29908972691807545,0.27698309492847856
1369,37103,689,67,70,325,622,689,1.0,0.09724238026124818,0.9027576197387518,294,0.10159651669085631,0.4716981132075472,0.42670537010159654
1370,37103,707,101,85,291,606,707,1.0,0.14285714285714285,0.8571428571428571,331,0.12022630834512023,0.4115983026874116,0.4681753889674682
1371,37105,5063,1016,1187,1669,4047,5063,1.0,0.20067153861347028,0.7993284613865297,2207,0.23444598064388703,0.3296464546711436,0.4359075646849694
1372,37105,8015,853,1980,3740,7162,8015,1.0,0.10642545227698066,0.8935745477230194,2295,0.24703680598877106,0.46662507797878977,0.2863381160324392
1373,37105,7643,1089,1697,2429,6554,7643,1.0,0.14248331806882114,0.8575166819311788,3517,0.2220332330236818,0.3178071437917048,0.4601596231846134
1374,37105,13299,4254,3787,2225,9045,13299,1.0,0.31987367471238437,0.6801263252876156,7287,0.284758252500188,0.1673058124671028,0.5479359350327092
1375,37105,8986,1033,1741,3472,7953,8986,1.0,0.11495659915423993,0.88504340084576,3773,0.19374582684175384,0.3863788114845315,0.41987536167371464
1376,37107,945,119,108,409,826,945,1.0,0.1259259259259259,0.8740740740740741,428,0.11428571428571428,0.4328042328042328,0.45291005291005293
1377,37107,1324,123,137,565,1201,1324,1.0,0.09290030211480363,0.9070996978851964,622,0.10347432024169184,0.42673716012084595,0.4697885196374622
1378,37107,3898,886,660,1418,3012,3898,1.0,0.22729604925602873,0.7727039507439712,1820,0.16931759876859928,0.3637762955361724,0.46690610569522834
1379,37107,1373,1230,527,27,143,1373,1.0,0.8958485069191552,0.10415149308084487,819,0.3838310269482884,0.019664967225054626,0.596504005826657
1380,37107,1941,403,339,787,1538,1941,1.0,0.2076249356002061,0.7923750643997939,815,0.17465224111282843,0.40546110252447193,0.4198866563626996
1381,37107,1564,150,166,740,1414,1564,1.0,0.0959079283887468,0.9040920716112532,658,0.10613810741687979,0.4731457800511509,0.42071611253196933
1382,37107,4572,781,796,2087,3791,4572,1.0,0.17082239720034995,0.82917760279965,1689,0.17410323709536307,0.45647419072615925,0.3694225721784777
1383,37107,4381,1772,1169,1288,2609,4381,1.0,0.4044738644145172,0.5955261355854827,1924,0.2668340561515636,0.29399680438256104,0.4391691394658754
1384,37107,2150,1702,978,230,448,2150,1.0,0.7916279069767442,0.20837209302325582,942,0.45488372093023255,0.10697674418604651,0.4381395348837209
1385,37107,1998,927,839,507,1071,1998,1.0,0.46396396396396394,0.536036036036036,652,0.4199199199199199,0.25375375375375375,0.3263263263263263
1386,37107,1242,1198,489,16,44,1242,1.0,0.964573268921095,0.03542673107890499,737,0.39371980676328505,0.01288244766505636,0.5933977455716586
1387,37107,2322,1929,1095,185,393,2322,1.0,0.8307493540051679,0.16925064599483206,1042,0.4715762273901809,0.07967269595176572,0.4487510766580534
1388,37107,3020,828,797,975,2192,3020,1.0,0.27417218543046357,0.7258278145695364,1248,0.2639072847682119,0.3228476821192053,0.41324503311258276
1389,37107,1118,1097,634,11,21,1118,1.0,0.981216457960644,0.018783542039355994,473,0.5670840787119857,0.009838998211091235,0.4230769230769231
1390,37107,1541,872,610,178,669,1541,1.0,0.5658663205710578,0.43413367942894227,753,0.3958468526930565,0.11550940947436729,0.48864373783257625
1391,37107,2709,1190,758,678,1519,2709,1.0,0.4392764857881137,0.5607235142118863,1273,0.2798080472499077,0.2502768549280177,0.4699150978220746
1392,37107,2724,1067,682,815,1657,2724,1.0,0.39170337738619676,0.6082966226138032,1227,0.25036710719530103,0.29919236417033773,0.45044052863436124
1393,37107,1177,66,99,546,1111,1177,1.0,0.056074766355140186,0.9439252336448598,532,0.08411214953271028,0.4638912489379779,0.4519966015293118
1394,37107,1282,69,122,693,1213,1282,1.0,0.05382215288611544,0.9461778471138845,467,0.09516380655226209,0.5405616224648986,0.36427457098283933
1395,37107,1622,925,670,228,697,1622,1.0,0.5702836004932182,0.42971639950678175,724,0.4130702836004932,0.1405672009864365,0.44636251541307026
1396,37107,1467,143,128,647,1324,1467,1.0,0.09747784594410361,0.9025221540558964,692,0.08725289706884799,0.44103612815269255,0.47171097477845947
1397,37107,793,60,82,365,733,793,1.0,0.07566204287515763,0.9243379571248423,346,0.1034047919293821,0.46027742749054223,0.43631778058007564
1398,37109,2558,94,388,1193,2464,2558,1.0,0.03674745895230649,0.9632525410476935,977,0.15168100078186084,0.46637998436278344,0.38193901485535575
1399,37109,2237,326,443,906,1911,2237,1.0,0.14573088958426464,0.8542691104157354,888,0.19803308001788109,0.40500670540902994,0.39696021457308894
1400,37109,2484,345,399,537,2139,2484,1.0,0.1388888888888889,0.8611111111111112,1548,0.1606280193236715,0.21618357487922704,0.6231884057971014
1401,37109,2002,85,287,893,1917,2002,1.0,0.042457542457542456,0.9575424575424576,822,0.14335664335664336,0.44605394605394605,0.41058941058941056
1402,37109,1584,26,204,665,1558,1584,1.0,0.016414141414141416,0.9835858585858586,715,0.12878787878787878,0.4198232323232323,0.4513888888888889
1403,37109,1783,105,290,731,1678,1783,1.0,0.05888951205832866,0.9411104879416713,762,0.16264722378014582,0.4099831744251262,0.427369601794728
1404,37109,1108,12,126,380,1096,1108,1.0,0.010830324909747292,0.9891696750902527,602,0.11371841155234658,0.34296028880866425,0.5433212996389891
1405,37109,2066,299,504,546,1767,2066,1.0,0.1447241045498548,0.8552758954501453,1016,0.24394966118102615,0.26427879961277834,0.49177153920619554
1406,37109,2770,53,406,1216,2717,2770,1.0,0.019133574007220218,0.9808664259927797,1148,0.14657039711191336,0.4389891696750903,0.4144404332129964
1407,37109,1755,249,461,532,1506,1755,1.0,0.14188034188034188,0.8581196581196581,762,0.26267806267806265,0.30313390313390315,0.4341880341880342
1408,37109,3020,70,332,1418,2950,3020,1.0,0.023178807947019868,0.9768211920529801,1270,0.10993377483443709,0.4695364238410596,0.4205298013245033
1409,37109,1108,94,222,617,1014,1108,1.0,0.08483754512635379,0.9151624548736462,269,0.2003610108303249,0.5568592057761733,0.2427797833935018
1410,37109,1764,28,192,632,1736,1764,1.0,0.015873015873015872,0.9841269841269841,940,0.10884353741496598,0.35827664399092973,0.5328798185941043
1411,37109,2905,40,365,1372,2865,2905,1.0,0.013769363166953529,0.9862306368330465,1168,0.12564543889845095,0.472289156626506,0.402065404475043
1412,37109,3812,101,873,2455,3711,3812,1.0,0.026495278069254984,0.973504721930745,484,0.2290136411332634,0.6440188877229801,0.12696747114375656
1413,37109,1471,25,150,656,1446,1471,1.0,0.01699524133242692,0.9830047586675731,665,0.10197144799456152,0.4459551325628824,0.4520734194425561
1414,37109,2823,112,559,1624,2711,2823,1.0,0.03967410556145944,0.9603258944385406,640,0.19801629472192703,0.5752745306411619,0.2267091746369111
1415,37109,1770,65,201,894,1705,1770,1.0,0.03672316384180791,0.963276836158192,675,0.1135593220338983,0.5050847457627119,0.3813559322033898
1416,37109,1362,180,213,513,1182,1362,1.0,0.13215859030837004,0.8678414096916299,636,0.15638766519823788,0.3766519823788546,0.4669603524229075
1417,37109,1402,13,268,932,1389,1402,1.0,0.009272467902995721,0.9907275320970043,202,0.19115549215406563,0.6647646219686163,0.14407988587731813
1418,37109,1764,29,387,1083,1735,1764,1.0,0.016439909297052153,0.9835600907029478,294,0.2193877551020408,0.6139455782312925,0.16666666666666666
1419,37109,2515,272,482,1185,2243,2515,1.0,0.10815109343936381,0.8918489065606362,848,0.19165009940357852,0.4711729622266402,0.3371769383697813
1420,37109,2210,47,275,1231,2163,2210,1.0,0.021266968325791856,0.9787330316742081,704,0.1244343891402715,0.5570135746606335,0.318552036199095
1421,37109,2644,49,438,1529,2595,2644,1.0,0.018532526475037822,0.9814674735249622,677,0.16565809379727686,0.5782904689863843,0.2560514372163389
1422,37109,2234,131,433,1436,2103,2234,1.0,0.05863921217547001,0.94136078782453,365,0.19382273948075202,0.6427931960608774,0.16338406445837064
1423,37109,2582,47,301,1261,2535,2582,1.0,0.01820294345468629,0.9817970565453137,1020,0.11657629744384199,0.48838109992254064,0.39504260263361735
1424,37109,2156,270,269,641,1886,2156,1.0,0.12523191094619665,0.8747680890538033,1246,0.12476808905380334,0.29730983302411873,0.577922077922078
1425,37109,1895,60,330,790,1835,1895,1.0,0.0316622691292876,0.9683377308707124,775,0.1741424802110818,0.41688654353562005,0.40897097625329815
1426,37111,859,2,110,423,857,859,1.0,0.002328288707799767,0.9976717112922002,326,0.1280558789289872,0.49243306169965073,0.37951105937136204
1427,37111,2638,40,309,1057,2598,2638,1.0,0.015163002274450341,0.9848369977255497,1272,0.11713419257012889,0.40068233510235024,0.48218347232752085
1428,37111,1957,6,234,900,1951,1957,1.0,0.0030659172202350538,0.9969340827797649,823,0.1195707715891671,0.45988758303525806,0.42054164537557487
1429,37111,1894,10,205,886,1884,1894,1.0,0.005279831045406547,0.9947201689545935,803,0.10823653643083421,0.4677930306230201,0.4239704329461457
1430,37111,1445,20,161,379,1425,1445,1.0,0.01384083044982699,0.986159169550173,905,0.11141868512110727,0.2622837370242215,0.6262975778546713
1431,37111,2295,22,350,1152,2273,2295,1.0,0.009586056644880174,0.9904139433551198,793,0.15250544662309368,0.5019607843137255,0.34553376906318084
1432,37111,1524,77,252,603,1447,1524,1.0,0.0505249343832021,0.949475065616798,669,0.16535433070866143,0.3956692913385827,0.4389763779527559
1433,37111,3357,93,524,1295,3264,3357,1.0,0.02770330652368186,0.9722966934763181,1538,0.15609174858504618,0.3857610962168603,0.4581471551980935
1434,37111,1655,25,173,379,1630,1655,1.0,0.015105740181268883,0.9848942598187311,1103,0.10453172205438066,0.22900302114803625,0.6664652567975831
1435,37111,2640,348,179,587,2292,2640,1.0,0.1318181818181818,0.8681818181818182,1874,0.06780303030303031,0.22234848484848485,0.7098484848484848
1436,37111,1211,22,158,370,1189,1211,1.0,0.018166804293971925,0.9818331957060281,683,0.13047068538398018,0.305532617671346,0.5639966969446738
1437,37111,4238,176,545,1590,4062,4238,1.0,0.04152902312411515,0.9584709768758849,2103,0.12859839546956112,0.3751769702689948,0.4962246342614441
1438,37111,1930,17,502,1240,1913,1930,1.0,0.008808290155440414,0.9911917098445596,188,0.2601036269430052,0.6424870466321243,0.09740932642487046
1439,37111,2057,98,195,501,1959,2057,1.0,0.047642197374817695,0.9523578026251823,1361,0.09479824987846379,0.24355858045697618,0.66164316966456
1440,37111,1826,309,457,476,1517,1826,1.0,0.1692223439211391,0.8307776560788609,893,0.2502738225629792,0.2606790799561884,0.4890470974808324
1441,37111,2727,100,475,1390,2627,2727,1.0,0.03667033370003667,0.9633296662999633,862,0.1741840850751742,0.5097176384305098,0.3160982764943161
1442,37111,958,2,72,443,956,958,1.0,0.0020876826722338203,0.9979123173277662,443,0.07515657620041753,0.46242171189979125,0.46242171189979125
1443,37113,2245,7,453,978,2238,2245,1.0,0.0031180400890868597,0.9968819599109131,814,0.2017817371937639,0.4356347438752784,0.3625835189309577
1444,37113,380,6,100,199,374,380,1.0,0.015789473684210527,0.9842105263157894,81,0.2631578947368421,0.5236842105263158,0.2131578947368421
1445,37113,3071,21,540,1215,3050,3071,1.0,0.006838163464669489,0.9931618365353305,1316,0.17583848909150113,0.39563660045587756,0.4285249104526213
1446,37113,2296,9,621,1044,2287,2296,1.0,0.0039198606271777,0.9960801393728222,631,0.27047038327526135,0.4547038327526132,0.2748257839721254
1447,37113,2991,13,479,1188,2978,2991,1.0,0.0043463724506853894,0.9956536275493146,1324,0.16014710799063858,0.3971915747241725,0.4426613172851889
1448,37113,451,0,68,223,451,451,1.0,0.0,1.0,160,0.15077605321507762,0.49445676274944567,0.35476718403547675
1449,37113,1495,30,293,470,1465,1495,1.0,0.020066889632107024,0.979933110367893,732,0.1959866220735786,0.31438127090301005,0.48963210702341137
1450,37113,2007,115,454,887,1892,2007,1.0,0.057299451918286,0.942700548081714,666,0.22620827105132038,0.4419531639262581,0.33183856502242154
1451,37113,2208,6,387,938,2202,2208,1.0,0.002717391304347826,0.9972826086956522,883,0.17527173913043478,0.42481884057971014,0.3999094202898551
1452,37113,667,0,73,315,667,667,1.0,0.0,1.0,279,0.10944527736131934,0.47226386806596704,0.41829085457271364
1453,37113,751,0,126,356,751,751,1.0,0.0,1.0,269,0.1677762982689747,0.474034620505992,0.3581890812250333
1454,37113,1871,6,381,879,1865,1871,1.0,0.003206841261357563,0.9967931587386424,611,0.20363442009620525,0.46980224478888294,0.3265633351149118
1455,37113,1612,7,303,624,1605,1612,1.0,0.004342431761786601,0.9956575682382134,685,0.1879652605459057,0.3870967741935484,0.4249379652605459
1456,37113,2614,60,555,1012,2554,2614,1.0,0.022953328232593728,0.9770466717674062,1047,0.21231828615149195,0.3871461361897475,0.4005355776587605
1457,37113,2729,41,534,1029,2688,2729,1.0,0.015023818248442653,0.9849761817515573,1166,0.1956760718211799,0.37706119457676807,0.427262733602052
1458,37115,437,1,143,198,436,437,1.0,0.002288329519450801,0.9977116704805492,96,0.32723112128146453,0.45308924485125857,0.21967963386727687
1459,37115,2466,3,613,882,2463,2466,1.0,0.0012165450121654502,0.9987834549878345,971,0.24858069748580697,0.35766423357664234,0.3937550689375507
1460,37115,945,1,202,356,944,945,1.0,0.0010582010582010583,0.9989417989417989,387,0.21375661375661376,0.37671957671957673,0.4095238095238095
1461,37115,263,7,110,69,256,263,1.0,0.026615969581749048,0.973384030418251,84,0.41825095057034223,0.2623574144486692,0.3193916349809886
1462,37115,1148,3,251,451,1145,1148,1.0,0.002613240418118467,0.9973867595818815,446,0.2186411149825784,0.39285714285714285,0.3885017421602787
1463,37115,1002,7,231,444,995,1002,1.0,0.006986027944111776,0.9930139720558883,327,0.23053892215568864,0.4431137724550898,0.3263473053892216
1464,37115,3867,177,1066,1399,3690,3867,1.0,0.045771916214119475,0.9542280837858805,1402,0.2756658908714766,0.3617791569692268,0.3625549521592966
1465,37115,982,3,299,330,979,982,1.0,0.003054989816700611,0.9969450101832994,353,0.3044806517311609,0.3360488798370672,0.3594704684317719
1466,37115,1330,0,336,475,1330,1330,1.0,0.0,1.0,519,0.25263157894736843,0.35714285714285715,0.3902255639097744
1467,37115,952,5,212,296,947,952,1.0,0.005252100840336135,0.9947478991596639,444,0.22268907563025211,0.31092436974789917,0.46638655462184875
1468,37115,780,2,230,266,778,780,1.0,0.002564102564102564,0.9974358974358974,284,0.2948717948717949,0.34102564102564104,0.3641025641025641
1469,37115,2500,8,578,1120,2492,2500,1.0,0.0032,0.9968,802,0.2312,0.448,0.3208
1470,37117,994,258,186,440,736,994,1.0,0.2595573440643863,0.7404426559356136,368,0.18712273641851107,0.4426559356136821,0.3702213279678068
1471,37117,2075,548,482,839,1527,2075,1.0,0.2640963855421687,0.7359036144578314,754,0.232289156626506,0.40433734939759036,0.3633734939759036
1472,37117,1004,174,189,554,830,1004,1.0,0.17330677290836655,0.8266932270916335,261,0.18824701195219123,0.5517928286852589,0.2599601593625498
1473,37117,905,537,319,222,368,905,1.0,0.5933701657458563,0.4066298342541437,364,0.3524861878453039,0.24530386740331492,0.4022099447513812
1474,37117,929,525,369,191,404,929,1.0,0.5651237890204521,0.43487621097954793,369,0.39720129171151775,0.20559741657696448,0.39720129171151775
1475,37117,3359,1688,1248,728,1671,3359,1.0,0.5025305150342364,0.4974694849657636,1383,0.3715391485561179,0.21673116999106878,0.41172968145281336
1476,37117,312,188,127,59,124,312,1.0,0.6025641025641025,0.3974358974358974,126,0.40705128205128205,0.1891025641025641,0.40384615384615385
1477,37117,1536,970,539,296,566,1536,1.0,0.6315104166666666,0.3684895833333333,701,0.3509114583333333,0.19270833333333334,0.4563802083333333
1478,37117,3593,1700,1129,873,1893,3593,1.0,0.4731422209852491,0.526857779014751,1591,0.31422209852490957,0.24297244642360144,0.442805455051489
1479,37117,387,111,99,119,276,387,1.0,0.2868217054263566,0.7131782945736435,169,0.2558139534883721,0.30749354005167956,0.43669250645994834
1480,37117,1196,705,433,226,491,1196,1.0,0.5894648829431438,0.4105351170568562,537,0.3620401337792642,0.18896321070234115,0.4489966555183946
1481,37117,1158,365,292,414,793,1158,1.0,0.31519861830742657,0.6848013816925734,452,0.25215889464594127,0.35751295336787564,0.3903281519861831
1482,37117,1622,216,237,851,1406,1622,1.0,0.13316892725030827,0.8668310727496917,534,0.1461159062885327,0.5246609124537608,0.32922318125770655
1483,37119,2770,1570,1139,200,1200,2770,1.0,0.5667870036101083,0.4332129963898917,1431,0.4111913357400722,0.07220216606498195,0.5166064981949459
1484,37119,3152,657,947,347,2495,3152,1.0,0.20843908629441624,0.7915609137055838,1858,0.3004441624365482,0.11008883248730965,0.5894670050761421
1485,37119,2461,546,1581,466,1915,2461,1.0,0.22186103210077204,0.778138967899228,414,0.6424217797643235,0.18935392117025598,0.16822429906542055
1486,37119,2659,2428,1401,74,231,2659,1.0,0.9131252350507709,0.08687476494922904,1184,0.5268898081985709,0.027830011282437006,0.4452801805189921
1487,37119,1690,8,563,1107,1682,1690,1.0,0.004733727810650888,0.9952662721893492,20,0.33313609467455624,0.6550295857988165,0.011834319526627219
1488,37119,3136,822,959,287,2314,3136,1.0,0.26211734693877553,0.7378826530612245,1890,0.30580357142857145,0.09151785714285714,0.6026785714285714
1489,37119,3257,808,1078,450,2449,3257,1.0,0.24808105618667486,0.7519189438133251,1729,0.33097942892232113,0.1381639545594105,0.5308566165182683
1490,37119,2426,262,612,1093,2164,2426,1.0,0.1079967023907667,0.8920032976092334,721,0.2522671063478978,0.4505358615004122,0.29719703215169
1491,37119,4229,236,983,2162,3993,4229,1.0,0.055805154882951055,0.944194845117049,1084,0.23244265783873255,0.5112319697327974,0.2563253724284701
1492,37119,6351,3347,3490,971,3004,6351,1.0,0.5270036214769328,0.47299637852306725,1890,0.5495197606676114,0.1528893087702724,0.2975909305621162
1493,37119,3466,1266,1498,796,2200,3466,1.0,0.36526255049047895,0.634737449509521,1172,0.432198499711483,0.2296595499134449,0.3381419503750721
1494,37119,6055,2020,2854,1819,4035,6055,1.0,0.33360858794384807,0.6663914120561519,1382,0.471345995045417,0.3004128819157721,0.2282411230388109
1495,37119,3036,779,981,742,2257,3036,1.0,0.25658761528326746,0.7434123847167325,1313,0.3231225296442688,0.24440052700922266,0.43247694334650855
1496,37119,4171,466,1238,1324,3705,4171,1.0,0.11172380724046992,0.8882761927595301,1609,0.2968113162311196,0.3174298729321506,0.3857588108367298
1497,37119,5336,374,1929,2331,4962,5336,1.0,0.07008995502248876,0.9299100449775113,1076,0.36150674662668664,0.4368440779610195,0.20164917541229385
1498,37119,6274,1222,2936,2643,5052,6274,1.0,0.19477207523111253,0.8052279247688875,695,0.46796302199553713,0.421262352566146,0.11077462543831686
1499,37119,6725,1938,3275,1517,4787,6725,1.0,0.28817843866171006,0.71182156133829,1933,0.48698884758364314,0.22557620817843865,0.2874349442379182
1500,37119,4816,745,1624,1297,4071,4816,1.0,0.15469269102990033,0.8453073089700996,1895,0.3372093023255814,0.2693106312292359,0.39348006644518274
1501,37119,5142,340,1590,2056,4802,5142,1.0,0.06612213146635551,0.9338778685336445,1496,0.30921820303383896,0.39984441851419683,0.2909373784519642
1502,37119,3921,91,1136,1815,3830,3921,1.0,0.02320836521295588,0.9767916347870441,970,0.28972200969140527,0.4628921193573068,0.24738587095128795
1503,37119,4107,712,1162,1045,3395,4107,1.0,0.17336255174093013,0.8266374482590699,1900,0.28293158022887754,0.2544436328220112,0.4626247869491113
1504,37119,1635,196,695,636,1439,1635,1.0,0.1198776758409786,0.8801223241590214,304,0.42507645259938837,0.3889908256880734,0.18593272171253822
1505,37119,2492,108,955,933,2384,2492,1.0,0.04333868378812199,0.956661316211878,604,0.3832263242375602,0.3743980738362761,0.24237560192616373
1506,37119,2262,91,734,736,2171,2262,1.0,0.040229885057471264,0.9597701149425287,792,0.3244916003536693,0.3253757736516357,0.35013262599469497
1507,37119,3031,594,885,488,2437,3031,1.0,0.19597492576707357,0.8040250742329265,1658,0.29198284394589247,0.16100296931705707,0.5470141867370505
1508,37119,3121,2589,1355,72,532,3121,1.0,0.8295418135213073,0.17045818647869274,1694,0.43415571932073055,0.02306952899711631,0.5427747516821532
1509,37119,3188,2254,1347,144,934,3188,1.0,0.7070263488080301,0.2929736511919699,1697,0.42252195734002507,0.0451693851944793,0.5323086574654956
1510,37119,3650,2716,1600,77,934,3650,1.0,0.7441095890410959,0.25589041095890414,1973,0.4383561643835616,0.021095890410958905,0.5405479452054794
1511,37119,3863,187,919,2122,3676,3863,1.0,0.04840797307791871,0.9515920269220813,822,0.23789800673052033,0.549314004659591,0.21278798860988868
1512,37119,4676,1902,2101,577,2774,4676,1.0,0.4067579127459367,0.5932420872540634,1998,0.4493156544054748,0.12339606501283149,0.42728828058169377
1513,37119,2924,713,1398,765,2211,2924,1.0,0.24384404924760603,0.756155950752394,761,0.4781121751025992,0.2616279069767442,0.2602599179206566
1514,37119,3854,1561,2176,737,2293,3854,1.0,0.4050337311883757,0.5949662688116243,941,0.564608199273482,0.19122989102231447,0.24416190970420343
1515,37119,3320,1074,1628,662,2246,3320,1.0,0.32349397590361445,0.6765060240963855,1030,0.4903614457831325,0.19939759036144578,0.3102409638554217
1516,37119,9286,2193,4060,2711,7093,9286,1.0,0.23616196424725394,0.7638380357527461,2515,0.4372173163902649,0.29194486323497737,0.2708378203747577
1517,37119,4448,657,1973,2381,3791,4448,1.0,0.1477068345323741,0.8522931654676259,94,0.4435701438848921,0.5352967625899281,0.021133093525179857
1518,37119,2536,80,581,1674,2456,2536,1.0,0.031545741324921134,0.9684542586750788,281,0.22910094637223974,0.6600946372239748,0.1108044164037855
1519,37119,4341,116,1203,2266,4225,4341,1.0,0.026721953466943102,0.9732780465330569,872,0.27712508638562544,0.5219995392766643,0.20087537433771022
1520,37119,8303,2100,3809,2282,6203,8303,1.0,0.25292063109719376,0.7470793689028062,2212,0.4587498494520053,0.27484041912561724,0.26640973142237745
1521,37119,3017,216,842,1456,2801,3017,1.0,0.07159429897248923,0.9284057010275107,719,0.27908518395757376,0.48259860788863107,0.23831620815379517
1522,37119,4182,2141,1571,180,2041,4182,1.0,0.5119560019129603,0.4880439980870397,2431,0.37565758010521283,0.043041606886657105,0.5813008130081301
1523,37119,1732,267,842,353,1465,1732,1.0,0.1541570438799076,0.8458429561200924,537,0.48614318706697457,0.203810623556582,0.3100461893764434
1524,37119,3104,709,819,301,2395,3104,1.0,0.22841494845360824,0.7715850515463918,1984,0.26385309278350516,0.09697164948453608,0.6391752577319587
1525,37119,3584,1213,1365,414,2371,3584,1.0,0.3384486607142857,0.6615513392857143,1805,0.380859375,0.11551339285714286,0.5036272321428571
1526,37119,2521,167,963,1087,2354,2521,1.0,0.06624355414518049,0.9337564458548195,471,0.38199127330424437,0.4311781039270131,0.18683062276874257
1527,37119,1610,22,566,1034,1588,1610,1.0,0.013664596273291925,0.986335403726708,10,0.3515527950310559,0.6422360248447205,0.006211180124223602
1528,37119,3856,892,1264,1040,2964,3856,1.0,0.23132780082987553,0.7686721991701245,1552,0.3278008298755187,0.2697095435684647,0.4024896265560166
1529,37119,4736,2423,2887,599,2313,4736,1.0,0.5116131756756757,0.48838682432432434,1250,0.6095861486486487,0.12647804054054054,0.2639358108108108
1530,37119,4608,2104,2919,655,2504,4608,1.0,0.4565972222222222,0.5434027777777778,1034,0.6334635416666666,0.1421440972222222,0.2243923611111111
1531,37119,7110,673,2447,3031,6437,7110,1.0,0.09465541490857947,0.9053445850914206,1632,0.3441631504922644,0.42630098452883264,0.22953586497890296
1532,37119,3491,67,1415,2075,3424,3491,1.064673581452105,0.019192208536236037,0.980807791463764,1,0.40532798625035804,0.5943855628759668,0.0002864508736751647
1533,37119,5656,497,2534,1592,5159,5656,1.0,0.08787128712871287,0.9121287128712872,1530,0.44801980198019803,0.2814710042432815,0.2705091937765205
1534,37119,3676,1830,1188,201,1846,3676,1.0,0.49782372143634385,0.5021762785636561,2287,0.32317736670293795,0.05467899891186072,0.6221436343852013
1535,37119,2098,107,858,852,1991,2098,1.0,0.05100095328884652,0.9489990467111534,388,0.40896091515729266,0.40610104861773116,0.18493803622497618
1536,37119,2465,322,785,477,2143,2465,1.0,0.1306288032454361,0.8693711967545639,1203,0.3184584178498986,0.19350912778904666,0.48803245436105475
1537,37119,3058,300,1186,850,2758,3058,1.0,0.09810333551340746,0.9018966644865926,1022,0.38783518639633746,0.2779594506213211,0.3342053629823414
1538,37119,2649,2321,1542,79,328,2649,1.0,0.8761796904492262,0.12382030955077387,1028,0.5821064552661381,0.02982257455643639,0.3880709701774254
1539,37119,2462,2280,1675,142,182,2462,1.0,0.9260763606823721,0.07392363931762795,645,0.6803411860276198,0.057676685621445976,0.2619821283509342
1540,37119,1741,1561,985,38,180,1741,1.0,0.8966111430212521,0.10338885697874785,718,0.565766800689259,0.021826536473291212,0.41240666283744976
1541,37119,1752,1533,843,38,219,1752,1.0,0.875,0.125,871,0.4811643835616438,0.021689497716894976,0.4971461187214612
1542,37119,2775,202,754,844,2573,2775,1.0,0.0727927927927928,0.9272072072072072,1177,0.2717117117117117,0.30414414414414415,0.42414414414414414
1543,37119,1760,202,810,726,1558,1760,1.0,0.11477272727272728,0.8852272727272728,224,0.4602272727272727,0.4125,0.12727272727272726
1544,37119,1739,177,559,382,1562,1739,1.0,0.10178263369752731,0.8982173663024727,798,0.32144910868315124,0.21966647498562392,0.45888441633122484
1545,37119,2186,1793,1211,90,393,2186,1.0,0.8202195791399817,0.1797804208600183,885,0.5539798719121684,0.04117108874656908,0.4048490393412626
1546,37119,3339,1049,1091,419,2290,3339,1.0,0.3141659179395028,0.6858340820604971,1829,0.3267445342917041,0.12548667265648397,0.5477687930518119
1547,37119,3476,1352,1064,234,2124,3476,1.0,0.38895281933256615,0.6110471806674338,2178,0.30609896432681244,0.06731875719217491,0.6265822784810127
1548,37119,2887,1076,1103,288,1811,2887,1.0,0.3727052303429165,0.6272947696570835,1496,0.3820574991340492,0.09975753377208174,0.5181849670938691
1549,37119,1446,368,455,253,1078,1446,1.0,0.2544951590594744,0.7455048409405256,738,0.31466113416320884,0.17496542185338865,0.5103734439834025
1550,37119,1379,102,554,534,1277,1379,1.0,0.07396664249456128,0.9260333575054387,291,0.4017403915881073,0.38723712835387963,0.21102248005801305
1551,37119,1513,122,651,539,1391,1513,1.0,0.0806345009914078,0.9193654990085922,323,0.43027098479841375,0.3562458691341705,0.21348314606741572
1552,37119,1451,42,562,614,1409,1451,1.0,0.028945554789800137,0.9710544452101999,275,0.3873190902825637,0.4231564438318401,0.18952446588559613
1553,37119,2251,770,786,449,1481,2251,1.0,0.34207019102621056,0.6579298089737894,1016,0.3491781430475344,0.19946690359840072,0.45135495335406484
1554,37119,3768,154,1285,1819,3614,3768,1.0,0.04087048832271762,0.9591295116772823,664,0.34102972399150744,0.48274946921443734,0.1762208067940552
1555,37119,1899,23,754,1020,1876,1899,1.0,0.012111637704054766,0.9878883622959452,125,0.3970510795155345,0.5371248025276462,0.06582411795681938
1556,37119,2135,198,474,910,1937,2135,1.0,0.09274004683840749,0.9072599531615925,751,0.22201405152224823,0.4262295081967213,0.3517564402810304
1557,37119,1517,54,556,657,1463,1517,1.0,0.035596572181938034,0.964403427818062,304,0.36651285431773234,0.43309162821357944,0.2003955174686882
1558,37119,1820,130,620,660,1690,1820,1.0,0.07142857142857142,0.9285714285714286,540,0.34065934065934067,0.3626373626373626,0.2967032967032967
1559,37119,2623,118,852,1202,2505,2623,1.0,0.04498665650019062,0.9550133434998094,569,0.32481890964544413,0.4582539077392299,0.21692718261532595
1560,37119,3102,114,977,1518,2988,3102,1.0,0.0367504835589942,0.9632495164410058,607,0.31495809155383625,0.48936170212765956,0.1956802063185042
1561,37119,2880,99,1027,1154,2781,2880,1.0,0.034375,0.965625,699,0.35659722222222223,0.40069444444444446,0.24270833333333333
1562,37119,6015,1544,2233,1338,4471,6015,1.0,0.256691604322527,0.743308395677473,2444,0.371238570241064,0.22244389027431422,0.4063175394846218
1563,37119,3267,1913,1348,126,1354,3267,1.0,0.5855524946434038,0.41444750535659625,1793,0.4126109580655035,0.03856749311294766,0.5488215488215489
1564,37119,1851,220,622,752,1631,1851,1.0,0.11885467314964884,0.8811453268503512,477,0.33603457590491626,0.40626688276607237,0.2576985413290113
1565,37119,4772,1446,1843,763,3326,4772,1.0,0.3030176026823135,0.6969823973176865,2166,0.38621123218776193,0.15989103101424978,0.4538977367979883
1566,37119,5078,2234,1749,438,2844,5078,1.0,0.4399369830641985,0.5600630169358015,2891,0.3444269397400551,0.08625443087829854,0.5693186293816463
1567,37119,2679,864,891,301,1815,2679,1.0,0.322508398656215,0.6774916013437849,1487,0.3325867861142217,0.11235535647629713,0.5550578574094811
1568,37119,2211,699,830,406,1512,2211,1.0,0.31614654002713705,0.683853459972863,975,0.3753957485300769,0.18362731795567616,0.44097693351424694
1569,37119,3418,1474,1445,478,1944,3418,1.0,0.4312463428905793,0.5687536571094207,1495,0.42276184903452313,0.1398478642480983,0.43739028671737856
1570,37119,4818,2765,2176,447,2053,4818,1.0,0.5738895807388958,0.4261104192611042,2195,0.45163968451639686,0.09277708592777086,0.4555832295558323
1571,37119,5096,2692,1743,100,2404,5096,1.0,0.5282574568288854,0.4717425431711146,3253,0.34203296703296704,0.019623233908948195,0.6383437990580848
1572,37119,3827,1211,1549,642,2616,3827,1.0,0.31643585053566764,0.6835641494643324,1636,0.40475568330284817,0.16775542200156782,0.427488894695584
1573,37119,3722,1538,1144,258,2184,3722,1.0,0.41321869962385815,0.5867813003761418,2320,0.30736163353036,0.0693175711982805,0.6233207952713595
1574,37119,3888,1846,1173,174,2042,3888,1.0,0.4747942386831276,0.5252057613168725,2541,0.30169753086419754,0.044753086419753084,0.6535493827160493
1575,37119,2576,454,1053,709,2122,2576,1.0,0.17624223602484473,0.8237577639751553,814,0.40877329192546585,0.27523291925465837,0.3159937888198758
1576,37119,1858,91,554,853,1767,1858,1.0,0.04897739504843918,0.9510226049515608,451,0.2981700753498385,0.45909580193756727,0.24273412271259417
1577,37119,1783,25,589,1094,1758,1783,1.0,0.014021312394840156,0.9859786876051598,100,0.3303421200224341,0.6135726303982053,0.056085249579360626
1578,37119,3492,295,974,872,3197,3492,1.0,0.08447880870561283,0.9155211912943871,1646,0.2789232531500573,0.24971363115693013,0.4713631156930126
1579,37119,6329,2531,2734,1285,3798,6329,1.0,0.3999051982935693,0.6000948017064307,2310,0.43197977563596146,0.2030336546057829,0.36498656975825566
1580,37119,1646,78,595,645,1568,1646,1.0,0.04738760631834751,0.9526123936816525,406,0.3614823815309842,0.39185905224787365,0.24665856622114216
1581,37119,3989,194,1363,1945,3795,3989,1.0,0.04863374279267987,0.9513662572073202,681,0.34168964652795186,0.48759087490599146,0.17071947856605665
1582,37119,3175,287,981,1280,2888,3175,1.0,0.09039370078740157,0.9096062992125984,914,0.3089763779527559,0.4031496062992126,0.2878740157480315
1583,37119,2535,916,851,398,1619,2535,1.0,0.3613412228796844,0.6386587771203156,1286,0.3357001972386588,0.15700197238658778,0.5072978303747534
1584,37119,2483,1198,959,270,1285,2483,1.0,0.4824808699154249,0.5175191300845751,1254,0.38622633910592025,0.10873942811115586,0.5050342327829239
1585,37119,1961,128,794,739,1833,1961,1.0,0.06527281998980113,0.9347271800101988,428,0.4048954614992351,0.3768485466598674,0.2182559918408975
1586,37119,3228,468,924,954,2760,3228,1.0,0.1449814126394052,0.8550185873605948,1350,0.2862453531598513,0.2955390334572491,0.41821561338289964
1587,37119,1879,864,752,200,1015,1879,1.0,0.45981905268759976,0.5401809473124002,927,0.4002128791910591,0.10643959552953698,0.49334752527940395
1588,37119,5488,1809,1269,221,3679,5488,1.0,0.32962827988338195,0.670371720116618,3998,0.23123177842565598,0.040269679300291544,0.7284985422740525
1589,37119,3696,1558,1096,200,2138,3696,1.0,0.42153679653679654,0.5784632034632035,2400,0.29653679653679654,0.05411255411255411,0.6493506493506493
1590,37119,2871,200,966,1093,2671,2871,1.0,0.06966213862765587,0.9303378613723441,812,0.33646812957157785,0.38070358760013934,0.2828282828282828
1591,37119,3074,269,813,997,2805,3074,1.0,0.08750813272608979,0.9124918672739102,1264,0.2644762524398178,0.3243331164606376,0.41119063109954457
1592,37119,5457,1725,1962,837,3732,5457,1.0,0.3161077515118197,0.6838922484881803,2658,0.3595382078064871,0.15338097855964816,0.48708081363386474
1593,37119,3045,90,1138,1375,2955,3045,1.0,0.029556650246305417,0.9704433497536946,532,0.37372742200328407,0.451559934318555,0.17471264367816092
1594,37119,3646,2468,1774,175,1178,3646,1.0,0.6769061985737795,0.3230938014262205,1697,0.48656061437191445,0.047997805814591336,0.46544157981349427
1595,37119,5049,1868,2074,554,3181,5049,1.0,0.3699742523271935,0.6300257476728065,2421,0.4107744107744108,0.10972469795999208,0.47950089126559714
1596,37119,1658,89,627,688,1569,1658,1.0,0.05367913148371532,0.9463208685162847,343,0.3781664656212304,0.4149577804583836,0.206875753920386
1597,37119,5948,2481,2210,393,3467,5948,1.0,0.4171149966375252,0.5828850033624747,3345,0.3715534633490249,0.06607262945527909,0.562373907195696
1598,37119,3697,1808,2002,481,1889,3697,1.0,0.4890451717608872,0.5109548282391128,1214,0.5415201514741682,0.13010549093859886,0.3283743575872329
1599,37119,1557,74,604,605,1483,1557,1.0,0.047527296082209375,0.9524727039177906,348,0.38792549775208734,0.38856775850995506,0.22350674373795762
1600,37119,2646,448,1518,719,2198,2646,1.0,0.1693121693121693,0.8306878306878307,409,0.5736961451247166,0.2717309145880574,0.154572940287226
1601,37119,3310,1902,1296,116,1408,3310,1.0,0.5746223564954682,0.4253776435045317,1898,0.3915407854984894,0.035045317220543805,0.5734138972809668
1602,37119,2793,1190,1086,339,1603,2793,1.0,0.42606516290726815,0.5739348370927319,1368,0.38882921589688507,0.12137486573576799,0.4897959183673469
1603,37119,2743,994,789,161,1749,2743,1.0,0.36237695953335763,0.6376230404666423,1793,0.2876412686839227,0.05869485964272694,0.6536638716733504
1604,37119,2177,552,838,417,1625,2177,1.0,0.2535599448782728,0.7464400551217272,922,0.38493339457969683,0.1915480018373909,0.42351860358291227
1605,37119,2146,88,1233,597,2058,2146,1.0,0.04100652376514446,0.9589934762348555,316,0.5745573159366263,0.2781919850885368,0.14725069897483692
1606,37119,1319,68,495,576,1251,1319,1.0,0.05155420773313116,0.9484457922668689,248,0.3752843062926459,0.43669446550416985,0.18802122820318423
1607,37119,2600,110,990,1156,2490,2600,1.0,0.04230769230769231,0.9576923076923077,454,0.38076923076923075,0.44461538461538463,0.17461538461538462
1608,37119,2099,80,651,1020,2019,2099,1.0,0.038113387327298714,0.9618866126727013,428,0.31014768937589327,0.4859456884230586,0.2039066222010481
1609,37119,3169,168,1051,1515,3001,3169,1.0,0.05301356894919533,0.9469864310508047,603,0.33165036289050176,0.47806879141685077,0.19028084569264753
1610,37119,2862,128,935,1274,2734,2862,1.0,0.04472396925227114,0.9552760307477288,653,0.32669461914744935,0.4451432564640112,0.22816212438853947
1611,37119,1947,655,763,322,1292,1947,1.0,0.3364149974319466,0.6635850025680534,862,0.39188495120698513,0.16538263995891114,0.44273240883410375
1612,37119,1931,946,825,213,985,1931,1.0,0.48990160538581046,0.5100983946141895,893,0.42723977213878817,0.11030554117037804,0.4624546866908338
1613,37119,2744,1220,1035,322,1524,2744,1.0,0.4446064139941691,0.5553935860058309,1387,0.3771865889212828,0.11734693877551021,0.505466472303207
1614,37119,3255,301,948,1079,2954,3255,1.0,0.09247311827956989,0.9075268817204301,1228,0.2912442396313364,0.3314900153609831,0.3772657450076805
1615,37119,1651,122,597,621,1529,1651,1.0,0.07389460932768019,0.9261053906723198,433,0.3615990308903695,0.37613567534827375,0.26226529376135677
1616,37119,2468,118,795,1122,2350,2468,1.0,0.04781199351701783,0.9521880064829822,551,0.32212317666126417,0.4546191247974068,0.223257698541329
1617,37119,2868,522,1389,956,2346,2868,1.0,0.18200836820083682,0.8179916317991632,523,0.48430962343096234,0.3333333333333333,0.1823570432357043
1618,37119,2193,57,1134,817,2136,2193,1.0,0.025991792065663474,0.9740082079343365,242,0.5170998632010944,0.37254901960784315,0.11035111719106247
1619,37119,7647,1976,3364,1926,5671,7647,1.0,0.25840198770759776,0.7415980122924023,2357,0.439911076239048,0.2518634758728913,0.30822544788806067
1620,37119,2930,2440,1424,133,490,2930,1.0,0.8327645051194539,0.16723549488054607,1373,0.48600682593856653,0.04539249146757679,0.4686006825938567
1621,37119,4682,1738,1187,232,2944,4682,1.0,0.3712088850918411,0.6287911149081589,3263,0.2535241349850491,0.049551473729175566,0.6969243912857753
1622,37119,3539,162,1171,1867,3377,3539,1.0,0.04577564283695959,0.9542243571630404,501,0.3308844306301215,0.527550155411133,0.14156541395874542
1623,37119,2449,1221,1343,319,1228,2449,1.0,0.4985708452429563,0.5014291547570436,787,0.5483870967741935,0.13025724785626785,0.3213556553695386
1624,37119,2959,1822,1402,197,1137,2959,1.0,0.615748563703954,0.38425143629604597,1360,0.473808719161879,0.06657654613044947,0.4596147347076715
1625,37119,1612,638,643,216,974,1612,1.0,0.3957816377171216,0.6042183622828784,753,0.3988833746898263,0.13399503722084366,0.46712158808933
1626,37119,3531,1962,1673,322,1569,3531,1.0,0.5556499575191164,0.4443500424808836,1536,0.47380345511186633,0.09119229679977343,0.43500424808836025
1627,37119,3191,844,1351,786,2347,3191,1.0,0.26449388906298965,0.7355061109370103,1054,0.4233782513318709,0.24631776872453776,0.33030397994359134
1628,37119,2212,469,552,256,1743,2212,1.0,0.2120253164556962,0.7879746835443038,1404,0.24954792043399637,0.11573236889692586,0.6347197106690777
1629,37119,3366,401,1062,859,2965,3366,1.0,0.11913250148544266,0.8808674985145574,1445,0.3155080213903743,0.2551990493166964,0.4292929292929293
1630,37119,5749,2944,1600,521,2805,5749,1.0,0.5120890589667768,0.4879109410332232,3628,0.27830927117759613,0.09062445642720474,0.6310662723951992
1631,37119,2360,1754,1334,169,606,2360,1.0,0.7432203389830508,0.25677966101694916,857,0.5652542372881356,0.07161016949152542,0.363135593220339
1632,37119,2548,206,1695,602,2342,2548,1.0,0.08084772370486656,0.9191522762951334,251,0.6652276295133438,0.23626373626373626,0.09850863422291994
1633,37119,2965,2779,1911,70,186,2965,1.0,0.9372681281618886,0.0627318718381113,984,0.6445193929173693,0.023608768971332208,0.3318718381112985
1634,37119,2236,1470,1095,122,766,2236,1.0,0.6574239713774598,0.3425760286225403,1019,0.48971377459749554,0.05456171735241502,0.45572450805008946
1635,37119,2091,701,726,317,1390,2091,1.0,0.335246293639407,0.664753706360593,1048,0.3472022955523673,0.1516021042563367,0.501195600191296
1636,37119,1658,50,574,819,1608,1658,1.0,0.030156815440289506,0.9698431845597105,265,0.34620024125452353,0.4939686369119421,0.15983112183353437
1637,37119,2800,768,879,341,2032,2800,1.0,0.2742857142857143,0.7257142857142858,1580,0.31392857142857145,0.12178571428571429,0.5642857142857143
1638,37119,4031,234,1312,2202,3797,4031,1.0,0.058050111634830065,0.9419498883651699,517,0.3254775489952865,0.5462664351277599,0.12825601587695362
1639,37119,6613,630,2145,2389,5983,6613,1.0,0.0952668985331922,0.9047331014668079,2079,0.3243611069106306,0.3612581279298352,0.3143807651595342
1640,37119,8085,4108,3711,647,3977,8085,1.0,0.5081014223871366,0.4918985776128633,3727,0.45899814471243044,0.08002473716759431,0.46097711811997527
1641,37119,2127,81,644,977,2046,2127,1.0,0.0380818053596615,0.9619181946403385,506,0.3027738598965679,0.459332393041843,0.23789374706158908
1642,37119,5110,288,1565,2469,4822,5110,1.0,0.0563600782778865,0.9436399217221135,1076,0.3062622309197652,0.4831702544031311,0.21056751467710372
1643,37119,3737,1558,1621,451,2179,3737,1.0,0.4169119614664169,0.583088038533583,1665,0.4337704040674338,0.12068504147712068,0.44554455445544555
1644,37119,8593,858,3616,3460,7735,8593,1.0,0.09984871406959153,0.9001512859304085,1517,0.42080763412079597,0.4026533224717794,0.17653904340742466
1645,37119,1411,3,482,907,1408,1411,1.0,0.002126151665485471,0.9978738483345145,22,0.3416017009213324,0.6428065201984409,0.01559177888022679
1646,37119,1771,36,584,800,1735,1771,1.0,0.020327498588368152,0.9796725014116319,387,0.3297571993224167,0.45172219085262566,0.21852060982495766
1647,37119,2093,47,1006,825,2046,2093,1.0,0.022455805064500716,0.9775441949354993,262,0.4806497849976111,0.39417104634495936,0.12517916865742953
1648,37119,2386,324,938,525,2062,2386,1.0,0.1357921207041073,0.8642078792958927,923,0.3931265716680637,0.22003352891869238,0.3868398994132439
1649,37119,4443,2292,2785,1657,2151,4443,1.0986890922582242,0.5158676569885212,0.4841323430114787,1,0.6268287193337835,0.3729462075174432,0.00022507314877335134
1650,37119,1799,1365,1002,200,434,1799,1.0,0.7587548638132295,0.24124513618677043,597,0.556976097832129,0.11117287381878821,0.3318510283490828
1651,37119,4119,2606,1785,179,1513,4119,1.0,0.6326778344258315,0.36732216557416847,2155,0.43335761107064824,0.04345714979363923,0.5231852391357126
1652,37119,3509,238,1089,1415,3271,3509,1.0,0.06782559133656313,0.9321744086634369,1005,0.3103448275862069,0.4032487888287261,0.286406383585067
1653,37119,6005,588,1675,2144,5417,6005,1.0,0.09791840133222315,0.9020815986677768,2186,0.27893422148209823,0.35703580349708575,0.36402997502081597
1654,37119,3502,232,1133,1403,3270,3502,1.0,0.06624785836664764,0.9337521416333524,966,0.3235294117647059,0.40062821245002855,0.27584237578526555
1655,37119,6627,1362,2222,848,5265,6627,1.0,0.20552286102308737,0.7944771389769126,3557,0.3352950052814245,0.12796137015240683,0.5367436245661688
1656,37119,5239,390,1658,2426,4849,5239,1.0,0.07444168734491315,0.9255583126550868,1155,0.3164726092765795,0.46306547050963925,0.22046192021378125
1657,37119,5309,357,1602,2352,4952,5309,1.0,0.06724430212846111,0.9327556978715389,1355,0.30175174232435487,0.44302128461103785,0.2552269730646073
1658,37119,5621,220,1570,2593,5401,5621,1.0,0.03913894324853229,0.9608610567514677,1458,0.27930973136452586,0.46130581747020105,0.2593844511652731
1659,37119,2304,361,660,720,1943,2304,1.0,0.1566840277777778,0.8433159722222222,924,0.2864583333333333,0.3125,0.4010416666666667
1660,37119,6280,2172,3003,1469,4108,6280,1.0,0.34585987261146495,0.654140127388535,1808,0.47818471337579616,0.2339171974522293,0.2878980891719745
1661,37119,5537,2550,2729,869,2987,5537,1.0,0.46053819757991693,0.5394618024200831,1939,0.4928661730178797,0.1569441936066462,0.3501896333754741
1662,37119,3236,1020,1541,869,2216,3236,1.0,0.315203955500618,0.6847960444993819,826,0.4762051915945612,0.2685414091470952,0.2552533992583436
1663,37119,5123,407,1415,2217,4716,5123,1.0,0.07944563732188172,0.9205543626781183,1491,0.2762053484286551,0.43275424555924263,0.2910404060121023
1664,37119,4440,545,1374,1825,3895,4440,1.0,0.12274774774774774,0.8772522522522522,1241,0.30945945945945946,0.41103603603603606,0.2795045045045045
1665,37119,6046,4362,3468,444,1684,6046,1.0,0.7214687396625868,0.27853126033741316,2134,0.5736023817399933,0.07343698312934172,0.3529606351306649
1666,37119,7736,2969,4677,1622,4767,7736,1.0,0.38379007238883145,0.6162099276111686,1437,0.6045760082730093,0.20966907962771458,0.1857549120992761
1667,37119,12127,4351,5059,1362,7776,12127,1.0,0.35878617959924136,0.6412138204007586,5706,0.4171683021357302,0.11231137132019461,0.4705203265440752
1668,37119,2602,1863,1484,256,739,2602,1.0,0.7159877017678709,0.28401229823212915,862,0.5703305149884704,0.0983858570330515,0.3312836279784781
1669,37119,3045,1979,1309,174,1066,3045,1.0,0.6499178981937602,0.3500821018062397,1562,0.4298850574712644,0.05714285714285714,0.5129720853858785
1670,37119,2241,2132,1347,45,109,2241,1.0,0.9513609995537706,0.04863900044622936,849,0.6010709504685409,0.020080321285140562,0.3788487282463186
1671,37119,3693,2582,1861,270,1111,3693,1.0,0.6991605740590306,0.3008394259409694,1562,0.503926347143244,0.07311129163281885,0.42296236122393716
1672,37119,3721,2513,1331,135,1208,3721,1.0,0.6753560870733674,0.32464391292663264,2255,0.3576995431335662,0.03628056973931739,0.6060198871271164
1673,37119,4867,2980,2610,374,1887,4867,1.0,0.6122868296692008,0.3877131703307993,1883,0.5362646394082597,0.07684405177727553,0.38689130881446476
1674,37119,3255,1236,1763,658,2019,3255,1.0,0.3797235023041475,0.6202764976958526,834,0.5416282642089094,0.2021505376344086,0.25622119815668204
1675,37119,3572,371,1066,1345,3201,3572,1.0,0.10386338185890258,0.8961366181410975,1161,0.29843225083986563,0.3765397536394177,0.3250279955207167
1676,37119,4813,668,1590,1652,4145,4813,1.0,0.1387907749844172,0.8612092250155828,1571,0.33035528776231043,0.34323706627882816,0.3264076459588614
1677,37119,2763,175,674,1253,2588,2763,1.0,0.06333695258776692,0.936663047412233,836,0.2439377488237423,0.4534925805284111,0.30256967064784657
1678,37121,1472,9,210,671,1463,1472,1.0,0.006114130434782609,0.9938858695652174,591,0.14266304347826086,0.45584239130434784,0.4014945652173913
1679,37121,6555,23,937,3038,6532,6555,1.0,0.0035087719298245615,0.9964912280701754,2580,0.1429443173150267,0.4634630053394355,0.39359267734553777
1680,37121,648,3,67,328,645,648,1.0,0.004629629629629629,0.9953703703703703,253,0.10339506172839506,0.5061728395061729,0.3904320987654321
1681,37121,202,0,21,128,202,202,1.0,0.0,1.0,53,0.10396039603960396,0.6336633663366337,0.2623762376237624
1682,37121,971,1,72,423,970,971,1.0,0.0010298661174047373,0.9989701338825953,476,0.07415036045314109,0.4356333676622039,0.490216271884655
1683,37121,630,1,67,336,629,630,1.0,0.0015873015873015873,0.9984126984126984,227,0.10634920634920635,0.5333333333333333,0.3603174603174603
1684,37121,1440,1,288,646,1439,1440,1.0,0.0006944444444444445,0.9993055555555556,506,0.2,0.4486111111111111,0.35138888888888886
1685,37121,295,0,39,175,295,295,1.0,0.0,1.0,81,0.13220338983050847,0.5932203389830508,0.2745762711864407
1686,37121,331,0,13,206,331,331,1.0,0.0,1.0,112,0.03927492447129909,0.622356495468278,0.338368580060423
1687,37123,1602,15,193,762,1587,1602,1.0,0.009363295880149813,0.9906367041198502,647,0.12047440699126093,0.4756554307116105,0.4038701622971286
1688,37123,371,0,32,206,371,371,1.0,0.0,1.0,133,0.0862533692722372,0.555256064690027,0.3584905660377358
1689,37123,1500,18,180,752,1482,1500,1.0,0.012,0.988,568,0.12,0.5013333333333333,0.37866666666666665
1690,37123,564,189,196,142,375,564,1.0,0.3351063829787234,0.6648936170212766,226,0.3475177304964539,0.25177304964539005,0.40070921985815605
1691,37123,640,13,55,317,627,640,1.0,0.0203125,0.9796875,268,0.0859375,0.4953125,0.41875
1692,37123,2457,550,332,605,1907,2457,1.0,0.22385022385022385,0.7761497761497762,1520,0.13512413512413513,0.24623524623524623,0.6186406186406186
1693,37123,1771,952,862,386,819,1771,1.0,0.5375494071146245,0.4624505928853755,523,0.4867306606437041,0.21795595708639187,0.295313382269904
1694,37123,2189,105,215,808,2084,2189,1.0,0.047967108268615805,0.9520328917313842,1166,0.09821836455002284,0.3691183188670626,0.5326633165829145
1695,37123,2048,364,494,482,1684,2048,1.0,0.177734375,0.822265625,1072,0.2412109375,0.2353515625,0.5234375
1696,37123,1174,102,185,528,1072,1174,1.0,0.0868824531516184,0.9131175468483816,461,0.1575809199318569,0.4497444633730835,0.39267461669505965
1697,37123,2481,568,536,838,1913,2481,1.0,0.22893994357114067,0.7710600564288593,1107,0.21604191858121724,0.3377670294236195,0.44619105199516323
1698,37123,761,100,131,350,661,761,1.0,0.1314060446780552,0.8685939553219448,280,0.1721419185282523,0.45992115637319314,0.3679369250985545
1699,37123,2252,369,463,494,1883,2252,1.0,0.163854351687389,0.8361456483126111,1295,0.205595026642984,0.21936056838365897,0.5750444049733571
1700,37123,1242,543,332,168,699,1242,1.0,0.43719806763285024,0.5628019323671497,742,0.2673107890499195,0.13526570048309178,0.5974235104669887
1701,37125,3710,226,1023,1841,3484,3710,1.0,0.06091644204851752,0.9390835579514825,846,0.2757412398921833,0.4962264150943396,0.22803234501347708
1702,37125,2065,155,233,579,1910,2065,1.0,0.07506053268765134,0.9249394673123487,1253,0.11283292978208233,0.2803874092009685,0.6067796610169491
1703,37125,2068,197,242,987,1871,2068,1.0,0.09526112185686654,0.9047388781431335,839,0.11702127659574468,0.4772727272727273,0.405705996131528
1704,37125,2854,282,547,1248,2572,2854,1.0,0.09880868955851436,0.9011913104414856,1059,0.19166082690960057,0.43728100911002105,0.37105816398037844
1705,37125,2330,123,251,1231,2207,2330,1.0,0.05278969957081545,0.9472103004291845,848,0.10772532188841202,0.5283261802575108,0.36394849785407724
1706,37125,5442,844,1083,2282,4598,5442,1.0,0.15509004042631386,0.8449099595736862,2077,0.1990077177508269,0.4193311282616685,0.3816611539875046
1707,37125,4641,203,1062,2581,4438,4641,1.0,0.043740573152337855,0.9562594268476622,998,0.22882999353587588,0.5561301443654385,0.21503986209868564
1708,37125,2637,633,715,962,2004,2637,1.0,0.24004550625711035,0.7599544937428896,960,0.2711414486158513,0.36480849450132724,0.3640500568828214
1709,37125,2321,251,397,872,2070,2321,1.0,0.10814304179233089,0.8918569582076691,1052,0.17104696251615684,0.37570012925463164,0.45325290822921155
1710,37125,4133,811,1001,1469,3322,4133,1.0,0.19622550205661746,0.8037744979433825,1663,0.24219695136704572,0.35543188966852163,0.4023711589644326
1711,37125,3272,1636,1425,982,1636,3272,1.0,0.5,0.5,865,0.4355134474327628,0.30012224938875304,0.2643643031784841
1712,37125,2363,378,589,980,1985,2363,1.0,0.1599661447312738,0.8400338552687262,794,0.24925941599661447,0.41472704189589504,0.33601354210749046
1713,37125,3944,105,945,2164,3839,3944,1.0,0.026622718052738338,0.9733772819472617,835,0.23960446247464504,0.5486815415821501,0.21171399594320486
1714,37125,2887,325,458,1209,2562,2887,1.0,0.11257360581918947,0.8874263941808105,1220,0.15864218912365777,0.4187738136473848,0.4225839972289574
1715,37125,2530,576,664,876,1954,2530,1.0,0.2276679841897233,0.7723320158102767,990,0.2624505928853755,0.34624505928853755,0.391304347826087
1716,37125,2477,428,430,985,2049,2477,1.0,0.1727896649172386,0.8272103350827614,1062,0.17359709325797335,0.3976584578118692,0.42874444893015745
1717,37125,2268,51,417,1226,2217,2268,1.0,0.022486772486772486,0.9775132275132276,625,0.18386243386243387,0.5405643738977073,0.27557319223985893
1718,37125,2649,253,759,866,2396,2649,1.0,0.09550773876934693,0.9044922612306531,1024,0.2865232163080408,0.3269158172895432,0.386560966402416
1719,37125,630,385,298,108,245,630,1.0,0.6111111111111112,0.3888888888888889,224,0.473015873015873,0.17142857142857143,0.35555555555555557
1720,37125,2574,114,756,1419,2460,2574,1.0,0.04428904428904429,0.9557109557109557,399,0.2937062937062937,0.5512820512820513,0.155011655011655
1721,37125,3212,65,699,2028,3147,3212,1.0,0.020236612702366128,0.9797633872976339,485,0.2176214196762142,0.6313823163138231,0.15099626400996263
1722,37125,3217,198,922,1441,3019,3217,1.0,0.06154802611128381,0.9384519738887162,854,0.2866024246192104,0.4479328566987877,0.2654647186820019
1723,37125,3260,142,804,1656,3118,3260,1.0,0.043558282208588955,0.9564417177914111,800,0.24662576687116564,0.5079754601226993,0.24539877300613497
1724,37125,1614,275,338,730,1339,1614,1.0,0.17038413878562578,0.8296158612143743,546,0.2094175960346964,0.45229244114002476,0.3382899628252788
1725,37127,2219,1251,986,434,968,2219,1.0,0.5637674628210906,0.4362325371789094,799,0.44434429923388913,0.19558359621451105,0.3600721045515998
1726,37127,1061,534,418,301,527,1061,1.0,0.5032987747408105,0.49670122525918947,342,0.3939679547596607,0.2836946277097078,0.3223374175306315
1727,37127,1299,284,374,674,1015,1299,1.0,0.21862971516551194,0.7813702848344881,251,0.2879137798306389,0.5188606620477291,0.19322555812163203
1728,37127,844,541,457,153,303,844,1.0,0.6409952606635071,0.3590047393364929,234,0.5414691943127962,0.18127962085308058,0.2772511848341232
1729,37127,2684,680,563,876,2004,2684,1.0,0.2533532041728763,0.7466467958271237,1245,0.20976154992548435,0.3263785394932936,0.46385991058122206
1730,37127,2447,558,822,976,1889,2447,1.0,0.22803432774826318,0.7719656722517368,649,0.33592153657539847,0.3988557417245607,0.26522272170004085
1731,37127,2910,267,502,1831,2643,2910,1.0,0.09175257731958762,0.9082474226804124,577,0.1725085910652921,0.6292096219931271,0.19828178694158075
1732,37127,2922,916,1091,950,2006,2922,1.0,0.3134839151266256,0.6865160848733745,881,0.3733744010951403,0.32511978097193706,0.30150581793292264
1733,37127,1540,485,446,523,1055,1540,1.0,0.31493506493506496,0.685064935064935,571,0.2896103896103896,0.3396103896103896,0.37077922077922076
1734,37127,3234,1494,1337,617,1740,3234,1.0,0.4619666048237477,0.5380333951762524,1280,0.4134199134199134,0.19078540507111935,0.39579468150896724
1735,37127,8013,3012,2392,2707,5001,8013,1.0,0.37588918008236616,0.6241108199176338,2914,0.2985149132659428,0.3378260326968676,0.36365905403718957
1736,37127,3416,738,742,1557,2678,3416,1.0,0.21604215456674472,0.7839578454332553,1117,0.21721311475409835,0.45579625292740045,0.3269906323185012
1737,37127,1473,929,540,204,544,1473,1.0,0.6306856754921928,0.3693143245078072,729,0.3665987780040733,0.1384928716904277,0.49490835030549896
1738,37127,6575,2899,2432,1341,3676,6575,1.0,0.4409125475285171,0.5590874524714828,2802,0.36988593155893534,0.20395437262357413,0.42615969581749047
1739,37127,4436,975,1076,1897,3461,4436,1.0,0.21979260595130748,0.7802073940486925,1463,0.24256086564472498,0.4276375112714157,0.32980162308385935
1740,37127,886,165,194,425,721,886,1.0,0.18623024830699775,0.8137697516930023,267,0.21896162528216703,0.4796839729119639,0.3013544018058691
1741,37127,2777,166,344,1748,2611,2777,1.0,0.05977673748649622,0.9402232625135037,685,0.12387468491177529,0.6294562477493698,0.24666906733885488
1742,37127,2299,383,464,733,1916,2299,1.0,0.16659417137886037,0.8334058286211397,1102,0.20182688125271858,0.3188342757720748,0.4793388429752066
1743,37127,2422,1901,1239,152,521,2422,1.0,0.7848885218827415,0.21511147811725848,1031,0.5115606936416185,0.06275805119735756,0.42568125516102395
1744,37127,3777,1253,1122,1325,2524,3777,1.0,0.3317447709822611,0.6682552290177389,1330,0.29706115965051627,0.3508075191951284,0.3521313211543553
1745,37127,1942,1062,837,320,880,1942,1.0,0.5468589083419155,0.45314109165808447,785,0.4309989701338826,0.164778578784758,0.4042224510813594
1746,37127,3864,2780,1881,354,1084,3864,1.0,0.7194616977225673,0.2805383022774327,1629,0.48680124223602483,0.09161490683229814,0.421583850931677
1747,37127,3285,1283,1244,932,2002,3285,1.0,0.39056316590563167,0.6094368340943683,1109,0.3786910197869102,0.2837138508371385,0.3375951293759513
1748,37127,1176,567,489,292,609,1176,1.0,0.48214285714285715,0.5178571428571429,395,0.41581632653061223,0.24829931972789115,0.3358843537414966
1749,37127,2149,365,405,849,1784,2149,1.0,0.1698464402047464,0.8301535597952536,895,0.18845974872033505,0.395067473243369,0.41647277803629595
1750,37127,3255,656,696,1279,2599,3255,1.0,0.20153609831029187,0.7984639016897082,1280,0.21382488479262673,0.39293394777265744,0.3932411674347158
1751,37129,3653,647,662,1231,3006,3653,1.0,0.17711470024637285,0.8228852997536271,1760,0.18122091431699971,0.33698330139611277,0.48179578428688746
1752,37129,1720,10,511,792,1710,1720,1.0,0.005813953488372093,0.9941860465116279,417,0.29709302325581394,0.4604651162790698,0.2424418604651163
1753,37129,2740,18,826,1232,2722,2740,1.0,0.006569343065693431,0.9934306569343065,682,0.3014598540145985,0.44963503649635034,0.2489051094890511
1754,37129,3965,1092,1144,1230,2873,3965,1.0,0.2754098360655738,0.7245901639344262,1591,0.28852459016393445,0.31021437578814626,0.4012610340479193
1755,37129,5330,936,1418,1287,4394,5330,1.0,0.17560975609756097,0.824390243902439,2625,0.26604127579737336,0.24146341463414633,0.4924953095684803
1756,37129,4125,338,1007,1598,3787,4125,1.0,0.08193939393939394,0.918060606060606,1520,0.24412121212121213,0.3873939393939394,0.36848484848484847
1757,37129,10091,1362,2942,3745,8729,10091,1.0,0.1349717570111981,0.8650282429888019,3404,0.2915469230006937,0.37112278267763354,0.3373302943216728
1758,37129,6570,196,2063,3686,6374,6570,1.0,0.029832572298325723,0.9701674277016743,821,0.31400304414003044,0.5610350076103501,0.12496194824961948
1759,37129,2162,6,606,1029,2156,2162,1.0,0.0027752081406105457,0.9972247918593895,527,0.2802960222016651,0.4759481961147086,0.24375578168362627
1760,37129,8844,409,2108,3701,8435,8844,1.0,0.04624604251469923,0.9537539574853008,3035,0.23835368611488014,0.418475802804161,0.34317051108095886
1761,37129,6226,388,1917,2584,5838,6226,1.0,0.062319306135560554,0.9376806938644394,1725,0.3079023450048185,0.415033729521362,0.2770639254738195
1762,37129,4314,236,1188,2095,4078,4314,1.0,0.054705609643022714,0.9452943903569773,1031,0.2753824756606398,0.485628187297172,0.23898933704218822
1763,37129,2487,310,800,911,2177,2487,1.0,0.12464817048652996,0.87535182951347,776,0.32167269802975473,0.3663047848813832,0.3120225170888621
1764,37129,5462,167,1768,2778,5295,5462,1.0,0.03057488099597217,0.9694251190040278,916,0.323690955693885,0.5086049066276089,0.16770413767850603
1765,37129,4669,118,1339,2267,4551,4669,1.0,0.025273077746840865,0.9747269222531592,1063,0.28678517883915183,0.48554294281430715,0.227671878346541
1766,37129,2043,17,602,896,2026,2043,1.0,0.008321096426823299,0.9916789035731767,545,0.29466470876162504,0.438570729319628,0.2667645619187469
1767,37129,6847,1098,1632,2350,5749,6847,1.0,0.16036220242441945,0.8396377975755805,2865,0.23835256316635023,0.34321600701036953,0.41843142982328024
1768,37129,3318,382,835,1148,2936,3318,1.0,0.11512959614225438,0.8848704038577456,1335,0.2516576250753466,0.3459915611814346,0.4023508137432188
1769,37129,3632,1584,1976,411,2048,3632,1.0,0.43612334801762115,0.5638766519823789,1245,0.5440528634361234,0.11316079295154186,0.3427863436123348
1770,37129,2300,867,717,398,1433,2300,1.0,0.3769565217391304,0.6230434782608696,1185,0.31173913043478263,0.17304347826086958,0.5152173913043478
1771,37129,6461,2460,2234,601,4001,6461,1.0,0.38074601454883145,0.6192539854511685,3626,0.3457669091471908,0.09301965639993809,0.5612134344528711
1772,37129,3695,2862,1961,163,833,3695,1.0,0.7745602165087957,0.22543978349120433,1571,0.5307171853856563,0.04411366711772666,0.42516914749661705
1773,37129,3182,953,1637,442,2229,3182,1.0,0.29949717159019484,0.7005028284098052,1103,0.5144563167818982,0.13890634820867379,0.34663733500942806
1774,37129,2141,1069,1187,211,1072,2141,1.0,0.4992993928070995,0.5007006071929005,743,0.5544138253152733,0.09855207846800561,0.34703409621672116
1775,37129,3312,453,970,608,2859,3312,1.0,0.13677536231884058,0.8632246376811594,1734,0.2928743961352657,0.18357487922705315,0.5235507246376812
1776,37129,3852,151,1181,1688,3701,3852,1.0,0.03920041536863967,0.9607995846313603,983,0.3065939771547248,0.43821391484942884,0.2551921079958463
1777,37129,2039,339,563,648,1700,2039,1.0,0.1662579695929377,0.8337420304070623,828,0.27611574301128006,0.31780284453163316,0.4060814124570868
1778,37129,3860,156,1184,1614,3704,3860,1.0,0.04041450777202073,0.9595854922279793,1062,0.3067357512953368,0.4181347150259067,0.2751295336787565
1779,37129,1885,226,708,578,1659,1885,1.0,0.11989389920424404,0.880106100795756,599,0.37559681697612735,0.306631299734748,0.31777188328912465
1780,37129,5075,83,1588,2621,4992,5075,1.0,0.016354679802955664,0.9836453201970443,866,0.3129064039408867,0.5164532019704433,0.17064039408866996
1781,37129,4004,517,1328,906,3487,4004,1.0,0.12912087912087913,0.8708791208791209,1770,0.33166833166833165,0.22627372627372627,0.4420579420579421
1782,37129,3101,54,872,2026,3047,3101,1.0,0.017413737504030958,0.982586262495969,203,0.28119961302805546,0.653337633021606,0.0654627539503386
1783,37129,3079,809,922,400,2270,3079,1.0,0.26274764533939593,0.7372523546606041,1757,0.299447872685937,0.12991230919129587,0.5706398181227671
1784,37129,3788,95,1008,1723,3693,3788,1.0,0.0250791974656811,0.9749208025343189,1057,0.26610348468849,0.454857444561774,0.279039070749736
1785,37129,7558,566,1516,1111,6992,7558,1.0,0.07488753638528711,0.9251124636147129,4931,0.2005821645938079,0.14699655993649113,0.652421275469701
1786,37129,1877,65,484,570,1812,1877,1.0,0.03462972828982419,0.9653702717101759,823,0.257858284496537,0.3036760788492275,0.4384656366542355
1787,37129,4248,294,1246,1325,3954,4248,1.0,0.0692090395480226,0.9307909604519774,1677,0.2933145009416196,0.3119114877589454,0.394774011299435
1788,37129,5486,157,1293,2252,5329,5486,1.0,0.02861830113014947,0.9713816988698505,1941,0.23569084943492527,0.4104994531534816,0.3538096974115931
1789,37129,3113,111,1027,1280,3002,3113,1.0,0.03565692258271764,0.9643430774172823,806,0.3299068422743334,0.41117892707998716,0.2589142306456794
1790,37131,467,216,139,113,251,467,1.0,0.4625267665952891,0.5374732334047109,215,0.29764453961456105,0.24197002141327623,0.4603854389721627
1791,37131,597,403,90,40,194,597,1.0,0.6750418760469011,0.3249581239530988,467,0.1507537688442211,0.06700167504187604,0.7822445561139029
1792,37131,1402,418,439,511,984,1402,1.0,0.29814550641940085,0.7018544935805991,452,0.3131241084165478,0.3644793152639087,0.3223965763195435
1793,37131,3249,2031,1247,449,1218,3249,1.0,0.6251154201292706,0.37488457987072943,1553,0.3838104032009849,0.13819636811326563,0.47799322868574945
1794,37131,1206,779,440,208,427,1206,1.0,0.6459369817578773,0.3540630182421227,558,0.3648424543946932,0.1724709784411277,0.4626865671641791
1795,37131,1617,1153,730,201,464,1617,1.0,0.7130488559059988,0.28695114409400124,686,0.4514533085961657,0.12430426716141002,0.42424242424242425
1796,37131,530,212,116,142,318,530,1.0,0.4,0.6,272,0.2188679245283019,0.2679245283018868,0.5132075471698113
1797,37131,471,308,158,75,163,471,1.0,0.6539278131634819,0.346072186836518,238,0.3354564755838641,0.1592356687898089,0.505307855626327
1798,37131,1729,1523,1019,122,206,1729,1.0,0.8808559861191441,0.11914401388085599,588,0.589358010410642,0.07056101792943899,0.340080971659919
1799,37131,745,355,217,216,390,745,1.0,0.47651006711409394,0.5234899328859061,312,0.2912751677852349,0.28993288590604027,0.41879194630872485
1800,37131,680,239,175,193,441,680,1.0,0.3514705882352941,0.6485294117647059,312,0.25735294117647056,0.2838235294117647,0.4588235294117647
1801,37131,228,116,90,74,112,228,1.0,0.5087719298245614,0.49122807017543857,64,0.39473684210526316,0.32456140350877194,0.2807017543859649
1802,37131,991,476,305,169,515,991,1.0,0.4803229061553986,0.5196770938446014,517,0.3077699293642785,0.1705348133198789,0.5216952573158425
1803,37131,859,483,296,198,376,859,1.0,0.5622817229336438,0.43771827706635624,365,0.3445867287543655,0.23050058207217694,0.42491268917345754
1804,37131,692,248,201,268,444,692,1.0,0.3583815028901734,0.6416184971098265,223,0.2904624277456647,0.3872832369942196,0.3222543352601156
1805,37131,816,501,113,62,315,816,1.0,0.6139705882352942,0.3860294117647059,641,0.13848039215686275,0.07598039215686274,0.7855392156862745
1806,37131,942,342,226,324,600,942,1.0,0.3630573248407643,0.6369426751592356,392,0.23991507430997877,0.34394904458598724,0.416135881104034
1807,37131,278,68,57,146,210,278,1.0,0.2446043165467626,0.7553956834532374,75,0.20503597122302158,0.5251798561151079,0.2697841726618705
1808,37133,1710,77,305,917,1633,1710,1.0,0.04502923976608187,0.9549707602339181,488,0.1783625730994152,0.5362573099415204,0.28538011695906434
1809,37133,3207,54,457,1715,3153,3207,1.0,0.01683816651075772,0.9831618334892422,1035,0.14250077954474588,0.5347676956657312,0.32273152478952294
1810,37133,5001,138,787,2380,4863,5001,1.0,0.027594481103779243,0.9724055188962207,1834,0.15736852629474105,0.47590481903619275,0.3667266546690662
1811,37133,12767,2484,2560,2922,10283,12767,1.0,0.19456411059763454,0.8054358894023654,7285,0.20051695778178116,0.22887130884311116,0.5706117333751077
1812,37133,6979,1104,751,1916,5875,6979,1.0,0.15818885227109902,0.841811147728901,4312,0.10760853990543058,0.27453789941252327,0.6178535606820461
1813,37133,3380,1779,740,181,1601,3380,1.0,0.5263313609467456,0.47366863905325446,2459,0.21893491124260356,0.053550295857988164,0.7275147928994082
1814,37133,4714,470,963,2184,4244,4714,1.0,0.09970301230377598,0.900296987696224,1567,0.20428510818837506,0.46330080610946117,0.33241408570216374
1815,37133,10414,2291,1798,2101,8123,10414,1.0,0.21999231803341657,0.7800076819665834,6515,0.17265219896293452,0.20174764739773382,0.6256001536393316
1816,37133,5717,792,890,2403,4925,5717,1.0,0.13853419625677804,0.861465803743222,2424,0.15567605387440966,0.42032534546090605,0.42399860066468426
1817,37133,11512,2398,1882,2679,9114,11512,1.0,0.20830437804030577,0.7916956219596942,6951,0.16348158443363447,0.23271369006254344,0.6038047255038221
1818,37133,26979,3273,790,1294,23706,26979,1.0,0.12131657956188147,0.8786834204381185,24895,0.029282034174728494,0.04796323066088439,0.9227547351643871
1819,37133,4291,620,642,1819,3671,4291,1.0,0.14448846422745282,0.8555115357725472,1830,0.14961547424842694,0.423910510370543,0.4264740153810301
1820,37133,1948,161,185,904,1787,1948,1.0,0.08264887063655031,0.9173511293634496,859,0.09496919917864477,0.46406570841889117,0.44096509240246407
1821,37133,1367,260,207,485,1107,1367,1.0,0.19019751280175567,0.8098024871982443,675,0.15142648134601316,0.3547915142648135,0.49378200438917336
1822,37133,5739,302,549,1937,5437,5739,1.0,0.052622408085032234,0.9473775919149677,3253,0.09566126502875065,0.3375152465586339,0.5668234884126154
1823,37133,4065,613,602,1518,3452,4065,1.0,0.15079950799507996,0.8492004920049201,1945,0.14809348093480934,0.37343173431734317,0.4784747847478475
1824,37133,2408,218,229,888,2190,2408,1.0,0.09053156146179402,0.909468438538206,1291,0.09509966777408638,0.3687707641196013,0.5361295681063123
1825,37133,2932,193,288,1158,2739,2932,1.0,0.06582537517053207,0.9341746248294679,1486,0.09822646657571624,0.39495225102319237,0.5068212824010914
1826,37133,1390,102,118,639,1288,1390,1.0,0.07338129496402877,0.9266187050359712,633,0.08489208633093526,0.45971223021582736,0.4553956834532374
1827,37133,3748,280,355,1242,3468,3748,1.0,0.07470651013874066,0.9252934898612594,2151,0.09471718249733191,0.3313767342582711,0.573906083244397
1828,37133,5784,1131,1075,1763,4653,5784,1.0,0.19553941908713693,0.8044605809128631,2946,0.18585753803596128,0.3048063623789765,0.5093360995850622
1829,37133,2681,332,339,1086,2349,2681,1.0,0.123834390152928,0.876165609847072,1256,0.12644535621036926,0.4050727340544573,0.46848190973517345
1830,37133,4101,142,515,2055,3959,4101,1.0,0.03462570104852475,0.9653742989514752,1531,0.12557912704218482,0.5010972933430871,0.3733235796147281
1831,37135,3273,492,1725,193,2781,3273,1.0,0.15032080659945005,0.84967919340055,1355,0.5270394133822182,0.058967308279865564,0.41399327833791627
1832,37135,2706,284,1270,446,2422,2706,1.0,0.1049519586104952,0.8950480413895048,990,0.4693274205469327,0.1648189209164819,0.36585365853658536
1833,37135,2754,180,1349,284,2574,2754,1.0,0.06535947712418301,0.934640522875817,1121,0.48983297022512706,0.10312273057371096,0.4070442992011619
1834,37135,3351,205,1691,1018,3146,3351,1.0,0.061175768427335124,0.9388242315726649,642,0.5046254849298717,0.30378991345866907,0.19158460161145927
1835,37135,2224,167,1510,292,2057,2224,1.0,0.07508992805755396,0.924910071942446,422,0.6789568345323741,0.13129496402877697,0.18974820143884893
1836,37135,2315,81,1337,485,2234,2315,1.0,0.03498920086393088,0.9650107991360691,493,0.5775377969762419,0.20950323974082075,0.21295896328293737
1837,37135,2044,273,1260,300,1771,2044,1.0,0.13356164383561644,0.8664383561643836,484,0.6164383561643836,0.14677103718199608,0.23679060665362034
1838,37135,1793,214,1100,187,1579,1793,1.0,0.11935303959843838,0.8806469604015617,506,0.6134969325153374,0.10429447852760736,0.2822085889570552
1839,37135,1139,303,381,423,836,1139,1.0,0.2660228270412643,0.7339771729587358,335,0.334503950834065,0.3713784021071115,0.29411764705882354
1840,37135,1547,260,569,543,1287,1547,1.0,0.16806722689075632,0.8319327731092437,435,0.367808661926309,0.35100193923723333,0.28118939883645766
1841,37135,1814,130,962,259,1684,1814,1.0,0.07166482910694598,0.9283351708930541,593,0.5303197353914002,0.1427783902976847,0.3269018743109151
1842,37135,2021,34,1740,280,1987,2021,1.008991008991009,0.01682335477486393,0.983176645225136,1,0.8609599208312716,0.13854527461652646,0.0004948045522018803
1843,37135,3396,488,1703,454,2908,3396,1.0,0.143698468786808,0.856301531213192,1239,0.501472320376914,0.1336866902237927,0.36484098939929327
1844,37135,908,44,631,150,864,908,1.0,0.048458149779735685,0.9515418502202643,127,0.6949339207048458,0.16519823788546256,0.13986784140969163
1845,37135,2816,256,1608,351,2560,2816,1.0,0.09090909090909091,0.9090909090909091,857,0.5710227272727273,0.12464488636363637,0.30433238636363635
1846,37135,3996,598,1736,961,3398,3996,1.0,0.14964964964964966,0.8503503503503503,1299,0.4344344344344344,0.24049049049049048,0.32507507507507505
1847,37135,2681,517,1737,412,2164,2681,1.0,0.1928384930995897,0.8071615069004103,532,0.6478925773964939,0.1536740022379709,0.19843342036553524
1848,37135,3538,255,2146,399,3283,3538,1.0,0.07207461842849067,0.9279253815715093,993,0.6065573770491803,0.11277557942340305,0.2806670435274166
1849,37135,2740,214,1391,414,2526,2740,1.0,0.0781021897810219,0.9218978102189781,935,0.5076642335766424,0.1510948905109489,0.34124087591240876
1850,37135,2883,405,1728,211,2478,2883,1.0,0.1404786680541103,0.8595213319458896,944,0.5993756503642039,0.07318765175164758,0.3274366978841485
1851,37135,1164,96,871,148,1068,1164,1.0,0.08247422680412371,0.9175257731958762,145,0.7482817869415808,0.12714776632302405,0.12457044673539519
1852,37135,1854,293,856,496,1561,1854,1.0,0.15803667745415317,0.8419633225458468,502,0.4617044228694714,0.267529665587918,0.2707659115426106
1853,37135,1535,89,1150,136,1446,1535,1.0,0.057980456026058634,0.9420195439739414,249,0.749185667752443,0.08859934853420195,0.16221498371335505
1854,37135,2437,219,1033,1103,2218,2437,1.0,0.0898645876077144,0.9101354123922856,301,0.4238818219121871,0.45260566270004104,0.12351251538777185
1855,37135,1732,89,1332,361,1643,1732,1.0,0.05138568129330254,0.9486143187066974,39,0.76905311778291,0.2084295612009238,0.022517321016166283
1856,37135,5071,1098,1924,1777,3973,5071,1.0,0.2165253401695918,0.7834746598304082,1370,0.37941234470518637,0.3504239794912246,0.270163675803589
1857,37135,2963,333,2326,636,2630,2963,1.0382053978268488,0.11238609517381033,0.8876139048261896,1,0.7850151873101586,0.21464731690853864,0.0003374957813027337
1858,37135,1072,254,687,132,818,1072,1.0,0.23694029850746268,0.7630597014925373,253,0.6408582089552238,0.12313432835820895,0.23600746268656717
1859,37135,2896,350,1332,387,2546,2896,1.0,0.12085635359116022,0.8791436464088398,1177,0.4599447513812155,0.13363259668508287,0.40642265193370164
1860,37135,4442,248,2514,1017,4194,4442,1.0,0.055830706888788835,0.9441692931112111,911,0.5659612787032868,0.2289509230076542,0.205087798289059
1861,37135,2455,448,1854,435,2007,2455,1.0,0.1824847250509165,0.8175152749490835,166,0.755193482688391,0.17718940936863545,0.06761710794297353
1862,37135,1410,329,554,543,1081,1410,1.0,0.23333333333333334,0.7666666666666667,313,0.39290780141843973,0.3851063829787234,0.22198581560283687
1863,37135,2839,266,1773,303,2573,2839,1.0,0.09369496301514618,0.9063050369848539,763,0.6245156745332864,0.10672772102853118,0.26875660443818244
1864,37135,2630,286,1367,1069,2344,2630,1.0,0.10874524714828897,0.8912547528517111,194,0.5197718631178707,0.4064638783269962,0.07376425855513308
1865,37135,3193,195,922,991,2998,3193,1.0,0.06107109301597244,0.9389289069840275,1280,0.2887566551832133,0.3103664265580958,0.4008769182586909
1866,37135,2220,238,1222,319,1982,2220,1.0,0.10720720720720721,0.8927927927927928,679,0.5504504504504505,0.1436936936936937,0.30585585585585584
1867,37135,1999,247,1468,103,1752,1999,1.0,0.12356178089044523,0.8764382191095548,428,0.7343671835917959,0.05152576288144072,0.21410705352676337
1868,37135,2615,157,1363,415,2458,2615,1.0,0.060038240917782024,0.939961759082218,837,0.5212237093690248,0.1586998087954111,0.32007648183556403
1869,37135,2690,86,1988,416,2604,2690,1.0,0.03197026022304833,0.9680297397769517,286,0.7390334572490707,0.1546468401486989,0.10631970260223049
1870,37135,1502,48,838,492,1454,1502,1.0,0.03195739014647137,0.9680426098535286,172,0.5579227696404794,0.32756324900133155,0.11451398135818908
1871,37135,2713,214,777,1307,2499,2713,1.0,0.07887946922226317,0.9211205307777368,629,0.2863988204939182,0.4817545152967195,0.23184666420936234
1872,37135,1980,267,738,803,1713,1980,1.0,0.13484848484848486,0.8651515151515151,439,0.37272727272727274,0.40555555555555556,0.22171717171717173
1873,37135,2610,1087,1414,433,1523,2610,1.0,0.4164750957854406,0.5835249042145594,763,0.5417624521072797,0.16590038314176245,0.29233716475095783
1874,37137,500,252,148,124,248,500,1.0,0.504,0.496,228,0.296,0.248,0.456
1875,37137,2267,305,492,1022,1962,2267,1.0,0.1345390383767093,0.8654609616232907,753,0.21702690780767533,0.45081605646228495,0.3321570357300397
1876,37137,1859,202,639,861,1657,1859,1.0,0.10866057019903173,0.8913394298009683,359,0.34373318988703605,0.4631522323830016,0.19311457772996235
1877,37137,302,2,10,120,300,302,1.0,0.006622516556291391,0.9933774834437086,172,0.033112582781456956,0.3973509933774834,0.5695364238410596
1878,37137,1428,148,225,731,1280,1428,1.0,0.10364145658263306,0.896358543417367,472,0.15756302521008403,0.5119047619047619,0.33053221288515405
1879,37137,1721,179,235,711,1542,1721,1.0,0.10400929692039512,0.8959907030796049,775,0.13654851830331202,0.41313190005810574,0.4503195816385822
1880,37137,2105,966,521,433,1139,2105,1.0,0.45890736342042754,0.5410926365795724,1151,0.2475059382422803,0.20570071258907363,0.5467933491686461
1881,37137,608,149,104,197,459,608,1.0,0.2450657894736842,0.7549342105263158,307,0.17105263157894737,0.32401315789473684,0.5049342105263158
1882,37139,1731,530,645,487,1201,1731,1.0,0.30618139803581745,0.6938186019641825,599,0.37261698440207974,0.28134026574234544,0.3460427498555748
1883,37139,1305,180,218,534,1125,1305,1.0,0.13793103448275862,0.8620689655172413,553,0.16704980842911876,0.4091954022988506,0.42375478927203064
1884,37139,2840,1865,825,159,975,2840,1.0,0.6566901408450704,0.34330985915492956,1856,0.2904929577464789,0.05598591549295775,0.6535211267605634
1885,37139,1731,578,478,277,1153,1731,1.0,0.3339110340843443,0.6660889659156557,976,0.2761409589832467,0.16002310803004044,0.5638359329867129
1886,37139,3729,654,848,1716,3075,3729,1.0,0.1753821399839099,0.82461786001609,1165,0.22740681147760794,0.46017699115044247,0.3124161973719496
1887,37139,3961,1074,1285,1388,2887,3961,1.0,0.27114365059328455,0.7288563494067155,1288,0.3244130270133805,0.35041656147437517,0.3251704115122444
1888,37139,2111,815,601,562,1296,2111,1.0,0.3860729512079583,0.6139270487920417,948,0.2846991946944576,0.266224538133586,0.4490762671719564
1889,37139,1466,1085,633,122,381,1466,1.0,0.7401091405184175,0.2598908594815825,711,0.43178717598908595,0.08321964529331514,0.4849931787175989
1890,37139,1548,1307,581,143,241,1548,1.0,0.8443152454780362,0.15568475452196381,824,0.37532299741602065,0.09237726098191215,0.5322997416020672
1891,37139,1694,800,635,158,894,1694,1.0,0.4722550177095632,0.5277449822904369,901,0.37485242030696575,0.09327036599763873,0.5318772136953955
1892,37139,1684,709,413,304,975,1684,1.0,0.42102137767220904,0.578978622327791,967,0.24524940617577198,0.18052256532066507,0.5742280285035629
1893,37139,1409,635,361,218,774,1409,1.0,0.45067423704755144,0.5493257629524485,830,0.25621007806955287,0.1547196593328602,0.589070262597587
1894,37139,6253,1542,1056,2015,4711,6253,1.0,0.24660163121701584,0.7533983687829842,3182,0.16887893810970733,0.32224532224532226,0.5088757396449705
1895,37141,3288,312,520,1369,2976,3288,1.0,0.0948905109489051,0.9051094890510949,1399,0.15815085158150852,0.4163625304136253,0.4254866180048662
1896,37141,1725,895,636,367,830,1725,1.0,0.518840579710145,0.4811594202898551,722,0.36869565217391304,0.2127536231884058,0.41855072463768117
1897,37141,1108,271,283,393,837,1108,1.0,0.24458483754512636,0.7554151624548736,432,0.25541516245487367,0.3546931407942238,0.3898916967509025
1898,37141,297,110,90,51,187,297,1.0,0.37037037037037035,0.6296296296296297,156,0.30303030303030304,0.1717171717171717,0.5252525252525253
1899,37141,1828,606,465,520,1222,1828,1.0,0.33150984682713347,0.6684901531728665,843,0.25437636761487964,0.2844638949671772,0.4611597374179431
1900,37141,1739,323,329,726,1416,1739,1.0,0.18573893041978148,0.8142610695802185,684,0.1891891891891892,0.41748131109833236,0.39332949971247844
1901,37141,1331,207,215,536,1124,1331,1.0,0.1555221637866266,0.8444778362133734,580,0.1615326821938392,0.4027047332832457,0.4357625845229151
1902,37141,430,18,49,208,412,430,1.0,0.04186046511627907,0.958139534883721,173,0.11395348837209303,0.48372093023255813,0.40232558139534885
1903,37141,2494,194,692,1450,2300,2494,1.0,0.07778668805132317,0.9222133119486768,352,0.2774659182036889,0.5813953488372093,0.14113873295910184
1904,37141,2904,867,480,752,2037,2904,1.0,0.29855371900826444,0.7014462809917356,1672,0.1652892561983471,0.25895316804407714,0.5757575757575758
1905,37141,496,57,70,248,439,496,1.0,0.11491935483870967,0.8850806451612904,178,0.14112903225806453,0.5,0.3588709677419355
1906,37141,2711,552,545,661,2159,2711,1.0,0.2036149022500922,0.7963850977499077,1505,0.20103282921431206,0.24382146809295463,0.5551457026927333
1907,37141,3655,1070,849,1169,2585,3655,1.0,0.292749658002736,0.707250341997264,1637,0.23228454172366622,0.3198358413132695,0.4478796169630643
1908,37141,3004,153,738,1643,2851,3004,1.0,0.050932090545938745,0.9490679094540613,623,0.24567243675099867,0.5469374167776299,0.2073901464713715
1909,37141,1599,15,303,1028,1584,1599,1.0,0.009380863039399626,0.9906191369606003,268,0.1894934333958724,0.642901813633521,0.16760475297060662
1910,37141,2905,220,667,1582,2685,2905,1.0,0.0757314974182444,0.9242685025817556,656,0.2296041308089501,0.5445783132530121,0.22581755593803787
1911,37141,763,513,442,141,250,763,1.0,0.672346002621232,0.32765399737876805,180,0.5792922673656619,0.18479685452162517,0.23591087811271297
1912,37141,3564,73,731,1904,3491,3564,1.0,0.02048260381593715,0.9795173961840629,929,0.20510662177328845,0.5342312008978676,0.260662177328844
1913,37141,1429,463,313,398,966,1429,1.0,0.32400279916025193,0.6759972008397481,718,0.21903428971308608,0.27851644506648005,0.5024492652204339
1914,37141,3058,146,670,2034,2912,3058,1.0,0.04774362328319163,0.9522563767168084,354,0.21909744931327665,0.6651406147809026,0.1157619359058208
1915,37143,2058,664,497,726,1394,2058,1.0,0.3226433430515063,0.6773566569484937,835,0.24149659863945577,0.35276967930029157,0.40573372206025266
1916,37143,766,152,155,336,614,766,1.0,0.19843342036553524,0.8015665796344648,275,0.20234986945169714,0.4386422976501306,0.35900783289817234
1917,37143,268,50,48,107,218,268,1.0,0.1865671641791045,0.8134328358208955,113,0.1791044776119403,0.39925373134328357,0.4216417910447761
1918,37143,2971,364,536,1264,2607,2971,1.0,0.12251767081790643,0.8774823291820936,1171,0.18041063614944464,0.4254459777852575,0.39414338606529786
1919,37143,1143,570,354,267,573,1143,1.0,0.49868766404199477,0.5013123359580053,522,0.30971128608923887,0.2335958005249344,0.4566929133858268
1920,37143,1078,268,217,335,810,1078,1.0,0.24860853432282004,0.75139146567718,526,0.2012987012987013,0.310760667903525,0.48794063079777367
1921,37143,2400,425,413,988,1975,2400,1.0,0.17708333333333334,0.8229166666666666,999,0.17208333333333334,0.4116666666666667,0.41625
1922,37145,1178,206,215,545,972,1178,1.0,0.17487266553480477,0.8251273344651953,418,0.18251273344651953,0.4626485568760611,0.3548387096774194
1923,37145,2684,1195,714,575,1489,2684,1.0,0.44523099850968706,0.5547690014903129,1395,0.2660208643815201,0.21423248882265275,0.5197466467958272
1924,37145,1144,431,369,367,713,1144,1.0,0.3767482517482518,0.6232517482517482,408,0.32255244755244755,0.3208041958041958,0.35664335664335667
1925,37145,2066,459,484,817,1607,2066,1.0,0.22216844143272024,0.7778315585672798,765,0.23426911907066797,0.39545014520813165,0.3702807357212004
1926,37145,2544,343,546,1206,2201,2544,1.0,0.13482704402515724,0.8651729559748428,792,0.21462264150943397,0.4740566037735849,0.3113207547169811
1927,37145,5425,747,1062,2483,4678,5425,1.0,0.1376958525345622,0.8623041474654378,1880,0.19576036866359448,0.4576958525345622,0.34654377880184334
1928,37145,1808,657,628,498,1151,1808,1.0,0.3633849557522124,0.6366150442477876,682,0.3473451327433628,0.2754424778761062,0.377212389380531
1929,37145,2557,749,737,593,1808,2557,1.0,0.2929213922565507,0.7070786077434493,1227,0.28822839264763395,0.23191239734063354,0.4798592100117325
1930,37145,2284,519,791,747,1765,2284,1.0,0.22723292469352013,0.7727670753064798,746,0.34632224168126097,0.32705779334500873,0.3266199649737303
1931,37145,2519,1270,703,657,1249,2519,1.0,0.5041683207622072,0.49583167923779276,1159,0.2790789996030171,0.2608177848352521,0.46010321556173084
1932,37145,819,198,174,335,621,819,1.0,0.24175824175824176,0.7582417582417582,310,0.21245421245421245,0.409035409035409,0.3785103785103785
1933,37145,2328,754,708,767,1574,2328,1.0,0.3238831615120275,0.6761168384879725,853,0.30412371134020616,0.32946735395189003,0.36640893470790376
1934,37145,1251,194,309,595,1057,1251,1.0,0.1550759392486011,0.8449240607513989,347,0.24700239808153476,0.4756195043964828,0.2773780975219824
1935,37145,1743,246,325,848,1497,1743,1.0,0.14113597246127366,0.8588640275387264,570,0.18646012621916236,0.4865174985656913,0.3270223752151463
1936,37147,3305,622,815,645,2683,3305,1.0,0.1881996974281392,0.8118003025718609,1845,0.24659606656580937,0.1951588502269289,0.5582450832072617
1937,37147,2982,660,701,1146,2322,2982,1.0,0.22132796780684105,0.778672032193159,1135,0.23507712944332662,0.3843058350100604,0.380617035546613
1938,37147,5688,1444,1913,2481,4244,5688,1.0,0.2538677918424754,0.7461322081575246,1294,0.3363220815752461,0.4361814345991561,0.22749648382559776
1939,37147,3628,1055,840,1149,2573,3628,1.0,0.2907938257993385,0.7092061742006616,1639,0.23153252480705622,0.31670341786108047,0.4517640573318633
1940,37147,2725,1368,939,626,1357,2725,1.0,0.5020183486238532,0.4979816513761468,1160,0.34458715596330275,0.22972477064220184,0.42568807339449544
1941,37147,5622,2698,1763,850,2924,5622,1.0,0.479900391319815,0.520099608680185,3009,0.3135894699395233,0.1511917467093561,0.5352187833511206
1942,37147,7468,4301,3515,1008,3167,7468,1.0,0.575923942153187,0.42407605784681307,2945,0.4706748794858061,0.13497589716122121,0.3943492233529727
1943,37147,4655,1144,1674,1867,3511,4655,1.0,0.24575725026852846,0.7542427497314715,1114,0.35961331901181526,0.4010741138560687,0.23931256713211602
1944,37147,1803,1376,650,64,427,1803,1.0,0.7631724902939545,0.2368275097060455,1089,0.36051026067665004,0.03549639489739324,0.6039933444259568
1945,37147,4839,537,731,2526,4302,4839,1.0,0.11097334159950403,0.889026658400496,1582,0.1510642694771647,0.5220086794792312,0.32692705104360403
1946,37147,2715,1070,846,858,1645,2715,1.0,0.39410681399631675,0.6058931860036832,1011,0.3116022099447514,0.3160220994475138,0.3723756906077348
1947,37147,5468,993,1178,1174,4475,5468,1.0,0.1816020482809071,0.8183979517190929,3116,0.21543525969275787,0.2147037307973665,0.5698610095098756
1948,37147,1986,460,522,941,1526,1986,1.0,0.23162134944612287,0.7683786505538771,523,0.2628398791540785,0.4738167170191339,0.2633434038267875
1949,37147,3170,2073,1389,348,1097,3170,1.0,0.6539432176656151,0.34605678233438486,1433,0.43817034700315455,0.10977917981072555,0.45205047318611985
1950,37147,3766,1493,1387,1231,2273,3766,1.0,0.39644184811471056,0.6035581518852894,1148,0.36829527349973445,0.32687201274561867,0.3048327137546468
1951,37147,3014,2491,1695,132,523,3014,1.0,0.8264764432647644,0.17352355673523556,1187,0.5623755806237558,0.043795620437956206,0.393828798938288
1952,37147,2160,248,435,585,1912,2160,1.0,0.11481481481481481,0.8851851851851852,1140,0.2013888888888889,0.2708333333333333,0.5277777777777778
1953,37147,2562,1137,934,375,1425,2562,1.0,0.44379391100702575,0.5562060889929742,1253,0.36455893832943015,0.14637002341920374,0.4890710382513661
1954,37147,3889,2082,1334,405,1807,3889,1.0,0.5353561326819234,0.4646438673180766,2150,0.34301877089226024,0.10413988171766521,0.5528413473900746
1955,37147,2806,326,916,1092,2480,2806,1.0,0.11617961511047754,0.8838203848895224,798,0.3264433357091946,0.3891660727013542,0.2843905915894512
1956,37147,3188,636,960,1279,2552,3188,1.0,0.19949811794228356,0.8005018820577164,949,0.30112923462986196,0.40119196988707656,0.2976787954830615
1957,37147,2335,258,631,1099,2077,2335,1.0,0.11049250535331906,0.889507494646681,605,0.2702355460385439,0.47066381156316917,0.25910064239828695
1958,37147,1283,107,177,592,1176,1283,1.0,0.08339828526890102,0.916601714731099,514,0.13795791114575215,0.46141855027279816,0.4006235385814497
1959,37147,2843,578,897,1410,2265,2843,1.0,0.20330636651424552,0.7966936334857545,536,0.315511783327471,0.4959549771368273,0.18853323953570172
1960,37147,3116,419,974,1622,2697,3116,1.0,0.13446726572528883,0.8655327342747111,520,0.31258023106546856,0.5205391527599487,0.1668806161745828
1961,37147,6417,1298,1795,1338,5119,6417,1.0,0.2022752064827801,0.7977247935172199,3284,0.2797257285335827,0.2085086489013558,0.5117656225650615
1962,37147,1516,504,391,487,1012,1516,1.0,0.3324538258575198,0.6675461741424802,638,0.2579155672823219,0.3212401055408971,0.420844327176781
1963,37147,1569,491,328,593,1078,1569,1.0,0.31293817718291905,0.687061822817081,648,0.20905035054174634,0.37794773741236454,0.4130019120458891
1964,37147,1924,1038,661,443,886,1924,1.0,0.5395010395010394,0.4604989604989605,820,0.34355509355509356,0.23024948024948025,0.4261954261954262
1965,37147,1053,333,207,336,720,1053,1.0,0.3162393162393162,0.6837606837606838,510,0.19658119658119658,0.3190883190883191,0.4843304843304843
1966,37147,2237,934,767,636,1303,2237,1.0,0.4175234689316048,0.5824765310683951,834,0.34286991506481895,0.28430934286991505,0.372820742065266
1967,37147,6035,1933,1188,1204,4102,6035,1.0,0.3202982601491301,0.6797017398508699,3643,0.1968516984258492,0.19950289975144989,0.6036454018227009
1968,37147,2520,737,1075,630,1783,2520,1.0,0.2924603174603175,0.7075396825396826,815,0.42658730158730157,0.25,0.32341269841269843
1969,37147,3758,588,854,1778,3170,3758,1.0,0.15646620542841938,0.8435337945715806,1126,0.22724853645556148,0.4731240021287919,0.2996274614156466
1970,37147,4644,1745,2040,1532,2899,4644,1.0,0.3757536606373816,0.6242463393626184,1072,0.4392764857881137,0.3298880275624462,0.23083548664944015
1971,37147,2861,259,599,482,2602,2861,1.0,0.09052778748689269,0.9094722125131073,1780,0.2093673540720028,0.16847256204124433,0.6221600838867529
1972,37147,5822,1277,1419,1062,4545,5822,1.0,0.21934043284094812,0.7806595671590518,3341,0.24373067674338716,0.1824115424252834,0.5738577808313294
1973,37147,2978,456,829,1080,2522,2978,1.0,0.15312290127602418,0.8468770987239759,1069,0.2783747481531229,0.36265950302216254,0.35896574882471455
1974,37149,2695,53,635,1104,2642,2695,1.0,0.019666048237476808,0.9803339517625231,956,0.23562152133580705,0.4096474953617811,0.3547309833024119
1975,37149,1704,20,200,785,1684,1704,1.0,0.011737089201877934,0.9882629107981221,719,0.11737089201877934,0.46068075117370894,0.42194835680751175
1976,37149,2814,250,625,1130,2564,2814,1.0,0.08884150675195451,0.9111584932480455,1059,0.22210376687988628,0.4015636105188344,0.3763326226012793
1977,37149,2562,26,596,995,2536,2562,1.0,0.01014832162373146,0.9898516783762685,971,0.23263075722092116,0.38836846213895393,0.3790007806401249
1978,37149,3217,258,1099,970,2959,3217,1.0,0.08019894311470314,0.9198010568852969,1148,0.34162262977929747,0.3015231582219459,0.3568542119987566
1979,37149,1616,19,447,645,1597,1616,1.0,0.011757425742574257,0.9882425742574258,524,0.27660891089108913,0.39913366336633666,0.32425742574257427
1980,37149,1964,77,368,733,1887,1964,1.0,0.03920570264765784,0.9607942973523421,863,0.18737270875763748,0.37321792260692466,0.4394093686354379
1981,37151,1102,108,116,578,994,1102,1.0,0.09800362976406533,0.9019963702359347,408,0.10526315789473684,0.5245009074410163,0.3702359346642468
1982,37151,1797,66,172,964,1731,1797,1.0,0.03672787979966611,0.9632721202003339,661,0.09571508069003895,0.5364496382860323,0.36783528102392876
1983,37151,4404,187,481,1988,4217,4404,1.0,0.042461398728428704,0.9575386012715713,1935,0.1092188919164396,0.4514078110808356,0.4393732970027248
1984,37151,2581,201,488,901,2380,2581,1.0,0.0778767919411081,0.9221232080588919,1192,0.18907400232468036,0.34908950019372337,0.4618364974815963
1985,37151,2956,899,632,723,2057,2956,1.0,0.30412719891745604,0.695872801082544,1601,0.21380243572395127,0.2445872801082544,0.5416102841677943
1986,37151,2565,258,356,655,2307,2565,1.0,0.10058479532163743,0.8994152046783626,1554,0.13879142300194933,0.2553606237816764,0.6058479532163743
1987,37151,928,9,62,485,919,928,1.0,0.009698275862068966,0.990301724137931,381,0.0668103448275862,0.5226293103448276,0.4105603448275862
1988,37151,2750,176,245,1113,2574,2750,1.0,0.064,0.936,1392,0.0890909090909091,0.4047272727272727,0.5061818181818182
1989,37151,2319,186,636,726,2133,2319,1.0,0.08020698576972833,0.9197930142302717,957,0.2742561448900388,0.3130659767141009,0.4126778783958603
1990,37151,3012,180,310,1252,2832,3012,1.0,0.05976095617529881,0.9402390438247012,1450,0.10292164674634795,0.4156706507304117,0.4814077025232404
1991,37151,2880,127,276,1421,2753,2880,1.0,0.044097222222222225,0.9559027777777778,1183,0.09583333333333334,0.4934027777777778,0.4107638888888889
1992,37151,2145,16,230,956,2129,2145,1.0,0.007459207459207459,0.9925407925407925,959,0.10722610722610723,0.4456876456876457,0.4470862470862471
1993,37151,1960,12,154,1125,1948,1960,1.0,0.006122448979591836,0.9938775510204082,681,0.07857142857142857,0.5739795918367347,0.34744897959183674
1994,37151,2443,42,358,1491,2401,2443,1.0,0.017191977077363897,0.9828080229226361,594,0.14654113794514942,0.6103151862464183,0.24314367580843227
1995,37151,3445,285,407,806,3160,3445,1.0,0.08272859216255443,0.9172714078374455,2232,0.1181422351233672,0.2339622641509434,0.6478955007256894
1996,37151,2437,164,265,1270,2273,2437,1.0,0.0672958555601149,0.9327041444398851,902,0.10874025441116127,0.5211325400082069,0.37012720558063195
1997,37151,1806,146,221,733,1660,1806,1.0,0.08084163898117387,0.9191583610188261,852,0.12236987818383167,0.4058693244739756,0.4717607973421927
1998,37151,4274,121,607,1977,4153,4274,1.0,0.028310715956948992,0.971689284043051,1690,0.14202152550304165,0.46256434253626577,0.3954141319606926
1999,37151,2393,147,328,636,2246,2393,1.0,0.06142916840785625,0.9385708315921437,1429,0.13706644379440033,0.26577517760133723,0.5971583786042625
2000,37151,2439,247,310,923,2192,2439,1.0,0.1012710127101271,0.8987289872898729,1206,0.12710127101271013,0.37843378433784336,0.4944649446494465
2001,37151,2179,68,170,1076,2111,2179,1.0,0.031206975676916018,0.968793024323084,933,0.07801743919229004,0.4938044974759064,0.4281780633318036
2002,37151,3409,490,571,1266,2919,3409,1.0,0.1437371663244353,0.8562628336755647,1572,0.16749779994133177,0.3713699031974186,0.4611322968612496
2003,37151,3384,31,213,1622,3353,3384,1.0,0.009160756501182032,0.9908392434988179,1549,0.06294326241134751,0.4793144208037825,0.45774231678487
2004,37151,2938,28,222,1403,2910,2938,1.0,0.009530292716133424,0.9904697072838666,1313,0.07556160653505786,0.4775357385976855,0.4469026548672566
2005,37151,3366,35,289,1798,3331,3366,1.0,0.010398098633392751,0.9896019013666072,1279,0.08585858585858586,0.5341651812240048,0.3799762329174094
2006,37151,3703,63,405,1953,3640,3703,1.0,0.017013232514177693,0.9829867674858223,1345,0.10937078044828517,0.5274102079395085,0.3632190116122063
2007,37151,1505,97,430,785,1408,1505,1.0,0.06445182724252492,0.935548172757475,290,0.2857142857142857,0.521594684385382,0.19269102990033224
2008,37151,2563,69,311,1217,2494,2563,1.0,0.026921576277799453,0.9730784237222005,1035,0.12134217713616856,0.47483417869683964,0.4038236441669918
2009,37151,2193,185,242,1086,2008,2193,1.0,0.084359325125399,0.915640674874601,865,0.11035111719106247,0.4952120383036936,0.39443684450524397
2010,37151,4122,197,520,2017,3925,4122,1.0,0.04779233381853469,0.9522076661814654,1585,0.12615235322658905,0.48932557011159633,0.38452207666181465
2011,37151,3334,83,359,1496,3251,3334,1.0,0.02489502099580084,0.9751049790041991,1479,0.10767846430713857,0.4487102579484103,0.4436112777444511
2012,37151,457,4,43,244,453,457,1.0,0.0087527352297593,0.9912472647702407,170,0.09409190371991247,0.5339168490153173,0.37199124726477023
2013,37151,2633,41,256,1163,2592,2633,1.0,0.015571591340676035,0.984428408659324,1214,0.09722749715153817,0.4417014812001519,0.46107102164830993
2014,37151,2254,96,383,1154,2158,2254,1.0,0.04259094942324756,0.9574090505767524,717,0.1699201419698314,0.5119787045252884,0.3181011535048802
2015,37151,2561,109,247,1194,2452,2561,1.0,0.04256149941429129,0.9574385005857087,1120,0.09644670050761421,0.4662241311987505,0.4373291682936353
2016,37151,3224,519,654,1156,2705,3224,1.0,0.1609801488833747,0.8390198511166254,1414,0.20285359801488834,0.358560794044665,0.43858560794044665
2017,37151,3431,44,344,1908,3387,3431,1.0,0.012824249489944622,0.9871757505100553,1179,0.10026231419411251,0.5561060915185078,0.34363159428737977
2018,37151,2546,53,234,1308,2493,2546,1.0,0.020816967792615867,0.9791830322073841,1004,0.09190887666928516,0.5137470542026709,0.394344069128044
2019,37151,4333,59,375,2380,4274,4333,1.0,0.013616432033233325,0.9863835679667666,1578,0.08654511885529656,0.5492730210016155,0.36418186014308795
2020,37151,2267,79,286,1099,2188,2267,1.0,0.03484781649757389,0.9651521835024262,882,0.12615791795324216,0.48478164975738863,0.3890604322893692
2021,37153,868,154,116,189,714,868,1.0,0.1774193548387097,0.8225806451612904,563,0.1336405529953917,0.21774193548387097,0.6486175115207373
2022,37153,5936,1367,1378,1793,4569,5936,1.0,0.23028975741239893,0.7697102425876011,2765,0.23214285714285715,0.30205525606469,0.4658018867924528
2023,37153,164,91,70,34,73,164,1.0,0.5548780487804879,0.4451219512195122,60,0.4268292682926829,0.2073170731707317,0.36585365853658536
2024,37153,2321,586,463,492,1735,2321,1.0,0.25247738043946577,0.7475226195605342,1366,0.1994829814735028,0.2119775958638518,0.5885394226626454
2025,37153,5985,2396,1751,1039,3589,5985,1.0,0.4003341687552214,0.5996658312447786,3195,0.29256474519632414,0.17360066833751045,0.5338345864661654
2026,37153,4411,1934,1332,984,2477,4411,1.0,0.43844933121741103,0.561550668782589,2095,0.30197234187259125,0.22307866696894127,0.47494899115846745
2027,37153,392,5,26,196,387,392,1.0,0.012755102040816327,0.9872448979591837,170,0.0663265306122449,0.5,0.4336734693877551
2028,37153,5470,936,1229,2011,4534,5470,1.0,0.17111517367458867,0.8288848263254114,2230,0.2246800731261426,0.3676416819012797,0.4076782449725777
2029,37153,935,245,221,317,690,935,1.0,0.2620320855614973,0.7379679144385026,397,0.23636363636363636,0.3390374331550802,0.42459893048128344
2030,37153,220,34,38,88,186,220,1.0,0.15454545454545454,0.8454545454545455,94,0.17272727272727273,0.4,0.42727272727272725
2031,37153,1974,570,452,622,1404,1974,1.0,0.2887537993920973,0.7112462006079028,900,0.22897669706180346,0.315096251266464,0.45592705167173253
2032,37153,1069,315,319,464,754,1069,1.0,0.29466791393826003,0.7053320860617399,286,0.2984097287184284,0.43405051449953225,0.2675397567820393
2033,37153,1877,917,350,188,960,1877,1.0,0.4885455514118274,0.5114544485881726,1339,0.18646776771443793,0.1001598295151838,0.7133724027703783
2034,37153,1081,364,301,277,717,1081,1.0,0.3367252543940796,0.6632747456059205,503,0.2784458834412581,0.25624421831637373,0.4653098982423682
2035,37153,1591,175,231,614,1416,1591,1.0,0.10999371464487744,0.8900062853551226,746,0.1451917033312382,0.3859208045254557,0.4688874921433061
2036,37153,965,162,153,424,803,965,1.0,0.16787564766839377,0.8321243523316062,388,0.15854922279792746,0.43937823834196893,0.40207253886010363
2037,37155,1890,899,604,286,991,1890,1.0,0.4756613756613757,0.5243386243386243,1000,0.31957671957671957,0.15132275132275133,0.5291005291005291
2038,37155,1103,328,263,175,775,1103,1.0,0.2973708068902992,0.7026291931097008,665,0.2384406165004533,0.1586582048957389,0.6029011786038078
2039,37155,3955,1681,1221,448,2274,3955,1.0,0.425031605562579,0.574968394437421,2286,0.30872313527180784,0.11327433628318584,0.5780025284450063
2040,37155,3136,1326,980,525,1810,3136,1.0,0.42283163265306123,0.5771683673469388,1631,0.3125,0.16741071428571427,0.5200892857142857
2041,37155,638,92,80,130,546,638,1.0,0.14420062695924765,0.8557993730407524,428,0.12539184952978055,0.20376175548589343,0.670846394984326
2042,37155,828,348,173,136,480,828,1.0,0.42028985507246375,0.5797101449275363,519,0.20893719806763286,0.1642512077294686,0.6268115942028986
2043,37155,754,78,59,304,676,754,1.0,0.10344827586206896,0.896551724137931,391,0.07824933687002653,0.40318302387267907,0.5185676392572944
2044,37155,5757,586,1104,2339,5171,5757,1.0,0.10178912628104916,0.8982108737189508,2314,0.19176654507556018,0.4062879972207747,0.4019454577036651
2045,37155,1574,1003,555,104,571,1574,1.0,0.6372299872935197,0.3627700127064803,915,0.3526048284625159,0.06607369758576874,0.5813214739517154
2046,37155,1366,433,294,373,933,1366,1.0,0.3169838945827233,0.6830161054172768,699,0.21522693997071743,0.2730600292825769,0.5117130307467057
2047,37155,1544,570,343,278,974,1544,1.0,0.36917098445595853,0.6308290155440415,923,0.22215025906735753,0.1800518134715026,0.5977979274611399
2048,37155,2989,941,589,635,2048,2989,1.0,0.3148210103713617,0.6851789896286383,1765,0.19705587152893944,0.21244563399130145,0.5904984944797591
2049,37155,4313,1368,650,426,2945,4313,1.0,0.31718061674008813,0.6828193832599119,3237,0.15070716438673776,0.09877115696730814,0.7505216786459541
2050,37155,3225,1315,975,398,1910,3225,1.0,0.4077519379844961,0.5922480620155038,1852,0.3023255813953488,0.1234108527131783,0.5742635658914729
2051,37155,2749,25,339,768,2724,2749,1.0,0.009094216078574026,0.9909057839214259,1642,0.1233175700254638,0.2793743179337941,0.5973081120407421
2052,37155,4523,706,444,1260,3817,4523,1.0,0.15609108998452353,0.8439089100154764,2819,0.09816493477780235,0.27857616626133097,0.6232588989608667
2053,37155,2175,417,370,385,1758,2175,1.0,0.1917241379310345,0.8082758620689655,1420,0.17011494252873563,0.17701149425287357,0.6528735632183909
2054,37155,2757,589,493,528,2168,2757,1.0,0.2136380123322452,0.7863619876677548,1736,0.17881755531374682,0.191512513601741,0.6296699310845122
2055,37155,3843,265,480,679,3578,3843,1.0,0.06895654436638043,0.9310434556336196,2684,0.1249024199843872,0.1766848816029144,0.6984126984126984
2056,37155,2509,458,304,693,2051,2509,1.0,0.18254284575528099,0.817457154244719,1512,0.12116381028298127,0.27620565962534877,0.60263053009167
2057,37155,1561,180,221,287,1381,1561,1.0,0.11531069827033953,0.8846893017296604,1053,0.14157591287636132,0.18385650224215247,0.6745675848814863
2058,37155,1815,423,289,282,1392,1815,1.0,0.23305785123966943,0.7669421487603306,1244,0.15922865013774104,0.15537190082644628,0.6853994490358126
2059,37155,978,134,146,165,844,978,1.0,0.13701431492842536,0.8629856850715747,667,0.1492842535787321,0.1687116564417178,0.6820040899795501
2060,37155,3783,1100,743,800,2683,3783,1.0,0.2907745175786413,0.7092254824213587,2240,0.19640496960084589,0.21147237642083003,0.5921226539783241
2061,37155,2030,215,210,310,1815,2030,1.0,0.10591133004926108,0.8940886699507389,1510,0.10344827586206896,0.15270935960591134,0.7438423645320197
2062,37155,5244,1211,874,727,4033,5244,1.0,0.23093058733791,0.7690694126620901,3643,0.16666666666666666,0.13863463005339435,0.694698703279939
2063,37155,1156,394,410,178,762,1156,1.0,0.3408304498269896,0.6591695501730104,568,0.3546712802768166,0.15397923875432526,0.4913494809688581
2064,37155,1666,212,240,277,1454,1666,1.0,0.12725090036014405,0.8727490996398559,1149,0.14405762304921968,0.16626650660264106,0.6896758703481393
2065,37155,2795,424,348,413,2371,2795,1.0,0.1516994633273703,0.8483005366726297,2034,0.12450805008944543,0.14776386404293382,0.7277280858676207
2066,37155,2732,111,391,684,2621,2732,1.0,0.04062957540263543,0.9593704245973645,1657,0.1431185944363104,0.25036603221083453,0.6065153733528551
2067,37155,4968,281,718,994,4687,4968,1.0,0.056561996779388085,0.9434380032206119,3256,0.14452495974235105,0.2000805152979066,0.6553945249597424
2068,37155,1466,1268,672,34,198,1466,1.0,0.8649386084583902,0.13506139154160982,760,0.4583901773533424,0.023192360163710776,0.5184174624829468
2069,37155,726,228,160,96,498,726,1.0,0.3140495867768595,0.6859504132231405,470,0.22038567493112948,0.1322314049586777,0.6473829201101928
2070,37155,2148,587,492,519,1561,2148,1.0,0.2732774674115456,0.7267225325884544,1137,0.22905027932960895,0.24162011173184358,0.5293296089385475
2071,37155,2738,925,758,365,1813,2738,1.0,0.33783783783783783,0.6621621621621622,1615,0.2768444119795471,0.133308984660336,0.5898466033601169
2072,37155,1995,580,272,288,1415,1995,1.0,0.2907268170426065,0.7092731829573935,1435,0.13634085213032582,0.1443609022556391,0.7192982456140351
2073,37155,1842,241,278,741,1601,1842,1.0,0.13083604777415853,0.8691639522258415,823,0.15092290988056462,0.4022801302931596,0.44679695982627576
2074,37155,1022,514,292,159,508,1022,1.0,0.50293542074364,0.49706457925636005,571,0.2857142857142857,0.15557729941291584,0.5587084148727984
2075,37155,2032,298,437,638,1734,2032,1.0,0.1466535433070866,0.8533464566929134,957,0.21505905511811024,0.3139763779527559,0.47096456692913385
2076,37155,1706,490,344,409,1216,1706,1.0,0.28722157092614303,0.712778429073857,953,0.20164126611957797,0.23974208675263775,0.5586166471277842
2077,37155,2210,216,247,441,1994,2210,1.0,0.09773755656108597,0.902262443438914,1522,0.11176470588235295,0.1995475113122172,0.6886877828054299
2078,37157,5627,2368,1443,1215,3259,5627,1.0,0.4208281499911143,0.5791718500088857,2969,0.25644215390083525,0.2159232272969611,0.5276346188022036
2079,37157,4931,1219,1381,1707,3712,4931,1.0,0.24721151896167107,0.752788481038329,1843,0.2800648955587102,0.3461772459947272,0.37375785844656256
2080,37157,3442,879,750,1061,2563,3442,1.0,0.25537478210342823,0.7446252178965718,1631,0.2178965717606043,0.3082510168506682,0.47385241138872747
2081,37157,5139,956,981,1568,4183,5139,1.0,0.1860284101965363,0.8139715898034637,2590,0.19089316987740806,0.3051177271842771,0.5039891029383149
2082,37157,5383,794,990,2413,4589,5383,1.0,0.1475013932751254,0.8524986067248747,1980,0.1839123165521085,0.44826305034367453,0.367824633104217
2083,37157,4457,662,707,1866,3795,4457,1.0,0.1485304016154364,0.8514695983845636,1884,0.15862687906663675,0.4186672649764416,0.4227058559569217
2084,37157,5454,939,898,1624,4515,5454,1.0,0.17216721672167218,0.8278327832783279,2932,0.16464979831316465,0.29776310964429775,0.5375870920425376
2085,37157,3827,802,827,1415,3025,3827,1.0,0.20956362686177163,0.7904363731382283,1585,0.21609615887117847,0.36974131173242747,0.41416252939639403
2086,37157,2914,611,501,868,2303,2914,1.0,0.20967741935483872,0.7903225806451613,1545,0.1719286204529856,0.2978723404255319,0.5301990391214825
2087,37157,4362,1453,1308,1102,2909,4362,1.0,0.33310408069692804,0.666895919303072,1952,0.2998624484181568,0.25263640531866116,0.44750114626318205
2088,37157,4601,195,609,2130,4406,4601,1.0,0.04238209084981526,0.9576179091501847,1862,0.13236252988480765,0.46294283851336665,0.40469463160182567
2089,37157,2114,251,360,889,1863,2114,1.0,0.11873226111636707,0.881267738883633,865,0.17029328287606432,0.4205298013245033,0.40917691579943233
2090,37157,2870,661,521,1002,2209,2870,1.0,0.23031358885017422,0.7696864111498258,1347,0.18153310104529616,0.34912891986062716,0.46933797909407665
2091,37157,1522,390,355,503,1132,1522,1.0,0.25624178712220763,0.7437582128777924,664,0.23324572930354795,0.3304862023653088,0.43626806833114323
2092,37157,2675,180,393,1359,2495,2675,1.0,0.06728971962616823,0.9327102803738317,923,0.1469158878504673,0.5080373831775701,0.3450467289719626
2093,37157,4835,599,783,1813,4236,4835,1.0,0.12388831437435367,0.8761116856256463,2239,0.16194415718717683,0.3749741468459152,0.46308169596690796
2094,37157,3613,108,469,1882,3505,3613,1.0,0.02989205646277332,0.9701079435372267,1262,0.12980902297259894,0.5208967616938832,0.34929421533351784
2095,37157,5088,416,917,1740,4672,5088,1.0,0.08176100628930817,0.9182389937106918,2431,0.18022798742138366,0.3419811320754717,0.47779088050314467
2096,37159,2705,335,394,720,2370,2705,1.0,0.12384473197781885,0.8761552680221811,1591,0.1456561922365989,0.266173752310536,0.588170055452865
2097,37159,1640,84,189,726,1556,1640,1.0,0.05121951219512195,0.948780487804878,725,0.1152439024390244,0.4426829268292683,0.4420731707317073
2098,37159,3106,58,231,1401,3048,3106,1.0,0.018673535093367676,0.9813264649066323,1474,0.07437218287186091,0.4510624597553123,0.4745653573728268
2099,37159,2399,43,179,1179,2356,2399,1.0,0.01792413505627345,0.9820758649437266,1041,0.07461442267611505,0.49145477282200917,0.43393080450187577
2100,37159,1265,412,405,456,853,1265,1.0,0.3256916996047431,0.6743083003952569,404,0.3201581027667984,0.36047430830039523,0.3193675889328063
2101,37159,2577,53,214,1379,2524,2577,1.0,0.020566550252231277,0.9794334497477687,984,0.08304229724485836,0.5351183546759798,0.3818393480791618
2102,37159,2347,52,178,1180,2295,2347,1.0,0.022155943757988922,0.9778440562420111,989,0.07584149978696209,0.5027694929697486,0.4213890072432893
2103,37159,1952,202,312,981,1750,1952,1.0,0.10348360655737705,0.8965163934426229,659,0.1598360655737705,0.5025614754098361,0.33760245901639346
2104,37159,2709,97,373,1167,2612,2709,1.0,0.03580657069029162,0.9641934293097084,1169,0.1376891842008121,0.43078626799557035,0.4315245478036176
2105,37159,2065,430,440,832,1635,2065,1.0,0.20823244552058112,0.7917675544794189,793,0.21307506053268765,0.40290556900726393,0.3840193704600484
2106,37159,3018,895,901,809,2123,3018,1.0,0.29655400927766734,0.7034459907223327,1308,0.29854208084824385,0.2680583167660702,0.43339960238568587
2107,37159,1638,249,304,811,1389,1638,1.0,0.152014652014652,0.847985347985348,523,0.1855921855921856,0.49511599511599513,0.31929181929181927
2108,37159,3910,35,342,1963,3875,3910,1.0,0.008951406649616368,0.9910485933503836,1605,0.08746803069053709,0.5020460358056266,0.41048593350383633
2109,37159,1353,175,224,644,1178,1353,1.0,0.1293422025129342,0.8706577974870657,485,0.1655580192165558,0.4759793052475979,0.35846267553584626
2110,37159,2576,279,605,1329,2297,2576,1.0,0.10830745341614907,0.8916925465838509,642,0.23486024844720496,0.515916149068323,0.24922360248447206
2111,37159,2598,68,335,1531,2530,2598,1.0,0.02617397998460354,0.9738260200153964,732,0.12894534257120863,0.5892994611239415,0.2817551963048499
2112,37159,1777,15,151,1084,1762,1777,1.0,0.008441193021947102,0.9915588069780529,542,0.08497467642093416,0.6100168823860439,0.30500844119302195
2113,37159,3150,291,445,965,2859,3150,1.0,0.09238095238095238,0.9076190476190477,1740,0.14126984126984127,0.30634920634920637,0.5523809523809524
2114,37159,2773,308,559,1204,2465,2773,1.0,0.11107104219257122,0.8889289578074288,1010,0.20158672917417958,0.43418680129823295,0.36422646952758747
2115,37159,1644,445,370,457,1199,1644,1.0,0.2706812652068126,0.7293187347931873,817,0.22506082725060828,0.2779805352798054,0.49695863746958635
2116,37159,1290,79,177,709,1211,1290,1.0,0.06124031007751938,0.9387596899224806,404,0.1372093023255814,0.5496124031007752,0.31317829457364343
2117,37159,4371,770,477,920,3601,4371,1.0,0.17616106154198125,0.8238389384580188,2974,0.1091283459162663,0.2104781514527568,0.6803935026309769
2118,37159,4115,80,429,2186,4035,4115,1.0,0.019441069258809233,0.9805589307411907,1500,0.10425273390036452,0.5312272174969623,0.3645200486026732
2119,37159,1308,95,173,671,1213,1308,1.0,0.07262996941896024,0.9273700305810397,464,0.13226299694189603,0.5129969418960245,0.3547400611620795
2120,37159,3415,831,897,746,2584,3415,1.0,0.24333821376281112,0.7566617862371888,1772,0.26266471449487555,0.21844802342606148,0.518887262079063
2121,37159,3717,292,644,1554,3425,3717,1.0,0.07855797686306161,0.9214420231369383,1519,0.17325800376647835,0.4180790960451977,0.4086629001883239
2122,37159,1668,109,248,796,1559,1668,1.0,0.06534772182254196,0.934652278177458,624,0.1486810551558753,0.47721822541966424,0.37410071942446044
2123,37159,3403,248,454,1691,3155,3403,1.0,0.07287687334704672,0.9271231266529533,1258,0.13341169556273877,0.4969144872171613,0.3696738172200999
2124,37159,1771,12,122,863,1759,1771,1.0,0.006775832862789385,0.9932241671372106,786,0.06888763410502541,0.4872953133822699,0.4438170525127047
2125,37159,2834,216,342,1349,2618,2834,1.0,0.07621736062103035,0.9237826393789696,1143,0.12067748764996472,0.47600564573041637,0.4033168666196189
2126,37159,2775,110,373,1210,2665,2775,1.0,0.03963963963963964,0.9603603603603603,1192,0.1344144144144144,0.436036036036036,0.42954954954954955
2127,37159,3139,1227,1088,657,1912,3139,1.0,0.3908888180949347,0.6091111819050653,1394,0.34660719974514176,0.20930232558139536,0.4440904746734629
2128,37159,1194,968,485,49,226,1194,1.0,0.8107202680067002,0.18927973199329984,660,0.40619765494137355,0.04103852596314908,0.5527638190954773
2129,37159,1831,18,199,1028,1813,1831,1.0,0.009830693610049153,0.9901693063899508,604,0.10868377935554342,0.5614418350628072,0.3298743855816494
2130,37159,891,4,75,505,887,891,1.0,0.004489337822671156,0.9955106621773289,311,0.08417508417508418,0.5667789001122334,0.3490460157126824
2131,37159,2123,29,176,993,2094,2123,1.0,0.013659915214319359,0.9863400847856807,954,0.08290155440414508,0.46773433820065946,0.4493641073951955
2132,37159,3300,1507,1122,600,1793,3300,1.0,0.45666666666666667,0.5433333333333333,1578,0.34,0.18181818181818182,0.4781818181818182
2133,37159,2001,1782,970,36,219,2001,1.0,0.8905547226386806,0.10944527736131934,995,0.4847576211894053,0.017991004497751123,0.49725137431284355
2134,37159,1972,215,247,812,1757,1972,1.0,0.10902636916835699,0.890973630831643,913,0.12525354969574037,0.4117647058823529,0.4629817444219067
2135,37159,2596,497,612,680,2099,2596,1.0,0.19144838212634824,0.8085516178736518,1304,0.2357473035439137,0.26194144838212635,0.50231124807396
2136,37159,1781,473,562,655,1308,1781,1.0,0.26558113419427287,0.7344188658057271,564,0.3155530600786075,0.36777091521617067,0.31667602470522177
2137,37159,2596,791,798,637,1805,2596,1.0,0.3046995377503852,0.6953004622496148,1161,0.3073959938366718,0.24537750385208013,0.44722650231124805
2138,37159,1438,521,549,274,917,1438,1.0,0.3623087621696801,0.6376912378303199,615,0.38178025034770513,0.1905424200278164,0.42767732962447846
2139,37159,2755,809,857,791,1946,2755,1.0,0.29364791288566244,0.7063520871143376,1107,0.31107078039927405,0.2871143375680581,0.40181488203266785
2140,37161,2715,209,344,1089,2506,2715,1.0,0.07697974217311233,0.9230202578268877,1282,0.12670349907918968,0.4011049723756906,0.4721915285451197
2141,37161,2809,75,370,1369,2734,2809,1.0,0.026699893200427198,0.9733001067995728,1070,0.13171947312210752,0.48736205055179777,0.3809184763260947
2142,37161,3988,398,781,1528,3590,3988,1.0,0.09979939819458375,0.9002006018054163,1679,0.19583751253761283,0.3831494483450351,0.42101303911735205
2143,37161,2079,265,310,724,1814,2079,1.0,0.12746512746512748,0.8725348725348725,1045,0.1491101491101491,0.34824434824434825,0.5026455026455027
2144,37161,2298,170,609,974,2128,2298,1.0,0.07397737162750218,0.9260226283724978,715,0.2650130548302872,0.42384682332463014,0.31114012184508266
2145,37161,4868,1147,1169,1412,3721,4868,1.0,0.235620377978636,0.764379622021364,2287,0.24013968775677896,0.2900575184880855,0.46980279375513556
2146,37161,4236,1017,923,1182,3219,4236,1.0,0.24008498583569404,0.759915014164306,2131,0.21789423984891407,0.2790368271954674,0.5030689329556185
2147,37161,3068,465,571,891,2603,3068,1.0,0.1515645371577575,0.8484354628422425,1606,0.18611473272490223,0.2904172099087353,0.5234680573663625
2148,37161,1275,4,126,685,1271,1275,1.0,0.003137254901960784,0.9968627450980392,464,0.0988235294117647,0.5372549019607843,0.36392156862745095
2149,37161,2261,88,221,1194,2173,2261,1.0,0.038920831490490936,0.961079168509509,846,0.09774436090225563,0.5280849181777975,0.3741707209199469
2150,37161,2401,202,292,906,2199,2401,1.0,0.08413161182840483,0.9158683881715952,1203,0.12161599333610995,0.3773427738442316,0.5010412328196585
2151,37161,1438,14,177,760,1424,1438,1.0,0.009735744089012517,0.9902642559109874,501,0.12308762169680111,0.5285118219749653,0.34840055632823363
2152,37161,3990,100,412,1816,3890,3990,1.0,0.02506265664160401,0.974937343358396,1762,0.10325814536340852,0.45513784461152884,0.44160401002506267
2153,37161,2225,167,397,973,2058,2225,1.0,0.0750561797752809,0.9249438202247191,855,0.17842696629213484,0.4373033707865169,0.3842696629213483
2154,37161,3934,268,430,1207,3666,3934,1.0,0.0681240467717336,0.9318759532282664,2297,0.10930350788002034,0.30681240467717336,0.5838840874428063
2155,37161,6578,258,730,2788,6320,6578,1.0,0.03922164791730009,0.9607783520826999,3060,0.11097598054119794,0.42383703253268473,0.4651869869261174
2156,37161,2423,280,378,868,2143,2423,1.0,0.11555922410235246,0.8844407758976476,1177,0.1560049525381758,0.3582335947172926,0.4857614527445316
2157,37163,3034,1606,1196,701,1428,3034,1.0,0.5293342122610415,0.47066578773895845,1137,0.3941990771259064,0.23104812129202373,0.37475280158206986
2158,37163,1998,168,241,829,1830,1998,1.0,0.08408408408408409,0.9159159159159159,928,0.12062062062062062,0.4149149149149149,0.4644644644644645
2159,37163,1987,250,239,631,1737,1987,1.0,0.12581781580271767,0.8741821841972823,1117,0.12028183190739809,0.3175641670860594,0.5621540010065426
2160,37163,1625,588,431,386,1037,1625,1.0,0.3618461538461539,0.6381538461538462,808,0.2652307692307692,0.23753846153846153,0.49723076923076925
2161,37163,1126,167,197,447,959,1126,1.0,0.1483126110124334,0.8516873889875666,482,0.17495559502664298,0.3969804618117229,0.4280639431616341
2162,37163,1921,185,252,789,1736,1921,1.0,0.09630400832899531,0.9036959916710047,880,0.13118167621030713,0.41072358146798543,0.45809474232170744
2163,37163,3233,1548,1206,655,1685,3233,1.0,0.4788122486854315,0.5211877513145685,1372,0.3730281472316734,0.20259820600061862,0.424373646767708
2164,37163,1491,617,486,370,874,1491,1.0,0.4138162307176392,0.5861837692823608,635,0.32595573440643866,0.24815560026827632,0.425888665325285
2165,37163,1230,912,551,95,318,1230,1.0,0.7414634146341463,0.25853658536585367,584,0.4479674796747967,0.07723577235772358,0.47479674796747967
2166,37163,2083,487,517,720,1596,2083,1.0,0.23379740758521364,0.7662025924147864,846,0.24819971195391263,0.3456553048487758,0.40614498319731157
2167,37163,2443,393,460,915,2050,2443,1.0,0.16086778550961933,0.8391322144903807,1068,0.1882930822758903,0.37453950061399915,0.43716741711011053
2168,37163,3050,346,295,1436,2704,3050,1.0,0.11344262295081967,0.8865573770491804,1319,0.09672131147540984,0.47081967213114756,0.43245901639344264
2169,37163,2251,534,403,580,1717,2251,1.0,0.2372278987116837,0.7627721012883163,1268,0.17903154153709464,0.2576632607729898,0.5633051976899156
2170,37163,2708,774,422,825,1934,2708,1.0,0.2858197932053176,0.7141802067946824,1461,0.15583456425406203,0.30465288035450516,0.5395125553914328
2171,37163,1601,221,250,601,1380,1601,1.0,0.13803872579637727,0.8619612742036228,750,0.1561524047470331,0.37539038101186756,0.4684572142410993
2172,37163,2008,1139,808,365,869,2008,1.0,0.5672310756972112,0.43276892430278885,835,0.40239043824701193,0.18177290836653387,0.4158366533864542
2173,37163,1722,536,411,381,1186,1722,1.0,0.31126596980255516,0.6887340301974448,930,0.23867595818815332,0.22125435540069685,0.5400696864111498
2174,37163,2318,570,478,663,1748,2318,1.0,0.2459016393442623,0.7540983606557377,1177,0.20621225194132872,0.28602243313201037,0.5077653149266609
2175,37163,1962,331,313,645,1631,1962,1.0,0.16870540265035677,0.8312945973496432,1004,0.15953109072375127,0.3287461773700306,0.5117227319062182
2176,37163,1841,567,420,378,1274,1841,1.0,0.30798479087452474,0.6920152091254753,1043,0.22813688212927757,0.20532319391634982,0.5665399239543726
2177,37163,2875,486,360,1248,2389,2875,1.0,0.16904347826086957,0.8309565217391305,1267,0.12521739130434784,0.4340869565217391,0.44069565217391304
2178,37163,1824,242,260,691,1582,1824,1.0,0.13267543859649122,0.8673245614035088,873,0.1425438596491228,0.3788377192982456,0.4786184210526316
2179,37163,823,49,73,468,774,823,1.0,0.05953827460510328,0.9404617253948967,282,0.08869987849331713,0.56865127582017,0.34264884568651277
2180,37165,1627,356,274,467,1271,1627,1.0,0.21880762138905963,0.7811923786109404,886,0.1684081130915796,0.28703134603564845,0.544560540872772
2181,37165,3372,986,924,1003,2386,3372,1.0,0.29240806642941874,0.7075919335705813,1445,0.27402135231316727,0.2974495848161329,0.42852906287069986
2182,37165,4308,969,1070,1421,3339,4308,1.0,0.22493036211699163,0.7750696378830083,1817,0.24837511606313833,0.3298514391829155,0.4217734447539461
2183,37165,2393,476,449,671,1917,2393,1.0,0.19891349770162975,0.8010865022983702,1273,0.1876305892185541,0.28040117007939824,0.5319682407020476
2184,37165,3703,1734,1200,695,1969,3703,1.0,0.4682689711045099,0.5317310288954902,1808,0.32406157169862276,0.18768566027545233,0.48825276802592493
2185,37165,2671,774,541,598,1897,2671,1.0,0.28977910894795955,0.7102208910520404,1532,0.2025458629726694,0.22388618494945714,0.5735679520778735
2186,37165,2189,1329,927,239,860,2189,1.0,0.6071265417999087,0.39287345820009134,1023,0.42348104157149385,0.10918227501142073,0.46733668341708545
2187,37165,1755,261,235,607,1494,1755,1.0,0.14871794871794872,0.8512820512820513,913,0.1339031339031339,0.34586894586894584,0.5202279202279202
2188,37165,1780,852,212,165,928,1780,1.0,0.4786516853932584,0.5213483146067416,1403,0.11910112359550562,0.09269662921348315,0.7882022471910113
2189,37165,3286,2216,1329,247,1070,3286,1.0,0.6743761412051126,0.3256238587948874,1710,0.40444309190505173,0.07516737674984784,0.5203895313451005
2190,37167,1811,211,232,502,1600,1811,1.0,0.11651021535063501,0.883489784649365,1077,0.12810601877415792,0.2771949199337383,0.5946990612921038
2191,37167,3401,32,306,1823,3369,3401,1.0,0.009408997353719493,0.9905910026462805,1272,0.08997353719494267,0.5360188179947074,0.37400764481034987
2192,37167,2070,1413,974,142,657,2070,1.0,0.6826086956521739,0.3173913043478261,954,0.47053140096618357,0.06859903381642513,0.4608695652173913
2193,37167,2042,52,219,932,1990,2042,1.0,0.025465230166503428,0.9745347698334965,891,0.10724779627815867,0.4564152791380999,0.4363369245837414
2194,37167,2341,320,553,870,2021,2341,1.0,0.13669372063220847,0.8633062793677916,918,0.23622383596753524,0.37163605296881674,0.392140111063648
2195,37167,3094,47,273,1699,3047,3094,1.0,0.015190691661279896,0.9848093083387202,1122,0.08823529411764706,0.5491273432449904,0.3626373626373626
2196,37167,1926,431,363,568,1495,1926,1.0,0.2237798546209761,0.7762201453790238,995,0.18847352024922118,0.2949117341640706,0.5166147455867082
2197,37167,1236,40,126,566,1196,1236,1.0,0.032362459546925564,0.9676375404530745,544,0.10194174757281553,0.45792880258899676,0.4401294498381877
2198,37167,2217,727,341,523,1490,2217,1.0,0.32792061344158774,0.6720793865584123,1353,0.15381145692377085,0.2359043752819125,0.6102841677943166
2199,37167,1985,136,274,1069,1849,1985,1.0,0.06851385390428212,0.9314861460957179,642,0.1380352644836272,0.5385390428211587,0.3234256926952141
2200,37167,1699,7,162,953,1692,1699,1.0,0.004120070629782225,0.9958799293702177,584,0.09535020600353149,0.5609181871689229,0.3437316068275456
2201,37167,1725,141,268,581,1584,1725,1.0,0.0817391304347826,0.9182608695652174,876,0.15536231884057972,0.3368115942028985,0.5078260869565218
2202,37167,1806,130,246,596,1676,1806,1.0,0.07198228128460686,0.9280177187153932,964,0.1362126245847176,0.3300110741971207,0.5337763012181617
2203,37167,2457,10,218,1461,2447,2457,1.0,0.00407000407000407,0.995929995929996,778,0.08872608872608873,0.5946275946275946,0.31664631664631665
2204,37167,2883,27,288,1857,2856,2883,1.0,0.009365244536940686,0.9906347554630593,738,0.09989594172736732,0.644120707596254,0.2559833506763788
2205,37167,1177,24,166,577,1153,1177,1.0,0.020390824129141887,0.9796091758708582,434,0.14103653355989804,0.49022939677145283,0.36873406966864913
2206,37167,1875,87,236,865,1788,1875,1.0,0.0464,0.9536,774,0.12586666666666665,0.4613333333333333,0.4128
2207,37167,1357,5,127,833,1352,1357,1.0,0.0036845983787767134,0.9963154016212233,397,0.09358879882092852,0.6138540899042004,0.29255711127487105
2208,37167,2623,256,444,1228,2367,2623,1.0,0.09759817003431186,0.9024018299656882,951,0.1692718261532596,0.4681662218833397,0.3625619519634007
2209,37167,2193,228,665,876,1965,2193,1.0,0.1039671682626539,0.896032831737346,652,0.3032375740994072,0.399452804377565,0.2973096215230278
2210,37167,2017,188,272,1031,1829,2017,1.0,0.0932077342588002,0.9067922657411998,714,0.13485374318294496,0.5111551809618244,0.35399107585523054
2211,37167,1549,76,227,697,1473,1549,1.0,0.04906391220142027,0.9509360877985797,625,0.14654615881213687,0.4499677211103938,0.4034861200774693
2212,37167,1368,303,275,582,1065,1368,1.0,0.22149122807017543,0.7785087719298246,511,0.2010233918128655,0.42543859649122806,0.37353801169590645
2213,37169,2147,15,241,1050,2132,2147,1.0,0.0069864927806241265,0.9930135072193759,856,0.11224965067536097,0.4890544946436889,0.39869585468095015
2214,37169,3341,41,483,1839,3300,3341,1.0,0.012271774917689314,0.9877282250823107,1019,0.1445674947620473,0.5504340017958695,0.30499850344208324
2215,37169,1602,8,159,779,1594,1602,1.0,0.004993757802746567,0.9950062421972534,664,0.09925093632958802,0.48626716604244696,0.41448189762796506
2216,37169,4513,76,465,1820,4437,4513,1.0,0.016840239308663858,0.9831597606913361,2228,0.10303567471748283,0.40327941502326614,0.49368491025925104
2217,37169,761,79,127,321,682,761,1.0,0.1038107752956636,0.8961892247043364,313,0.16688567674113008,0.42181340341655715,0.41130091984231276
2218,37169,1004,15,126,456,989,1004,1.0,0.014940239043824702,0.9850597609561753,422,0.1254980079681275,0.4541832669322709,0.4203187250996016
2219,37169,2198,33,250,903,2165,2198,1.0,0.015013648771610554,0.9849863512283894,1045,0.11373976342129208,0.410828025477707,0.4754322111010009
2220,37169,1984,24,187,1001,1960,1984,1.0,0.012096774193548387,0.9879032258064516,796,0.09425403225806452,0.5045362903225806,0.4012096774193548
2221,37169,1446,27,148,709,1419,1446,1.0,0.01867219917012448,0.9813278008298755,589,0.10235131396957123,0.4903181189488243,0.4073305670816044
2222,37169,772,30,81,353,742,772,1.0,0.038860103626943004,0.961139896373057,338,0.10492227979274611,0.4572538860103627,0.4378238341968912
2223,37169,2459,84,308,1089,2375,2459,1.0,0.03416022773485156,0.9658397722651484,1062,0.1252541683611224,0.4428629524196828,0.43188287921919477
2224,37169,2310,18,220,1162,2292,2310,1.0,0.007792207792207792,0.9922077922077922,928,0.09523809523809523,0.503030303030303,0.4017316017316017
2225,37169,811,39,137,352,772,811,1.0,0.04808877928483354,0.9519112207151664,322,0.16892725030826142,0.43403205918618987,0.3970406905055487
2226,37169,1680,65,207,701,1615,1680,1.0,0.03869047619047619,0.9613095238095238,772,0.12321428571428572,0.4172619047619048,0.4595238095238095
2227,37169,2683,17,293,1210,2666,2683,1.0,0.00633619083115915,0.9936638091688409,1180,0.10920611256056653,0.4509877003354454,0.43980618710398806
2228,37169,1192,122,144,471,1070,1192,1.0,0.10234899328859061,0.8976510067114094,577,0.12080536912751678,0.3951342281879195,0.48406040268456374
2229,37169,543,273,210,149,270,543,1.0,0.5027624309392266,0.4972375690607735,184,0.3867403314917127,0.27440147329650094,0.3388581952117864
2230,37169,2071,190,345,857,1881,2071,1.0,0.09174311926605505,0.908256880733945,869,0.16658619024625784,0.41380975374215356,0.4196040560115886
2231,37169,1870,377,435,699,1493,1870,1.0,0.2016042780748663,0.7983957219251336,736,0.232620320855615,0.37379679144385025,0.39358288770053473
2232,37169,1493,12,206,761,1481,1493,1.0,0.008037508372404554,0.9919624916275954,526,0.13797722705961152,0.5097119892833222,0.3523107836570663
2233,37171,1782,25,200,656,1757,1782,1.0,0.014029180695847363,0.9859708193041526,926,0.1122334455667789,0.3681257014590348,0.5196408529741863
2234,37171,2490,54,281,1112,2436,2490,1.0,0.021686746987951807,0.9783132530120482,1097,0.11285140562248996,0.4465863453815261,0.44056224899598395
2235,37171,2790,22,216,1437,2768,2790,1.0,0.007885304659498209,0.9921146953405018,1137,0.07741935483870968,0.5150537634408602,0.4075268817204301
2236,37171,1646,38,185,704,1608,1646,1.0,0.023086269744835967,0.976913730255164,757,0.11239368165249089,0.42770352369380316,0.4599027946537059
2237,37171,3344,262,461,833,3082,3344,1.0,0.07834928229665072,0.9216507177033493,2050,0.13785885167464115,0.24910287081339713,0.6130382775119617
2238,37171,1967,92,199,820,1875,1967,1.0,0.04677173360447382,0.9532282663955262,948,0.10116929334011185,0.4168784951703101,0.48195221148957806
2239,37171,3071,39,370,1144,3032,3071,1.0,0.012699446434386193,0.9873005535656139,1557,0.12048192771084337,0.3725170954086617,0.507000976880495
2240,37171,1593,48,381,523,1545,1593,1.0,0.030131826741996232,0.9698681732580038,689,0.2391713747645951,0.3283113622096673,0.4325172630257376
2241,37171,1832,64,221,580,1768,1832,1.0,0.034934497816593885,0.9650655021834061,1031,0.12063318777292577,0.3165938864628821,0.5627729257641921
2242,37171,872,0,98,464,872,872,1.0,0.0,1.0,310,0.11238532110091744,0.5321100917431193,0.3555045871559633
2243,37171,1589,30,200,767,1559,1589,1.0,0.018879798615481436,0.9811202013845186,622,0.12586532410320955,0.48269351793580867,0.3914411579609817
2244,37171,1747,32,179,717,1715,1747,1.0,0.018317115054378934,0.9816828849456211,851,0.10246136233543217,0.41041785918717805,0.4871207784773898
2245,37171,2114,11,236,1019,2103,2114,1.0,0.005203405865657522,0.9947965941343425,859,0.11163670766319773,0.48202459791863767,0.4063386944181646
2246,37171,1669,116,298,639,1553,1669,1.0,0.0695026962252846,0.9304973037747154,732,0.17855002995805871,0.38286399041342123,0.4385859796285201
2247,37171,3220,33,332,1365,3187,3220,1.0,0.010248447204968944,0.989751552795031,1523,0.1031055900621118,0.42391304347826086,0.47298136645962735
2248,37171,1510,121,275,490,1389,1510,1.0,0.08013245033112583,0.9198675496688742,745,0.18211920529801323,0.32450331125827814,0.49337748344370863
2249,37171,2791,212,407,1070,2579,2791,1.0,0.07595843783590112,0.9240415621640989,1314,0.14582586886420637,0.3833751343604443,0.4707989967753493
2250,37171,1421,26,161,617,1395,1421,1.0,0.018296973961998593,0.9817030260380014,643,0.11330049261083744,0.434201266713582,0.4524982406755806
2251,37171,1121,76,223,455,1045,1121,1.0,0.06779661016949153,0.9322033898305084,443,0.19892952720785012,0.40588760035682425,0.3951828724353256
2252,37171,2535,208,304,816,2327,2535,1.0,0.08205128205128205,0.9179487179487179,1415,0.11992110453648915,0.32189349112426036,0.5581854043392505
2253,37171,2029,44,326,1127,1985,2029,1.0,0.02168555938886151,0.9783144406111385,576,0.16067028092656482,0.5554460325283391,0.2838836865450961
2254,37171,1730,180,351,800,1550,1730,1.0,0.10404624277456648,0.8959537572254336,579,0.20289017341040463,0.4624277456647399,0.3346820809248555
2255,37171,1122,50,142,257,1072,1122,1.0,0.044563279857397504,0.9554367201426025,723,0.1265597147950089,0.22905525846702318,0.6443850267379679
2256,37171,1367,111,335,554,1256,1367,1.0,0.08119970738844184,0.9188002926115582,478,0.24506217995610827,0.40526700804681787,0.3496708119970739
2257,37171,2301,31,265,939,2270,2301,1.0,0.013472403302911778,0.9865275966970882,1097,0.11516731855714907,0.40808344198174706,0.47674923946110387
2258,37171,1793,48,224,936,1745,1793,1.0,0.026770775237032907,0.9732292247629671,633,0.1249302844394869,0.5220301171221416,0.35303959843837146
2259,37171,2458,30,344,977,2428,2458,1.0,0.012205044751830757,0.9877949552481693,1137,0.13995117982099267,0.3974776240846216,0.4625711960943857
2260,37171,1325,12,156,573,1313,1325,1.0,0.009056603773584906,0.9909433962264151,596,0.11773584905660377,0.43245283018867925,0.44981132075471697
2261,37171,1227,11,111,630,1216,1227,1.0,0.008964955175224124,0.9910350448247759,486,0.09046454767726161,0.5134474327628362,0.3960880195599022
2262,37173,3926,43,751,680,3883,3926,1.0,0.010952623535404993,0.9890473764645951,2495,0.1912888436067244,0.17320427916454406,0.6355068772287316
2263,37173,2389,5,494,921,2384,2389,1.0,0.002092925910422771,0.9979070740895772,974,0.20678107994976977,0.3855169526998744,0.4077019673503558
2264,37173,2433,17,577,831,2416,2433,1.0,0.006987258528565557,0.9930127414714345,1025,0.23715577476366625,0.34155363748458695,0.4212905877517468
2265,37173,1204,2,303,547,1202,1204,1.0,0.0016611295681063123,0.9983388704318937,354,0.2516611295681063,0.4543189368770764,0.29401993355481726
2266,37173,760,0,195,344,760,760,1.0,0.0,1.0,221,0.2565789473684211,0.45263157894736844,0.29078947368421054
2267,37175,544,7,78,226,537,544,1.0,0.012867647058823529,0.9871323529411765,240,0.14338235294117646,0.41544117647058826,0.4411764705882353
2268,37175,2970,137,591,1129,2833,2970,1.0,0.04612794612794613,0.9538720538720539,1250,0.198989898989899,0.38013468013468016,0.4208754208754209
2269,37175,443,0,39,236,443,443,1.0,0.0,1.0,168,0.08803611738148984,0.5327313769751693,0.3792325056433409
2270,37175,1729,127,280,549,1602,1729,1.0,0.07345286292654714,0.9265471370734528,900,0.16194331983805668,0.3175245806824754,0.5205320994794679
2271,37175,2020,6,261,956,2014,2020,1.0,0.0029702970297029703,0.997029702970297,803,0.1292079207920792,0.47326732673267324,0.39752475247524754
2272,37175,2584,16,476,1115,2568,2584,1.0,0.006191950464396285,0.9938080495356038,993,0.18421052631578946,0.4315015479876161,0.3842879256965944
2273,37175,1902,102,677,677,1800,1902,1.0,0.05362776025236593,0.9463722397476341,548,0.3559411146161935,0.3559411146161935,0.288117770767613
2274,37175,1906,394,588,411,1512,1906,1.0,0.20671563483735572,0.7932843651626443,907,0.30849947534102834,0.21563483735571878,0.4758656873032529
2275,37175,1541,14,365,752,1527,1541,1.0,0.009085009733939001,0.990914990266061,424,0.23685918234912395,0.4879948085658663,0.27514600908500975
2276,37175,1943,83,605,458,1860,1943,1.0,0.04271744724652599,0.957282552753474,880,0.31137416366443643,0.2357179619145651,0.45290787442099845
2277,37175,1599,8,504,699,1591,1599,1.0,0.0050031269543464665,0.9949968730456535,396,0.3151969981238274,0.4371482176360225,0.24765478424015008
2278,37175,2085,76,708,516,2009,2085,1.0,0.03645083932853717,0.9635491606714628,861,0.339568345323741,0.2474820143884892,0.41294964028776976
2279,37175,2376,7,801,943,2369,2376,1.0,0.002946127946127946,0.9970538720538721,632,0.3371212121212121,0.3968855218855219,0.265993265993266
2280,37175,754,1,247,301,753,754,1.0,0.001326259946949602,0.9986737400530504,206,0.3275862068965517,0.39920424403183025,0.27320954907161804
2281,37175,579,2,41,256,577,579,1.0,0.0034542314335060447,0.9965457685664939,282,0.07081174438687392,0.4421416234887737,0.48704663212435234
2282,37175,619,1,107,310,618,619,1.0,0.0016155088852988692,0.9983844911147012,202,0.172859450726979,0.5008077544426495,0.3263327948303716
2283,37175,684,0,94,283,684,684,1.0,0.0,1.0,307,0.13742690058479531,0.4137426900584795,0.44883040935672514
2284,37175,980,0,287,404,980,980,1.0,0.0,1.0,289,0.29285714285714287,0.4122448979591837,0.29489795918367345
2285,37177,72,5,3,42,67,72,1.0,0.06944444444444445,0.9305555555555556,27,0.041666666666666664,0.5833333333333334,0.375
2286,37177,275,95,46,82,180,275,1.0,0.34545454545454546,0.6545454545454545,147,0.16727272727272727,0.29818181818181816,0.5345454545454545
2287,37177,279,213,125,21,66,279,1.0,0.7634408602150538,0.23655913978494625,133,0.44802867383512546,0.07526881720430108,0.4767025089605735
2288,37177,2414,890,362,593,1524,2414,1.0,0.36868268434134216,0.6313173156586578,1459,0.1499585749792875,0.24565037282518642,0.6043910521955261
2289,37177,532,207,152,188,325,532,1.0,0.3890977443609023,0.6109022556390977,192,0.2857142857142857,0.3533834586466165,0.3609022556390977
2290,37177,40,9,7,15,31,40,1.0,0.225,0.775,18,0.175,0.375,0.45
2291,37179,2430,253,502,1108,2177,2430,1.0,0.10411522633744856,0.8958847736625515,820,0.20658436213991768,0.45596707818930043,0.3374485596707819
2292,37179,2750,120,776,1973,2630,2750,1.079732914375491,0.04363636363636364,0.9563636363636364,1,0.2821818181818182,0.7174545454545455,0.0003636363636363636
2293,37179,2454,115,336,1308,2339,2454,1.0,0.04686226568867156,0.9531377343113284,810,0.13691931540342298,0.5330073349633252,0.33007334963325186
2294,37179,11747,856,3740,7907,10891,11747,1.0,0.07286966885162169,0.9271303311483783,100,0.3183791606367583,0.6731080275815102,0.008512811781731506
2295,37179,2771,109,779,1991,2662,2771,1.1287693561532193,0.039335979790689285,0.9606640202093107,1,0.2811259473114399,0.7185131721400216,0.00036088054853843375
2296,37179,2168,138,453,1034,2030,2168,1.0,0.06365313653136531,0.9363468634686347,681,0.20894833948339483,0.4769372693726937,0.31411439114391143
2297,37179,3118,181,885,2139,2937,3118,1.0,0.058050032071840924,0.9419499679281591,94,0.2838357921744708,0.6860166773572803,0.030147530468248876
2298,37179,3443,393,865,1493,3050,3443,1.0,0.11414464130119083,0.8858553586988092,1085,0.2512343886145803,0.43363345919256463,0.31513215219285506
2299,37179,1621,808,482,82,813,1621,1.0,0.4984577421344849,0.5015422578655151,1057,0.297347316471314,0.05058605798889575,0.6520666255397902
2300,37179,4219,498,840,1342,3721,4219,1.0,0.11803744963261437,0.8819625503673857,2037,0.19909931263332542,0.3180848542308604,0.48281583313581417
2301,37179,3918,393,1081,2574,3525,3918,1.0,0.1003062787136294,0.8996937212863706,263,0.27590607452782034,0.6569678407350689,0.06712608473711078
2302,37179,3431,438,788,1504,2993,3431,1.0,0.1276595744680851,0.8723404255319149,1139,0.22967064995628098,0.4383561643835616,0.3319731856601574
2303,37179,2397,60,274,1493,2337,2397,1.0,0.025031289111389236,0.9749687108886108,630,0.11430955360867752,0.6228619107217355,0.26282853566958697
2304,37179,4162,393,1230,2037,3769,4162,1.0,0.09442575684766939,0.9055742431523306,895,0.2955309947140798,0.48942815953868335,0.2150408457472369
2305,37179,2157,78,500,1435,2079,2157,1.0,0.03616133518776078,0.9638386648122392,222,0.23180343069077422,0.665275846082522,0.10292072322670376
2306,37179,2225,201,411,1060,2024,2225,1.0,0.09033707865168539,0.9096629213483146,754,0.18471910112359552,0.4764044943820225,0.338876404494382
2307,37179,2154,198,427,813,1956,2154,1.0,0.09192200557103064,0.9080779944289693,914,0.19823584029712163,0.3774373259052925,0.4243268337975859
2308,37179,3410,373,666,1280,3037,3410,1.0,0.1093841642228739,0.8906158357771261,1464,0.19530791788856305,0.375366568914956,0.42932551319648093
2309,37179,2620,955,659,150,1665,2620,1.0,0.36450381679389315,0.6354961832061069,1811,0.2515267175572519,0.05725190839694656,0.6912213740458015
2310,37179,2506,598,424,175,1908,2506,1.0,0.2386272944932163,0.7613727055067837,1907,0.16919393455706305,0.06983240223463687,0.7609736632083001
2311,37179,3245,410,581,1706,2835,3245,1.0,0.1263482280431433,0.8736517719568567,958,0.1790446841294299,0.5257318952234207,0.29522342064714946
2312,37179,2004,126,268,975,1878,2004,1.0,0.06287425149700598,0.937125748502994,761,0.13373253493013973,0.4865269461077844,0.37974051896207583
2313,37179,2351,397,386,953,1954,2351,1.0,0.16886431305827307,0.8311356869417269,1012,0.16418545299872395,0.4053594215227563,0.4304551254785198
2314,37179,2103,244,275,991,1859,2103,1.0,0.11602472658107466,0.8839752734189253,837,0.13076557299096528,0.4712315739419876,0.3980028530670471
2315,37179,3716,1112,928,654,2604,3716,1.0,0.2992465016146394,0.7007534983853606,2134,0.24973089343379978,0.1759956942949408,0.5742734122712594
2316,37179,2624,13,217,1729,2611,2624,1.0,0.004954268292682927,0.995045731707317,678,0.08269817073170732,0.6589176829268293,0.2583841463414634
2317,37179,2103,132,275,1249,1971,2103,1.0,0.06276747503566334,0.9372325249643366,579,0.13076557299096528,0.5939134569662388,0.275320970042796
2318,37179,1620,543,564,246,1077,1620,1.0,0.3351851851851852,0.6648148148148149,810,0.34814814814814815,0.15185185185185185,0.5
2319,37179,1961,422,392,293,1539,1961,1.0,0.21519632840387556,0.7848036715961244,1276,0.19989801121876594,0.14941356450790413,0.65068842427333
2320,37179,2125,671,711,375,1454,2125,1.0,0.31576470588235295,0.684235294117647,1039,0.33458823529411763,0.17647058823529413,0.4889411764705882
2321,37179,2211,200,317,978,2011,2211,1.0,0.09045680687471733,0.9095431931252826,916,0.14337403889642697,0.4423337856173677,0.41429217548620534
2322,37179,2552,162,320,1312,2390,2552,1.0,0.06347962382445141,0.9365203761755486,920,0.12539184952978055,0.5141065830721003,0.3605015673981191
2323,37179,1717,735,620,348,982,1717,1.0,0.4280722189866045,0.5719277810133955,749,0.36109493302271406,0.20267909143855561,0.4362259755387303
2324,37179,2149,220,270,1005,1929,2149,1.0,0.10237319683573755,0.8976268031642625,874,0.12563983248022337,0.4676593764541647,0.4067007910656119
2325,37179,2972,200,575,1689,2772,2972,1.0,0.06729475100942127,0.9327052489905787,708,0.19347240915208613,0.5683041722745625,0.23822341857335128
2326,37179,3224,172,786,1943,3052,3224,1.0,0.05334987593052109,0.9466501240694789,495,0.24379652605459057,0.6026674937965261,0.15353598014888337
2327,37179,1751,101,256,640,1650,1751,1.0,0.05768132495716733,0.9423186750428326,855,0.14620217018846374,0.36550542547115933,0.4882924043403769
2328,37179,4710,681,1021,1912,4029,4710,1.0,0.1445859872611465,0.8554140127388535,1777,0.2167728237791932,0.4059447983014862,0.3772823779193206
2329,37179,3793,243,1008,2306,3550,3793,1.0,0.06406538360137094,0.9359346163986291,479,0.2657527023464276,0.6079620353282362,0.12628526232533616
2330,37179,4273,314,1066,1853,3959,4273,1.0,0.07348467119120056,0.9265153288087994,1354,0.24947343786566814,0.43365317107418677,0.3168733910601451
2331,37179,2328,18,196,1538,2310,2328,1.0,0.007731958762886598,0.9922680412371134,594,0.08419243986254296,0.6606529209621993,0.2551546391752577
2332,37179,1797,44,419,1025,1753,1797,1.0,0.02448525319977741,0.9755147468002225,353,0.23316638842515303,0.57039510294936,0.19643850862548692
2333,37179,2524,32,227,1598,2492,2524,1.0,0.012678288431061807,0.9873217115689382,699,0.08993660855784469,0.633122028526149,0.27694136291600635
2334,37179,3079,421,1063,1624,2658,3079,1.0,0.13673270542383892,0.8632672945761611,392,0.3452419616758688,0.5274439753166612,0.12731406300746995
2335,37179,3154,235,651,1525,2919,3154,1.0,0.07450856055802156,0.9254914394419784,978,0.20640456563094484,0.4835129993658846,0.31008243500317056
2336,37179,3815,545,1361,1739,3270,3815,1.0,0.14285714285714285,0.8571428571428571,715,0.35674967234600263,0.4558322411533421,0.1874180865006553
2337,37179,2455,153,575,1109,2302,2455,1.0,0.06232179226069246,0.9376782077393075,771,0.23421588594704684,0.45173116089613036,0.3140529531568228
2338,37179,1276,60,280,873,1216,1276,1.0,0.047021943573667714,0.9529780564263323,123,0.219435736677116,0.6841692789968652,0.09639498432601881
2339,37179,1600,113,390,807,1487,1600,1.0,0.070625,0.929375,403,0.24375,0.504375,0.251875
2340,37181,504,18,161,215,486,504,1.0,0.03571428571428571,0.9642857142857143,128,0.3194444444444444,0.42658730158730157,0.25396825396825395
2341,37181,1220,590,344,293,630,1220,1.0,0.48360655737704916,0.5163934426229508,583,0.2819672131147541,0.24016393442622952,0.4778688524590164
2342,37181,2587,1586,974,240,1001,2587,1.0,0.6130653266331658,0.3869346733668342,1373,0.37649787398531115,0.09277155005798222,0.5307305759567066
2343,37181,1089,537,405,256,552,1089,1.0,0.4931129476584022,0.5068870523415978,428,0.371900826446281,0.23507805325987144,0.39302112029384756
2344,37181,2875,1344,1140,761,1531,2875,1.0,0.46747826086956523,0.5325217391304348,974,0.39652173913043476,0.26469565217391305,0.3387826086956522
2345,37181,2145,733,605,808,1412,2145,1.0,0.3417249417249417,0.6582750582750583,732,0.28205128205128205,0.37668997668997667,0.3412587412587413
2346,37181,2477,1254,1016,640,1223,2477,1.0,0.5062575696406943,0.4937424303593056,821,0.41017359709325796,0.25837706903512314,0.3314493338716189
2347,37181,916,429,335,164,487,916,1.0,0.4683406113537118,0.5316593886462883,417,0.36572052401746724,0.17903930131004367,0.45524017467248906
2348,37181,4829,1859,1443,1133,2970,4829,1.0,0.38496583143507973,0.6150341685649203,2253,0.2988196313936633,0.23462414578587698,0.4665562228204597
2349,37181,1188,443,333,149,745,1188,1.0,0.3728956228956229,0.627104377104377,706,0.2803030303030303,0.12542087542087543,0.5942760942760943
2350,37181,937,536,366,122,401,937,1.0,0.5720384204909285,0.4279615795090715,449,0.39060832443970117,0.13020277481323372,0.4791889007470651
2351,37181,2565,2116,1190,126,449,2565,1.0,0.8249512670565302,0.1750487329434698,1249,0.46393762183235865,0.04912280701754386,0.48693957115009745
2352,37181,988,503,279,136,485,988,1.0,0.5091093117408907,0.4908906882591093,573,0.2823886639676113,0.13765182186234817,0.5799595141700404
2353,37181,2298,1863,1219,74,435,2298,1.0,0.8107049608355091,0.18929503916449086,1005,0.5304612706701479,0.03220191470844212,0.43733681462140994
2354,37181,2930,839,1089,918,2091,2930,1.0,0.2863481228668942,0.7136518771331058,923,0.37167235494880546,0.31331058020477814,0.3150170648464164
2355,37181,4333,1509,1157,1327,2824,4333,1.0,0.34825755827371335,0.6517424417262866,1849,0.26702054004154163,0.30625432725594276,0.42672513270251555
2356,37183,5746,1027,2404,1423,4719,5746,1.0,0.17873303167420815,0.8212669683257918,1919,0.4183780020884093,0.24765053950574312,0.3339714584058475
2357,37183,1065,36,551,493,1029,1065,1.0,0.03380281690140845,0.9661971830985916,21,0.5173708920187794,0.4629107981220657,0.01971830985915493
2358,37183,2972,496,1305,826,2476,2972,1.0,0.16689098250336473,0.8331090174966352,841,0.43909825033647376,0.2779273216689098,0.2829744279946164
2359,37183,2050,353,1073,758,1697,2050,1.0,0.1721951219512195,0.8278048780487804,219,0.5234146341463415,0.3697560975609756,0.10682926829268292
2360,37183,4117,510,1813,1416,3607,4117,1.0,0.1238766091814428,0.8761233908185572,888,0.4403692008744231,0.3439397619625941,0.21569103716298277
2361,37183,4708,591,2286,1804,4117,4708,1.0,0.12553101104502973,0.8744689889549703,618,0.48555649957519115,0.38317757009345793,0.1312659303313509
2362,37183,1603,49,690,783,1554,1603,1.0,0.03056768558951965,0.9694323144104804,130,0.430442919525889,0.48845913911416095,0.08109794135995009
2363,37183,2020,127,900,909,1893,2020,1.0,0.06287128712871287,0.9371287128712872,211,0.44554455445544555,0.45,0.10445544554455445
2364,37183,3025,799,1214,486,2226,3025,1.0,0.2641322314049587,0.7358677685950413,1325,0.4013223140495868,0.1606611570247934,0.4380165289256198
2365,37183,2298,93,974,1240,2205,2298,1.0,0.04046997389033943,0.9595300261096605,84,0.42384682332463014,0.5395996518711923,0.03655352480417755
2366,37183,4045,241,1789,1785,3804,4045,1.0,0.05957972805933251,0.9404202719406675,471,0.442274412855377,0.44128553770086526,0.11644004944375773
2367,37183,2239,330,994,663,1909,2239,1.0,0.14738722644037516,0.8526127735596248,582,0.4439481911567664,0.296114336757481,0.2599374720857526
2368,37183,2931,466,1219,902,2465,2931,1.0,0.15899010576595018,0.8410098942340498,810,0.415899010576595,0.30774479699761176,0.27635619242579323
2369,37183,4338,475,1885,1304,3863,4338,1.0,0.1094974642692485,0.8905025357307514,1149,0.43453204241585985,0.30059935454126324,0.2648686030428769
2370,37183,2577,741,785,1006,1836,2577,1.0,0.28754365541327126,0.7124563445867288,786,0.30461777260380285,0.39037640667442763,0.3050058207217695
2371,37183,4180,1488,1626,991,2692,4180,1.0,0.3559808612440191,0.6440191387559808,1563,0.3889952153110048,0.23708133971291867,0.37392344497607655
2372,37183,2484,526,891,1292,1958,2484,1.0,0.21175523349436393,0.788244766505636,301,0.358695652173913,0.5201288244766505,0.12117552334943639
2373,37183,1580,202,329,673,1378,1580,1.0,0.12784810126582277,0.8721518987341772,578,0.20822784810126582,0.4259493670886076,0.3658227848101266
2374,37183,4526,1183,1465,1353,3343,4526,1.0,0.26137870083959347,0.7386212991604065,1708,0.32368537339814407,0.2989394608926204,0.3773751657092355
2375,37183,3047,868,1085,937,2179,3047,1.0,0.284870364292747,0.7151296357072531,1025,0.3560879553659337,0.30751558910403676,0.33639645553002956
2376,37183,6439,2163,2927,2186,4276,6439,1.0,0.33592172697623857,0.6640782730237614,1326,0.4545736915670135,0.33949371020344776,0.20593259822953874
2377,37183,4524,691,2318,1426,3833,4524,1.0,0.15274093722369583,0.8472590627763041,780,0.5123784261715296,0.3152077807250221,0.1724137931034483
2378,37183,4193,348,1991,1480,3845,4193,1.0,0.08299546863820653,0.9170045313617935,722,0.474839017409969,0.35296923443834965,0.17219174815168137
2379,37183,4855,476,1568,2729,4379,4855,1.0,0.098043254376931,0.901956745623069,558,0.32296601441812567,0.5621009268795056,0.1149330587023687
2380,37183,3947,772,1615,1737,3175,3947,1.0,0.1955915885482645,0.8044084114517355,595,0.4091715226754497,0.44008107423359516,0.15074740309095516
2381,37183,4129,320,1005,2176,3809,4129,1.0,0.07750060547348026,0.9224993945265197,948,0.24340033906514894,0.5270041172196658,0.22959554371518529
2382,37183,6146,610,2400,3405,5536,6146,1.0,0.09925154572079402,0.900748454279206,341,0.390497884803124,0.5540188740644322,0.055483241132443864
2383,37183,3096,405,1101,1708,2691,3096,1.0,0.1308139534883721,0.8691860465116279,287,0.3556201550387597,0.5516795865633075,0.09270025839793282
2384,37183,2799,370,800,1226,2429,2799,1.0,0.1321900678813862,0.8678099321186138,773,0.285816362986781,0.43801357627724186,0.2761700607359771
2385,37183,4374,1030,1723,1574,3344,4374,1.0,0.23548239597622314,0.7645176040237769,1077,0.39391860996799266,0.3598536808413352,0.24622770919067216
2386,37183,3148,393,1248,1888,2755,3148,1.0,0.12484116899618805,0.875158831003812,12,0.39644218551461247,0.5997458703939009,0.0038119440914866584
2387,37183,6342,2764,2647,634,3578,6342,1.0,0.4358246609902239,0.5641753390097761,3061,0.4173762220119836,0.0999684642068748,0.48265531378114157
2388,37183,2130,195,835,846,1935,2130,1.0,0.09154929577464789,0.9084507042253521,449,0.392018779342723,0.3971830985915493,0.2107981220657277
2389,37183,2375,839,1149,434,1536,2375,1.0,0.35326315789473683,0.6467368421052632,792,0.48378947368421055,0.18273684210526317,0.3334736842105263
2390,37183,3139,525,1349,1096,2614,3139,1.0,0.16725071678878622,0.8327492832112138,694,0.42975469894870977,0.349155782096209,0.22108951895508125
2391,37183,2166,646,1271,566,1520,2166,1.0,0.2982456140350877,0.7017543859649122,329,0.5867959372114496,0.2613111726685134,0.15189289012003693
2392,37183,3258,1392,1583,409,1866,3258,1.0,0.427255985267035,0.572744014732965,1266,0.4858809085328422,0.12553713934929406,0.3885819521178637
2393,37183,4596,1847,2449,748,2749,4596,1.0,0.40187119234116625,0.5981288076588338,1399,0.5328546562228025,0.16275021758050479,0.3043951261966928
2394,37183,5316,495,2314,2308,4821,5316,1.0,0.09311512415349887,0.9068848758465011,694,0.43528969149736646,0.43416102332580886,0.13054928517682468
2395,37183,3004,260,1231,1343,2744,3004,1.0,0.08655126498002663,0.9134487350199734,430,0.4097869507323569,0.4470705725699068,0.14314247669773636
2396,37183,782,49,206,400,733,782,1.0,0.06265984654731457,0.9373401534526854,176,0.26342710997442453,0.5115089514066496,0.22506393861892582
2397,37183,4691,184,1507,3183,4507,4691,1.0438459826396618,0.03922404604561927,0.9607759539543808,1,0.3212534640801535,0.6785333617565551,0.00021317416329140907
2398,37183,4593,480,1264,2025,4113,4593,1.0,0.10450685826257348,0.8954931417374266,1304,0.27520139342477684,0.4408883082952319,0.2839102982799913
2399,37183,5947,742,1848,2294,5205,5947,1.0,0.12476879098705229,0.8752312090129477,1805,0.3107449134017152,0.3857407096014797,0.3035143769968051
2400,37183,4664,482,1246,2290,4182,4664,1.0,0.10334476843910806,0.8966552315608919,1128,0.26715265866209265,0.49099485420240135,0.241852487135506
2401,37183,2136,308,731,1034,1828,2136,1.0,0.1441947565543071,0.8558052434456929,371,0.34222846441947563,0.48408239700374533,0.17368913857677903
2402,37183,3235,521,919,1100,2714,3235,1.0,0.16105100463678515,0.8389489953632149,1216,0.28408037094281297,0.3400309119010819,0.3758887171561051
2403,37183,5972,3034,3002,677,2938,5972,1.0,0.5080375083724046,0.4919624916275954,2293,0.5026791694574682,0.11336235766912257,0.38395847287340923
2404,37183,2079,597,729,441,1482,2079,1.0,0.28715728715728717,0.7128427128427128,909,0.35064935064935066,0.21212121212121213,0.43722943722943725
2405,37183,2657,737,1099,1026,1920,2657,1.0,0.27738050432818967,0.7226194956718103,532,0.41362438840797894,0.38614979299962365,0.20022581859239744
2406,37183,3147,549,1049,1001,2598,3147,1.0,0.1744518589132507,0.8255481410867492,1097,0.3333333333333333,0.3180807117890054,0.34858595487766125
2407,37183,1906,713,758,381,1193,1906,1.0,0.3740818467995803,0.6259181532004198,767,0.39769150052465896,0.19989506820566633,0.4024134312696747
2408,37183,3454,708,1424,1236,2746,3454,1.0,0.20497973364215402,0.795020266357846,794,0.4122756224667053,0.3578459756803706,0.22987840185292416
2409,37183,7287,4457,4797,778,2830,7287,1.0,0.6116371620694387,0.38836283793056126,1712,0.6582955948950185,0.10676547275970907,0.2349389323452724
2410,37183,3562,1071,1536,964,2491,3562,1.0,0.30067377877596857,0.6993262212240314,1062,0.4312184166198765,0.27063447501403703,0.2981471083660865
2411,37183,3791,1371,1495,605,2420,3791,1.0,0.361646003692957,0.638353996307043,1691,0.3943550514376154,0.15958849907676076,0.44605644948562384
2412,37183,1335,230,381,379,1105,1335,1.0,0.17228464419475656,0.8277153558052435,575,0.2853932584269663,0.28389513108614234,0.4307116104868914
2413,37183,6829,2105,3355,1577,4724,6829,1.0,0.3082442524527749,0.691755747547225,1897,0.49128715770976716,0.23092692927222142,0.2777859130180114
2414,37183,5441,1581,2803,1655,3860,5441,1.0,0.2905715861054953,0.7094284138945047,983,0.515162653923911,0.3041720272008822,0.18066531887520676
2415,37183,4411,1649,2177,881,2762,4411,1.0,0.3738381319428701,0.6261618680571299,1353,0.4935388800725459,0.19972795284515982,0.30673316708229426
2416,37183,2524,448,748,820,2076,2524,1.0,0.1774960380348653,0.8225039619651348,956,0.29635499207606975,0.3248811410459588,0.3787638668779715
2417,37183,4330,2284,2390,450,2046,4330,1.0,0.5274826789838337,0.4725173210161663,1490,0.5519630484988453,0.10392609699769054,0.3441108545034642
2418,37183,7157,2343,3851,2155,4814,7157,1.0,0.32737180382841974,0.6726281961715803,1151,0.5380746122677099,0.30110381444739415,0.1608215732848959
2419,37183,3666,2462,2435,242,1204,3666,1.0,0.6715766503000545,0.32842334969994547,989,0.6642116748499727,0.06601200218221495,0.26977632296781234
2420,37183,1735,555,593,320,1180,1735,1.0,0.31988472622478387,0.6801152737752162,822,0.34178674351585014,0.1844380403458213,0.4737752161383285
2421,37183,5204,1813,2431,808,3391,5204,1.0,0.34838585703305147,0.6516141429669485,1965,0.4671406610299769,0.15526518063028438,0.37759415833973864
2422,37183,7951,1272,2603,1058,6679,7951,1.0,0.1599798767450635,0.8400201232549365,4290,0.32738020374795623,0.13306502326751352,0.5395547729845303
2423,37183,4144,135,1557,2306,4009,4144,1.0,0.032577220077220075,0.9674227799227799,281,0.37572393822393824,0.5564671814671814,0.06780888030888031
2424,37183,2073,67,1031,911,2006,2073,1.0,0.032320308731307285,0.9676796912686927,131,0.497346840328027,0.43945972021225277,0.06319343945972021
2425,37183,4347,428,1464,1714,3919,4347,1.0,0.09845870715435932,0.9015412928456407,1169,0.336783988957902,0.3942949160340465,0.2689210950080515
2426,37183,4200,90,1999,2131,4110,4200,1.0,0.02142857142857143,0.9785714285714285,70,0.47595238095238096,0.5073809523809524,0.016666666666666666
2427,37183,4740,723,2050,1105,4017,4740,1.0,0.15253164556962026,0.8474683544303797,1585,0.43248945147679324,0.23312236286919832,0.33438818565400846
2428,37183,3335,250,1042,1652,3085,3335,1.0,0.07496251874062969,0.9250374812593704,641,0.31244377811094454,0.495352323838081,0.19220389805097451
2429,37183,4581,392,1646,1406,4189,4581,1.0,0.0855708360619952,0.9144291639380048,1529,0.35931019428072475,0.30691988648766644,0.3337699192316088
2430,37183,3135,296,971,1361,2839,3135,1.0,0.09441786283891547,0.9055821371610845,803,0.30972886762360446,0.43413078149920253,0.256140350877193
2431,37183,5847,973,2878,2968,4874,5847,1.0575253256150507,0.16641012485035062,0.8335898751496494,1,0.4922182315717462,0.5076107405507098,0.0001710278775440397
2432,37183,2979,140,901,1603,2839,2979,1.0,0.04699563611950319,0.9530043638804968,475,0.30245048674051694,0.5381000335683115,0.15944947969117154
2433,37183,7269,980,2885,3070,6289,7269,1.0,0.13481909478607787,0.8651809052139221,1314,0.39689090658962717,0.42234144999312145,0.18076764341725135
2434,37183,2357,788,1117,1150,1569,2357,1.0,0.3343232923207467,0.6656767076792532,90,0.4739075095460331,0.48790835808230804,0.03818413237165889
2435,37183,3851,513,1386,2011,3338,3851,1.0,0.1332121526876136,0.8667878473123863,454,0.35990651778758764,0.5222020254479356,0.11789145676447677
2436,37183,6439,742,2686,3752,5697,6439,1.190018484288355,0.11523528498214008,0.8847647150178599,1,0.41714551949060413,0.5826991768908215,0.00015530361857431278
2437,37183,2613,296,1015,1256,2317,2613,1.0,0.11327975507079985,0.8867202449292002,342,0.3884424033677765,0.480673555300421,0.13088404133180254
2438,37183,4442,489,2042,2328,3953,4442,1.0,0.11008554705087799,0.889914452949122,72,0.4597028365601081,0.5240882485366952,0.01620891490319676
2439,37183,3054,739,1053,1131,2315,3054,1.0,0.24197773411918794,0.758022265880812,870,0.34479371316306484,0.3703339882121807,0.28487229862475444
2440,37183,4393,1405,2486,1369,2988,4393,1.0,0.3198269974960164,0.6801730025039836,538,0.5659002959253358,0.3116321420441612,0.12246756203050307
2441,37183,3760,721,1492,1230,3039,3760,1.0,0.19175531914893618,0.8082446808510638,1038,0.39680851063829786,0.3271276595744681,0.27606382978723404
2442,37183,12549,1119,7405,5143,11430,12549,1.0427123151071962,0.08917045182883099,0.910829548171169,1,0.5900868595107179,0.4098334528647701,7.96876245119133e-05
2443,37183,2922,139,1442,1479,2783,2922,1.076271186440678,0.04757015742642026,0.9524298425735798,1,0.4934976043805613,0.5061601642710473,0.00034223134839151266
2444,37183,3568,131,1582,1226,3437,3568,1.0,0.0367152466367713,0.9632847533632287,760,0.4433856502242152,0.34360986547085204,0.21300448430493274
2445,37183,3287,168,1499,1662,3119,3287,1.0,0.05111043504715546,0.9488895649528445,126,0.4560389412838455,0.5056282324307879,0.0383328262853666
2446,37183,7301,729,3365,3092,6572,7301,1.0,0.09984933570743734,0.9001506642925626,844,0.46089576770305435,0.4235036296397754,0.11560060265717025
2447,37183,4572,306,1797,1831,4266,4572,1.0,0.06692913385826772,0.9330708661417323,944,0.3930446194225722,0.40048118985126857,0.20647419072615922
2448,37183,2296,96,1177,1118,2200,2296,1.0004359197907584,0.041811846689895474,0.9581881533101045,1,0.5126306620209059,0.48693379790940766,0.00043554006968641115
2449,37183,3211,94,1469,1133,3117,3211,1.0,0.029274369355341015,0.970725630644659,609,0.4574898785425101,0.35284957957022733,0.18966054188726253
2450,37183,3531,205,1374,1644,3326,3531,1.0,0.05805720758991787,0.9419427924100822,513,0.38912489379779097,0.46559048428207306,0.14528462192013594
2451,37183,2530,111,981,1161,2419,2530,1.0,0.04387351778656127,0.9561264822134388,388,0.3877470355731225,0.4588932806324111,0.1533596837944664
2452,37183,2313,303,1204,435,2010,2313,1.0,0.1309987029831388,0.8690012970168612,674,0.5205361003026373,0.1880674448767834,0.29139645482057935
2453,37183,3005,165,1063,538,2840,3005,1.0,0.05490848585690516,0.9450915141430949,1404,0.3537437603993344,0.1790349417637271,0.46722129783693844
2454,37183,1901,29,915,880,1872,1901,1.0,0.015255128879537085,0.9847448711204629,106,0.4813256180957391,0.46291425565491845,0.05576012624934245
2455,37183,1187,16,562,497,1171,1187,1.0,0.013479359730412805,0.9865206402695872,128,0.4734625105307498,0.41870261162594774,0.10783487784330244
2456,37183,1084,74,471,460,1010,1084,1.0,0.06826568265682657,0.9317343173431735,153,0.4345018450184502,0.42435424354243545,0.1411439114391144
2457,37183,2760,82,1597,707,2678,2760,1.0,0.029710144927536233,0.9702898550724638,456,0.5786231884057971,0.25615942028985506,0.16521739130434782
2458,37183,1921,301,1430,476,1620,1921,1.0,0.1566892243623113,0.8433107756376887,15,0.7444039562727746,0.24778761061946902,0.007808433107756377
2459,37183,1146,14,745,277,1132,1146,1.0,0.012216404886561954,0.987783595113438,124,0.650087260034904,0.24171029668411867,0.1082024432809773
2460,37183,1321,17,785,536,1304,1321,1.0,0.012869038607115822,0.9871309613928841,0,0.5942467827403483,0.4057532172596518,0.0
2461,37183,1862,9,652,1186,1853,1862,1.0,0.004833512352309345,0.9951664876476907,24,0.3501611170784103,0.6369495166487648,0.01288936627282492
2462,37183,1890,221,920,633,1669,1890,1.0,0.11693121693121693,0.8830687830687831,337,0.48677248677248675,0.3349206349206349,0.1783068783068783
2463,37183,1664,406,1038,272,1258,1664,1.0,0.2439903846153846,0.7560096153846154,354,0.6237980769230769,0.16346153846153846,0.2127403846153846
2464,37183,3503,725,2291,584,2778,3503,1.0,0.20696545817870396,0.7930345418212961,628,0.6540108478447045,0.16671424493291465,0.17927490722238082
2465,37183,1533,103,828,704,1430,1533,1.0316498316498317,0.06718851924331376,0.9328114807566862,1,0.5401174168297456,0.4592302674494455,0.0006523157208088715
2466,37183,3230,456,1363,792,2774,3230,1.0,0.1411764705882353,0.8588235294117647,1075,0.4219814241486068,0.2452012383900929,0.3328173374613003
2467,37183,1130,19,417,494,1111,1130,1.0,0.016814159292035398,0.9831858407079646,219,0.36902654867256635,0.43716814159292033,0.19380530973451326
2468,37183,4124,789,1333,871,3335,4124,1.0,0.19131910766246363,0.8086808923375364,1920,0.3232298739088264,0.2112027158098933,0.4655674102812803
2469,37183,2167,1653,1314,55,514,2167,1.0,0.7628057221965852,0.23719427780341487,798,0.6063682510383018,0.025380710659898477,0.3682510383017997
2470,37183,2860,2104,1776,235,756,2860,1.0,0.7356643356643356,0.26433566433566436,849,0.620979020979021,0.08216783216783216,0.29685314685314684
2471,37183,5231,1624,2106,927,3607,5231,1.0,0.31045689160772316,0.6895431083922768,2198,0.40259988529917795,0.17721277002485183,0.4201873446759702
2472,37183,3791,2950,2853,134,841,3791,1.0,0.7781587971511474,0.22184120284885256,804,0.7525718807702453,0.03534687417567924,0.21208124505407544
2473,37183,12065,1940,3450,1721,10125,12065,1.0,0.16079569001243266,0.8392043099875673,6894,0.2859510982179859,0.14264401160381268,0.5714048901782014
2474,37183,868,706,403,45,162,868,1.0,0.8133640552995391,0.18663594470046083,420,0.4642857142857143,0.05184331797235023,0.4838709677419355
2475,37183,4854,3327,1794,111,1527,4854,1.0,0.6854140914709518,0.3145859085290482,2949,0.3695920889987639,0.022867737948084055,0.607540173053152
2476,37183,2472,699,1267,239,1773,2472,1.0,0.2827669902912621,0.7172330097087378,966,0.5125404530744336,0.09668284789644013,0.3907766990291262
2477,37183,3996,2365,2692,488,1631,3996,1.0,0.5918418418418419,0.40815815815815815,816,0.6736736736736737,0.12212212212212212,0.2042042042042042
2478,37183,2139,36,974,1074,2103,2139,1.0,0.016830294530154277,0.9831697054698457,91,0.45535296867695185,0.5021037868162693,0.04254324450677887
2479,37183,1198,48,559,544,1150,1198,1.0,0.04006677796327212,0.9599332220367279,95,0.4666110183639399,0.4540901502504174,0.07929883138564274
2480,37183,6803,1492,2001,532,5311,6803,1.0,0.21931500808466853,0.7806849919153315,4270,0.2941349404674408,0.07820079376745553,0.6276642657651036
2481,37183,3516,637,1367,524,2879,3516,1.0,0.1811717861205916,0.8188282138794084,1625,0.38879408418657563,0.149032992036405,0.46217292377701935
2482,37183,1638,92,752,480,1546,1638,1.0,0.05616605616605617,0.9438339438339438,406,0.4590964590964591,0.29304029304029305,0.24786324786324787
2483,37183,2607,2281,1131,50,326,2607,1.0,0.874952052167242,0.12504794783275797,1426,0.43383199079401613,0.019179133103183737,0.5469888761028001
2484,37183,3252,2329,1573,64,923,3252,1.0,0.7161746617466175,0.2838253382533825,1615,0.48370233702337023,0.01968019680196802,0.49661746617466174
2485,37183,2006,173,885,1120,1833,2006,1.0962274466921815,0.08624127617148554,0.9137587238285144,1,0.4411764705882353,0.5583250249252243,0.0004985044865403788
2486,37183,1900,146,836,711,1754,1900,1.0,0.07684210526315789,0.9231578947368421,353,0.44,0.3742105263157895,0.18578947368421053
2487,37183,2810,702,1190,557,2108,2810,1.0,0.2498220640569395,0.7501779359430605,1063,0.4234875444839858,0.198220640569395,0.37829181494661923
2488,37183,3068,813,1404,679,2255,3068,1.0,0.264993481095176,0.7350065189048239,985,0.4576271186440678,0.2213168187744459,0.32105606258148633
2489,37183,5942,4121,2906,190,1821,5942,1.0,0.6935375294513632,0.30646247054863685,2846,0.4890609222484012,0.03197576573544261,0.47896331201615616
2490,37183,3791,371,1194,419,3420,3791,1.0,0.09786336059087312,0.9021366394091269,2178,0.31495647586388814,0.11052492745977315,0.5745185966763386
2491,37183,2766,187,994,1379,2579,2766,1.0,0.06760665220535068,0.9323933477946493,393,0.35936370209689084,0.4985538684020246,0.1420824295010846
2492,37183,3220,744,1169,539,2476,3220,1.0,0.231055900621118,0.768944099378882,1512,0.3630434782608696,0.1673913043478261,0.46956521739130436
2493,37183,4577,1178,1873,958,3399,4577,1.0,0.25737382564998906,0.7426261743500109,1746,0.4092200131090234,0.20930740659820843,0.3814725802927682
2494,37183,2586,483,821,636,2103,2586,1.0,0.18677494199535963,0.8132250580046404,1129,0.3174787316318639,0.2459396751740139,0.4365815931941222
2495,37183,5226,2281,1919,313,2945,5226,1.0,0.4364714887102947,0.5635285112897053,2994,0.3672024492920015,0.059892843474933025,0.5729047072330654
2496,37183,2126,119,863,996,2007,2126,1.0,0.055973659454374415,0.9440263405456256,267,0.4059266227657573,0.4684854186265287,0.12558795860771402
2497,37183,2680,331,1349,460,2349,2680,1.0,0.12350746268656716,0.8764925373134328,871,0.5033582089552239,0.17164179104477612,0.325
2498,37183,3773,987,1591,629,2786,3773,1.0,0.26159554730983303,0.738404452690167,1553,0.42168036045587065,0.16671084018022794,0.4116087993639014
2499,37183,2451,2066,1960,110,385,2451,1.0,0.842921256629947,0.15707874337005304,381,0.7996736026111791,0.044879640962872294,0.1554467564259486
2500,37183,1187,124,516,421,1063,1187,1.0,0.10446503791069923,0.8955349620893007,250,0.43470935130581295,0.35467565290648695,0.21061499578770007
2501,37183,3019,191,1207,1401,2828,3019,1.0,0.06326598211328255,0.9367340178867175,411,0.3998012586949321,0.46406094733355413,0.13613779397151374
2502,37183,4735,287,1871,2710,4448,4735,1.0,0.06061246040126716,0.9393875395987329,154,0.39514255543822596,0.5723336853220697,0.03252375923970433
2503,37183,2617,73,965,1541,2544,2617,1.0,0.027894535727932747,0.9721054642720672,111,0.3687428353076041,0.5888421857088268,0.042414978983568975
2504,37183,2191,76,774,1247,2115,2191,1.0,0.03468735737106344,0.9653126426289366,170,0.3532633500684619,0.569146508443633,0.07759014148790506
2505,37183,937,31,390,494,906,937,1.0,0.033084311632870865,0.9669156883671292,53,0.41622198505869795,0.5272145144076841,0.05656350053361793
2506,37183,2382,102,805,1428,2280,2382,1.0,0.042821158690176324,0.9571788413098237,149,0.33795130142737195,0.5994962216624685,0.06255247691015953
2507,37183,2908,350,1271,1636,2558,2908,1.2891352549889135,0.1203576341127923,0.8796423658872077,1,0.43707015130674004,0.562585969738652,0.000343878954607978
2508,37183,2451,281,1056,682,2170,2451,1.0,0.11464708282333741,0.8853529171766625,713,0.43084455324357407,0.2782537739698082,0.2909016727866177
2509,37183,3764,270,1187,800,3494,3764,1.0,0.07173219978746015,0.9282678002125399,1777,0.315356004250797,0.21253985122210414,0.4721041445270988
2510,37183,2616,451,1005,579,2165,2616,1.0,0.17240061162079512,0.8275993883792049,1032,0.3841743119266055,0.2213302752293578,0.3944954128440367
2511,37183,2565,453,825,515,2112,2565,1.0,0.17660818713450294,0.8233918128654971,1225,0.3216374269005848,0.20077972709551656,0.4775828460038986
2512,37183,2885,173,1704,1180,2712,2885,1.002433090024331,0.05996533795493934,0.9400346620450607,1,0.5906412478336222,0.4090121317157712,0.0003466204506065858
2513,37183,3019,189,1340,1072,2830,3019,1.0,0.06260351109638954,0.9373964889036105,607,0.4438555813183173,0.35508446505465385,0.20105995362702883
2514,37183,2548,35,1018,1422,2513,2548,1.0,0.013736263736263736,0.9862637362637363,108,0.39952904238618525,0.5580847723704867,0.0423861852433281
2515,37183,2491,343,1297,613,2148,2491,1.0,0.1376957045363308,0.8623042954636692,581,0.5206744279405862,0.2460859092733842,0.2332396627860297
2516,37183,2649,158,1037,997,2491,2649,1.0,0.05964514911287278,0.9403548508871272,615,0.39146847867119666,0.3763684409211023,0.232163080407701
2517,37183,2890,144,1239,984,2746,2890,1.0,0.04982698961937716,0.9501730103806229,667,0.428719723183391,0.34048442906574394,0.23079584775086506
2518,37183,1935,269,817,376,1666,1935,1.0,0.13901808785529715,0.8609819121447029,742,0.4222222222222222,0.19431524547803616,0.3834625322997416
2519,37183,2781,117,1266,1042,2664,2781,1.0,0.042071197411003236,0.9579288025889967,473,0.4552319309600863,0.37468536497662713,0.1700827040632866
2520,37183,4279,224,2029,1669,4055,4279,1.0,0.05234867959803693,0.9476513204019631,581,0.4741762093947184,0.39004440289787334,0.13577938770740827
2521,37183,1772,85,787,610,1687,1772,1.0,0.04796839729119639,0.9520316027088036,375,0.4441309255079007,0.3442437923250564,0.21162528216704288
2522,37183,2197,166,1173,798,2031,2197,1.0,0.0755575785161584,0.9244424214838416,226,0.5339098771051434,0.3632225762403277,0.10286754665452891
2523,37183,2215,115,1070,692,2100,2215,1.0,0.05191873589164785,0.9480812641083521,453,0.48306997742663654,0.3124153498871332,0.20451467268623025
2524,37183,2110,192,990,565,1918,2110,1.0,0.0909952606635071,0.9090047393364928,555,0.46919431279620855,0.2677725118483412,0.26303317535545023
2525,37183,2874,263,1276,875,2611,2874,1.0,0.09151009046624912,0.9084899095337509,723,0.4439805149617258,0.30445372303409884,0.25156576200417535
2526,37183,1747,50,832,630,1697,1747,1.0,0.028620492272467088,0.9713795077275329,285,0.4762449914138523,0.3606182026330853,0.1631368059530624
2527,37183,3636,377,1491,929,3259,3636,1.0,0.10368536853685369,0.8963146314631463,1216,0.41006600660066006,0.2555005500550055,0.33443344334433445
2528,37183,2480,522,959,401,1958,2480,1.0,0.21048387096774193,0.7895161290322581,1120,0.3866935483870968,0.16169354838709676,0.45161290322580644
2529,37183,4628,585,1807,1391,4043,4628,1.0,0.12640449438202248,0.8735955056179775,1430,0.3904494382022472,0.300561797752809,0.3089887640449438
2530,37183,3321,284,1415,1352,3037,3321,1.0,0.08551641071966275,0.9144835892803372,554,0.4260764829870521,0.4071062932851551,0.16681722372779284
2531,37183,10250,1123,4996,2405,9127,10250,1.0,0.1095609756097561,0.8904390243902439,2849,0.48741463414634145,0.2346341463414634,0.27795121951219515
2532,37183,6911,1335,3402,2167,5576,6911,1.0,0.19317030820431197,0.8068296917956881,1342,0.4922587179858197,0.31355809578932137,0.19418318622485892
2533,37183,4796,191,2167,1859,4605,4796,1.0,0.03982485404503753,0.9601751459549625,770,0.4518348623853211,0.3876146788990826,0.16055045871559634
2534,37183,8104,1283,3655,4448,6821,8104,1.0970755483346872,0.15831688055281343,0.8416831194471865,1,0.45101184600197436,0.5488647581441264,0.00012339585389930897
2535,37183,2727,582,1457,1269,2145,2727,1.1049858127280097,0.21342134213421343,0.7865786578657866,1,0.5342867620095343,0.46534653465346537,0.0003667033370003667
2536,37183,2887,154,1054,1664,2733,2887,1.0,0.05334257014201593,0.9466574298579841,169,0.3650848631797714,0.5763768617942501,0.058538275025978526
2537,37183,3555,477,1379,1282,3078,3555,1.0,0.1341772151898734,0.8658227848101265,894,0.3879043600562588,0.36061884669479605,0.2514767932489452
2538,37183,4304,537,2054,2132,3767,4304,1.0,0.12476765799256506,0.8752323420074349,118,0.47723048327137546,0.49535315985130113,0.02741635687732342
2539,37183,2164,348,865,511,1816,2164,1.0,0.16081330868761554,0.8391866913123844,788,0.39972273567467653,0.23613678373382624,0.36414048059149723
2540,37183,1578,299,730,614,1279,1578,1.0,0.18948035487959441,0.8105196451204055,234,0.46261089987325726,0.38910012674271227,0.1482889733840304
2541,37183,1592,96,693,657,1496,1592,1.0,0.06030150753768844,0.9396984924623115,242,0.4353015075376884,0.4126884422110553,0.15201005025125627
2542,37183,4834,983,2154,1123,3851,4834,1.0,0.20335126189491104,0.796648738105089,1557,0.4455937112122466,0.23231278444352504,0.3220935043442284
2543,37183,2023,318,841,641,1705,2023,1.0,0.15719228868017796,0.842807711319822,541,0.4157192288680178,0.31685615422639646,0.2674246169055858
2544,37183,3420,182,1441,1464,3238,3420,1.0,0.05321637426900585,0.9467836257309942,515,0.4213450292397661,0.4280701754385965,0.15058479532163743
2545,37183,4501,376,1892,1549,4125,4501,1.0,0.08353699177960454,0.9164630082203955,1060,0.4203510331037547,0.3441457453899133,0.23550322150633193
2546,37183,3748,413,1536,1005,3335,3748,1.0,0.11019210245464248,0.8898078975453575,1207,0.40981856990394877,0.2681430096051227,0.3220384204909285
2547,37185,1066,98,180,394,968,1066,1.0,0.09193245778611632,0.9080675422138836,492,0.16885553470919323,0.3696060037523452,0.46153846153846156
2548,37185,1161,325,304,444,836,1161,1.0,0.27993109388458226,0.7200689061154177,413,0.26184323858742464,0.38242894056847543,0.35572782084409993
2549,37185,912,244,250,351,668,912,1.0,0.2675438596491228,0.7324561403508771,311,0.2741228070175439,0.3848684210526316,0.34100877192982454
2550,37185,586,294,216,162,292,586,1.0,0.5017064846416383,0.49829351535836175,208,0.36860068259385664,0.2764505119453925,0.35494880546075086
2551,37185,1164,561,419,274,603,1164,1.0,0.48195876288659795,0.5180412371134021,471,0.3599656357388316,0.23539518900343642,0.40463917525773196
2552,37185,1311,515,770,109,796,1311,1.0,0.39282990083905417,0.6071700991609459,432,0.5873379099923722,0.08314263920671243,0.3295194508009153
2553,37185,2195,1507,662,171,688,2195,1.0,0.6865603644646925,0.3134396355353075,1362,0.30159453302961275,0.07790432801822324,0.620501138952164
2554,37185,924,484,377,197,440,924,1.0,0.5238095238095238,0.47619047619047616,350,0.408008658008658,0.2132034632034632,0.3787878787878788
2555,37185,1740,1053,751,231,687,1740,1.0,0.6051724137931035,0.39482758620689656,758,0.43160919540229886,0.13275862068965516,0.435632183908046
2556,37185,819,346,237,194,473,819,1.0,0.42246642246642246,0.5775335775335775,388,0.2893772893772894,0.23687423687423687,0.47374847374847373
2557,37185,1410,815,585,232,595,1410,1.0,0.5780141843971631,0.4219858156028369,593,0.4148936170212766,0.16453900709219857,0.4205673758865248
2558,37185,2008,1334,997,272,674,2008,1.0,0.6643426294820717,0.33565737051792827,739,0.4965139442231076,0.13545816733067728,0.36802788844621515
2559,37185,1005,600,410,143,405,1005,1.0,0.5970149253731343,0.40298507462686567,452,0.4079601990049751,0.14228855721393036,0.44975124378109455
2560,37185,413,277,184,85,136,413,1.0,0.6707021791767555,0.32929782082324455,144,0.44552058111380144,0.20581113801452786,0.3486682808716707
2561,37187,1521,836,637,264,685,1521,1.0,0.5496383957922419,0.45036160420775806,620,0.4188034188034188,0.17357001972386588,0.4076265614727153
2562,37187,2726,1114,824,859,1612,2726,1.0,0.4086573734409391,0.5913426265590609,1043,0.30227439471753487,0.31511371973587676,0.3826118855465884
2563,37187,1035,333,271,319,702,1035,1.0,0.3217391304347826,0.6782608695652174,445,0.2618357487922705,0.30821256038647343,0.42995169082125606
2564,37187,2235,1232,835,464,1003,2235,1.0,0.5512304250559285,0.4487695749440716,936,0.37360178970917224,0.2076062639821029,0.41879194630872485
2565,37187,1407,418,300,494,989,1407,1.0,0.2970859985785359,0.7029140014214641,613,0.21321961620469082,0.35110163468372424,0.43567874911158494
2566,37187,1261,837,525,134,424,1261,1.0,0.6637589214908802,0.3362410785091198,602,0.41633624107850914,0.10626486915146709,0.4773988897700238
2567,37189,2348,7,848,969,2341,2348,1.0,0.002981260647359455,0.9970187393526405,531,0.36115843270868825,0.4126916524701874,0.22614991482112437
2568,37189,3611,36,1042,1458,3575,3611,1.0,0.009969537524231515,0.9900304624757685,1111,0.2885627250069233,0.40376626973137636,0.3076710052617004
2569,37189,2947,68,1168,716,2879,2947,1.0,0.02307431286053614,0.9769256871394638,1063,0.3963352561927384,0.24295894129623347,0.3607058025110282
2570,37189,632,2,156,240,630,632,1.0,0.0031645569620253164,0.9968354430379747,236,0.2468354430379747,0.379746835443038,0.37341772151898733
2571,37189,520,4,148,252,516,520,1.0,0.007692307692307693,0.9923076923076923,120,0.2846153846153846,0.4846153846153846,0.23076923076923078
2572,37189,3848,158,1266,706,3690,3848,1.0,0.04106029106029106,0.9589397089397089,1876,0.329002079002079,0.18347193347193347,0.4875259875259875
2573,37189,1870,90,870,306,1780,1870,1.0,0.0481283422459893,0.9518716577540107,694,0.46524064171123,0.16363636363636364,0.3711229946524064
2574,37189,3968,69,1407,1246,3899,3968,1.0,0.017389112903225805,0.9826108870967742,1315,0.3545866935483871,0.31401209677419356,0.3314012096774194
2575,37189,285,4,115,169,281,285,1.0252707581227436,0.014035087719298246,0.9859649122807017,1,0.40350877192982454,0.5929824561403508,0.0035087719298245615
2576,37189,2949,14,910,1176,2935,2949,1.0,0.004747371990505256,0.9952526280094948,863,0.30857917938284163,0.3987792472024415,0.29264157341471686
2577,37189,3238,51,1079,918,3187,3238,1.0,0.015750463248919086,0.984249536751081,1241,0.33323038912909203,0.2835083384805435,0.38326127239036445
2578,37189,4391,80,1366,1220,4311,4391,1.0,0.018219084491004327,0.9817809155089957,1805,0.3110908676838989,0.277841038487816,0.41106809382828513
2579,37189,2014,20,375,864,1994,2014,1.0,0.009930486593843098,0.9900695134061569,775,0.1861966236345581,0.42899702085402186,0.38480635551142006
2580,37189,1313,4,268,467,1309,1313,1.0,0.0030464584920030465,0.996953541507997,578,0.2041127189642041,0.3556740289413557,0.44021325209444023
2581,37189,2505,18,595,973,2487,2505,1.0,0.00718562874251497,0.9928143712574851,937,0.2375249500998004,0.38842315369261476,0.37405189620758483
2582,37189,476,4,160,227,472,476,1.0,0.008403361344537815,0.9915966386554622,89,0.33613445378151263,0.47689075630252103,0.1869747899159664
2583,37189,2483,7,545,1039,2476,2483,1.0,0.002819170358437374,0.9971808296415626,899,0.21949254933548126,0.4184454289166331,0.3620620217478856
2584,37189,1084,4,202,508,1080,1084,1.0,0.0036900369003690036,0.996309963099631,374,0.1863468634686347,0.46863468634686345,0.34501845018450183
2585,37189,181,2,24,77,179,181,1.0,0.011049723756906077,0.988950276243094,80,0.13259668508287292,0.425414364640884,0.4419889502762431
2586,37189,3350,109,1294,727,3241,3350,1.0,0.03253731343283582,0.9674626865671642,1329,0.3862686567164179,0.21701492537313433,0.39671641791044776
2587,37191,2679,617,544,574,2062,2679,1.0,0.23030981709593132,0.7696901829040687,1561,0.2030608435983576,0.21425905188503172,0.5826801045166107
2588,37191,2191,1481,704,54,710,2191,1.0,0.6759470561387494,0.32405294386125055,1433,0.3213144682793245,0.02464628023733455,0.654039251483341
2589,37191,3264,1249,850,654,2015,3264,1.0,0.38265931372549017,0.6173406862745098,1760,0.2604166666666667,0.20036764705882354,0.5392156862745098
2590,37191,4565,703,612,1390,3862,4565,1.0,0.15399780941949617,0.8460021905805039,2563,0.13406352683461117,0.3044906900328587,0.5614457831325301
2591,37191,2284,1254,839,282,1030,2284,1.0,0.5490367775831874,0.45096322241681264,1163,0.36733800350262696,0.1234676007005254,0.5091943957968477
2592,37191,2880,1195,912,727,1685,2880,1.0,0.4149305555555556,0.5850694444444444,1241,0.31666666666666665,0.25243055555555555,0.4309027777777778
2593,37191,5325,1203,831,1207,4122,5325,1.0,0.2259154929577465,0.7740845070422535,3287,0.156056338028169,0.22666666666666666,0.6172769953051643
2594,37191,3549,429,405,1413,3120,3549,1.0,0.12087912087912088,0.8791208791208791,1731,0.11411665257819104,0.3981403212172443,0.48774302620456467
2595,37191,3688,343,428,1670,3345,3688,1.0,0.09300433839479393,0.9069956616052061,1590,0.11605206073752712,0.45281995661605207,0.4311279826464208
2596,37191,4337,1121,461,1312,3216,4337,1.0,0.2584735992621628,0.7415264007378373,2564,0.10629467373760663,0.302513258012451,0.5911920682499423
2597,37191,2055,1454,866,270,601,2055,1.0,0.7075425790754258,0.2924574209245742,919,0.42141119221411194,0.13138686131386862,0.44720194647201944
2598,37191,2958,413,562,1579,2545,2958,1.0,0.13962136578769438,0.8603786342123056,817,0.18999323867478027,0.5338066260987153,0.2762001352265044
2599,37191,4506,612,662,2151,3894,4506,1.0,0.13581890812250333,0.8641810918774967,1693,0.14691522414558367,0.4773635153129161,0.37572126054150023
2600,37191,3914,662,624,1653,3252,3914,1.0,0.16913643331630046,0.8308635666836995,1637,0.1594276954522228,0.4223300970873786,0.4182422074603986
2601,37191,1845,1330,862,91,515,1845,1.0,0.7208672086720868,0.2791327913279133,892,0.46720867208672084,0.04932249322493225,0.4834688346883469
2602,37191,3045,656,492,1037,2389,3045,1.0,0.21543513957307062,0.7845648604269294,1516,0.16157635467980297,0.34055829228243023,0.49786535303776686
2603,37191,4825,1056,1036,1917,3769,4825,1.0,0.218860103626943,0.781139896373057,1872,0.21471502590673575,0.3973056994818653,0.38797927461139897
2604,37191,3200,799,620,951,2401,3200,1.0,0.2496875,0.7503125,1629,0.19375,0.2971875,0.5090625
2605,37191,3576,481,627,1873,3095,3576,1.0,0.13450782997762864,0.8654921700223713,1076,0.17533557046979867,0.5237695749440716,0.30089485458612975
2606,37191,3295,156,258,1557,3139,3295,1.0,0.047344461305007586,0.9526555386949924,1480,0.07830045523520486,0.4725341426403642,0.44916540212443096
2607,37191,2886,811,809,999,2075,2886,1.0,0.28101178101178104,0.718988218988219,1078,0.2803187803187803,0.34615384615384615,0.37352737352737353
2608,37191,2291,696,623,524,1595,2291,1.0,0.3037974683544304,0.6962025316455697,1144,0.2719336534264513,0.22872108249672632,0.49934526407682234
2609,37191,2816,622,481,934,2194,2816,1.0,0.22088068181818182,0.7791193181818182,1401,0.1708096590909091,0.33167613636363635,0.49751420454545453
2610,37191,1914,1004,831,397,910,1914,1.0,0.5245559038662487,0.4754440961337513,686,0.4341692789968652,0.20741901776384536,0.35841170323928945
2611,37191,1844,1526,964,84,318,1844,1.0,0.8275488069414316,0.17245119305856832,796,0.5227765726681128,0.0455531453362256,0.4316702819956616
2612,37191,1845,1273,716,162,572,1845,1.0,0.6899728997289973,0.3100271002710027,967,0.3880758807588076,0.08780487804878048,0.5241192411924119
2613,37191,4033,1348,1176,973,2685,4033,1.0,0.3342424993801141,0.6657575006198859,1884,0.2915943466402182,0.2412596082320853,0.46714604512769653
2614,37191,2224,1063,875,458,1161,2224,1.0,0.4779676258992806,0.5220323741007195,891,0.39343525179856115,0.20593525179856115,0.4006294964028777
2615,37191,2228,1130,821,407,1098,2228,1.0,0.507181328545781,0.49281867145421904,1000,0.36849192100538597,0.1826750448833034,0.4488330341113106
2616,37191,2077,1358,795,230,719,2077,1.0,0.6538276360134809,0.346172363986519,1052,0.3827636013480982,0.11073663938372653,0.5064997592681753
2617,37193,3126,19,321,1552,3107,3126,1.0,0.006078055022392835,0.9939219449776072,1253,0.10268714011516315,0.4964811260396673,0.40083173384516957
2618,37193,1025,2,96,418,1023,1025,1.0,0.001951219512195122,0.9980487804878049,511,0.09365853658536585,0.40780487804878046,0.49853658536585366
2619,37193,1561,10,137,703,1551,1561,1.0,0.0064061499039077515,0.9935938500960922,721,0.0877642536835362,0.45035233824471493,0.4618834080717489
2620,37193,4877,31,543,2143,4846,4877,1.0,0.006356366618823047,0.993643633381177,2191,0.11133893787164241,0.4394094730367029,0.4492515890916547
2621,37193,2735,239,558,857,2496,2735,1.0,0.08738574040219378,0.9126142595978062,1320,0.2040219378427788,0.313345521023766,0.4826325411334552
2622,37193,1030,18,82,480,1012,1030,1.0,0.017475728155339806,0.9825242718446602,468,0.07961165048543689,0.46601941747572817,0.45436893203883494
2623,37193,1408,39,134,630,1369,1408,1.0,0.027698863636363636,0.9723011363636364,644,0.09517045454545454,0.4474431818181818,0.45738636363636365
2624,37193,1191,73,133,505,1118,1191,1.0,0.061293031066330814,0.9387069689336692,553,0.11167086481947942,0.42401343408900083,0.4643157010915197
2625,37193,3177,449,581,722,2728,3177,1.0,0.14132829713566258,0.8586717028643375,1874,0.18287692791942084,0.2272584198929808,0.5898646521875983
2626,37193,2096,232,325,632,1864,2096,1.0,0.11068702290076336,0.8893129770992366,1139,0.15505725190839695,0.3015267175572519,0.5434160305343512
2627,37193,3168,329,447,1262,2839,3168,1.0,0.1038510101010101,0.89614898989899,1459,0.14109848484848486,0.39835858585858586,0.4605429292929293
2628,37193,971,0,71,463,971,971,1.0,0.0,1.0,437,0.07312049433573635,0.4768280123583934,0.45005149330587024
2629,37193,1369,61,149,716,1308,1369,1.0,0.04455807158509861,0.9554419284149014,504,0.10883856829802775,0.5230094959824689,0.3681519357195033
2630,37193,836,56,88,367,780,836,1.0,0.06698564593301436,0.9330143540669856,381,0.10526315789473684,0.43899521531100477,0.4557416267942584
2631,37193,855,8,42,555,847,855,1.0,0.00935672514619883,0.9906432748538012,258,0.04912280701754386,0.6491228070175439,0.3017543859649123
2632,37193,807,2,68,351,805,807,1.0,0.0024783147459727386,0.9975216852540273,388,0.08426270136307311,0.4349442379182156,0.48079306071871125
2633,37193,459,4,64,206,455,459,1.0,0.008714596949891068,0.9912854030501089,189,0.1394335511982571,0.44880174291938996,0.4117647058823529
2634,37193,1966,14,277,867,1952,1966,1.0,0.007121057985757884,0.9928789420142421,822,0.14089521871820956,0.4409969481180061,0.41810783316378436
2635,37193,2205,13,264,1100,2192,2205,1.0,0.0058956916099773245,0.9941043083900227,841,0.11972789115646258,0.4988662131519274,0.38140589569161
2636,37193,2198,20,216,1009,2178,2198,1.0,0.009099181073703366,0.9909008189262967,973,0.09827115559599636,0.45905368516833484,0.4426751592356688
2637,37193,4386,34,436,2031,4352,4386,1.0,0.007751937984496124,0.9922480620155039,1919,0.09940720474236206,0.4630642954856361,0.4375284997720018
2638,37193,2476,48,246,1031,2428,2476,1.0,0.01938610662358643,0.9806138933764136,1199,0.09935379644588045,0.41639741518578355,0.484248788368336
2639,37193,1792,200,315,717,1592,1792,1.0,0.11160714285714286,0.8883928571428571,760,0.17578125,0.40011160714285715,0.42410714285714285
2640,37193,2318,99,315,1086,2219,2318,1.0,0.04270923209663503,0.957290767903365,917,0.135893011216566,0.4685073339085418,0.3955996548748921
2641,37193,2279,108,395,1031,2171,2279,1.0,0.04738920579201404,0.952610794207986,853,0.17332163229486616,0.45239139973672665,0.3742869679684072
2642,37193,2067,41,236,789,2026,2067,1.0,0.01983551040154814,0.9801644895984518,1042,0.11417513304305757,0.38171262699564584,0.5041122399612966
2643,37193,448,2,66,278,446,448,1.0,0.004464285714285714,0.9955357142857143,104,0.14732142857142858,0.6205357142857143,0.23214285714285715
2644,37193,978,59,145,359,919,978,1.0,0.06032719836400818,0.9396728016359919,474,0.14826175869120656,0.3670756646216769,0.48466257668711654
2645,37195,1852,1331,1042,110,521,1852,1.0,0.718682505399568,0.281317494600432,700,0.562634989200864,0.05939524838012959,0.3779697624190065
2646,37195,1743,1271,677,39,472,1743,1.0,0.7292025243832473,0.2707974756167527,1027,0.3884107860011474,0.022375215146299483,0.5892139988525531
2647,37195,1656,288,477,782,1368,1656,1.0,0.17391304347826086,0.8260869565217391,397,0.28804347826086957,0.4722222222222222,0.23973429951690822
2648,37195,2517,729,814,983,1788,2517,1.0,0.2896305125148987,0.7103694874851013,720,0.3234008740564164,0.39054429876837504,0.2860548271752086
2649,37195,3955,574,758,1940,3381,3955,1.0,0.14513274336283186,0.8548672566371681,1257,0.19165613147914032,0.49051833122629585,0.31782553729456386
2650,37195,1857,934,521,97,923,1857,1.0,0.5029617662897146,0.4970382337102854,1239,0.28056004308023696,0.052234787291330104,0.6672051696284329
2651,37195,1793,1003,709,266,790,1793,1.0,0.5593976575571667,0.44060234244283325,818,0.3954266592303402,0.1483547127718907,0.4562186279977691
2652,37195,3133,391,478,1319,2742,3133,1.0,0.12480051069262688,0.8751994893073731,1336,0.15256942227896586,0.4210022342802426,0.42642834344079156
2653,37195,2360,504,418,947,1856,2360,1.0,0.2135593220338983,0.7864406779661017,995,0.17711864406779662,0.40127118644067794,0.4216101694915254
2654,37195,2611,2216,1537,103,395,2611,1.0,0.8487169666794332,0.15128303332056683,971,0.5886633473764841,0.03944848716966679,0.3718881654538491
2655,37195,4291,1601,1194,1359,2690,4291,1.0,0.37310650198089024,0.6268934980191098,1738,0.27825681659286877,0.31670939175017476,0.4050337916569564
2656,37195,6492,1682,1888,2491,4810,6492,1.0,0.25908810844115837,0.7409118915588416,2113,0.29081947011706716,0.3837030191004313,0.32547751078250153
2657,37195,1316,550,403,357,766,1316,1.0,0.41793313069908816,0.5820668693009119,556,0.30623100303951367,0.2712765957446808,0.42249240121580545
2658,37195,3861,1269,1423,1099,2592,3861,1.0,0.32867132867132864,0.6713286713286714,1339,0.36855736855736854,0.28464128464128463,0.3468013468013468
2659,37195,1239,982,566,26,257,1239,1.0,0.7925746569814366,0.20742534301856336,647,0.45682001614205003,0.020984665052461663,0.5221953188054883
2660,37195,4171,1375,1559,1454,2796,4171,1.0,0.32965715655718053,0.6703428434428195,1158,0.37377127787101416,0.3485974586430113,0.2776312634859746
2661,37195,1569,245,434,758,1324,1569,1.0,0.1561504142766093,0.8438495857233907,377,0.2766093052899936,0.48311026131293816,0.2402804333970682
2662,37195,768,651,442,9,117,768,1.0,0.84765625,0.15234375,317,0.5755208333333334,0.01171875,0.4127604166666667
2663,37195,2838,1043,840,831,1795,2838,1.0,0.3675123326286117,0.6324876673713883,1167,0.2959830866807611,0.2928118393234672,0.41120507399577166
2664,37195,1574,179,446,825,1395,1574,1.0,0.11372299872935197,0.886277001270648,303,0.2833545108005083,0.5241423125794155,0.19250317662007624
2665,37195,2376,1214,877,339,1162,2376,1.0,0.5109427609427609,0.4890572390572391,1160,0.3691077441077441,0.14267676767676768,0.4882154882154882
2666,37195,2721,1790,983,88,931,2721,1.0,0.6578463800073502,0.34215361999264976,1650,0.36126424108783534,0.03234105108416024,0.6063947078280044
2667,37195,2966,535,489,1025,2431,2966,1.0,0.1803776129467296,0.8196223870532704,1452,0.16486850977747808,0.34558327714093057,0.48954821308159135
2668,37195,1523,552,460,394,971,1523,1.0,0.3624425476034143,0.6375574523965857,669,0.3020354563361786,0.2586999343401182,0.4392646093237032
2669,37197,3251,153,412,1527,3098,3251,1.0,0.047062442325438325,0.9529375576745617,1312,0.12673023685019993,0.46970163026760997,0.4035681328821901
2670,37197,2424,31,230,1034,2393,2424,1.0,0.01278877887788779,0.9872112211221122,1160,0.09488448844884488,0.4265676567656766,0.47854785478547857
2671,37197,2655,38,297,1247,2617,2655,1.0,0.01431261770244821,0.9856873822975518,1111,0.11186440677966102,0.4696798493408663,0.4184557438794727
2672,37197,3145,56,369,1793,3089,3145,1.0,0.0178060413354531,0.982193958664547,983,0.11732909379968204,0.5701112877583466,0.3125596184419714
2673,37197,1746,15,141,775,1731,1746,1.0,0.00859106529209622,0.9914089347079038,830,0.08075601374570447,0.4438717067583047,0.4753722794959908
2674,37197,1166,5,103,635,1161,1166,1.0,0.004288164665523156,0.9957118353344768,428,0.08833619210977701,0.5445969125214408,0.3670668953687822
2675,37197,3605,267,466,1417,3338,3605,1.0,0.07406380027739251,0.9259361997226075,1722,0.1292649098474341,0.39306518723994455,0.47766990291262135
2676,37197,4640,201,531,1828,4439,4640,1.0,0.04331896551724138,0.9566810344827587,2281,0.11443965517241379,0.3939655172413793,0.4915948275862069
2677,37197,1007,13,119,460,994,1007,1.0,0.012909632571996028,0.9870903674280039,428,0.11817279046673287,0.4568023833167825,0.42502482621648463
2678,37197,1952,36,157,988,1916,1952,1.0,0.018442622950819672,0.9815573770491803,807,0.08043032786885246,0.5061475409836066,0.413422131147541
2679,37197,1429,6,92,762,1423,1429,1.0,0.004198740377886634,0.9958012596221134,575,0.06438068579426172,0.5332400279916025,0.40237928621413577
2680,37197,2448,49,245,1238,2399,2448,1.0,0.020016339869281044,0.9799836601307189,965,0.10008169934640523,0.505718954248366,0.39419934640522875
2681,37199,489,1,125,191,488,489,1.0,0.002044989775051125,0.9979550102249489,173,0.2556237218813906,0.39059304703476483,0.3537832310838446
2682,37199,499,0,128,191,499,499,1.0,0.0,1.0,180,0.2565130260521042,0.38276553106212424,0.36072144288577157
2683,37199,414,1,96,158,413,414,1.0,0.0024154589371980675,0.9975845410628019,160,0.2318840579710145,0.38164251207729466,0.3864734299516908
2684,37199,1283,5,349,620,1278,1283,1.0,0.003897116134060795,0.9961028838659393,314,0.2720187061574435,0.48324240062353857,0.24473889321901793
2685,37199,1464,2,303,619,1462,1464,1.0,0.001366120218579235,0.9986338797814208,542,0.2069672131147541,0.4228142076502732,0.3702185792349727
2686,37199,2653,5,587,1204,2648,2653,1.0,0.0018846588767433095,0.9981153411232567,862,0.22125895212966454,0.45382585751978893,0.32491519035054656
2687,37199,3586,66,947,1252,3520,3586,1.0,0.018404907975460124,0.9815950920245399,1387,0.2640825432236475,0.34913552704963746,0.386781929726715
2688,37199,1082,1,232,600,1081,1082,1.0,0.0009242144177449168,0.9990757855822551,250,0.2144177449168207,0.5545286506469501,0.23105360443622922
2689,37199,528,1,119,250,527,528,1.0,0.001893939393939394,0.9981060606060606,159,0.22537878787878787,0.4734848484848485,0.30113636363636365
2690,37199,1894,11,622,733,1883,1894,1.0,0.005807814149947202,0.9941921858500528,539,0.32840549102428723,0.3870116156282999,0.2845828933474129
2691,37199,364,1,58,138,363,364,1.0,0.0027472527472527475,0.9972527472527473,168,0.15934065934065933,0.3791208791208791,0.46153846153846156
