,COUNTY,VAP,NAME,WVAP,SEN18D,SEN18R,OVAP,TOT_VOTES,factor,WVAP_pct,OVAP_pct,SEN18None,SEN18D_pct,SEN18R_pct,SEN18None_pct
200,Charles,2592,Charles Precinct 03-001,1691,436,465,901,2592,1,0.652391975308642,0.34760802469135804,1691,0.16820987654320987,0.17939814814814814,0.652391975308642
201,Charles,1606,Charles Precinct 02-001,1303,230,382,303,1606,1,0.811332503113325,0.18866749688667497,994,0.1432129514321295,0.23785803237858033,0.6189290161892902
202,Charles,3125,Charles Precinct 10-001,1544,665,443,1581,3125,1,0.49408,0.50592,2017,0.2128,0.14176,0.64544
203,Charles,2755,Charles Precinct 07-002,1062,898,227,1693,2755,1,0.385480943738657,0.6145190562613431,1630,0.3259528130671506,0.0823956442831216,0.5916515426497277
204,Charles,3366,Charles Precinct 07-003,1393,999,288,1973,3366,1,0.4138443256090315,0.5861556743909685,2079,0.2967914438502674,0.0855614973262032,0.6176470588235294
205,Charles,1655,Charles Precinct 07-001,1311,235,224,344,1655,1,0.7921450151057402,0.20785498489425983,1196,0.1419939577039275,0.13534743202416918,0.7226586102719034
206,Charles,2514,Charles Precinct 07-004,947,1103,222,1567,2514,1,0.37669053301511535,0.6233094669848847,1189,0.43874303898170247,0.0883054892601432,0.47295147175815433
209,Charles,2440,Charles Precinct 01-002,1878,401,599,562,2440,1,0.769672131147541,0.230327868852459,1440,0.16434426229508198,0.24549180327868853,0.5901639344262295
210,Charles,1733,Charles Precinct 04-002,1449,204,492,284,1733,1,0.8361223312175419,0.16387766878245816,1037,0.11771494518176573,0.28390075014425853,0.5983843046739757
211,Charles,2359,Charles Precinct 01-003,1637,549,486,722,2359,1,0.6939381093683764,0.3060618906316236,1324,0.2327257312420517,0.2060194997880458,0.5612547689699025
212,Charles,2485,Charles Precinct 01-004,1976,354,478,509,2485,1,0.7951710261569417,0.20482897384305834,1653,0.14245472837022133,0.19235412474849095,0.6651911468812878
213,Charles,3599,Charles Precinct 05-001,2920,458,708,679,3599,1,0.81133648235621,0.18866351764378994,2433,0.12725757154765213,0.19672131147540983,0.676021116976938
214,Charles,2563,Charles Precinct 04-001,2230,275,698,333,2563,1,0.870074131876707,0.12992586812329301,1590,0.1072961373390558,0.2723371049551307,0.6203667577058135
215,Charles,2392,Charles Precinct 08-001,1757,681,744,635,2392,1,0.7345317725752508,0.2654682274247492,967,0.2846989966555184,0.3110367892976589,0.4042642140468227
216,Charles,2371,Charles Precinct 06-001,1797,454,455,574,2371,1,0.7579080556727119,0.24209194432728806,1462,0.19148038802193168,0.19190215099114297,0.6166174609869254
217,Charles,3623,Charles Precinct 06-014,1425,1230,332,2198,3623,1,0.3933204526635385,0.6066795473364615,2061,0.3394976538780017,0.09163676511178581,0.5688655810102126
378,Charles,2571,Charles Precinct 09-002,1957,455,604,614,2571,1,0.7611824192921043,0.23881758070789577,1512,0.17697394010112796,0.23492804356281602,0.588098016336056
387,Charles,2356,Charles Precinct 09-001,1447,586,446,909,2356,1,0.6141765704584041,0.38582342954159593,1324,0.24872665534804753,0.18930390492359933,0.5619694397283531
454,Charles,3603,Charles Precinct 06-006,1784,891,339,1819,3603,1,0.49514293644185403,0.504857063558146,2373,0.2472939217318901,0.09408825978351373,0.6586178184845962
455,Charles,2547,Charles Precinct 06-018,447,1292,97,2100,2547,1,0.17550058892815076,0.8244994110718492,1158,0.5072634471927758,0.038084020416175896,0.4546525323910483
456,Charles,2806,Charles Precinct 06-009,1003,804,111,1803,2806,1,0.357448325017819,0.642551674982181,1891,0.28652886671418387,0.039558089807555236,0.6739130434782609
457,Charles,2084,Charles Precinct 06-008,812,622,127,1272,2084,1,0.3896353166986564,0.6103646833013435,1335,0.29846449136276393,0.0609404990403071,0.6405950095969289
458,Charles,2626,Charles Precinct 06-016,1097,567,148,1529,2626,1,0.41774562071591775,0.5822543792840823,1911,0.21591774562071592,0.05635948210205636,0.7277227722772277
459,Charles,3458,Charles Precinct 06-015,1025,812,101,2433,3458,1,0.2964141122035859,0.7035858877964141,2545,0.23481781376518218,0.029207634470792367,0.7359745517640255
460,Charles,1862,Charles Precinct 06-011,599,754,146,1263,1862,1,0.3216970998925886,0.6783029001074113,962,0.40494092373791624,0.07841031149301826,0.5166487647690655
461,Charles,3992,Charles Precinct 06-007,1423,887,162,2569,3992,1,0.3564629258517034,0.6435370741482966,2943,0.22219438877755512,0.0405811623246493,0.7372244488977956
462,Charles,2617,Charles Precinct 06-005,575,1305,117,2042,2617,1,0.21971723347344288,0.7802827665265571,1195,0.49866259075277036,0.044707680550248374,0.45662972869698126
463,Charles,1743,Charles Precinct 06-017,855,510,146,888,1743,1,0.4905335628227194,0.5094664371772806,1087,0.29259896729776247,0.08376362593230063,0.6236374067699368
464,Charles,2599,Charles Precinct 06-022,659,780,91,1940,2599,1,0.2535590611773759,0.7464409388226241,1728,0.3001154290111581,0.03501346671796845,0.6648711042708734
465,Charles,1568,Charles Precinct 06-012,649,489,105,919,1568,1,0.4139030612244898,0.5860969387755102,974,0.31186224489795916,0.06696428571428571,0.6211734693877551
466,Charles,2347,Charles Precinct 08-004,1718,1015,415,629,2347,1,0.731998295696634,0.268001704303366,917,0.43246697912228377,0.1768214742224116,0.39071154665530466
467,Charles,1345,Charles Precinct 08-005,1032,82,103,313,1345,1,0.7672862453531598,0.23271375464684016,1160,0.060966542750929366,0.07657992565055761,0.862453531598513
468,Charles,2167,Charles Precinct 08-003,1317,528,232,850,2167,1,0.6077526534379326,0.3922473465620674,1407,0.2436548223350254,0.1070604522381172,0.6492847254268574
469,Charles,2164,Charles Precinct 08-002,1349,581,346,815,2164,1,0.6233826247689463,0.3766173752310536,1237,0.26848428835489835,0.1598890942698706,0.571626617375231
720,Charles,3857,Charles Precinct 01-001,2541,597,393,1316,3857,1,0.6588021778584392,0.3411978221415608,2867,0.1547835105003889,0.10189266269121079,0.7433238268084003
721,Charles,3570,Charles Precinct 06-002,2072,945,454,1498,3570,1,0.5803921568627451,0.4196078431372549,2171,0.2647058823529412,0.12717086834733893,0.6081232492997198
722,Charles,1581,Charles Precinct 06-003,476,940,125,1105,1581,1,0.3010752688172043,0.6989247311827957,516,0.5945604048070842,0.07906388361796332,0.32637571157495254
723,Charles,1855,Charles Precinct 06-019,983,830,242,872,1855,1,0.5299191374663073,0.47008086253369274,783,0.4474393530997305,0.13045822102425875,0.42210242587601077
724,Charles,2458,Charles Precinct 06-004,796,1157,160,1662,2458,1,0.32384052074857606,0.676159479251424,1141,0.4707078925956062,0.06509357200976404,0.4641985353946298
725,Charles,1494,Charles Precinct 06-020,801,421,136,693,1494,1,0.536144578313253,0.463855421686747,937,0.2817938420348059,0.09103078982597054,0.6271753681392236
726,Charles,1968,Charles Precinct 06-010,596,1297,171,1372,1968,1,0.30284552845528456,0.6971544715447154,500,0.6590447154471545,0.08689024390243902,0.2540650406504065
727,Charles,1478,Charles Precinct 06-021,501,498,119,977,1478,1,0.33897158322056836,0.6610284167794317,861,0.33694181326116374,0.08051420838971583,0.5825439783491204
728,Charles,3773,Charles Precinct 06-013,1407,1172,285,2366,3773,1,0.37291280148423006,0.62708719851577,2316,0.3106281473628412,0.07553670818976942,0.6138351444473893
