,COUNTY,VAP,NAME,WVAP,SEN16D,SEN16R,OVAP,TOT_VOTES,factor,WVAP_pct,OVAP_pct,SEN16None,SEN16D_pct,SEN16R_pct,SEN16None_pct
74,Montgomery,3490,Montgomery Precinct 04-007,1550,1369,390,1940,3490,1.0,0.44412607449856734,0.5558739255014327,1731,0.39226361031518625,0.11174785100286533,0.4959885386819484
75,Montgomery,2962,Montgomery Precinct 04-006,1536,1364,405,1426,2962,1.0,0.5185685347738015,0.4814314652261985,1193,0.46049966239027684,0.13673193787981094,0.40276839972991224
76,Montgomery,1587,Montgomery Precinct 04-027,360,480,114,1227,1587,1.0,0.22684310018903592,0.7731568998109641,993,0.30245746691871456,0.07183364839319471,0.6257088846880907
77,Montgomery,1951,Montgomery Precinct 04-009,995,1010,253,956,1951,1.0,0.5099948744233727,0.4900051255766274,688,0.5176832393644285,0.12967708867247565,0.35263967196309587
78,Montgomery,3199,Montgomery Precinct 13-051,2034,1904,596,1165,3199,1.0,0.6358236949046577,0.36417630509534227,699,0.5951859956236324,0.18630822131916225,0.2185057830572054
79,Montgomery,1806,Montgomery Precinct 04-034,1249,1008,524,557,1806,1.0,0.6915836101882613,0.30841638981173863,274,0.5581395348837209,0.2901439645625692,0.15171650055370986
80,Montgomery,2832,Montgomery Precinct 13-043,911,1221,290,1921,2832,1.0,0.321680790960452,0.678319209039548,1321,0.4311440677966102,0.10240112994350282,0.466454802259887
81,Montgomery,2301,Montgomery Precinct 13-045,911,1053,301,1390,2301,1.0,0.3959148196436332,0.6040851803563668,947,0.4576271186440678,0.13081269013472405,0.4115601912212082
82,Montgomery,4265,Montgomery Precinct 13-036,1040,1533,286,3225,4265,1.0,0.24384525205158264,0.7561547479484173,2446,0.35943728018757326,0.06705744431418523,0.5735052754982415
83,Montgomery,3162,Montgomery Precinct 13-037,1002,1077,277,2160,3162,1.0,0.31688804554079697,0.683111954459203,1808,0.340607210626186,0.08760278304870335,0.5717900063251107
84,Montgomery,3854,Montgomery Precinct 13-035,962,1531,304,2892,3854,1.0,0.24961079398028022,0.7503892060197198,2019,0.3972496107939803,0.07887908666320706,0.5238713025428127
85,Montgomery,5497,Montgomery Precinct 13-064,833,1810,145,4664,5497,1.0,0.15153720211024194,0.8484627978897581,3542,0.32927051118792067,0.026378024376932874,0.6443514644351465
86,Montgomery,2249,Montgomery Precinct 13-052,1568,1247,511,681,2249,1.0,0.6971987550022232,0.3028012449977768,491,0.5544686527345487,0.2272120942641174,0.21831925300133392
87,Montgomery,2706,Montgomery Precinct 08-003,2131,1577,858,575,2706,1.0,0.7875092387287509,0.21249076127124908,271,0.5827790096082779,0.3170731707317073,0.10014781966001478
88,Montgomery,2330,Montgomery Precinct 13-046,1386,1136,561,944,2330,1.0,0.5948497854077254,0.4051502145922747,633,0.4875536480686695,0.2407725321888412,0.2716738197424893
89,Montgomery,1337,Montgomery Precinct 08-004,1020,678,472,317,1337,1.0,0.762902019446522,0.23709798055347794,187,0.5071054599850411,0.3530291697830965,0.13986537023186238
90,Montgomery,2775,Montgomery Precinct 08-008,1990,1515,856,785,2775,1.0,0.7171171171171171,0.2828828828828829,404,0.5459459459459459,0.3084684684684685,0.1455855855855856
91,Montgomery,3472,Montgomery Precinct 08-009,2306,1969,910,1166,3472,1.0,0.6641705069124424,0.3358294930875576,593,0.5671082949308756,0.2620967741935484,0.17079493087557604
92,Montgomery,3315,Montgomery Precinct 08-001,2336,2015,927,979,3315,1.0,0.7046757164404224,0.2953242835595777,373,0.6078431372549019,0.27963800904977376,0.11251885369532429
93,Montgomery,2576,Montgomery Precinct 08-012,1661,1498,781,915,2576,1.0,0.6447981366459627,0.35520186335403725,297,0.5815217391304348,0.3031832298136646,0.11529503105590062
94,Montgomery,2565,Montgomery Precinct 08-005,2188,1378,1022,377,2565,1.0,0.8530214424951267,0.1469785575048733,165,0.5372319688109162,0.3984405458089669,0.06432748538011696
95,Montgomery,3510,Montgomery Precinct 01-002,2324,957,794,1186,3510,1.0,0.6621082621082621,0.3378917378917379,1759,0.2726495726495726,0.22621082621082622,0.5011396011396011
96,Montgomery,3657,Montgomery Precinct 12-003,2956,1406,1384,701,3657,1.0,0.8083128247197157,0.1916871752802844,867,0.38446814328684714,0.3784522832923161,0.23707957342083674
97,Montgomery,2213,Montgomery Precinct 12-001,1875,687,878,338,2213,1.0,0.8472661545413466,0.1527338454586534,648,0.3104383190239494,0.39674649796656125,0.2928151830094894
98,Montgomery,2541,Montgomery Precinct 01-001,2052,834,962,489,2541,1.0,0.807556080283353,0.19244391971664698,745,0.3282172373081464,0.37859110586383315,0.29319165682802045
353,Montgomery,2107,Montgomery Precinct 03-002,1792,1141,951,315,2107,1.0,0.8504983388704319,0.14950166112956811,15,0.5415282392026578,0.4513526340768866,0.007119126720455624
354,Montgomery,2553,Montgomery Precinct 03-001,2159,1396,1073,394,2553,1.0,0.8456717587152369,0.15432824128476302,84,0.5468076772424598,0.42028985507246375,0.03290246768507638
355,Montgomery,1784,Montgomery Precinct 11-000,1537,919,693,247,1784,1.0,0.8615470852017937,0.1384529147982063,172,0.5151345291479821,0.38845291479820626,0.09641255605381166
357,Montgomery,2683,Montgomery Precinct 10-010,2126,1401,701,557,2683,1.0,0.7923965710026091,0.20760342899739098,581,0.522176667909057,0.26127469250838614,0.21654863958255685
358,Montgomery,2533,Montgomery Precinct 10-002,1848,1063,781,685,2533,1.0,0.7295696802210817,0.2704303197789183,689,0.41966048164232134,0.3083300434267667,0.272009474930912
359,Montgomery,1582,Montgomery Precinct 10-001,1196,649,457,386,1582,1.0,0.7560050568900126,0.24399494310998734,476,0.4102402022756005,0.2888748419721871,0.3008849557522124
360,Montgomery,1642,Montgomery Precinct 10-013,1102,812,254,540,1642,1.0,0.6711327649208283,0.32886723507917176,576,0.4945188794153471,0.15468940316686966,0.3507917174177832
361,Montgomery,2293,Montgomery Precinct 10-006,1631,1167,358,662,2293,1.0,0.7112952464020933,0.28870475359790665,768,0.5089402529437418,0.15612734409071086,0.3349324029655473
362,Montgomery,2754,Montgomery Precinct 10-007,2119,1497,655,635,2754,1.0,0.7694262890341321,0.23057371096586782,602,0.5435729847494554,0.23783587509077705,0.2185911401597676
363,Montgomery,2878,Montgomery Precinct 07-003,2258,2058,447,620,2878,1.0,0.7845726198749131,0.21542738012508686,373,0.715079916608756,0.155316191799861,0.1296038915913829
364,Montgomery,2119,Montgomery Precinct 07-022,1760,1533,317,359,2119,1.0,0.830580462482303,0.16941953751769703,269,0.7234544596507787,0.14959886739027844,0.1269466729589429
365,Montgomery,2648,Montgomery Precinct 10-009,1916,1131,773,732,2648,1.0,0.7235649546827795,0.2764350453172205,744,0.4271148036253776,0.2919184290030212,0.2809667673716012
366,Montgomery,1510,Montgomery Precinct 10-004,1093,820,282,417,1510,1.0,0.723841059602649,0.276158940397351,408,0.543046357615894,0.18675496688741722,0.27019867549668874
367,Montgomery,2274,Montgomery Precinct 10-005,1625,1148,424,649,2274,1.0,0.7145998240985049,0.2854001759014952,702,0.5048372911169745,0.1864555848724714,0.3087071240105541
368,Montgomery,3358,Montgomery Precinct 04-012,2173,1849,626,1185,3358,1.0,0.6471113758189398,0.35288862418106015,883,0.5506253722453841,0.18642048838594402,0.26295413936867185
369,Montgomery,2320,Montgomery Precinct 10-003,1721,1258,552,599,2320,1.0,0.7418103448275862,0.25818965517241377,510,0.5422413793103448,0.23793103448275862,0.21982758620689655
370,Montgomery,3272,Montgomery Precinct 07-015,2621,2104,627,651,3272,1.0,0.801039119804401,0.19896088019559902,541,0.6430317848410758,0.19162591687041564,0.16534229828850855
414,Montgomery,1927,Montgomery Precinct 07-005,1663,1458,304,264,1927,1.0,0.8629994810586403,0.13700051894135962,165,0.7566165023352361,0.15775817332641412,0.08562532433834977
415,Montgomery,2403,Montgomery Precinct 13-039,1605,1601,235,798,2403,1.0,0.6679151061173533,0.33208489388264667,567,0.6662505201831045,0.09779442363712026,0.23595505617977527
416,Montgomery,4752,Montgomery Precinct 13-047,2084,2457,161,2668,4752,1.0,0.4385521885521885,0.5614478114478114,2134,0.5170454545454546,0.03388047138047138,0.44907407407407407
417,Montgomery,2398,Montgomery Precinct 13-004,1617,2200,105,781,2398,1.0,0.6743119266055045,0.3256880733944954,93,0.9174311926605505,0.043786488740617184,0.03878231859883236
418,Montgomery,3101,Montgomery Precinct 13-008,1299,1621,125,1802,3101,1.0,0.41889712995807804,0.581102870041922,1355,0.5227346017413738,0.04030957755562722,0.43695582070299904
419,Montgomery,2029,Montgomery Precinct 13-003,1652,1515,350,377,2029,1.0,0.8141941843272548,0.1858058156727452,164,0.7466732380482997,0.17249876786594381,0.08082799408575653
420,Montgomery,3334,Montgomery Precinct 13-016,768,1567,125,2566,3334,1.0,0.23035392921415718,0.7696460707858428,1642,0.47000599880023997,0.03749250149970006,0.49250149970005996
421,Montgomery,2788,Montgomery Precinct 13-065,1261,1006,89,1527,2788,1.0,0.45229555236728836,0.5477044476327116,1693,0.36083213773314204,0.031922525107604016,0.607245337159254
422,Montgomery,2551,Montgomery Precinct 13-007,1648,1863,225,903,2551,1.0,0.6460211681693454,0.35397883183065465,463,0.7303018424147393,0.08820070560564484,0.18149745197961584
423,Montgomery,2274,Montgomery Precinct 13-024,1361,1545,276,913,2274,1.0,0.5985048372911169,0.401495162708883,453,0.679419525065963,0.12137203166226913,0.19920844327176782
1110,Montgomery,1766,Montgomery Precinct 07-028,1362,1109,343,404,1766,1.0,0.7712344280860702,0.2287655719139298,314,0.6279728199320498,0.1942242355605889,0.17780294450736125
1111,Montgomery,3027,Montgomery Precinct 10-012,1945,1591,482,1082,3027,1.0,0.6425503799141064,0.35744962008589365,954,0.525602907168814,0.15923356458539809,0.3151635282457879
1112,Montgomery,1301,Montgomery Precinct 04-032,978,735,234,323,1301,1.0,0.7517294388931591,0.2482705611068409,332,0.5649500384319754,0.17986164488854728,0.25518831667947733
1113,Montgomery,2349,Montgomery Precinct 10-011,1333,988,238,1016,2349,1.0,0.56747552149851,0.43252447850149,1123,0.42060451255853554,0.10131971051511282,0.4780757769263516
1114,Montgomery,1957,Montgomery Precinct 04-013,1683,1460,482,274,1957,1.0,0.8599897802759325,0.14001021972406746,15,0.7460398569238631,0.2462953500255493,0.007664793050587634
1115,Montgomery,2330,Montgomery Precinct 07-018,2050,1864,352,280,2330,1.0,0.8798283261802575,0.12017167381974249,114,0.8,0.15107296137339055,0.048927038626609444
1116,Montgomery,2454,Montgomery Precinct 07-024,2091,1632,479,363,2454,1.0,0.8520782396088019,0.14792176039119803,343,0.6650366748166259,0.1951915240423798,0.1397718011409943
1117,Montgomery,1711,Montgomery Precinct 07-027,1486,1128,369,225,1711,1.0,0.8684979544126242,0.1315020455873758,214,0.6592635885447107,0.21566335476329632,0.12507305669199298
1118,Montgomery,3393,Montgomery Precinct 07-013,2701,1904,601,692,3393,1.0,0.7960506926024168,0.20394930739758327,888,0.5611553197760094,0.17712938402593575,0.26171529619805484
1119,Montgomery,2602,Montgomery Precinct 07-012,2240,1815,377,362,2602,1.0,0.8608762490392006,0.13912375096079937,410,0.6975403535741738,0.14488854727132974,0.15757109915449655
1120,Montgomery,4520,Montgomery Precinct 07-004,3440,2541,501,1080,4520,1.0,0.7610619469026548,0.23893805309734514,1478,0.5621681415929204,0.11084070796460177,0.3269911504424779
1121,Montgomery,1823,Montgomery Precinct 07-007,1553,1357,269,270,1823,1.0,0.8518924849149753,0.14810751508502468,197,0.7443773998902907,0.14755896873285793,0.10806363137685135
1122,Montgomery,3525,Montgomery Precinct 07-011,2810,2165,336,715,3525,1.0,0.7971631205673759,0.2028368794326241,1024,0.6141843971631206,0.09531914893617022,0.2904964539007092
1123,Montgomery,5321,Montgomery Precinct 07-026,3875,2467,388,1446,5321,1.0,0.7282465701935726,0.27175342980642736,2466,0.4636346551400113,0.07291862431873708,0.46344672054125163
1124,Montgomery,2181,Montgomery Precinct 07-001,1599,997,230,582,2181,1.0,0.7331499312242091,0.2668500687757909,954,0.4571297569922054,0.10545621274644658,0.437414030261348
1125,Montgomery,1818,Montgomery Precinct 07-002,1686,1396,421,132,1818,1.0133853876185164,0.9273927392739274,0.07260726072607261,1,0.7678767876787679,0.23157315731573158,0.00055005500550055
1126,Montgomery,2058,Montgomery Precinct 07-006,1844,1280,302,214,2058,1.0,0.8960155490767736,0.10398445092322643,476,0.6219630709426628,0.1467444120505345,0.23129251700680273
1127,Montgomery,1085,Montgomery Precinct 07-021,993,800,254,92,1085,1.0,0.9152073732718894,0.0847926267281106,31,0.7373271889400922,0.23410138248847925,0.02857142857142857
1128,Montgomery,2548,Montgomery Precinct 07-020,1786,1504,446,762,2548,1.0,0.7009419152276295,0.2990580847723705,598,0.5902668759811617,0.1750392464678179,0.23469387755102042
1129,Montgomery,2356,Montgomery Precinct 07-025,1718,1555,396,638,2356,1.0,0.7292020373514432,0.2707979626485569,405,0.6600169779286927,0.16808149405772496,0.17190152801358236
1130,Montgomery,3378,Montgomery Precinct 07-010,2587,1881,431,791,3378,1.0,0.7658377738306691,0.23416222616933097,1066,0.5568383658969804,0.1275902901124926,0.31557134399052694
1131,Montgomery,1339,Montgomery Precinct 07-031,1068,827,166,271,1339,1.0,0.7976101568334578,0.20238984316654218,346,0.6176250933532487,0.1239731142643764,0.25840179238237493
1132,Montgomery,3359,Montgomery Precinct 04-018,2439,1662,552,920,3359,1.0,0.7261089610002978,0.2738910389997023,1145,0.49479011610598395,0.16433462339982138,0.3408752604941947
1133,Montgomery,2203,Montgomery Precinct 04-028,1437,856,147,766,2203,1.0,0.6522923286427599,0.3477076713572401,1200,0.38856105310939626,0.06672719019518839,0.5447117566954154
1134,Montgomery,3906,Montgomery Precinct 04-031,2703,1758,354,1203,3906,1.0,0.6920122887864824,0.30798771121351765,1794,0.4500768049155146,0.09062980030721966,0.4592933947772657
1135,Montgomery,3257,Montgomery Precinct 04-010,2452,1581,480,805,3257,1.0,0.7528400368437212,0.24715996315627878,1196,0.4854160270187289,0.1473748848633712,0.36720908811789993
1136,Montgomery,2490,Montgomery Precinct 04-017,1774,1731,340,716,2490,1.0,0.7124497991967872,0.28755020080321286,419,0.6951807228915663,0.13654618473895583,0.1682730923694779
1137,Montgomery,3550,Montgomery Precinct 04-008,2235,2582,535,1315,3550,1.0,0.6295774647887324,0.3704225352112676,433,0.7273239436619718,0.15070422535211267,0.12197183098591549
1264,Montgomery,3965,Montgomery Precinct 07-008,2981,1940,372,984,3965,1.0,0.7518284993694829,0.24817150063051702,1653,0.489281210592686,0.09382093316519546,0.41689785624211856
1265,Montgomery,2847,Montgomery Precinct 07-009,2231,1580,332,616,2847,1.0,0.7836318932209343,0.21636810677906568,935,0.5549701440112399,0.11661397962767826,0.3284158763610818
1266,Montgomery,1400,Montgomery Precinct 07-032,1222,723,304,178,1400,1.0,0.8728571428571429,0.12714285714285714,373,0.5164285714285715,0.21714285714285714,0.2664285714285714
1267,Montgomery,1964,Montgomery Precinct 07-016,1563,1356,314,401,1964,1.0,0.7958248472505092,0.20417515274949083,294,0.6904276985743381,0.159877800407332,0.14969450101832993
1268,Montgomery,3443,Montgomery Precinct 04-004,2536,1391,297,907,3443,1.0,0.7365669474295672,0.26343305257043276,1755,0.4040081324426372,0.08626198083067092,0.5097298867266918
1269,Montgomery,5607,Montgomery Precinct 04-015,2542,881,179,3065,5607,1.0,0.45336186909220616,0.5466381309077938,4547,0.15712502229356162,0.03192438023898698,0.8109505974674514
1270,Montgomery,4958,Montgomery Precinct 13-025,1182,1910,355,3776,4958,1.0,0.23840258168616377,0.7615974183138362,2693,0.3852359822509076,0.07160145219846713,0.5431625655506253
1271,Montgomery,2485,Montgomery Precinct 13-034,1903,1621,377,582,2485,1.0,0.7657947686116701,0.23420523138833,487,0.6523138832997988,0.1517102615694165,0.19597585513078472
1272,Montgomery,2625,Montgomery Precinct 13-040,1669,1452,368,956,2625,1.0,0.6358095238095238,0.3641904761904762,805,0.5531428571428572,0.1401904761904762,0.30666666666666664
1273,Montgomery,2139,Montgomery Precinct 06-009,1671,1192,946,468,2139,1.1408751334044824,0.7812061711079944,0.2187938288920056,1,0.5572697522206639,0.442262739597943,0.0004675081813931744
1274,Montgomery,2092,Montgomery Precinct 06-001,1647,934,766,445,2092,1.0,0.7872848948374761,0.2127151051625239,392,0.4464627151051625,0.36615678776290633,0.18738049713193117
1275,Montgomery,4802,Montgomery Precinct 06-011,1585,951,418,3217,4802,1.0,0.33007080383173676,0.6699291961682632,3433,0.19804248229904206,0.08704706372344856,0.7149104539775094
1276,Montgomery,3610,Montgomery Precinct 06-007,1633,1834,754,1977,3610,1.0,0.4523545706371191,0.5476454293628809,1022,0.5080332409972299,0.20886426592797783,0.28310249307479224
1277,Montgomery,4116,Montgomery Precinct 06-010,1639,1785,415,2477,4116,1.0,0.39820213799805637,0.6017978620019436,1916,0.4336734693877551,0.10082604470359573,0.4655004859086492
1278,Montgomery,4374,Montgomery Precinct 02-004,2221,2233,669,2153,4374,1.0,0.5077732053040696,0.4922267946959305,1472,0.5105166895290352,0.15294924554183814,0.33653406492912663
1279,Montgomery,3017,Montgomery Precinct 06-006,1327,1612,533,1690,3017,1.0,0.4398409015578389,0.560159098442161,872,0.5343056015909844,0.17666556181637388,0.2890288365926417
1280,Montgomery,2915,Montgomery Precinct 06-005,2146,1953,961,769,2915,1.4504728720756594,0.7361921097770154,0.26380789022298456,1,0.669982847341338,0.32967409948542026,0.00034305317324185246
1281,Montgomery,1603,Montgomery Precinct 06-014,922,659,237,681,1603,1.0,0.5751715533374921,0.4248284466625078,707,0.4111041796631316,0.14784778540237056,0.4410480349344978
1282,Montgomery,1874,Montgomery Precinct 06-013,1179,1105,349,695,1874,1.0,0.6291355389541089,0.37086446104589116,420,0.5896478121664888,0.18623265741728923,0.22411953041622198
1283,Montgomery,2208,Montgomery Precinct 06-004,1418,1397,445,790,2208,1.0,0.6422101449275363,0.35778985507246375,366,0.6326992753623188,0.20153985507246377,0.16576086956521738
1284,Montgomery,3777,Montgomery Precinct 09-027,2856,2048,735,921,3777,1.0,0.756155679110405,0.24384432088959493,994,0.5422292824993381,0.19459888800635425,0.2631718294943077
1285,Montgomery,3109,Montgomery Precinct 04-020,1713,2176,932,1396,3109,1.1397139713971398,0.5509810228369251,0.44901897716307493,1,0.6999035059504664,0.2997748472177549,0.000321646831778707
1286,Montgomery,3226,Montgomery Precinct 04-024,1681,1387,467,1545,3226,1.0,0.5210787352758834,0.47892126472411656,1372,0.42994420334779915,0.14476131432114073,0.42529448233106015
1287,Montgomery,3648,Montgomery Precinct 06-008,1578,1129,382,2070,3648,1.0,0.43256578947368424,0.5674342105263158,2137,0.30948464912280704,0.10471491228070176,0.5858004385964912
1288,Montgomery,4395,Montgomery Precinct 09-035,3188,2208,855,1207,4395,1.0,0.7253697383390216,0.27463026166097837,1332,0.5023890784982935,0.1945392491467577,0.3030716723549488
1381,Montgomery,3114,Montgomery Precinct 09-033,1608,956,269,1506,3114,1.0,0.5163776493256262,0.4836223506743738,1889,0.30700064226075785,0.08638407193320488,0.6066152858060373
1382,Montgomery,5213,Montgomery Precinct 09-006,2366,2405,718,2847,5213,1.0,0.4538653366583541,0.5461346633416458,2090,0.4613466334164589,0.13773259159792825,0.4009207749856129
1383,Montgomery,2473,Montgomery Precinct 06-003,1678,1300,583,795,2473,1.0,0.6785281035179943,0.32147189648200564,590,0.5256773150020219,0.2357460574201375,0.23857662757784068
1384,Montgomery,6411,Montgomery Precinct 09-008,2167,1993,439,4244,6411,1.0,0.3380127905163001,0.6619872094836999,3979,0.3108719388550928,0.06847605677741382,0.6206520043674933
1385,Montgomery,3028,Montgomery Precinct 09-029,1472,1474,404,1556,3028,1.0,0.4861294583883752,0.5138705416116248,1150,0.4867899603698811,0.1334214002642008,0.3797886393659181
1386,Montgomery,4029,Montgomery Precinct 09-018,1196,1414,327,2833,4029,1.0,0.2968478530652767,0.7031521469347233,2288,0.35095557210225864,0.08116157855547282,0.5678828493422685
1387,Montgomery,4242,Montgomery Precinct 09-034,1276,1613,345,2966,4242,1.0,0.3008015087223008,0.6991984912776992,2284,0.38024516737388026,0.08132956152758133,0.5384252710985384
1388,Montgomery,3583,Montgomery Precinct 09-013,2194,1759,612,1389,3583,1.0,0.6123360312587217,0.38766396874127823,1212,0.49092938878035164,0.1708065866592241,0.3382640245604242
1389,Montgomery,3560,Montgomery Precinct 09-003,1141,1043,283,2419,3560,1.0,0.3205056179775281,0.6794943820224719,2234,0.29297752808988764,0.07949438202247192,0.6275280898876404
1390,Montgomery,2530,Montgomery Precinct 09-024,734,1056,294,1796,2530,1.0,0.2901185770750988,0.7098814229249012,1180,0.41739130434782606,0.11620553359683794,0.466403162055336
1391,Montgomery,5966,Montgomery Precinct 09-016,1159,1234,188,4807,5966,1.0,0.1942675159235669,0.8057324840764332,4544,0.20683875293328863,0.03151190077103587,0.7616493462956755
1392,Montgomery,3092,Montgomery Precinct 09-030,1208,1490,427,1884,3092,1.0,0.3906856403622251,0.6093143596377749,1175,0.481888745148771,0.13809831824062097,0.38001293661060803
1393,Montgomery,2943,Montgomery Precinct 09-011,1407,1422,481,1536,2943,1.0,0.4780835881753313,0.5219164118246687,1040,0.4831804281345566,0.163438668025824,0.35338090383961945
1394,Montgomery,3185,Montgomery Precinct 09-012,1599,1625,480,1586,3185,1.0,0.5020408163265306,0.49795918367346936,1080,0.5102040816326531,0.15070643642072212,0.3390894819466248
1395,Montgomery,3625,Montgomery Precinct 02-005,2174,1694,626,1451,3625,1.0,0.5997241379310345,0.40027586206896554,1305,0.4673103448275862,0.1726896551724138,0.36
1396,Montgomery,3808,Montgomery Precinct 02-008,1638,1695,806,2170,3808,1.0,0.43014705882352944,0.5698529411764706,1307,0.44511554621848737,0.21165966386554622,0.3432247899159664
1398,Montgomery,407,Montgomery Precinct 02-007,369,46,53,38,407,1.0,0.9066339066339066,0.09336609336609336,308,0.11302211302211303,0.13022113022113022,0.7567567567567568
1399,Montgomery,4880,Montgomery Precinct 02-001,1835,2208,771,3045,4880,1.0,0.3760245901639344,0.6239754098360656,1901,0.4524590163934426,0.15799180327868853,0.38954918032786884
1400,Montgomery,4636,Montgomery Precinct 02-011,1893,2156,887,2743,4636,1.0,0.40832614322691974,0.5916738567730803,1593,0.46505608283002586,0.19132873166522865,0.34361518550474546
1401,Montgomery,2958,Montgomery Precinct 02-006,1773,2221,736,1185,2958,1.3343862815884477,0.5993914807302231,0.40060851926977686,1,0.7508451656524678,0.24881676808654496,0.0003380662609871535
1402,Montgomery,2500,Montgomery Precinct 09-025,933,1205,466,1567,2500,1.0,0.3732,0.6268,829,0.482,0.1864,0.3316
1403,Montgomery,2308,Montgomery Precinct 12-004,1876,902,829,432,2308,1.0,0.8128249566724437,0.18717504332755633,577,0.39081455805892545,0.35918544194107455,0.25
1404,Montgomery,3657,Montgomery Precinct 12-005,2314,1185,851,1343,3657,1.0,0.6327590921520372,0.3672409078479628,1621,0.3240360951599672,0.23270440251572327,0.44325950232430955
1405,Montgomery,2594,Montgomery Precinct 12-002,2223,794,898,371,2594,1.0,0.8569776407093292,0.14302235929067078,902,0.3060909791827294,0.346183500385505,0.34772552043176563
1406,Montgomery,2048,Montgomery Precinct 04-026,1442,1201,349,606,2048,1.0,0.7041015625,0.2958984375,498,0.58642578125,0.17041015625,0.2431640625
1407,Montgomery,2523,Montgomery Precinct 04-023,1989,118,62,534,2523,1.0,0.7883472057074911,0.2116527942925089,2343,0.04676971858898137,0.024573919936583432,0.9286563614744352
1408,Montgomery,2581,Montgomery Precinct 04-021,1825,1587,451,756,2581,1.0,0.7070902750871755,0.29290972491282447,543,0.6148779542812863,0.17473847345989926,0.2103835722588144
1441,Montgomery,1933,Montgomery Precinct 13-031,950,1270,187,983,1933,1.0,0.49146404552509054,0.5085359544749095,476,0.6570098292809105,0.09674081738230729,0.24624935333678222
1442,Montgomery,1911,Montgomery Precinct 13-059,1023,1142,232,888,1911,1.0,0.5353218210361067,0.46467817896389324,537,0.597592883307169,0.12140240711669283,0.28100470957613816
1443,Montgomery,3612,Montgomery Precinct 13-027,1645,1836,300,1967,3612,1.0,0.45542635658914726,0.5445736434108527,1476,0.5083056478405316,0.08305647840531562,0.40863787375415284
1444,Montgomery,4634,Montgomery Precinct 13-030,871,1614,229,3763,4634,1.0,0.18795856711264566,0.8120414328873543,2791,0.34829520932239966,0.049417350021579626,0.6022874406560207
1445,Montgomery,4064,Montgomery Precinct 13-029,1148,1673,276,2916,4064,1.0,0.2824803149606299,0.71751968503937,2115,0.41166338582677164,0.06791338582677166,0.5204232283464567
1446,Montgomery,1911,Montgomery Precinct 13-053,1016,1137,259,895,1911,1.0,0.531658817373103,0.4683411826268969,515,0.5949764521193093,0.13553113553113552,0.26949241234955523
1447,Montgomery,4095,Montgomery Precinct 13-032,1317,2083,222,2778,4095,1.0,0.32161172161172163,0.6783882783882784,1790,0.5086691086691086,0.054212454212454214,0.4371184371184371
1448,Montgomery,4453,Montgomery Precinct 13-044,1126,1607,246,3327,4453,1.0,0.2528632382663373,0.7471367617336627,2600,0.36088030541208177,0.055243655962272625,0.5838760386256456
1449,Montgomery,2314,Montgomery Precinct 13-010,1108,1253,111,1206,2314,1.0,0.4788245462402766,0.5211754537597234,950,0.541486603284356,0.047968885047536734,0.4105445116681072
1450,Montgomery,3425,Montgomery Precinct 13-005,1473,2187,195,1952,3425,1.0,0.4300729927007299,0.56992700729927,1043,0.6385401459854014,0.05693430656934306,0.30452554744525545
1451,Montgomery,2283,Montgomery Precinct 13-019,1401,1534,293,882,2283,1.0,0.6136662286465178,0.38633377135348224,456,0.6719229084537889,0.12833990363556724,0.19973718791064388
1452,Montgomery,2350,Montgomery Precinct 13-050,1442,1477,130,908,2350,1.0,0.6136170212765958,0.38638297872340427,743,0.6285106382978723,0.05531914893617021,0.31617021276595747
1453,Montgomery,3765,Montgomery Precinct 13-013,1279,1699,135,2486,3765,1.0,0.3397078353253652,0.6602921646746348,1931,0.451261620185923,0.035856573705179286,0.5128818061088978
1454,Montgomery,2381,Montgomery Precinct 13-023,1843,1791,493,538,2381,1.0,0.7740445191096178,0.2259554808903822,97,0.752204955900882,0.20705585888282235,0.04073918521629567
1455,Montgomery,1565,Montgomery Precinct 13-042,700,1033,155,865,1565,1.0,0.4472843450479233,0.5527156549520766,377,0.6600638977635783,0.09904153354632587,0.24089456869009584
1456,Montgomery,1679,Montgomery Precinct 13-057,841,625,127,838,1679,1.0,0.5008933889219773,0.4991066110780226,927,0.37224538415723646,0.07564026206075045,0.5521143537820131
1457,Montgomery,2284,Montgomery Precinct 13-063,625,641,151,1659,2284,1.0,0.2736427320490368,0.7263572679509632,1492,0.28064798598949214,0.06611208406304729,0.6532399299474606
1458,Montgomery,3381,Montgomery Precinct 13-011,1574,1998,331,1807,3381,1.0,0.4655427388346643,0.5344572611653357,1052,0.59094942324756,0.09790002957704821,0.3111505471753919
1459,Montgomery,2099,Montgomery Precinct 13-033,1120,1108,295,979,2099,1.0,0.533587422582182,0.466412577417818,696,0.5278704144830871,0.140543115769414,0.33158646974749884
1460,Montgomery,1827,Montgomery Precinct 13-020,1491,1083,451,336,1827,1.0,0.8160919540229885,0.1839080459770115,293,0.5927750410509032,0.24685276409414342,0.16037219485495346
1463,Montgomery,2481,Montgomery Precinct 13-006,1675,2010,61,806,2481,1.0,0.675130995566304,0.3248690044336961,410,0.8101571946795647,0.024586860137041516,0.1652559451833938
1476,Montgomery,2828,Montgomery Precinct 13-028,772,1071,191,2056,2828,1.0,0.272984441301273,0.727015558698727,1566,0.3787128712871287,0.06753889674681754,0.5537482319660537
1477,Montgomery,2804,Montgomery Precinct 13-001,1219,1316,324,1585,2804,1.0,0.4347360912981455,0.5652639087018545,1164,0.4693295292439372,0.11554921540656206,0.41512125534950073
1478,Montgomery,3327,Montgomery Precinct 13-055,474,995,81,2853,3327,1.0,0.1424706943192065,0.8575293056807936,2251,0.29906822963630897,0.024346257889990983,0.6765855124737
1479,Montgomery,4237,Montgomery Precinct 13-054,3592,2084,677,645,4237,1.0,0.8477696483360868,0.15223035166391313,1476,0.4918574463063488,0.15978286523483598,0.3483596884588152
1480,Montgomery,2942,Montgomery Precinct 13-069,2441,1525,445,501,2942,1.0,0.8297076818490823,0.17029231815091775,972,0.518354860639021,0.1512576478585996,0.33038749150237934
1481,Montgomery,3182,Montgomery Precinct 13-061,1495,2569,612,1687,3182,1.3359932801343972,0.46983029541169075,0.5301697045883093,1,0.8073538654934004,0.1923318667504714,0.00031426775612822125
1482,Montgomery,1528,Montgomery Precinct 05-022,892,871,220,636,1528,1.0,0.5837696335078534,0.4162303664921466,437,0.5700261780104712,0.14397905759162305,0.2859947643979058
1483,Montgomery,3868,Montgomery Precinct 05-009,1730,2120,637,2138,3868,1.0,0.44725956566701136,0.5527404343329886,1111,0.5480868665977249,0.16468459152016546,0.2872285418821096
1484,Montgomery,3207,Montgomery Precinct 05-016,1526,1983,512,1681,3207,1.0,0.4758341128780792,0.5241658871219208,712,0.618334892422825,0.15965076395385094,0.22201434362332398
1485,Montgomery,2145,Montgomery Precinct 08-010,1308,1134,420,837,2145,1.0,0.6097902097902098,0.3902097902097902,591,0.5286713286713287,0.1958041958041958,0.2755244755244755
1486,Montgomery,2954,Montgomery Precinct 08-011,1813,1629,553,1141,2954,1.0,0.6137440758293838,0.3862559241706161,772,0.5514556533513879,0.1872037914691943,0.26134055517941773
1487,Montgomery,3717,Montgomery Precinct 08-002,2746,2223,1127,971,3717,1.0,0.7387678235135863,0.2612321764864138,367,0.5980629539951574,0.3032015065913371,0.09873553941350552
1488,Montgomery,3819,Montgomery Precinct 08-006,2643,1916,1198,1176,3819,1.0,0.6920659858601729,0.3079340141398272,705,0.5017020162346164,0.313694684472375,0.18460329929300864
1489,Montgomery,3868,Montgomery Precinct 05-011,1493,1503,274,2375,3868,1.0,0.3859875904860393,0.6140124095139607,2091,0.38857290589451915,0.07083764219234746,0.5405894519131335
1490,Montgomery,2204,Montgomery Precinct 05-008,551,1861,343,1653,2204,1.0616570327552985,0.25,0.75,0,0.8443738656987296,0.15562613430127042,0.0
1491,Montgomery,3479,Montgomery Precinct 05-015,1827,1543,663,1652,3479,1.0,0.5251509054325956,0.47484909456740443,1273,0.4435182523713711,0.19057200344926703,0.3659097441793619
1492,Montgomery,3713,Montgomery Precinct 05-001,1392,1827,476,2321,3713,1.0,0.37489900350121197,0.625100996498788,1410,0.4920549420953407,0.12819822246162133,0.379746835443038
1493,Montgomery,3773,Montgomery Precinct 05-017,1397,1809,427,2376,3773,1.0,0.37026239067055394,0.6297376093294461,1537,0.47945931619401005,0.11317254174397032,0.4073681420620196
1494,Montgomery,3392,Montgomery Precinct 05-019,1731,1421,560,1661,3392,1.0,0.5103183962264151,0.4896816037735849,1411,0.4189268867924528,0.1650943396226415,0.41597877358490565
1495,Montgomery,1722,Montgomery Precinct 05-018,1069,743,415,653,1722,1.0,0.6207897793263647,0.3792102206736353,564,0.43147502903600465,0.24099883855981416,0.32752613240418116
1504,Montgomery,4171,Montgomery Precinct 05-002,955,1850,164,3216,4171,1.0,0.22896187964516904,0.771038120354831,2157,0.44353871973147924,0.03931910812754735,0.5171421721409734
1505,Montgomery,5053,Montgomery Precinct 05-021,610,1956,186,4443,5053,1.0,0.12072036414011478,0.8792796358598852,2911,0.3870967741935484,0.03680981595092025,0.5760934098555314
1519,Montgomery,2978,Montgomery Precinct 04-016,1734,2057,728,1244,2978,1.0,0.5822699798522498,0.4177300201477502,193,0.6907320349227669,0.24445936870382806,0.06480859637340497
1520,Montgomery,3619,Montgomery Precinct 09-031,2072,1693,448,1547,3619,1.0,0.5725338491295938,0.4274661508704062,1478,0.46780878695772316,0.12379110251450677,0.4084001105277701
1521,Montgomery,2298,Montgomery Precinct 04-025,1598,1078,370,700,2298,1.0,0.6953872932985204,0.30461270670147955,850,0.4691035683202785,0.16100957354221063,0.3698868581375109
1522,Montgomery,3285,Montgomery Precinct 04-002,2202,1707,482,1083,3285,1.0,0.6703196347031963,0.32968036529680367,1096,0.5196347031963471,0.14672754946727548,0.33363774733637747
1523,Montgomery,4300,Montgomery Precinct 04-005,1924,1446,472,2376,4300,1.0,0.4474418604651163,0.5525581395348838,2382,0.3362790697674419,0.10976744186046512,0.553953488372093
1524,Montgomery,4790,Montgomery Precinct 04-030,2487,1526,343,2303,4790,1.0,0.5192066805845511,0.48079331941544884,2921,0.318580375782881,0.07160751565762004,0.609812108559499
1525,Montgomery,4662,Montgomery Precinct 04-003,3043,2305,597,1619,4662,1.0,0.6527241527241527,0.34727584727584726,1760,0.4944229944229944,0.12805662805662807,0.37752037752037754
1526,Montgomery,5108,Montgomery Precinct 04-001,2098,2105,451,3010,5108,1.0,0.4107282693813626,0.5892717306186375,2552,0.41209866875489426,0.08829287392325763,0.49960845732184805
1527,Montgomery,2330,Montgomery Precinct 04-019,1228,904,337,1102,2330,1.0,0.527038626609442,0.47296137339055794,1089,0.38798283261802574,0.1446351931330472,0.467381974248927
1528,Montgomery,4373,Montgomery Precinct 09-002,1270,2074,548,3103,4373,1.0,0.2904184770180654,0.7095815229819346,1751,0.47427395380745485,0.12531442945346444,0.4004116167390807
1529,Montgomery,2013,Montgomery Precinct 09-010,999,403,104,1014,2013,1.0,0.496274217585693,0.503725782414307,1506,0.20019870839542972,0.051664182811723795,0.7481371087928465
1530,Montgomery,2692,Montgomery Precinct 09-020,900,1071,350,1792,2692,1.0,0.3343239227340267,0.6656760772659732,1271,0.3978454680534918,0.1300148588410104,0.47213967310549776
1531,Montgomery,6198,Montgomery Precinct 09-007,1690,1838,293,4508,6198,1.0,0.27266860277508875,0.7273313972249112,4067,0.29654727331397224,0.04727331397224911,0.6561794127137787
1532,Montgomery,2732,Montgomery Precinct 09-021,1219,1137,543,1513,2732,1.0,0.44619326500732065,0.5538067349926794,1052,0.41617862371888725,0.19875549048316252,0.3850658857979502
1533,Montgomery,3032,Montgomery Precinct 01-003,1503,2037,687,1529,3032,1.0,0.495712401055409,0.5042875989445911,308,0.6718337730870713,0.22658311345646437,0.10158311345646438
1534,Montgomery,2208,Montgomery Precinct 09-036,721,1133,367,1487,2208,1.0,0.32653985507246375,0.6734601449275363,708,0.5131340579710145,0.16621376811594202,0.32065217391304346
1535,Montgomery,2513,Montgomery Precinct 09-014,1479,1386,514,1034,2513,1.0,0.5885395941106247,0.41146040588937527,613,0.5515320334261838,0.20453641066454437,0.2439315559092718
1536,Montgomery,2630,Montgomery Precinct 09-037,879,1151,334,1751,2630,1.0,0.33422053231939164,0.6657794676806084,1145,0.4376425855513308,0.1269961977186312,0.435361216730038
1537,Montgomery,3688,Montgomery Precinct 09-004,1261,1516,460,2427,3688,1.0,0.34191973969631234,0.6580802603036876,1712,0.41106290672451196,0.12472885032537961,0.4642082429501085
1538,Montgomery,2392,Montgomery Precinct 01-004,896,1195,418,1496,2392,1.0,0.3745819397993311,0.6254180602006689,779,0.4995819397993311,0.17474916387959866,0.3256688963210702
1539,Montgomery,1813,Montgomery Precinct 01-006,1015,831,454,798,1813,1.0,0.5598455598455598,0.44015444015444016,528,0.45835631549917266,0.2504136789851076,0.2912300055157198
1540,Montgomery,2859,Montgomery Precinct 01-005,1725,1243,870,1134,2859,1.0,0.6033578174186779,0.39664218258132217,746,0.434767401189227,0.304302203567681,0.260930395243092
1556,Montgomery,3296,Montgomery Precinct 13-018,1232,1607,156,2064,3296,1.0,0.3737864077669903,0.6262135922330098,1533,0.4875606796116505,0.04733009708737864,0.4651092233009709
1557,Montgomery,6272,Montgomery Precinct 13-022,1086,1995,141,5186,6272,1.0,0.17315051020408162,0.8268494897959183,4136,0.31808035714285715,0.022480867346938774,0.6594387755102041
1558,Montgomery,2821,Montgomery Precinct 05-003,1153,2437,383,1668,2821,1.3055555555555556,0.4087203119461184,0.5912796880538816,1,0.8638780574264445,0.1357674583481035,0.0003544842254519674
1560,Montgomery,5829,Montgomery Precinct 05-014,601,1092,133,5228,5829,1.0,0.10310516383599246,0.8968948361640076,4604,0.18733916623777663,0.02281694973408818,0.7898438840281352
1561,Montgomery,3086,Montgomery Precinct 05-010,859,1275,180,2227,3086,1.0,0.2783538561244329,0.721646143875567,1631,0.41315618924173686,0.05832793259883344,0.5285158781594297
1562,Montgomery,2340,Montgomery Precinct 05-005,1093,1453,246,1247,2340,1.0,0.4670940170940171,0.5329059829059829,641,0.620940170940171,0.10512820512820513,0.27393162393162396
1563,Montgomery,4504,Montgomery Precinct 05-006,1382,2084,415,3122,4504,1.0,0.30683836589698044,0.6931616341030196,2005,0.4626998223801066,0.09214031971580817,0.44515985790408524
1569,Montgomery,1588,Montgomery Precinct 05-004,627,1306,281,961,1588,1.272654370489174,0.39483627204030225,0.6051637279596978,1,0.8224181360201511,0.1769521410579345,0.0006297229219143577
1771,Montgomery,5066,Montgomery Precinct 02-002,2200,1999,627,2866,5066,1.0,0.43426766679826295,0.5657323332017371,2440,0.39459139360442164,0.12376628503750493,0.48164232135807344
1772,Montgomery,4594,Montgomery Precinct 02-003,1819,1816,434,2775,4594,1.0,0.3959512407488028,0.6040487592511972,2344,0.3952982150631258,0.09447104919460166,0.5102307357422725
1773,Montgomery,4893,Montgomery Precinct 04-014,2595,1958,506,2298,4893,1.0,0.530349478847333,0.4696505211526671,2429,0.4001634988759452,0.10341303903535663,0.49642346208869814
1774,Montgomery,8267,Montgomery Precinct 05-013,1288,2372,147,6979,8267,1.0,0.15580016934801016,0.8441998306519899,5748,0.286923914358292,0.017781541066892465,0.6952945445748155
1775,Montgomery,5042,Montgomery Precinct 05-023,1026,2506,348,4016,5042,1.0,0.203490678302261,0.796509321697739,2188,0.49702499008330026,0.06902023006743356,0.43395477984926617
1776,Montgomery,7187,Montgomery Precinct 05-012,3273,2589,503,3914,7187,1.0,0.45540559343258663,0.5445944065674134,4095,0.3602337553916794,0.06998747738973146,0.5697787672185891
1777,Montgomery,4205,Montgomery Precinct 06-002,2503,1488,818,1702,4205,1.0,0.595243757431629,0.404756242568371,1899,0.3538644470868014,0.19453032104637336,0.4516052318668252
1778,Montgomery,4050,Montgomery Precinct 07-019,3278,2757,710,772,4050,1.0,0.8093827160493827,0.19061728395061728,583,0.6807407407407408,0.17530864197530865,0.14395061728395062
1779,Montgomery,3999,Montgomery Precinct 07-023,3100,2406,725,899,3999,1.0,0.7751937984496124,0.2248062015503876,868,0.6016504126031508,0.18129532383095773,0.21705426356589147
1780,Montgomery,3316,Montgomery Precinct 09-005,1609,1468,501,1707,3316,1.0,0.4852231604342581,0.5147768395657418,1347,0.4427020506634499,0.15108564535585042,0.40621230398069963
1781,Montgomery,5404,Montgomery Precinct 09-009,1874,2300,462,3530,5404,1.0,0.34678016284233903,0.653219837157661,2642,0.4256106587712805,0.08549222797927461,0.48889711324944485
1782,Montgomery,4358,Montgomery Precinct 09-022,1537,1938,547,2821,4358,1.0,0.3526847177604406,0.6473152822395595,1873,0.44469940339605324,0.1255162918770078,0.42978430472693896
1783,Montgomery,5285,Montgomery Precinct 13-021,1585,2381,125,3700,5285,1.0,0.29990539262062443,0.7000946073793756,2779,0.45052034058656576,0.023651844843897825,0.5258278145695364
1784,Montgomery,5580,Montgomery Precinct 13-015,1569,2654,276,4011,5580,1.0,0.28118279569892474,0.7188172043010753,2650,0.47562724014336916,0.04946236559139785,0.47491039426523296
1785,Montgomery,4493,Montgomery Precinct 13-058,2208,2463,419,2285,4493,1.0,0.4914311150678834,0.5085688849321166,1611,0.5481860672156689,0.09325617627420432,0.3585577565101269
1786,Montgomery,3906,Montgomery Precinct 13-038,3422,2641,1077,484,3906,1.0,0.8760880696364567,0.12391193036354327,188,0.6761392729134664,0.27572964669738864,0.048131080389144903
1787,Montgomery,5201,Montgomery Precinct 13-002,1770,2912,519,3431,5201,1.0,0.34031916939050183,0.6596808306094982,1770,0.5598923283983849,0.09978850221111325,0.34031916939050183
1788,Montgomery,4646,Montgomery Precinct 13-056,1538,1757,354,3108,4646,1.0,0.3310374515712441,0.6689625484287559,2535,0.37817477399913907,0.07619457597933707,0.5456306500215239
1789,Montgomery,5489,Montgomery Precinct 13-049,1754,883,133,3735,5489,1.0,0.31954818728365825,0.6804518127163418,4473,0.16086718892330115,0.024230278739296774,0.8149025323374021
1790,Montgomery,2651,Montgomery Precinct 13-014,1982,1819,259,669,2651,1.0,0.7476423990946812,0.2523576009053187,573,0.6861561674839683,0.0976989815164089,0.21614485099962277
1791,Montgomery,6281,Montgomery Precinct 09-015,2477,2490,540,3804,6281,1.0,0.39436395478427,0.60563604521573,3251,0.3964336889030409,0.08597357108740647,0.5175927400095526
1792,Montgomery,7135,Montgomery Precinct 09-028,2268,997,332,4867,7135,1.0,0.3178696566222845,0.6821303433777155,5806,0.13973370707778557,0.04653118430273301,0.8137351086194814
1793,Montgomery,5420,Montgomery Precinct 09-026,1771,2219,514,3649,5420,1.0,0.3267527675276753,0.6732472324723248,2687,0.40940959409594097,0.0948339483394834,0.49575645756457565
1797,Montgomery,3644,Montgomery Precinct 08-007,2562,1859,1132,1082,3644,1.0,0.7030735455543359,0.2969264544456641,653,0.5101536772777168,0.3106476399560922,0.179198682766191
1798,Montgomery,4038,Montgomery Precinct 13-068,1615,2073,125,2423,4038,1.0,0.39995047052996535,0.6000495294700346,1840,0.513372956909361,0.030955918771669144,0.4556711243189698
