,COUNTY,VAP,NAME,WVAP,AG14D,AG14R,OVAP,TOT_VOTES,factor,WVAP_pct,OVAP_pct,AG14None,AG14D_pct,AG14R_pct,AG14None_pct
74,Montgomery,3490,Montgomery Precinct 04-007,1550,664,316,1940,3490,1,0.44412607449856734,0.5558739255014327,2510,0.19025787965616045,0.09054441260744986,0.7191977077363897
75,Montgomery,2962,Montgomery Precinct 04-006,1536,600,315,1426,2962,1,0.5185685347738015,0.4814314652261985,2047,0.2025658338960162,0.10634706279540851,0.6910871033085753
76,Montgomery,1587,Montgomery Precinct 04-027,360,137,39,1227,1587,1,0.22684310018903592,0.7731568998109641,1411,0.08632640201638311,0.024574669187145556,0.8890989287964713
77,Montgomery,1951,Montgomery Precinct 04-009,995,486,193,956,1951,1,0.5099948744233727,0.4900051255766274,1272,0.24910302409021015,0.09892362890825218,0.6519733470015376
78,Montgomery,3199,Montgomery Precinct 13-051,2034,961,488,1165,3199,1,0.6358236949046577,0.36417630509534227,1750,0.30040637699281025,0.1525476711472335,0.5470459518599562
79,Montgomery,1806,Montgomery Precinct 04-034,1249,526,385,557,1806,1,0.6915836101882613,0.30841638981173863,895,0.2912513842746401,0.2131782945736434,0.4955703211517165
80,Montgomery,2832,Montgomery Precinct 13-043,911,486,234,1921,2832,1,0.321680790960452,0.678319209039548,2112,0.1716101694915254,0.0826271186440678,0.7457627118644068
81,Montgomery,2301,Montgomery Precinct 13-045,911,450,226,1390,2301,1,0.3959148196436332,0.6040851803563668,1625,0.19556714471968709,0.09821816601477619,0.7062146892655368
82,Montgomery,4265,Montgomery Precinct 13-036,1040,597,209,3225,4265,1,0.24384525205158264,0.7561547479484173,3459,0.1399765533411489,0.04900351699882767,0.8110199296600235
83,Montgomery,3162,Montgomery Precinct 13-037,1002,415,188,2160,3162,1,0.31688804554079697,0.683111954459203,2559,0.1312460468058191,0.05945604048070841,0.8092979127134725
84,Montgomery,3854,Montgomery Precinct 13-035,962,615,220,2892,3854,1,0.24961079398028022,0.7503892060197198,3019,0.1595744680851064,0.05708354955889985,0.7833419823559937
85,Montgomery,5497,Montgomery Precinct 13-064,833,777,87,4664,5497,1,0.15153720211024194,0.8484627978897581,4633,0.14134982717846098,0.015826814626159723,0.8428233581953793
86,Montgomery,2249,Montgomery Precinct 13-052,1568,643,385,681,2249,1,0.6971987550022232,0.3028012449977768,1221,0.2859048465984882,0.1711871943085816,0.5429079590929302
87,Montgomery,2706,Montgomery Precinct 08-003,2131,866,732,575,2706,1,0.7875092387287509,0.21249076127124908,1108,0.32002956393200294,0.270509977827051,0.40946045824094607
88,Montgomery,2330,Montgomery Precinct 13-046,1386,561,399,944,2330,1,0.5948497854077254,0.4051502145922747,1370,0.2407725321888412,0.17124463519313304,0.5879828326180258
89,Montgomery,1337,Montgomery Precinct 08-004,1020,315,313,317,1337,1,0.762902019446522,0.23709798055347794,709,0.2356020942408377,0.23410620792819745,0.5302916978309649
90,Montgomery,2775,Montgomery Precinct 08-008,1990,743,654,785,2775,1,0.7171171171171171,0.2828828828828829,1378,0.26774774774774773,0.23567567567567568,0.49657657657657656
91,Montgomery,3472,Montgomery Precinct 08-009,2306,954,712,1166,3472,1,0.6641705069124424,0.3358294930875576,1806,0.27476958525345624,0.20506912442396313,0.5201612903225806
92,Montgomery,3315,Montgomery Precinct 08-001,2336,987,711,979,3315,1,0.7046757164404224,0.2953242835595777,1617,0.29773755656108597,0.21447963800904976,0.48778280542986424
93,Montgomery,2576,Montgomery Precinct 08-012,1661,657,554,915,2576,1,0.6447981366459627,0.35520186335403725,1365,0.25504658385093165,0.21506211180124224,0.529891304347826
94,Montgomery,2565,Montgomery Precinct 08-005,2188,653,797,377,2565,1,0.8530214424951267,0.1469785575048733,1115,0.25458089668615985,0.31072124756335284,0.4346978557504873
95,Montgomery,3510,Montgomery Precinct 01-002,2324,491,602,1186,3510,1,0.6621082621082621,0.3378917378917379,2417,0.1398860398860399,0.17150997150997152,0.6886039886039886
96,Montgomery,3657,Montgomery Precinct 12-003,2956,713,1085,701,3657,1,0.8083128247197157,0.1916871752802844,1859,0.1949685534591195,0.2966912770030079,0.5083401695378725
97,Montgomery,2213,Montgomery Precinct 12-001,1875,338,670,338,2213,1,0.8472661545413466,0.1527338454586534,1205,0.1527338454586534,0.3027564392227745,0.5445097153185721
98,Montgomery,2541,Montgomery Precinct 01-001,2052,422,715,489,2541,1,0.807556080283353,0.19244391971664698,1404,0.1660763478945297,0.2813852813852814,0.5525383707201889
353,Montgomery,2107,Montgomery Precinct 03-002,1792,491,686,315,2107,1,0.8504983388704319,0.14950166112956811,930,0.2330327479829141,0.32558139534883723,0.4413858566682487
354,Montgomery,2553,Montgomery Precinct 03-001,2159,571,721,394,2553,1,0.8456717587152369,0.15432824128476302,1261,0.2236584410497454,0.28241284763023894,0.49392871132001565
355,Montgomery,1784,Montgomery Precinct 11-000,1537,456,462,247,1784,1,0.8615470852017937,0.1384529147982063,866,0.2556053811659193,0.2589686098654709,0.4854260089686099
357,Montgomery,2683,Montgomery Precinct 10-010,2126,807,615,557,2683,1,0.7923965710026091,0.20760342899739098,1261,0.300782705926202,0.22922102124487514,0.46999627282892287
358,Montgomery,2533,Montgomery Precinct 10-002,1848,572,650,685,2533,1,0.7295696802210817,0.2704303197789183,1311,0.2258191867350967,0.2566127121989735,0.5175681010659298
359,Montgomery,1582,Montgomery Precinct 10-001,1196,316,348,386,1582,1,0.7560050568900126,0.24399494310998734,918,0.1997471554993679,0.21997471554993678,0.5802781289506953
360,Montgomery,1642,Montgomery Precinct 10-013,1102,540,263,540,1642,1,0.6711327649208283,0.32886723507917176,839,0.32886723507917176,0.16017052375152252,0.5109622411693058
361,Montgomery,2293,Montgomery Precinct 10-006,1631,755,327,662,2293,1,0.7112952464020933,0.28870475359790665,1211,0.3292629742695159,0.14260793720017445,0.5281290885303096
362,Montgomery,2754,Montgomery Precinct 10-007,2119,840,536,635,2754,1,0.7694262890341321,0.23057371096586782,1378,0.30501089324618735,0.19462599854756718,0.5003631082062454
363,Montgomery,2878,Montgomery Precinct 07-003,2258,1199,355,620,2878,1,0.7845726198749131,0.21542738012508686,1324,0.41660875608061154,0.12334954829742877,0.4600416956219597
364,Montgomery,2119,Montgomery Precinct 07-022,1760,953,226,359,2119,1,0.830580462482303,0.16941953751769703,940,0.44974044360547427,0.10665408211420481,0.44360547428032093
365,Montgomery,2648,Montgomery Precinct 10-009,1916,605,651,732,2648,1,0.7235649546827795,0.2764350453172205,1392,0.22847432024169184,0.24584592145015105,0.525679758308157
366,Montgomery,1510,Montgomery Precinct 10-004,1093,527,242,417,1510,1,0.723841059602649,0.276158940397351,741,0.3490066225165563,0.16026490066225166,0.49072847682119203
367,Montgomery,2274,Montgomery Precinct 10-005,1625,744,408,649,2274,1,0.7145998240985049,0.2854001759014952,1122,0.32717678100263853,0.17941952506596306,0.49340369393139843
368,Montgomery,3358,Montgomery Precinct 04-012,2173,1085,523,1185,3358,1,0.6471113758189398,0.35288862418106015,1750,0.32310899344848126,0.15574746873138773,0.521143537820131
369,Montgomery,2320,Montgomery Precinct 10-003,1721,690,432,599,2320,1,0.7418103448275862,0.25818965517241377,1198,0.2974137931034483,0.18620689655172415,0.5163793103448275
370,Montgomery,3272,Montgomery Precinct 07-015,2621,1204,482,651,3272,1,0.801039119804401,0.19896088019559902,1586,0.36797066014669927,0.14731051344743276,0.484718826405868
414,Montgomery,1927,Montgomery Precinct 07-005,1663,909,265,264,1927,1,0.8629994810586403,0.13700051894135962,753,0.4717176959003633,0.137519460300986,0.3907628437986507
415,Montgomery,2403,Montgomery Precinct 13-039,1605,833,159,798,2403,1,0.6679151061173533,0.33208489388264667,1411,0.34665002080732416,0.066167290886392,0.5871826883062838
416,Montgomery,4752,Montgomery Precinct 13-047,2084,1034,93,2668,4752,1,0.4385521885521885,0.5614478114478114,3625,0.2175925925925926,0.019570707070707072,0.7628367003367004
417,Montgomery,2398,Montgomery Precinct 13-004,1617,1231,74,781,2398,1,0.6743119266055045,0.3256880733944954,1093,0.5133444537114262,0.030859049207673062,0.45579649708090075
418,Montgomery,3101,Montgomery Precinct 13-008,1299,902,76,1802,3101,1,0.41889712995807804,0.581102870041922,2123,0.290873911641406,0.024508223153821347,0.6846178652047726
419,Montgomery,2029,Montgomery Precinct 13-003,1652,840,289,377,2029,1,0.8141941843272548,0.1858058156727452,900,0.41399704287826516,0.14243469689502217,0.44356826022671264
420,Montgomery,3334,Montgomery Precinct 13-016,768,767,86,2566,3334,1,0.23035392921415718,0.7696460707858428,2481,0.23005398920215958,0.02579484103179364,0.7441511697660468
421,Montgomery,2788,Montgomery Precinct 13-065,1261,433,50,1527,2788,1,0.45229555236728836,0.5477044476327116,2305,0.15530846484935437,0.017934002869440458,0.8267575322812052
422,Montgomery,2551,Montgomery Precinct 13-007,1648,1147,157,903,2551,1,0.6460211681693454,0.35397883183065465,1247,0.44962759702077615,0.06154449235593885,0.488827910623285
423,Montgomery,2274,Montgomery Precinct 13-024,1361,899,213,913,2274,1,0.5985048372911169,0.401495162708883,1162,0.39533861037818824,0.09366754617414248,0.5109938434476693
1110,Montgomery,1766,Montgomery Precinct 07-028,1362,668,270,404,1766,1,0.7712344280860702,0.2287655719139298,828,0.3782559456398641,0.15288788221970556,0.46885617214043035
1111,Montgomery,3027,Montgomery Precinct 10-012,1945,918,408,1082,3027,1,0.6425503799141064,0.35744962008589365,1701,0.30327056491575816,0.13478691774033696,0.5619425173439049
1112,Montgomery,1301,Montgomery Precinct 04-032,978,471,204,323,1301,1,0.7517294388931591,0.2482705611068409,626,0.3620292083013067,0.15680245964642583,0.4811683320522675
1113,Montgomery,2349,Montgomery Precinct 10-011,1333,487,157,1016,2349,1,0.56747552149851,0.43252447850149,1705,0.20732226479352917,0.06683695189442315,0.7258407833120477
1114,Montgomery,1957,Montgomery Precinct 04-013,1683,931,354,274,1957,1,0.8599897802759325,0.14001021972406746,672,0.47572815533980584,0.18088911599386817,0.343382728666326
1115,Montgomery,2330,Montgomery Precinct 07-018,2050,1062,256,280,2330,1,0.8798283261802575,0.12017167381974249,1012,0.455793991416309,0.10987124463519313,0.43433476394849785
1116,Montgomery,2454,Montgomery Precinct 07-024,2091,924,405,363,2454,1,0.8520782396088019,0.14792176039119803,1125,0.3765281173594132,0.16503667481662593,0.45843520782396086
1117,Montgomery,1711,Montgomery Precinct 07-027,1486,657,299,225,1711,1,0.8684979544126242,0.1315020455873758,755,0.3839859731151373,0.17475160724722386,0.4412624196376388
1118,Montgomery,3393,Montgomery Precinct 07-013,2701,1134,489,692,3393,1,0.7960506926024168,0.20394930739758327,1770,0.33421750663129973,0.14412024756852343,0.5216622458001768
1119,Montgomery,2602,Montgomery Precinct 07-012,2240,1088,304,362,2602,1,0.8608762490392006,0.13912375096079937,1210,0.4181398923904689,0.11683320522674866,0.4650269023827825
1120,Montgomery,4520,Montgomery Precinct 07-004,3440,1366,370,1080,4520,1,0.7610619469026548,0.23893805309734514,2784,0.30221238938053097,0.08185840707964602,0.6159292035398231
1121,Montgomery,1823,Montgomery Precinct 07-007,1553,833,200,270,1823,1,0.8518924849149753,0.14810751508502468,790,0.4569391113549095,0.10970927043335162,0.4333516182117389
1122,Montgomery,3525,Montgomery Precinct 07-011,2810,1288,246,715,3525,1,0.7971631205673759,0.2028368794326241,1991,0.36539007092198583,0.06978723404255319,0.564822695035461
1123,Montgomery,5321,Montgomery Precinct 07-026,3875,1370,300,1446,5321,1,0.7282465701935726,0.27175342980642736,3651,0.25747040030069535,0.05638037962788949,0.6861492200714151
1124,Montgomery,2181,Montgomery Precinct 07-001,1599,584,144,582,2181,1,0.7331499312242091,0.2668500687757909,1453,0.2677670793214122,0.06602475928473177,0.6662081613938561
1125,Montgomery,1793,Montgomery Precinct 07-002,1663,790,379,130,1793,1,0.9274958170663692,0.07250418293363078,624,0.44060234244283325,0.21137757947573899,0.34802007808142776
1126,Montgomery,2058,Montgomery Precinct 07-006,1844,788,253,214,2058,1,0.8960155490767736,0.10398445092322643,1017,0.38289601554907676,0.12293488824101069,0.49416909620991256
1127,Montgomery,1085,Montgomery Precinct 07-021,993,500,189,92,1085,1,0.9152073732718894,0.0847926267281106,396,0.4608294930875576,0.17419354838709677,0.3649769585253456
1128,Montgomery,2548,Montgomery Precinct 07-020,1786,780,362,762,2548,1,0.7009419152276295,0.2990580847723705,1406,0.30612244897959184,0.14207221350078492,0.5518053375196232
1129,Montgomery,2356,Montgomery Precinct 07-025,1718,792,328,638,2356,1,0.7292020373514432,0.2707979626485569,1236,0.3361629881154499,0.13921901528013583,0.5246179966044142
1130,Montgomery,3378,Montgomery Precinct 07-010,2587,1012,339,791,3378,1,0.7658377738306691,0.23416222616933097,2027,0.2995855535820012,0.10035523978685613,0.6000592066311426
1131,Montgomery,1339,Montgomery Precinct 07-031,1068,416,123,271,1339,1,0.7976101568334578,0.20238984316654218,800,0.3106796116504854,0.09185959671396565,0.5974607916355489
1132,Montgomery,3359,Montgomery Precinct 04-018,2439,916,431,920,3359,1,0.7261089610002978,0.2738910389997023,2012,0.27270020839535575,0.12831199761833878,0.5989877939863054
1133,Montgomery,2203,Montgomery Precinct 04-028,1437,320,71,766,2203,1,0.6522923286427599,0.3477076713572401,1812,0.14525646845211077,0.03222877893781208,0.8225147526100771
1134,Montgomery,3906,Montgomery Precinct 04-031,2703,886,253,1203,3906,1,0.6920122887864824,0.30798771121351765,2767,0.2268305171530978,0.0647721454173067,0.7083973374295955
1135,Montgomery,3257,Montgomery Precinct 04-010,2452,785,376,805,3257,1,0.7528400368437212,0.24715996315627878,2096,0.2410193429536383,0.11544365980964078,0.6435369972367209
1136,Montgomery,2490,Montgomery Precinct 04-017,1774,844,235,716,2490,1,0.7124497991967872,0.28755020080321286,1411,0.3389558232931727,0.09437751004016064,0.5666666666666667
1137,Montgomery,3550,Montgomery Precinct 04-008,2235,1021,273,1315,3550,1,0.6295774647887324,0.3704225352112676,2256,0.2876056338028169,0.07690140845070423,0.6354929577464788
1264,Montgomery,3965,Montgomery Precinct 07-008,2981,892,236,984,3965,1,0.7518284993694829,0.24817150063051702,2837,0.22496847414880203,0.05952080706179067,0.7155107187894073
1265,Montgomery,2847,Montgomery Precinct 07-009,2231,895,274,616,2847,1,0.7836318932209343,0.21636810677906568,1678,0.31436599929750614,0.0962416578854935,0.5893923428170004
1266,Montgomery,1400,Montgomery Precinct 07-032,1222,430,272,178,1400,1,0.8728571428571429,0.12714285714285714,698,0.30714285714285716,0.19428571428571428,0.49857142857142855
1267,Montgomery,1964,Montgomery Precinct 07-016,1563,798,277,401,1964,1,0.7958248472505092,0.20417515274949083,889,0.4063136456211813,0.1410386965376782,0.4526476578411405
1268,Montgomery,3443,Montgomery Precinct 04-004,2536,1006,298,907,3443,1,0.7365669474295672,0.26343305257043276,2139,0.2921870461806564,0.08655242521057217,0.6212605286087715
1269,Montgomery,5607,Montgomery Precinct 04-015,2542,348,126,3065,5607,1,0.45336186909220616,0.5466381309077938,5133,0.06206527554842162,0.02247191011235955,0.9154628143392188
1270,Montgomery,4958,Montgomery Precinct 13-025,1182,764,231,3776,4958,1,0.23840258168616377,0.7615974183138362,3963,0.15409439290036306,0.04659136748688988,0.7993142396127471
1271,Montgomery,2485,Montgomery Precinct 13-034,1903,800,298,582,2485,1,0.7657947686116701,0.23420523138833,1387,0.32193158953722334,0.1199195171026157,0.5581488933601609
1272,Montgomery,2625,Montgomery Precinct 13-040,1669,753,291,956,2625,1,0.6358095238095238,0.3641904761904762,1581,0.28685714285714287,0.11085714285714286,0.6022857142857143
1273,Montgomery,1874,Montgomery Precinct 06-009,1464,535,739,410,1874,1,0.7812166488794023,0.21878335112059766,600,0.2854855923159018,0.39434364994663823,0.32017075773745995
1274,Montgomery,2092,Montgomery Precinct 06-001,1647,486,561,445,2092,1,0.7872848948374761,0.2127151051625239,1045,0.2323135755258126,0.2681644359464627,0.49952198852772467
1275,Montgomery,4802,Montgomery Precinct 06-011,1585,542,344,3217,4802,1,0.33007080383173676,0.6699291961682632,3916,0.11286963765097877,0.07163681799250313,0.8154935443565181
1276,Montgomery,3610,Montgomery Precinct 06-007,1633,705,480,1977,3610,1,0.4523545706371191,0.5476454293628809,2425,0.19529085872576177,0.1329639889196676,0.6717451523545707
1277,Montgomery,4116,Montgomery Precinct 06-010,1639,732,288,2477,4116,1,0.39820213799805637,0.6017978620019436,3096,0.17784256559766765,0.06997084548104957,0.7521865889212828
1278,Montgomery,4374,Montgomery Precinct 02-004,2221,877,425,2153,4374,1,0.5077732053040696,0.4922267946959305,3072,0.20050297210791038,0.09716506630086877,0.7023319615912208
1279,Montgomery,3017,Montgomery Precinct 06-006,1327,697,390,1690,3017,1,0.4398409015578389,0.560159098442161,1930,0.231024196221412,0.12926748425588333,0.6397083195227047
1280,Montgomery,2009,Montgomery Precinct 06-005,1479,960,688,530,2009,1,0.7361871577899453,0.26381284221005474,361,0.4778496764559482,0.3424589347934296,0.1796913887506222
1281,Montgomery,1603,Montgomery Precinct 06-014,922,291,156,681,1603,1,0.5751715533374921,0.4248284466625078,1156,0.1815346225826575,0.09731752963194011,0.7211478477854024
1282,Montgomery,1874,Montgomery Precinct 06-013,1179,480,288,695,1874,1,0.6291355389541089,0.37086446104589116,1106,0.256136606189968,0.1536819637139808,0.5901814300960512
1283,Montgomery,2208,Montgomery Precinct 06-004,1418,805,294,790,2208,1,0.6422101449275363,0.35778985507246375,1109,0.3645833333333333,0.1331521739130435,0.5022644927536232
1284,Montgomery,3777,Montgomery Precinct 09-027,2856,1005,538,921,3777,1,0.756155679110405,0.24384432088959493,2234,0.26608419380460685,0.1424410908128144,0.5914747153825788
1285,Montgomery,2727,Montgomery Precinct 04-020,1503,1281,791,1224,2727,1,0.5511551155115512,0.44884488448844884,655,0.46974697469746973,0.29006233956729005,0.2401906857352402
1286,Montgomery,3226,Montgomery Precinct 04-024,1681,632,319,1545,3226,1,0.5210787352758834,0.47892126472411656,2275,0.1959082455052697,0.09888406695598265,0.7052076875387476
1287,Montgomery,3648,Montgomery Precinct 06-008,1578,538,249,2070,3648,1,0.43256578947368424,0.5674342105263158,2861,0.1474780701754386,0.06825657894736842,0.784265350877193
1288,Montgomery,4395,Montgomery Precinct 09-035,3188,1030,603,1207,4395,1,0.7253697383390216,0.27463026166097837,2762,0.23435722411831628,0.1372013651877133,0.6284414106939704
1381,Montgomery,3114,Montgomery Precinct 09-033,1608,304,151,1506,3114,1,0.5163776493256262,0.4836223506743738,2659,0.09762363519588953,0.04849068721901092,0.8538856775850996
1382,Montgomery,5213,Montgomery Precinct 09-006,2366,916,392,2847,5213,1,0.4538653366583541,0.5461346633416458,3905,0.17571455975446001,0.07519662382505275,0.7490888164204872
1383,Montgomery,2473,Montgomery Precinct 06-003,1678,684,448,795,2473,1,0.6785281035179943,0.32147189648200564,1341,0.27658714112414073,0.18115649009300444,0.5422563687828549
1384,Montgomery,6411,Montgomery Precinct 09-008,2167,810,286,4244,6411,1,0.3380127905163001,0.6619872094836999,5315,0.12634534394010294,0.044610825144283266,0.8290438309156138
1385,Montgomery,3028,Montgomery Precinct 09-029,1472,620,296,1556,3028,1,0.4861294583883752,0.5138705416116248,2112,0.2047556142668428,0.0977542932628798,0.6974900924702774
1386,Montgomery,4029,Montgomery Precinct 09-018,1196,545,216,2833,4029,1,0.2968478530652767,0.7031521469347233,3268,0.1352692975924547,0.05361131794489948,0.8111193844626459
1387,Montgomery,4242,Montgomery Precinct 09-034,1276,644,226,2966,4242,1,0.3008015087223008,0.6991984912776992,3372,0.15181518151815182,0.053276756247053275,0.7949080622347949
1388,Montgomery,3583,Montgomery Precinct 09-013,2194,838,428,1389,3583,1,0.6123360312587217,0.38766396874127823,2317,0.2338822216020095,0.11945297236952275,0.6466648060284678
1389,Montgomery,3560,Montgomery Precinct 09-003,1141,444,178,2419,3560,1,0.3205056179775281,0.6794943820224719,2938,0.12471910112359551,0.05,0.8252808988764045
1390,Montgomery,2530,Montgomery Precinct 09-024,734,427,171,1796,2530,1,0.2901185770750988,0.7098814229249012,1932,0.16877470355731225,0.06758893280632411,0.7636363636363637
1391,Montgomery,5966,Montgomery Precinct 09-016,1159,512,145,4807,5966,1,0.1942675159235669,0.8057324840764332,5309,0.08581964465303386,0.02430439155212873,0.8898759637948375
1392,Montgomery,3092,Montgomery Precinct 09-030,1208,614,306,1884,3092,1,0.3906856403622251,0.6093143596377749,2172,0.19857697283311773,0.09896507115135834,0.702457956015524
1393,Montgomery,2943,Montgomery Precinct 09-011,1407,664,371,1536,2943,1,0.4780835881753313,0.5219164118246687,1908,0.2256201155283724,0.12606184165817194,0.6483180428134556
1394,Montgomery,3185,Montgomery Precinct 09-012,1599,793,385,1586,3185,1,0.5020408163265306,0.49795918367346936,2007,0.24897959183673468,0.12087912087912088,0.6301412872841444
1395,Montgomery,3625,Montgomery Precinct 02-005,2174,776,419,1451,3625,1,0.5997241379310345,0.40027586206896554,2430,0.2140689655172414,0.11558620689655172,0.670344827586207
1396,Montgomery,3808,Montgomery Precinct 02-008,1638,578,458,2170,3808,1,0.43014705882352944,0.5698529411764706,2772,0.15178571428571427,0.12027310924369748,0.7279411764705882
1398,Montgomery,407,Montgomery Precinct 02-007,369,13,24,38,407,1,0.9066339066339066,0.09336609336609336,370,0.03194103194103194,0.05896805896805897,0.9090909090909091
1399,Montgomery,4880,Montgomery Precinct 02-001,1835,880,496,3045,4880,1,0.3760245901639344,0.6239754098360656,3504,0.18032786885245902,0.10163934426229508,0.7180327868852459
1400,Montgomery,4636,Montgomery Precinct 02-011,1893,870,513,2743,4636,1,0.40832614322691974,0.5916738567730803,3253,0.18766177739430542,0.11065573770491803,0.7016824849007766
1401,Montgomery,2216,Montgomery Precinct 02-006,1328,639,400,888,2216,1,0.5992779783393501,0.4007220216606498,1177,0.28835740072202165,0.18050541516245489,0.5311371841155235
1402,Montgomery,2500,Montgomery Precinct 09-025,933,486,282,1567,2500,1,0.3732,0.6268,1732,0.1944,0.1128,0.6928
1403,Montgomery,2308,Montgomery Precinct 12-004,1876,469,661,432,2308,1,0.8128249566724437,0.18717504332755633,1178,0.20320623916811092,0.28639514731369153,0.5103986135181976
1404,Montgomery,3657,Montgomery Precinct 12-005,2314,497,618,1343,3657,1,0.6327590921520372,0.3672409078479628,2542,0.1359037462400875,0.1689909762100082,0.6951052775499043
1405,Montgomery,2594,Montgomery Precinct 12-002,2223,413,797,371,2594,1,0.8569776407093292,0.14302235929067078,1384,0.1592135697764071,0.3072474942174248,0.5335389360061681
1406,Montgomery,2048,Montgomery Precinct 04-026,1442,491,223,606,2048,1,0.7041015625,0.2958984375,1334,0.23974609375,0.10888671875,0.6513671875
1407,Montgomery,2523,Montgomery Precinct 04-023,1989,58,49,534,2523,1,0.7883472057074911,0.2116527942925089,2416,0.022988505747126436,0.019421323820848196,0.9575901704320253
1408,Montgomery,2581,Montgomery Precinct 04-021,1825,936,366,756,2581,1,0.7070902750871755,0.29290972491282447,1279,0.3626501356063541,0.14180550174351025,0.49554436265013563
1441,Montgomery,1933,Montgomery Precinct 13-031,950,617,139,983,1933,1,0.49146404552509054,0.5085359544749095,1177,0.31919296430419036,0.0719089498189343,0.6088980858768753
1442,Montgomery,1911,Montgomery Precinct 13-059,1023,553,163,888,1911,1,0.5353218210361067,0.46467817896389324,1195,0.2893772893772894,0.08529565672422815,0.6253270538984824
1443,Montgomery,3612,Montgomery Precinct 13-027,1645,874,236,1967,3612,1,0.45542635658914726,0.5445736434108527,2502,0.24197120708748615,0.06533776301218161,0.6926910299003323
1444,Montgomery,4634,Montgomery Precinct 13-030,871,594,179,3763,4634,1,0.18795856711264566,0.8120414328873543,3861,0.12818299525248167,0.03862753560638757,0.8331894691411308
1445,Montgomery,4064,Montgomery Precinct 13-029,1148,730,224,2916,4064,1,0.2824803149606299,0.71751968503937,3110,0.1796259842519685,0.05511811023622047,0.765255905511811
1446,Montgomery,1911,Montgomery Precinct 13-053,1016,558,217,895,1911,1,0.531658817373103,0.4683411826268969,1136,0.29199372056514916,0.11355311355311355,0.5944531658817374
1447,Montgomery,4095,Montgomery Precinct 13-032,1317,899,142,2778,4095,1,0.32161172161172163,0.6783882783882784,3054,0.21953601953601953,0.03467643467643468,0.7457875457875458
1448,Montgomery,4453,Montgomery Precinct 13-044,1126,728,195,3327,4453,1,0.2528632382663373,0.7471367617336627,3530,0.1634852908151808,0.043790702896923425,0.7927240062878959
1449,Montgomery,2314,Montgomery Precinct 13-010,1108,564,50,1206,2314,1,0.4788245462402766,0.5211754537597234,1700,0.24373379429559205,0.021607605877268798,0.7346585998271391
1450,Montgomery,3425,Montgomery Precinct 13-005,1473,991,132,1952,3425,1,0.4300729927007299,0.56992700729927,2302,0.28934306569343066,0.03854014598540146,0.6721167883211678
1451,Montgomery,2283,Montgomery Precinct 13-019,1401,868,227,882,2283,1,0.6136662286465178,0.38633377135348224,1188,0.38020148926850633,0.0994305738063951,0.5203679369250985
1452,Montgomery,2350,Montgomery Precinct 13-050,1442,868,119,908,2350,1,0.6136170212765958,0.38638297872340427,1363,0.36936170212765956,0.05063829787234043,0.58
1453,Montgomery,3765,Montgomery Precinct 13-013,1279,894,107,2486,3765,1,0.3397078353253652,0.6602921646746348,2764,0.23745019920318725,0.028419654714475433,0.7341301460823373
1454,Montgomery,2381,Montgomery Precinct 13-023,1843,977,384,538,2381,1,0.7740445191096178,0.2259554808903822,1020,0.4103317933641327,0.16127677446451072,0.42839143217135656
1455,Montgomery,1565,Montgomery Precinct 13-042,700,486,121,865,1565,1,0.4472843450479233,0.5527156549520766,958,0.31054313099041536,0.07731629392971245,0.6121405750798722
1456,Montgomery,1679,Montgomery Precinct 13-057,841,305,102,838,1679,1,0.5008933889219773,0.4991066110780226,1272,0.1816557474687314,0.06075044669446099,0.7575938058368076
1457,Montgomery,2284,Montgomery Precinct 13-063,625,310,121,1659,2284,1,0.2736427320490368,0.7263572679509632,1853,0.13572679509632224,0.05297723292469352,0.8112959719789843
1458,Montgomery,3381,Montgomery Precinct 13-011,1574,1078,251,1807,3381,1,0.4655427388346643,0.5344572611653357,2052,0.3188405797101449,0.07423839100857735,0.6069210292812778
1459,Montgomery,2099,Montgomery Precinct 13-033,1120,621,231,979,2099,1,0.533587422582182,0.466412577417818,1247,0.2958551691281563,0.11005240590757503,0.5940924249642687
1460,Montgomery,1827,Montgomery Precinct 13-020,1491,617,393,336,1827,1,0.8160919540229885,0.1839080459770115,817,0.337712096332786,0.21510673234811165,0.44718117131910234
1463,Montgomery,2481,Montgomery Precinct 13-006,1675,1247,58,806,2481,1,0.675130995566304,0.3248690044336961,1176,0.5026199113260782,0.023377670294236194,0.4740024183796856
1476,Montgomery,2828,Montgomery Precinct 13-028,772,389,141,2056,2828,1,0.272984441301273,0.727015558698727,2298,0.13755304101838756,0.04985855728429986,0.8125884016973126
1477,Montgomery,2804,Montgomery Precinct 13-001,1219,626,266,1585,2804,1,0.4347360912981455,0.5652639087018545,1912,0.22325249643366618,0.09486447931526391,0.68188302425107
1478,Montgomery,3327,Montgomery Precinct 13-055,474,446,43,2853,3327,1,0.1424706943192065,0.8575293056807936,2838,0.1340547039374812,0.012924556657649534,0.8530207394048692
1479,Montgomery,4237,Montgomery Precinct 13-054,3592,1394,677,645,4237,1,0.8477696483360868,0.15223035166391313,2166,0.3290063724333255,0.15978286523483598,0.5112107623318386
1480,Montgomery,2942,Montgomery Precinct 13-069,2441,893,432,501,2942,1,0.8297076818490823,0.17029231815091775,1617,0.3035350101971448,0.14683888511216858,0.5496261046906866
1481,Montgomery,2381,Montgomery Precinct 13-061,1119,1204,449,1262,2381,1,0.46997060058798823,0.5300293994120118,728,0.505669886602268,0.18857622847543049,0.30575388492230154
1482,Montgomery,1528,Montgomery Precinct 05-022,892,512,196,636,1528,1,0.5837696335078534,0.4162303664921466,820,0.33507853403141363,0.12827225130890052,0.5366492146596858
1483,Montgomery,3868,Montgomery Precinct 05-009,1730,1205,547,2138,3868,1,0.44725956566701136,0.5527404343329886,2116,0.3115305067218201,0.14141675284384694,0.5470527404343329
1484,Montgomery,3207,Montgomery Precinct 05-016,1526,1090,422,1681,3207,1,0.4758341128780792,0.5241658871219208,1695,0.339881509198628,0.1315871531025881,0.5285313376987839
1485,Montgomery,2145,Montgomery Precinct 08-010,1308,571,334,837,2145,1,0.6097902097902098,0.3902097902097902,1240,0.2662004662004662,0.15571095571095572,0.578088578088578
1486,Montgomery,2954,Montgomery Precinct 08-011,1813,766,425,1141,2954,1,0.6137440758293838,0.3862559241706161,1763,0.2593094109681787,0.14387271496276235,0.596817874069059
1487,Montgomery,3717,Montgomery Precinct 08-002,2746,1091,849,971,3717,1,0.7387678235135863,0.2612321764864138,1777,0.29351627656712403,0.22841000807102502,0.47807371536185095
1488,Montgomery,3819,Montgomery Precinct 08-006,2643,933,845,1176,3819,1,0.6920659858601729,0.3079340141398272,2041,0.24430479183032208,0.22126211050013092,0.534433097669547
1489,Montgomery,3868,Montgomery Precinct 05-011,1493,767,213,2375,3868,1,0.3859875904860393,0.6140124095139607,2888,0.1982936918304033,0.05506721820062047,0.7466390899689762
1490,Montgomery,2076,Montgomery Precinct 05-008,519,1007,300,1557,2076,1,0.25,0.75,769,0.4850674373795761,0.14450867052023122,0.37042389210019266
1491,Montgomery,3479,Montgomery Precinct 05-015,1827,805,552,1652,3479,1,0.5251509054325956,0.47484909456740443,2122,0.23138832997987926,0.15866628341477437,0.6099453866053464
1492,Montgomery,3713,Montgomery Precinct 05-001,1392,946,395,2321,3713,1,0.37489900350121197,0.625100996498788,2372,0.254780500942634,0.10638297872340426,0.6388365203339618
1493,Montgomery,3773,Montgomery Precinct 05-017,1397,934,312,2376,3773,1,0.37026239067055394,0.6297376093294461,2527,0.24754836999734958,0.08269281738669494,0.6697588126159555
1494,Montgomery,3392,Montgomery Precinct 05-019,1731,729,459,1661,3392,1,0.5103183962264151,0.4896816037735849,2204,0.21491745283018868,0.1353183962264151,0.6497641509433962
1495,Montgomery,1722,Montgomery Precinct 05-018,1069,358,313,653,1722,1,0.6207897793263647,0.3792102206736353,1051,0.20789779326364694,0.18176538908246226,0.6103368176538908
1504,Montgomery,4171,Montgomery Precinct 05-002,955,821,83,3216,4171,1,0.22896187964516904,0.771038120354831,3267,0.19683529129705107,0.01989930472308799,0.783265403979861
1505,Montgomery,5053,Montgomery Precinct 05-021,610,857,107,4443,5053,1,0.12072036414011478,0.8792796358598852,4089,0.1696022165050465,0.021175539283593905,0.8092222442113596
1519,Montgomery,2978,Montgomery Precinct 04-016,1734,1056,535,1244,2978,1,0.5822699798522498,0.4177300201477502,1387,0.35460040295500334,0.1796507723304231,0.4657488247145735
1520,Montgomery,3619,Montgomery Precinct 09-031,2072,754,314,1547,3619,1,0.5725338491295938,0.4274661508704062,2551,0.208344846642719,0.08676429953025698,0.704890853827024
1521,Montgomery,2298,Montgomery Precinct 04-025,1598,668,344,700,2298,1,0.6953872932985204,0.30461270670147955,1286,0.2906875543951262,0.1496953872932985,0.5596170583115753
1522,Montgomery,3285,Montgomery Precinct 04-002,2202,868,361,1083,3285,1,0.6703196347031963,0.32968036529680367,2056,0.26423135464231357,0.10989345509893456,0.6258751902587519
1523,Montgomery,4300,Montgomery Precinct 04-005,1924,666,326,2376,4300,1,0.4474418604651163,0.5525581395348838,3308,0.15488372093023256,0.0758139534883721,0.7693023255813953
1524,Montgomery,4790,Montgomery Precinct 04-030,2487,720,211,2303,4790,1,0.5192066805845511,0.48079331941544884,3859,0.15031315240083507,0.04405010438413361,0.8056367432150313
1525,Montgomery,4662,Montgomery Precinct 04-003,3043,1214,467,1619,4662,1,0.6527241527241527,0.34727584727584726,2981,0.2604032604032604,0.10017160017160018,0.6394251394251395
1526,Montgomery,5108,Montgomery Precinct 04-001,2098,907,331,3010,5108,1,0.4107282693813626,0.5892717306186375,3870,0.17756460454189507,0.06480031323414252,0.7576350822239624
1527,Montgomery,2330,Montgomery Precinct 04-019,1228,412,260,1102,2330,1,0.527038626609442,0.47296137339055794,1658,0.17682403433476396,0.11158798283261803,0.711587982832618
1528,Montgomery,4373,Montgomery Precinct 09-002,1270,828,393,3103,4373,1,0.2904184770180654,0.7095815229819346,3152,0.1893436999771324,0.0898696546992911,0.7207866453235765
1529,Montgomery,2013,Montgomery Precinct 09-010,999,175,74,1014,2013,1,0.496274217585693,0.503725782414307,1764,0.08693492300049677,0.03676105315449578,0.8763040238450075
1530,Montgomery,2692,Montgomery Precinct 09-020,900,473,239,1792,2692,1,0.3343239227340267,0.6656760772659732,1980,0.17570579494799404,0.0887815750371471,0.7355126300148589
1531,Montgomery,6198,Montgomery Precinct 09-007,1690,786,180,4508,6198,1,0.27266860277508875,0.7273313972249112,5232,0.12681510164569215,0.02904162633107454,0.8441432720232332
1532,Montgomery,2732,Montgomery Precinct 09-021,1219,518,393,1513,2732,1,0.44619326500732065,0.5538067349926794,1821,0.18960468521229867,0.1438506588579795,0.6665446559297218
1533,Montgomery,3032,Montgomery Precinct 01-003,1503,930,518,1529,3032,1,0.495712401055409,0.5042875989445911,1584,0.30672823218997364,0.170844327176781,0.5224274406332454
1534,Montgomery,2208,Montgomery Precinct 09-036,721,481,242,1487,2208,1,0.32653985507246375,0.6734601449275363,1485,0.21784420289855072,0.10960144927536232,0.6725543478260869
1535,Montgomery,2513,Montgomery Precinct 09-014,1479,658,364,1034,2513,1,0.5885395941106247,0.41146040588937527,1491,0.2618384401114206,0.14484679665738162,0.5933147632311978
1536,Montgomery,2630,Montgomery Precinct 09-037,879,488,220,1751,2630,1,0.33422053231939164,0.6657794676806084,1922,0.18555133079847907,0.08365019011406843,0.7307984790874524
1537,Montgomery,3688,Montgomery Precinct 09-004,1261,680,335,2427,3688,1,0.34191973969631234,0.6580802603036876,2673,0.1843817787418655,0.0908351409978308,0.7247830802603037
1538,Montgomery,2392,Montgomery Precinct 01-004,896,479,297,1496,2392,1,0.3745819397993311,0.6254180602006689,1616,0.20025083612040134,0.12416387959866221,0.6755852842809364
1539,Montgomery,1813,Montgomery Precinct 01-006,1015,382,331,798,1813,1,0.5598455598455598,0.44015444015444016,1100,0.21070049641478214,0.1825703254274683,0.6067291781577496
1540,Montgomery,2859,Montgomery Precinct 01-005,1725,596,650,1134,2859,1,0.6033578174186779,0.39664218258132217,1613,0.20846449807625045,0.2273522210563134,0.5641832808674362
1556,Montgomery,3296,Montgomery Precinct 13-018,1232,956,112,2064,3296,1,0.3737864077669903,0.6262135922330098,2228,0.29004854368932037,0.03398058252427184,0.6759708737864077
1557,Montgomery,6272,Montgomery Precinct 13-022,1086,935,102,5186,6272,1,0.17315051020408162,0.8268494897959183,5235,0.1490752551020408,0.016262755102040817,0.8346619897959183
1558,Montgomery,2160,Montgomery Precinct 05-003,883,1277,312,1277,2160,1,0.40879629629629627,0.5912037037037037,571,0.5912037037037037,0.14444444444444443,0.26435185185185184
1560,Montgomery,5829,Montgomery Precinct 05-014,601,427,81,5228,5829,1,0.10310516383599246,0.8968948361640076,5321,0.07325441756733574,0.013896037056098817,0.9128495453765655
1561,Montgomery,3086,Montgomery Precinct 05-010,859,522,133,2227,3086,1,0.2783538561244329,0.721646143875567,2431,0.16915100453661697,0.04309786130913804,0.787751134154245
1562,Montgomery,2340,Montgomery Precinct 05-005,1093,761,215,1247,2340,1,0.4670940170940171,0.5329059829059829,1364,0.3252136752136752,0.09188034188034189,0.582905982905983
1563,Montgomery,4504,Montgomery Precinct 05-006,1382,1036,304,3122,4504,1,0.30683836589698044,0.6931616341030196,3164,0.23001776198934282,0.0674955595026643,0.7024866785079928
1569,Montgomery,1247,Montgomery Precinct 05-004,492,691,239,755,1247,1,0.3945469125902165,0.6054530874097834,317,0.5541299117882919,0.19165998396150763,0.25421010425020046
1771,Montgomery,5066,Montgomery Precinct 02-002,2200,935,483,2866,5066,1,0.43426766679826295,0.5657323332017371,3648,0.18456375838926176,0.09534149230161863,0.7200947493091197
1772,Montgomery,4594,Montgomery Precinct 02-003,1819,771,322,2775,4594,1,0.3959512407488028,0.6040487592511972,3501,0.16782760121898127,0.07009142359599478,0.7620809751850239
1773,Montgomery,4893,Montgomery Precinct 04-014,2595,1010,395,2298,4893,1,0.530349478847333,0.4696505211526671,3488,0.20641733088085018,0.08072756999795626,0.7128550991211935
1774,Montgomery,8267,Montgomery Precinct 05-013,1288,981,90,6979,8267,1,0.15580016934801016,0.8441998306519899,7196,0.11866456997701706,0.01088665779605661,0.8704487722269263
1775,Montgomery,5042,Montgomery Precinct 05-023,1026,1228,257,4016,5042,1,0.203490678302261,0.796509321697739,3557,0.24355414518048393,0.05097183657278857,0.7054740182467275
1776,Montgomery,7187,Montgomery Precinct 05-012,3273,1225,393,3914,7187,1,0.45540559343258663,0.5445944065674134,5569,0.1704466397662446,0.054682064839293165,0.7748712953944622
1777,Montgomery,4205,Montgomery Precinct 06-002,2503,674,578,1702,4205,1,0.595243757431629,0.404756242568371,2953,0.16028537455410227,0.13745541022592153,0.7022592152199763
1778,Montgomery,4050,Montgomery Precinct 07-019,3278,1571,556,772,4050,1,0.8093827160493827,0.19061728395061728,1923,0.3879012345679012,0.13728395061728396,0.4748148148148148
1779,Montgomery,3999,Montgomery Precinct 07-023,3100,1431,558,899,3999,1,0.7751937984496124,0.2248062015503876,2010,0.35783945986496624,0.13953488372093023,0.5026256564141035
1780,Montgomery,3316,Montgomery Precinct 09-005,1609,699,345,1707,3316,1,0.4852231604342581,0.5147768395657418,2272,0.21079613992762364,0.1040410132689988,0.6851628468033776
1781,Montgomery,5404,Montgomery Precinct 09-009,1874,994,324,3530,5404,1,0.34678016284233903,0.653219837157661,4086,0.18393782383419688,0.05995558845299778,0.7561065877128054
1782,Montgomery,4358,Montgomery Precinct 09-022,1537,794,434,2821,4358,1,0.3526847177604406,0.6473152822395595,3130,0.18219366681964203,0.09958696649839376,0.7182193666819642
1783,Montgomery,5285,Montgomery Precinct 13-021,1585,1297,70,3700,5285,1,0.29990539262062443,0.7000946073793756,3918,0.24541154210028382,0.013245033112582781,0.7413434247871334
1784,Montgomery,5580,Montgomery Precinct 13-015,1569,1329,227,4011,5580,1,0.28118279569892474,0.7188172043010753,4024,0.23817204301075268,0.04068100358422939,0.7211469534050179
1785,Montgomery,4493,Montgomery Precinct 13-058,2208,1264,307,2285,4493,1,0.4914311150678834,0.5085688849321166,2922,0.28132650790117963,0.06832851101713777,0.6503449810816826
1786,Montgomery,3906,Montgomery Precinct 13-038,3422,1455,871,484,3906,1,0.8760880696364567,0.12391193036354327,1580,0.3725038402457757,0.22299027137736815,0.40450588837685614
1787,Montgomery,5201,Montgomery Precinct 13-002,1770,1320,387,3431,5201,1,0.34031916939050183,0.6596808306094982,3494,0.25379734666410303,0.07440876754470294,0.671793885791194
1788,Montgomery,4646,Montgomery Precinct 13-056,1538,853,267,3108,4646,1,0.3310374515712441,0.6689625484287559,3526,0.1835987946620749,0.0574687903572966,0.7589324149806285
1789,Montgomery,5489,Montgomery Precinct 13-049,1754,430,90,3735,5489,1,0.31954818728365825,0.6804518127163418,4969,0.0783384951721625,0.016396429222080525,0.905265075605757
1790,Montgomery,2651,Montgomery Precinct 13-014,1982,1110,235,669,2651,1,0.7476423990946812,0.2523576009053187,1306,0.41870992078460956,0.08864579403998492,0.4926442851754055
1791,Montgomery,6281,Montgomery Precinct 09-015,2477,1126,345,3804,6281,1,0.39436395478427,0.60563604521573,4810,0.17927081674892534,0.05492755930584302,0.7658016239452317
1792,Montgomery,7135,Montgomery Precinct 09-028,2268,508,272,4867,7135,1,0.3178696566222845,0.6821303433777155,6355,0.07119831814996497,0.038121934127540294,0.8906797477224947
1793,Montgomery,5420,Montgomery Precinct 09-026,1771,1113,356,3649,5420,1,0.3267527675276753,0.6732472324723248,3951,0.20535055350553505,0.06568265682656826,0.7289667896678966
1797,Montgomery,3644,Montgomery Precinct 08-007,2562,881,856,1082,3644,1,0.7030735455543359,0.2969264544456641,1907,0.24176728869374314,0.2349066959385291,0.5233260153677278
1798,Montgomery,4038,Montgomery Precinct 13-068,1615,1466,107,2423,4038,1,0.39995047052996535,0.6000495294700346,2465,0.3630510153541357,0.026498266468548786,0.6104507181773156
