,COUNTY,VAP,NAME,WVAP,PRES16D,PRES16R,OVAP,TOT_VOTES,factor,WVAP_pct,OVAP_pct,PRES16None,PRES16D_pct,PRES16R_pct,PRES16None_pct
74,Montgomery,3490,Montgomery Precinct 04-007,1550,1352,407,1940,3490,1.0,0.44412607449856734,0.5558739255014327,1731,0.38739255014326646,0.1166189111747851,0.4959885386819484
75,Montgomery,2962,Montgomery Precinct 04-006,1536,1360,400,1426,2962,1.0,0.5185685347738015,0.4814314652261985,1202,0.4591492234976367,0.1350438892640108,0.40580688723835245
76,Montgomery,1587,Montgomery Precinct 04-027,360,489,102,1227,1587,1.0,0.22684310018903592,0.7731568998109641,996,0.30812854442344045,0.06427221172022685,0.6275992438563327
77,Montgomery,1951,Montgomery Precinct 04-009,995,1005,224,956,1951,1.0,0.5099948744233727,0.4900051255766274,722,0.5151204510507432,0.11481291645310097,0.37006663249615585
78,Montgomery,3199,Montgomery Precinct 13-051,2034,1895,550,1165,3199,1.0,0.6358236949046577,0.36417630509534227,754,0.5923726164426383,0.17192872772741483,0.23569865582994687
79,Montgomery,1806,Montgomery Precinct 04-034,1249,1015,456,557,1806,1.0,0.6915836101882613,0.30841638981173863,335,0.562015503875969,0.25249169435215946,0.18549280177187155
80,Montgomery,2832,Montgomery Precinct 13-043,911,1216,286,1921,2832,1.0,0.321680790960452,0.678319209039548,1330,0.4293785310734463,0.10098870056497175,0.4696327683615819
81,Montgomery,2301,Montgomery Precinct 13-045,911,1048,292,1390,2301,1.0,0.3959148196436332,0.6040851803563668,961,0.4554541503694046,0.12690134724033028,0.4176445023902651
82,Montgomery,4265,Montgomery Precinct 13-036,1040,1538,284,3225,4265,1.0,0.24384525205158264,0.7561547479484173,2443,0.36060961313012896,0.06658851113716295,0.5728018757327081
83,Montgomery,3162,Montgomery Precinct 13-037,1002,1104,268,2160,3162,1.0,0.31688804554079697,0.683111954459203,1790,0.349146110056926,0.08475648323845668,0.5660974067046173
84,Montgomery,3854,Montgomery Precinct 13-035,962,1514,310,2892,3854,1.0,0.24961079398028022,0.7503892060197198,2030,0.3928386092371562,0.08043591074208614,0.5267254800207577
85,Montgomery,5497,Montgomery Precinct 13-064,833,1822,158,4664,5497,1.0,0.15153720211024194,0.8484627978897581,3517,0.33145352010187373,0.028742950700382026,0.6398035291977442
86,Montgomery,2249,Montgomery Precinct 13-052,1568,1275,453,681,2249,1.0,0.6971987550022232,0.3028012449977768,521,0.5669186305024455,0.20142285460204534,0.23165851489550912
87,Montgomery,2706,Montgomery Precinct 08-003,2131,1596,768,575,2706,1.0,0.7875092387287509,0.21249076127124908,342,0.5898004434589801,0.2838137472283814,0.12638580931263857
88,Montgomery,2330,Montgomery Precinct 13-046,1386,1134,511,944,2330,1.0,0.5948497854077254,0.4051502145922747,685,0.48669527896995707,0.21931330472103006,0.2939914163090129
89,Montgomery,1337,Montgomery Precinct 08-004,1020,704,399,317,1337,1.0,0.762902019446522,0.23709798055347794,234,0.5265519820493643,0.29842931937172773,0.175018698578908
90,Montgomery,2775,Montgomery Precinct 08-008,1990,1528,751,785,2775,1.0,0.7171171171171171,0.2828828828828829,496,0.5506306306306307,0.27063063063063064,0.17873873873873874
91,Montgomery,3472,Montgomery Precinct 08-009,2306,1976,821,1166,3472,1.0,0.6641705069124424,0.3358294930875576,675,0.5691244239631337,0.236463133640553,0.19441244239631336
92,Montgomery,3315,Montgomery Precinct 08-001,2336,2054,807,979,3315,1.0,0.7046757164404224,0.2953242835595777,454,0.6196078431372549,0.24343891402714932,0.1369532428355958
93,Montgomery,2576,Montgomery Precinct 08-012,1661,1541,674,915,2576,1.0,0.6447981366459627,0.35520186335403725,361,0.5982142857142857,0.26164596273291924,0.14013975155279504
94,Montgomery,2565,Montgomery Precinct 08-005,2188,1400,933,377,2565,1.0,0.8530214424951267,0.1469785575048733,232,0.5458089668615984,0.36374269005847953,0.09044834307992203
95,Montgomery,3510,Montgomery Precinct 01-002,2324,985,729,1186,3510,1.0,0.6621082621082621,0.3378917378917379,1796,0.28062678062678065,0.2076923076923077,0.5116809116809117
96,Montgomery,3657,Montgomery Precinct 12-003,2956,1393,1282,701,3657,1.0,0.8083128247197157,0.1916871752802844,982,0.3809133169264424,0.35056056877221764,0.2685261143013399
97,Montgomery,2213,Montgomery Precinct 12-001,1875,666,849,338,2213,1.0,0.8472661545413466,0.1527338454586534,698,0.3009489380930863,0.3836421147763217,0.315408947130592
98,Montgomery,2541,Montgomery Precinct 01-001,2052,860,898,489,2541,1.0,0.807556080283353,0.19244391971664698,783,0.3384494293585203,0.35340417158598975,0.30814639905548996
353,Montgomery,2107,Montgomery Precinct 03-002,1792,1130,870,315,2107,1.0,0.8504983388704319,0.14950166112956811,107,0.5363075462743236,0.4129093497864262,0.05078310393925012
354,Montgomery,2553,Montgomery Precinct 03-001,2159,1397,1028,394,2553,1.0,0.8456717587152369,0.15432824128476302,128,0.5471993732863298,0.4026635330983157,0.05013709361535448
355,Montgomery,1784,Montgomery Precinct 11-000,1537,915,658,247,1784,1.0,0.8615470852017937,0.1384529147982063,211,0.5128923766816144,0.3688340807174888,0.11827354260089686
357,Montgomery,2683,Montgomery Precinct 10-010,2126,1439,559,557,2683,1.0,0.7923965710026091,0.20760342899739098,685,0.5363399180022363,0.20834886321282148,0.25531121878494223
358,Montgomery,2533,Montgomery Precinct 10-002,1848,1060,682,685,2533,1.0,0.7295696802210817,0.2704303197789183,791,0.4184761152783261,0.269245953414923,0.3122779313067509
359,Montgomery,1582,Montgomery Precinct 10-001,1196,674,401,386,1582,1.0,0.7560050568900126,0.24399494310998734,507,0.42604298356510745,0.2534766118836915,0.320480404551201
360,Montgomery,1642,Montgomery Precinct 10-013,1102,806,238,540,1642,1.0,0.6711327649208283,0.32886723507917176,598,0.49086479902557856,0.14494518879415347,0.364190012180268
361,Montgomery,2293,Montgomery Precinct 10-006,1631,1170,308,662,2293,1.0,0.7112952464020933,0.28870475359790665,815,0.510248582642826,0.1343218491059747,0.3554295682511993
362,Montgomery,2754,Montgomery Precinct 10-007,2119,1515,549,635,2754,1.0,0.7694262890341321,0.23057371096586782,690,0.5501089324618736,0.19934640522875818,0.25054466230936817
363,Montgomery,2878,Montgomery Precinct 07-003,2258,2078,371,620,2878,1.0,0.7845726198749131,0.21542738012508686,429,0.7220291869353718,0.12890896455872133,0.14906184850590687
364,Montgomery,2119,Montgomery Precinct 07-022,1760,1542,253,359,2119,1.0,0.830580462482303,0.16941953751769703,324,0.7277017461066541,0.11939594148183105,0.15290231241151486
365,Montgomery,2648,Montgomery Precinct 10-009,1916,1153,656,732,2648,1.0,0.7235649546827795,0.2764350453172205,839,0.4354229607250755,0.24773413897280966,0.3168429003021148
366,Montgomery,1510,Montgomery Precinct 10-004,1093,819,256,417,1510,1.0,0.723841059602649,0.276158940397351,435,0.5423841059602649,0.1695364238410596,0.28807947019867547
367,Montgomery,2274,Montgomery Precinct 10-005,1625,1154,377,649,2274,1.0,0.7145998240985049,0.2854001759014952,743,0.5074758135444152,0.16578715919085313,0.32673702726473175
368,Montgomery,3358,Montgomery Precinct 04-012,2173,1838,552,1185,3358,1.0,0.6471113758189398,0.35288862418106015,968,0.5473496128648004,0.1643835616438356,0.2882668254913639
369,Montgomery,2320,Montgomery Precinct 10-003,1721,1265,452,599,2320,1.0,0.7418103448275862,0.25818965517241377,603,0.5452586206896551,0.19482758620689655,0.25991379310344825
370,Montgomery,3272,Montgomery Precinct 07-015,2621,2128,520,651,3272,1.0,0.801039119804401,0.19896088019559902,624,0.6503667481662592,0.15892420537897312,0.19070904645476772
414,Montgomery,1927,Montgomery Precinct 07-005,1663,1458,233,264,1927,1.0,0.8629994810586403,0.13700051894135962,236,0.7566165023352361,0.1209133367929424,0.12247016087182148
415,Montgomery,2403,Montgomery Precinct 13-039,1605,1610,184,798,2403,1.0,0.6679151061173533,0.33208489388264667,609,0.6699958385351644,0.07657095297544736,0.2534332084893883
416,Montgomery,4752,Montgomery Precinct 13-047,2084,2521,113,2668,4752,1.0,0.4385521885521885,0.5614478114478114,2118,0.530513468013468,0.02377946127946128,0.4457070707070707
417,Montgomery,2398,Montgomery Precinct 13-004,1617,2236,93,781,2398,1.0,0.6743119266055045,0.3256880733944954,69,0.932443703085905,0.03878231859883236,0.028773978315262717
418,Montgomery,3101,Montgomery Precinct 13-008,1299,1635,121,1802,3101,1.0,0.41889712995807804,0.581102870041922,1345,0.527249274427604,0.03901967107384715,0.4337310544985489
419,Montgomery,2029,Montgomery Precinct 13-003,1652,1527,299,377,2029,1.0,0.8141941843272548,0.1858058156727452,203,0.7525874815179892,0.14736323311976343,0.10004928536224741
420,Montgomery,3334,Montgomery Precinct 13-016,768,1594,107,2566,3334,1.0,0.23035392921415718,0.7696460707858428,1633,0.47810437912417514,0.032093581283743254,0.4898020395920816
421,Montgomery,2788,Montgomery Precinct 13-065,1261,1029,65,1527,2788,1.0,0.45229555236728836,0.5477044476327116,1694,0.36908177905308465,0.023314203730272598,0.6076040172166427
422,Montgomery,2551,Montgomery Precinct 13-007,1648,1876,172,903,2551,1.0,0.6460211681693454,0.35397883183065465,503,0.7353978831830654,0.06742453939631517,0.19717757742061937
423,Montgomery,2274,Montgomery Precinct 13-024,1361,1547,246,913,2274,1.0,0.5985048372911169,0.401495162708883,481,0.6802990325417766,0.10817941952506596,0.21152154793315744
1110,Montgomery,1766,Montgomery Precinct 07-028,1362,1120,290,404,1766,1.0,0.7712344280860702,0.2287655719139298,356,0.6342015855039638,0.16421291053227632,0.2015855039637599
1111,Montgomery,3027,Montgomery Precinct 10-012,1945,1585,447,1082,3027,1.0,0.6425503799141064,0.35744962008589365,995,0.5236207466138091,0.14767096134786917,0.32870829203832175
1112,Montgomery,1301,Montgomery Precinct 04-032,978,737,193,323,1301,1.0,0.7517294388931591,0.2482705611068409,371,0.5664873174481169,0.14834742505764797,0.2851652574942352
1113,Montgomery,2349,Montgomery Precinct 10-011,1333,1002,223,1016,2349,1.0,0.56747552149851,0.43252447850149,1124,0.42656449553001274,0.09493401447424436,0.4785014899957429
1114,Montgomery,1957,Montgomery Precinct 04-013,1683,1488,402,274,1957,1.0,0.8599897802759325,0.14001021972406746,67,0.7603474706182933,0.2054164537557486,0.0342360756259581
1115,Montgomery,2330,Montgomery Precinct 07-018,2050,1876,286,280,2330,1.0,0.8798283261802575,0.12017167381974249,168,0.8051502145922746,0.12274678111587983,0.07210300429184549
1116,Montgomery,2454,Montgomery Precinct 07-024,2091,1642,384,363,2454,1.0,0.8520782396088019,0.14792176039119803,428,0.6691116544417278,0.15647921760391198,0.17440912795436023
1117,Montgomery,1711,Montgomery Precinct 07-027,1486,1156,253,225,1711,1.0,0.8684979544126242,0.1315020455873758,302,0.6756282875511397,0.1478667445938048,0.1765049678550555
1118,Montgomery,3393,Montgomery Precinct 07-013,2701,1912,479,692,3393,1.0,0.7960506926024168,0.20394930739758327,1002,0.5635131152372531,0.14117300324196877,0.2953138815207781
1119,Montgomery,2602,Montgomery Precinct 07-012,2240,1839,301,362,2602,1.0,0.8608762490392006,0.13912375096079937,462,0.7067640276710223,0.11568024596464259,0.17755572636433511
1120,Montgomery,4520,Montgomery Precinct 07-004,3440,2594,392,1080,4520,1.0,0.7610619469026548,0.23893805309734514,1534,0.5738938053097346,0.08672566371681416,0.33938053097345133
1121,Montgomery,1823,Montgomery Precinct 07-007,1553,1368,204,270,1823,1.0,0.8518924849149753,0.14810751508502468,251,0.750411409764125,0.11190345584201865,0.13768513439385627
1122,Montgomery,3525,Montgomery Precinct 07-011,2810,2188,265,715,3525,1.0,0.7971631205673759,0.2028368794326241,1072,0.6207092198581561,0.075177304964539,0.30411347517730497
1123,Montgomery,5321,Montgomery Precinct 07-026,3875,2497,323,1446,5321,1.0,0.7282465701935726,0.27175342980642736,2501,0.46927269310280023,0.06070287539936102,0.47002443149783873
1124,Montgomery,2181,Montgomery Precinct 07-001,1599,1033,195,582,2181,1.0,0.7331499312242091,0.2668500687757909,953,0.47363594681338833,0.08940852819807428,0.43695552498853735
1125,Montgomery,1793,Montgomery Precinct 07-002,1663,1421,319,130,1793,1.0,0.9274958170663692,0.07250418293363078,53,0.792526491912995,0.17791411042944785,0.029559397657557166
1126,Montgomery,2058,Montgomery Precinct 07-006,1844,1324,221,214,2058,1.0,0.8960155490767736,0.10398445092322643,513,0.6433430515063168,0.10738581146744412,0.24927113702623907
1127,Montgomery,1085,Montgomery Precinct 07-021,993,815,188,92,1085,1.0,0.9152073732718894,0.0847926267281106,82,0.7511520737327189,0.17327188940092167,0.07557603686635944
1128,Montgomery,2548,Montgomery Precinct 07-020,1786,1514,383,762,2548,1.0,0.7009419152276295,0.2990580847723705,651,0.5941915227629513,0.15031397174254318,0.2554945054945055
1129,Montgomery,2356,Montgomery Precinct 07-025,1718,1552,345,638,2356,1.0,0.7292020373514432,0.2707979626485569,459,0.6587436332767402,0.1464346349745331,0.19482173174872666
1130,Montgomery,3378,Montgomery Precinct 07-010,2587,1901,359,791,3378,1.0,0.7658377738306691,0.23416222616933097,1118,0.5627590290112493,0.10627590290112493,0.3309650680876258
1131,Montgomery,1339,Montgomery Precinct 07-031,1068,835,164,271,1339,1.0,0.7976101568334578,0.20238984316654218,340,0.6235997012696042,0.12247946228528753,0.25392083644510827
1132,Montgomery,3359,Montgomery Precinct 04-018,2439,1670,479,920,3359,1.0,0.7261089610002978,0.2738910389997023,1210,0.497171777314677,0.14260196487049717,0.36022625781482587
1133,Montgomery,2203,Montgomery Precinct 04-028,1437,860,136,766,2203,1.0,0.6522923286427599,0.3477076713572401,1207,0.39037675896504764,0.06173399909214707,0.5478892419428053
1134,Montgomery,3906,Montgomery Precinct 04-031,2703,1767,318,1203,3906,1.0,0.6920122887864824,0.30798771121351765,1821,0.4523809523809524,0.08141321044546851,0.4662058371735791
1135,Montgomery,3257,Montgomery Precinct 04-010,2452,1579,402,805,3257,1.0,0.7528400368437212,0.24715996315627878,1276,0.48480196499846484,0.12342646607307338,0.39177156892846177
1136,Montgomery,2490,Montgomery Precinct 04-017,1774,1728,331,716,2490,1.0,0.7124497991967872,0.28755020080321286,431,0.6939759036144578,0.13293172690763053,0.17309236947791165
1137,Montgomery,3550,Montgomery Precinct 04-008,2235,2617,443,1315,3550,1.0,0.6295774647887324,0.3704225352112676,490,0.7371830985915493,0.12478873239436619,0.13802816901408452
1264,Montgomery,3965,Montgomery Precinct 07-008,2981,1994,291,984,3965,1.0,0.7518284993694829,0.24817150063051702,1680,0.5029003783102144,0.0733921815889029,0.42370744010088274
1265,Montgomery,2847,Montgomery Precinct 07-009,2231,1597,281,616,2847,1.0,0.7836318932209343,0.21636810677906568,969,0.5609413417632596,0.09870038637161925,0.3403582718651212
1266,Montgomery,1400,Montgomery Precinct 07-032,1222,723,260,178,1400,1.0,0.8728571428571429,0.12714285714285714,417,0.5164285714285715,0.18571428571428572,0.2978571428571429
1267,Montgomery,1964,Montgomery Precinct 07-016,1563,1350,262,401,1964,1.0,0.7958248472505092,0.20417515274949083,352,0.6873727087576375,0.1334012219959267,0.17922606924643583
1268,Montgomery,3443,Montgomery Precinct 04-004,2536,1411,255,907,3443,1.0,0.7365669474295672,0.26343305257043276,1777,0.4098170200406622,0.07406331687481847,0.5161196630845193
1269,Montgomery,5607,Montgomery Precinct 04-015,2542,891,175,3065,5607,1.0,0.45336186909220616,0.5466381309077938,4541,0.15890850722311398,0.031210986267166042,0.80988050650972
1270,Montgomery,4958,Montgomery Precinct 13-025,1182,1971,350,3776,4958,1.0,0.23840258168616377,0.7615974183138362,2637,0.39753933037515127,0.07059298104074223,0.5318676885841065
1271,Montgomery,2485,Montgomery Precinct 13-034,1903,1592,342,582,2485,1.0,0.7657947686116701,0.23420523138833,551,0.6406438631790744,0.13762575452716297,0.22173038229376257
1272,Montgomery,2625,Montgomery Precinct 13-040,1669,1412,338,956,2625,1.0,0.6358095238095238,0.3641904761904762,875,0.5379047619047619,0.12876190476190477,0.3333333333333333
1273,Montgomery,2072,Montgomery Precinct 06-009,1618,1235,836,454,2072,1.1051227321237993,0.7808880308880309,0.21911196911196912,1,0.596042471042471,0.4034749034749035,0.00048262548262548264
1274,Montgomery,2092,Montgomery Precinct 06-001,1647,965,670,445,2092,1.0,0.7872848948374761,0.2127151051625239,457,0.4612810707456979,0.3202676864244742,0.21845124282982792
1275,Montgomery,4802,Montgomery Precinct 06-011,1585,944,404,3217,4802,1.0,0.33007080383173676,0.6699291961682632,3454,0.1965847563515202,0.08413161182840483,0.7192836318200749
1276,Montgomery,3610,Montgomery Precinct 06-007,1633,1864,676,1977,3610,1.0,0.4523545706371191,0.5476454293628809,1070,0.5163434903047092,0.18725761772853186,0.296398891966759
1277,Montgomery,4116,Montgomery Precinct 06-010,1639,1788,423,2477,4116,1.0,0.39820213799805637,0.6017978620019436,1905,0.43440233236151604,0.10276967930029154,0.46282798833819244
1278,Montgomery,4374,Montgomery Precinct 02-004,2221,2291,589,2153,4374,1.0,0.5077732053040696,0.4922267946959305,1494,0.5237768632830361,0.13465935070873342,0.34156378600823045
1279,Montgomery,3017,Montgomery Precinct 06-006,1327,1613,513,1690,3017,1.0,0.4398409015578389,0.560159098442161,891,0.53463705667882,0.17003646005966191,0.29532648326151806
1280,Montgomery,2833,Montgomery Precinct 06-005,2085,1979,853,748,2833,1.4096565455450474,0.7359689375220614,0.26403106247793856,1,0.6985527709142252,0.3010942463819273,0.00035298270384751147
1281,Montgomery,1603,Montgomery Precinct 06-014,922,677,218,681,1603,1.0,0.5751715533374921,0.4248284466625078,708,0.4223331253898939,0.13599500935745476,0.4416718652526513
1282,Montgomery,1874,Montgomery Precinct 06-013,1179,1121,320,695,1874,1.0,0.6291355389541089,0.37086446104589116,433,0.5981856990394877,0.17075773745997866,0.2310565635005336
1283,Montgomery,2208,Montgomery Precinct 06-004,1418,1395,392,790,2208,1.0,0.6422101449275363,0.35778985507246375,421,0.6317934782608695,0.17753623188405798,0.19067028985507245
1284,Montgomery,3777,Montgomery Precinct 09-027,2856,2057,629,921,3777,1.0,0.756155679110405,0.24384432088959493,1091,0.5446121260259466,0.16653428647074398,0.28885358750330953
1285,Montgomery,3008,Montgomery Precinct 04-020,1658,2202,805,1350,3008,1.1026769343601026,0.5511968085106383,0.4488031914893617,1,0.7320478723404256,0.26761968085106386,0.0003324468085106383
1286,Montgomery,3226,Montgomery Precinct 04-024,1681,1414,413,1545,3226,1.0,0.5210787352758834,0.47892126472411656,1399,0.43831370117792934,0.12802231866088035,0.43366398016119034
1287,Montgomery,3648,Montgomery Precinct 06-008,1578,1130,366,2070,3648,1.0,0.43256578947368424,0.5674342105263158,2152,0.30975877192982454,0.10032894736842106,0.5899122807017544
1288,Montgomery,4395,Montgomery Precinct 09-035,3188,2238,766,1207,4395,1.0,0.7253697383390216,0.27463026166097837,1391,0.5092150170648464,0.17428896473265074,0.31649601820250284
1381,Montgomery,3114,Montgomery Precinct 09-033,1608,993,244,1506,3114,1.0,0.5163776493256262,0.4836223506743738,1877,0.31888246628131023,0.0783558124598587,0.6027617212588311
1382,Montgomery,5213,Montgomery Precinct 09-006,2366,2454,670,2847,5213,1.0,0.4538653366583541,0.5461346633416458,2089,0.47074621139459044,0.12852484174179934,0.4007289468636102
1383,Montgomery,2473,Montgomery Precinct 06-003,1678,1311,540,795,2473,1.0,0.6785281035179943,0.32147189648200564,622,0.5301253538212697,0.21835826930853214,0.2515163768701981
1384,Montgomery,6411,Montgomery Precinct 09-008,2167,2019,417,4244,6411,1.0,0.3380127905163001,0.6619872094836999,3975,0.31492746841366404,0.06504445484323819,0.6200280767430978
1385,Montgomery,3028,Montgomery Precinct 09-029,1472,1484,390,1556,3028,1.0,0.4861294583883752,0.5138705416116248,1154,0.4900924702774108,0.1287978863936592,0.38110964332893
1386,Montgomery,4029,Montgomery Precinct 09-018,1196,1466,304,2833,4029,1.0,0.2968478530652767,0.7031521469347233,2259,0.3638620004964011,0.07545296599652519,0.5606850335070737
1387,Montgomery,4242,Montgomery Precinct 09-034,1276,1652,320,2966,4242,1.0,0.3008015087223008,0.6991984912776992,2270,0.38943894389438943,0.07543611504007544,0.5351249410655351
1388,Montgomery,3583,Montgomery Precinct 09-013,2194,1747,563,1389,3583,1.0,0.6123360312587217,0.38766396874127823,1273,0.48758024002232764,0.15713089589729276,0.3552888640803796
1389,Montgomery,3560,Montgomery Precinct 09-003,1141,1074,250,2419,3560,1.0,0.3205056179775281,0.6794943820224719,2236,0.30168539325842697,0.0702247191011236,0.6280898876404495
1390,Montgomery,2530,Montgomery Precinct 09-024,734,1061,267,1796,2530,1.0,0.2901185770750988,0.7098814229249012,1202,0.41936758893280635,0.10553359683794467,0.475098814229249
1391,Montgomery,5966,Montgomery Precinct 09-016,1159,1251,185,4807,5966,1.0,0.1942675159235669,0.8057324840764332,4530,0.2096882333221589,0.031009051290647,0.7593027153871941
1392,Montgomery,3092,Montgomery Precinct 09-030,1208,1494,391,1884,3092,1.0,0.3906856403622251,0.6093143596377749,1207,0.4831824062095731,0.12645536869340232,0.39036222509702456
1393,Montgomery,2943,Montgomery Precinct 09-011,1407,1422,437,1536,2943,1.0,0.4780835881753313,0.5219164118246687,1084,0.4831804281345566,0.14848793747876315,0.36833163438668026
1394,Montgomery,3185,Montgomery Precinct 09-012,1599,1617,442,1586,3185,1.0,0.5020408163265306,0.49795918367346936,1126,0.5076923076923077,0.13877551020408163,0.35353218210361065
1395,Montgomery,3625,Montgomery Precinct 02-005,2174,1716,561,1451,3625,1.0,0.5997241379310345,0.40027586206896554,1348,0.4733793103448276,0.15475862068965518,0.37186206896551727
1396,Montgomery,3808,Montgomery Precinct 02-008,1638,1733,730,2170,3808,1.0,0.43014705882352944,0.5698529411764706,1345,0.45509453781512604,0.19170168067226892,0.35320378151260506
1398,Montgomery,407,Montgomery Precinct 02-007,369,43,52,38,407,1.0,0.9066339066339066,0.09336609336609336,312,0.10565110565110565,0.12776412776412777,0.7665847665847666
1399,Montgomery,4880,Montgomery Precinct 02-001,1835,2260,689,3045,4880,1.0,0.3760245901639344,0.6239754098360656,1931,0.46311475409836067,0.14118852459016393,0.39569672131147543
1400,Montgomery,4636,Montgomery Precinct 02-011,1893,2210,809,2743,4636,1.0,0.40832614322691974,0.5916738567730803,1617,0.47670405522001724,0.17450388265746333,0.3487920621225194
1401,Montgomery,2916,Montgomery Precinct 02-006,1747,2272,643,1169,2916,1.31543321299639,0.5991083676268861,0.40089163237311387,1,0.7791495198902606,0.22050754458161864,0.0003429355281207133
1402,Montgomery,2500,Montgomery Precinct 09-025,933,1239,414,1567,2500,1.0,0.3732,0.6268,847,0.4956,0.1656,0.3388
1403,Montgomery,2308,Montgomery Precinct 12-004,1876,911,757,432,2308,1.0,0.8128249566724437,0.18717504332755633,640,0.39471403812824957,0.3279896013864818,0.2772963604852686
1404,Montgomery,3657,Montgomery Precinct 12-005,2314,1167,795,1343,3657,1.0,0.6327590921520372,0.3672409078479628,1695,0.3191140278917145,0.21739130434782608,0.4634946677604594
1405,Montgomery,2594,Montgomery Precinct 12-002,2223,775,849,371,2594,1.0,0.8569776407093292,0.14302235929067078,970,0.29876638396299154,0.3272937548188126,0.37393986121819583
1406,Montgomery,2048,Montgomery Precinct 04-026,1442,1223,318,606,2048,1.0,0.7041015625,0.2958984375,507,0.59716796875,0.1552734375,0.24755859375
1407,Montgomery,2523,Montgomery Precinct 04-023,1989,118,56,534,2523,1.0,0.7883472057074911,0.2116527942925089,2349,0.04676971858898137,0.02219579865239794,0.9310344827586207
1408,Montgomery,2581,Montgomery Precinct 04-021,1825,1594,395,756,2581,1.0,0.7070902750871755,0.29290972491282447,592,0.6175900813638124,0.15304145679969003,0.22936846183649748
1441,Montgomery,1933,Montgomery Precinct 13-031,950,1280,170,983,1933,1.0,0.49146404552509054,0.5085359544749095,483,0.6621831350232799,0.08794619762027936,0.24987066735644076
1442,Montgomery,1911,Montgomery Precinct 13-059,1023,1154,219,888,1911,1.0,0.5353218210361067,0.46467817896389324,538,0.6038723181580324,0.11459968602825746,0.2815279958137101
1443,Montgomery,3612,Montgomery Precinct 13-027,1645,1816,296,1967,3612,1.0,0.45542635658914726,0.5445736434108527,1500,0.5027685492801772,0.08194905869324474,0.4152823920265781
1444,Montgomery,4634,Montgomery Precinct 13-030,871,1621,224,3763,4634,1.0,0.18795856711264566,0.8120414328873543,2789,0.34980578334052653,0.04833836858006042,0.6018558480794131
1445,Montgomery,4064,Montgomery Precinct 13-029,1148,1690,247,2916,4064,1.0,0.2824803149606299,0.71751968503937,2127,0.41584645669291337,0.06077755905511811,0.5233759842519685
1446,Montgomery,1911,Montgomery Precinct 13-053,1016,1134,233,895,1911,1.0,0.531658817373103,0.4683411826268969,544,0.5934065934065934,0.12192569335426479,0.2846677132391418
1447,Montgomery,4095,Montgomery Precinct 13-032,1317,2106,209,2778,4095,1.0,0.32161172161172163,0.6783882783882784,1780,0.5142857142857142,0.05103785103785104,0.4346764346764347
1448,Montgomery,4453,Montgomery Precinct 13-044,1126,1606,234,3327,4453,1.0,0.2528632382663373,0.7471367617336627,2613,0.36065573770491804,0.05254884347630811,0.5867954188187738
1449,Montgomery,2314,Montgomery Precinct 13-010,1108,1291,80,1206,2314,1.0,0.4788245462402766,0.5211754537597234,943,0.5579083837510804,0.03457216940363008,0.40751944684528957
1450,Montgomery,3425,Montgomery Precinct 13-005,1473,2244,151,1952,3425,1.0,0.4300729927007299,0.56992700729927,1030,0.6551824817518248,0.04408759124087591,0.3007299270072993
1451,Montgomery,2283,Montgomery Precinct 13-019,1401,1550,249,882,2283,1.0,0.6136662286465178,0.38633377135348224,484,0.6789312308366184,0.10906701708278581,0.2120017520805957
1452,Montgomery,2350,Montgomery Precinct 13-050,1442,1499,110,908,2350,1.0,0.6136170212765958,0.38638297872340427,741,0.6378723404255319,0.04680851063829787,0.3153191489361702
1453,Montgomery,3765,Montgomery Precinct 13-013,1279,1738,122,2486,3765,1.0,0.3397078353253652,0.6602921646746348,1905,0.46162018592297477,0.03240371845949535,0.5059760956175299
1454,Montgomery,2381,Montgomery Precinct 13-023,1843,1808,398,538,2381,1.0,0.7740445191096178,0.2259554808903822,175,0.7593448131037379,0.16715665686686265,0.0734985300293994
1455,Montgomery,1565,Montgomery Precinct 13-042,700,1046,140,865,1565,1.0,0.4472843450479233,0.5527156549520766,379,0.668370607028754,0.08945686900958466,0.24217252396166133
1456,Montgomery,1679,Montgomery Precinct 13-057,841,630,121,838,1679,1.0,0.5008933889219773,0.4991066110780226,928,0.37522334723049433,0.07206670637284097,0.5527099463966647
1457,Montgomery,2284,Montgomery Precinct 13-063,625,643,135,1659,2284,1.0,0.2736427320490368,0.7263572679509632,1506,0.28152364273204905,0.05910683012259194,0.659369527145359
1458,Montgomery,3381,Montgomery Precinct 13-011,1574,1999,307,1807,3381,1.0,0.4655427388346643,0.5344572611653357,1075,0.5912451937296658,0.09080153800650695,0.31795326826382725
1459,Montgomery,2099,Montgomery Precinct 13-033,1120,1101,273,979,2099,1.0,0.533587422582182,0.466412577417818,725,0.5245354930919486,0.13006193425440685,0.3454025726536446
1460,Montgomery,1827,Montgomery Precinct 13-020,1491,1052,379,336,1827,1.0,0.8160919540229885,0.1839080459770115,396,0.5758073344280241,0.20744389709906952,0.21674876847290642
1463,Montgomery,2481,Montgomery Precinct 13-006,1675,2045,59,806,2481,1.0,0.675130995566304,0.3248690044336961,377,0.8242644095122934,0.0237807335751713,0.15195485691253527
1476,Montgomery,2828,Montgomery Precinct 13-028,772,1083,183,2056,2828,1.0,0.272984441301273,0.727015558698727,1562,0.38295615275813294,0.06471004243281471,0.5523338048090524
1477,Montgomery,2804,Montgomery Precinct 13-001,1219,1313,317,1585,2804,1.0,0.4347360912981455,0.5652639087018545,1174,0.4682596291012839,0.1130527817403709,0.4186875891583452
1478,Montgomery,3327,Montgomery Precinct 13-055,474,1015,78,2853,3327,1.0,0.1424706943192065,0.8575293056807936,2234,0.30507965133754134,0.023444544634806132,0.6714758040276525
1479,Montgomery,4237,Montgomery Precinct 13-054,3592,2033,714,645,4237,1.0,0.8477696483360868,0.15223035166391313,1490,0.4798206278026906,0.16851545905121548,0.3516639131460939
1480,Montgomery,2942,Montgomery Precinct 13-069,2441,1493,439,501,2942,1.0,0.8297076818490823,0.17029231815091775,1010,0.5074779061862679,0.14921821889870837,0.3433038749150238
1481,Montgomery,3167,Montgomery Precinct 13-061,1488,2585,581,1679,3167,1.3296934061318773,0.469845279444269,0.530154720555731,1,0.8162298705399431,0.18345437322387118,0.00031575623618566466
1482,Montgomery,1528,Montgomery Precinct 05-022,892,885,192,636,1528,1.0,0.5837696335078534,0.4162303664921466,451,0.5791884816753927,0.1256544502617801,0.2951570680628272
1483,Montgomery,3868,Montgomery Precinct 05-009,1730,2135,592,2138,3868,1.0,0.44725956566701136,0.5527404343329886,1141,0.5519648397104446,0.15305067218200621,0.2949844881075491
1484,Montgomery,3207,Montgomery Precinct 05-016,1526,1950,483,1681,3207,1.0,0.4758341128780792,0.5241658871219208,774,0.608044901777362,0.15060804490177737,0.24134705332086062
1485,Montgomery,2145,Montgomery Precinct 08-010,1308,1149,378,837,2145,1.0,0.6097902097902098,0.3902097902097902,618,0.5356643356643357,0.17622377622377622,0.2881118881118881
1486,Montgomery,2954,Montgomery Precinct 08-011,1813,1665,473,1141,2954,1.0,0.6137440758293838,0.3862559241706161,816,0.563642518618822,0.16012186865267433,0.2762356127285037
1487,Montgomery,3717,Montgomery Precinct 08-002,2746,2242,1031,971,3717,1.0,0.7387678235135863,0.2612321764864138,444,0.6031746031746031,0.2773742265267689,0.11945117029862792
1488,Montgomery,3819,Montgomery Precinct 08-006,2643,1952,1048,1176,3819,1.0,0.6920659858601729,0.3079340141398272,819,0.5111285676878764,0.27441738675045824,0.21445404556166536
1489,Montgomery,3868,Montgomery Precinct 05-011,1493,1523,260,2375,3868,1.0,0.3859875904860393,0.6140124095139607,2085,0.3937435367114788,0.0672182006204757,0.5390382626680456
1490,Montgomery,2175,Montgomery Precinct 05-008,544,1863,311,1631,2175,1.0472061657032756,0.2501149425287356,0.7498850574712643,1,0.856551724137931,0.14298850574712643,0.0004597701149425287
1491,Montgomery,3479,Montgomery Precinct 05-015,1827,1548,599,1652,3479,1.0,0.5251509054325956,0.47484909456740443,1332,0.4449554469675194,0.17217591261856854,0.38286864041391205
1492,Montgomery,3713,Montgomery Precinct 05-001,1392,1828,451,2321,3713,1.0,0.37489900350121197,0.625100996498788,1434,0.49232426609210883,0.12146512254241854,0.3862106113654727
1493,Montgomery,3773,Montgomery Precinct 05-017,1397,1824,382,2376,3773,1.0,0.37026239067055394,0.6297376093294461,1567,0.48343493241452423,0.10124569308242777,0.41531937450304796
1494,Montgomery,3392,Montgomery Precinct 05-019,1731,1440,504,1661,3392,1.0,0.5103183962264151,0.4896816037735849,1448,0.42452830188679247,0.14858490566037735,0.4268867924528302
1495,Montgomery,1722,Montgomery Precinct 05-018,1069,756,378,653,1722,1.0,0.6207897793263647,0.3792102206736353,588,0.43902439024390244,0.21951219512195122,0.34146341463414637
1504,Montgomery,4171,Montgomery Precinct 05-002,955,1872,152,3216,4171,1.0,0.22896187964516904,0.771038120354831,2147,0.44881323423639413,0.03644210021577559,0.5147446655478303
1505,Montgomery,5053,Montgomery Precinct 05-021,610,2014,157,4443,5053,1.0,0.12072036414011478,0.8792796358598852,2882,0.39857510389867407,0.03107065109835741,0.5703542450029685
1519,Montgomery,2978,Montgomery Precinct 04-016,1734,2082,657,1244,2978,1.0,0.5822699798522498,0.4177300201477502,239,0.6991269308260577,0.2206178643384822,0.08025520483546005
1520,Montgomery,3619,Montgomery Precinct 09-031,2072,1724,388,1547,3619,1.0,0.5725338491295938,0.4274661508704062,1507,0.47637468914064657,0.10721193699917105,0.41641337386018235
1521,Montgomery,2298,Montgomery Precinct 04-025,1598,1066,339,700,2298,1.0,0.6953872932985204,0.30461270670147955,893,0.463881636205396,0.1475195822454308,0.3885987815491732
1522,Montgomery,3285,Montgomery Precinct 04-002,2202,1711,416,1083,3285,1.0,0.6703196347031963,0.32968036529680367,1158,0.5208523592085236,0.12663622526636226,0.35251141552511417
1523,Montgomery,4300,Montgomery Precinct 04-005,1924,1477,449,2376,4300,1.0,0.4474418604651163,0.5525581395348838,2374,0.34348837209302324,0.10441860465116279,0.552093023255814
1524,Montgomery,4790,Montgomery Precinct 04-030,2487,1535,317,2303,4790,1.0,0.5192066805845511,0.48079331941544884,2938,0.32045929018789143,0.0661795407098121,0.6133611691022964
1525,Montgomery,4662,Montgomery Precinct 04-003,3043,2305,545,1619,4662,1.0,0.6527241527241527,0.34727584727584726,1812,0.4944229944229944,0.1169026169026169,0.3886743886743887
1526,Montgomery,5108,Montgomery Precinct 04-001,2098,2120,422,3010,5108,1.0,0.4107282693813626,0.5892717306186375,2566,0.41503523884103366,0.08261550509005482,0.5023492560689116
1527,Montgomery,2330,Montgomery Precinct 04-019,1228,896,310,1102,2330,1.0,0.527038626609442,0.47296137339055794,1124,0.384549356223176,0.13304721030042918,0.48240343347639486
1528,Montgomery,4373,Montgomery Precinct 09-002,1270,2095,513,3103,4373,1.0,0.2904184770180654,0.7095815229819346,1765,0.4790761490967299,0.11731077063800595,0.4036130802652641
1529,Montgomery,2013,Montgomery Precinct 09-010,999,405,100,1014,2013,1.0,0.496274217585693,0.503725782414307,1508,0.20119225037257824,0.04967709885742673,0.7491306507699951
1530,Montgomery,2692,Montgomery Precinct 09-020,900,1105,310,1792,2692,1.0,0.3343239227340267,0.6656760772659732,1277,0.4104754829123328,0.1151560178306092,0.47436849925705793
1531,Montgomery,6198,Montgomery Precinct 09-007,1690,1858,277,4508,6198,1.0,0.27266860277508875,0.7273313972249112,4063,0.29977412068409165,0.044691836076153596,0.6555340432397547
1532,Montgomery,2732,Montgomery Precinct 09-021,1219,1158,455,1513,2732,1.0,0.44619326500732065,0.5538067349926794,1119,0.4238653001464129,0.1665446559297218,0.4095900439238653
1533,Montgomery,3032,Montgomery Precinct 01-003,1503,2089,623,1529,3032,1.0,0.495712401055409,0.5042875989445911,320,0.6889841688654353,0.2054749340369393,0.10554089709762533
1534,Montgomery,2208,Montgomery Precinct 09-036,721,1159,323,1487,2208,1.0,0.32653985507246375,0.6734601449275363,726,0.5249094202898551,0.14628623188405798,0.328804347826087
1535,Montgomery,2513,Montgomery Precinct 09-014,1479,1423,449,1034,2513,1.0,0.5885395941106247,0.41146040588937527,641,0.5662554715479506,0.1786709112614405,0.25507361719060884
1536,Montgomery,2630,Montgomery Precinct 09-037,879,1188,299,1751,2630,1.0,0.33422053231939164,0.6657794676806084,1143,0.45171102661596957,0.11368821292775666,0.43460076045627377
1537,Montgomery,3688,Montgomery Precinct 09-004,1261,1551,410,2427,3688,1.0,0.34191973969631234,0.6580802603036876,1727,0.4205531453362256,0.11117136659436008,0.4682754880694143
1538,Montgomery,2392,Montgomery Precinct 01-004,896,1209,377,1496,2392,1.0,0.3745819397993311,0.6254180602006689,806,0.5054347826086957,0.15760869565217392,0.33695652173913043
1539,Montgomery,1813,Montgomery Precinct 01-006,1015,843,420,798,1813,1.0,0.5598455598455598,0.44015444015444016,550,0.46497517926089355,0.23166023166023167,0.3033645890788748
1540,Montgomery,2859,Montgomery Precinct 01-005,1725,1276,785,1134,2859,1.0,0.6033578174186779,0.39664218258132217,798,0.4463098985659321,0.2745715285064708,0.27911857292759706
1556,Montgomery,3296,Montgomery Precinct 13-018,1232,1636,132,2064,3296,1.0,0.3737864077669903,0.6262135922330098,1528,0.4963592233009709,0.04004854368932039,0.46359223300970875
1557,Montgomery,6272,Montgomery Precinct 13-022,1086,2025,119,5186,6272,1.0,0.17315051020408162,0.8268494897959183,4128,0.32286352040816324,0.018973214285714284,0.6581632653061225
1558,Montgomery,2832,Montgomery Precinct 05-003,1158,2457,374,1674,2832,1.3106481481481482,0.4088983050847458,0.5911016949152542,1,0.8675847457627118,0.13206214689265536,0.00035310734463276836
1560,Montgomery,5829,Montgomery Precinct 05-014,601,1115,143,5228,5829,1.0,0.10310516383599246,0.8968948361640076,4571,0.19128495453765654,0.02453250986447075,0.7841825355978727
1561,Montgomery,3086,Montgomery Precinct 05-010,859,1270,176,2227,3086,1.0,0.2783538561244329,0.721646143875567,1640,0.4115359688917693,0.057031756318859365,0.5314322747893714
1562,Montgomery,2340,Montgomery Precinct 05-005,1093,1450,235,1247,2340,1.0,0.4670940170940171,0.5329059829059829,655,0.6196581196581197,0.10042735042735043,0.2799145299145299
1563,Montgomery,4504,Montgomery Precinct 05-006,1382,2139,361,3122,4504,1.0,0.30683836589698044,0.6931616341030196,2004,0.47491119005328597,0.08015097690941385,0.44493783303730017
1569,Montgomery,1606,Montgomery Precinct 05-004,634,1321,284,972,1606,1.2870890136327184,0.39476961394769616,0.6052303860523038,1,0.8225404732254047,0.17683686176836863,0.0006226650062266501
1771,Montgomery,5066,Montgomery Precinct 02-002,2200,2034,580,2866,5066,1.0,0.43426766679826295,0.5657323332017371,2452,0.401500197394394,0.11448874851954205,0.48401105408606393
1772,Montgomery,4594,Montgomery Precinct 02-003,1819,1863,385,2775,4594,1.0,0.3959512407488028,0.6040487592511972,2346,0.40552895080539836,0.08380496299521115,0.5106660861993905
1773,Montgomery,4893,Montgomery Precinct 04-014,2595,1965,450,2298,4893,1.0,0.530349478847333,0.4696505211526671,2478,0.40159411404046597,0.09196811771919068,0.5064377682403434
1774,Montgomery,8267,Montgomery Precinct 05-013,1288,2417,134,6979,8267,1.0,0.15580016934801016,0.8441998306519899,5716,0.2923672432563203,0.016209023829684286,0.6914237329139954
1775,Montgomery,5042,Montgomery Precinct 05-023,1026,2552,305,4016,5042,1.0,0.203490678302261,0.796509321697739,2185,0.5061483538278461,0.060491868306227686,0.4333597778659262
1776,Montgomery,7187,Montgomery Precinct 05-012,3273,2648,469,3914,7187,1.0,0.45540559343258663,0.5445944065674134,4070,0.3684430221232781,0.06525671351050508,0.5663002643662168
1777,Montgomery,4205,Montgomery Precinct 06-002,2503,1517,724,1702,4205,1.0,0.595243757431629,0.404756242568371,1964,0.36076099881093937,0.17217598097502973,0.4670630202140309
1778,Montgomery,4050,Montgomery Precinct 07-019,3278,2777,605,772,4050,1.0,0.8093827160493827,0.19061728395061728,668,0.685679012345679,0.14938271604938272,0.16493827160493826
1779,Montgomery,3999,Montgomery Precinct 07-023,3100,2432,604,899,3999,1.0,0.7751937984496124,0.2248062015503876,963,0.6081520380095023,0.15103775943985998,0.24081020255063765
1780,Montgomery,3316,Montgomery Precinct 09-005,1609,1511,460,1707,3316,1.0,0.4852231604342581,0.5147768395657418,1345,0.4556694813027744,0.13872135102533173,0.40560916767189387
1781,Montgomery,5404,Montgomery Precinct 09-009,1874,2328,422,3530,5404,1.0,0.34678016284233903,0.653219837157661,2654,0.4307920059215396,0.07809030347890451,0.4911176905995559
1782,Montgomery,4358,Montgomery Precinct 09-022,1537,1977,509,2821,4358,1.0,0.3526847177604406,0.6473152822395595,1872,0.4536484625975218,0.11679669573198714,0.42955484167049107
1783,Montgomery,5285,Montgomery Precinct 13-021,1585,2443,109,3700,5285,1.0,0.29990539262062443,0.7000946073793756,2733,0.46225165562913906,0.020624408703878903,0.517123935666982
1784,Montgomery,5580,Montgomery Precinct 13-015,1569,2689,262,4011,5580,1.0,0.28118279569892474,0.7188172043010753,2629,0.48189964157706094,0.04695340501792115,0.47114695340501794
1785,Montgomery,4493,Montgomery Precinct 13-058,2208,2471,358,2285,4493,1.0,0.4914311150678834,0.5085688849321166,1664,0.5499666147340307,0.07967950144669486,0.3703538838192744
1786,Montgomery,3906,Montgomery Precinct 13-038,3422,2640,923,484,3906,1.0,0.8760880696364567,0.12391193036354327,343,0.6758832565284179,0.2363031233998976,0.08781362007168458
1787,Montgomery,5201,Montgomery Precinct 13-002,1770,2935,475,3431,5201,1.0,0.34031916939050183,0.6596808306094982,1791,0.5643145548932897,0.09132859065564315,0.3443568544510671
1788,Montgomery,4646,Montgomery Precinct 13-056,1538,1776,335,3108,4646,1.0,0.3310374515712441,0.6689625484287559,2535,0.38226431338786054,0.07210503659061558,0.5456306500215239
1789,Montgomery,5489,Montgomery Precinct 13-049,1754,897,133,3735,5489,1.0,0.31954818728365825,0.6804518127163418,4459,0.16341774458006922,0.024230278739296774,0.812351976680634
1790,Montgomery,2651,Montgomery Precinct 13-014,1982,1847,222,669,2651,1.0,0.7476423990946812,0.2523576009053187,582,0.6967182195397963,0.08374198415692191,0.21953979630328177
1791,Montgomery,6281,Montgomery Precinct 09-015,2477,2533,514,3804,6281,1.0,0.39436395478427,0.60563604521573,3234,0.4032797325266677,0.08183410284986467,0.5148861646234676
1792,Montgomery,7135,Montgomery Precinct 09-028,2268,996,312,4867,7135,1.0,0.3178696566222845,0.6821303433777155,5827,0.13959355290819903,0.0437281009110021,0.8166783461807989
1793,Montgomery,5420,Montgomery Precinct 09-026,1771,2241,480,3649,5420,1.0,0.3267527675276753,0.6732472324723248,2699,0.41346863468634687,0.08856088560885608,0.4979704797047971
1797,Montgomery,3644,Montgomery Precinct 08-007,2562,1889,1011,1082,3644,1.0,0.7030735455543359,0.2969264544456641,744,0.5183863885839737,0.2774423710208562,0.20417124039517015
1798,Montgomery,4038,Montgomery Precinct 13-068,1615,2068,126,2423,4038,1.0,0.39995047052996535,0.6000495294700346,1844,0.5121347201584943,0.031203566121842496,0.4566617137196632
