,COUNTY,VAP,NAME,WVAP,AG14PD_BFR,AG14PD_ABR,AG14PD_JCA,OVAP,TOT_VOTES,factor,WVAP_pct,OVAP_pct,AG14PDNone,AG14PD_BFR_pct,AG14PD_ABR_pct,AG14PD_JCA_pct,AG14PDNone_pct
424,Baltimore County,2889,Baltimore County Precinct 11-019,2270,145,33,92,619,2889,1,0.7857390100380754,0.21426098996192455,2619,0.05019037729318103,0.01142263759086189,0.031844929041190725,0.9065420560747663
425,Baltimore County,4130,Baltimore County Precinct 14-003,2875,176,41,104,1255,4130,1,0.6961259079903148,0.30387409200968524,3809,0.04261501210653753,0.009927360774818402,0.025181598062953996,0.9222760290556901
426,Baltimore County,1265,Baltimore County Precinct 11-013,891,47,15,36,374,1265,1,0.7043478260869566,0.2956521739130435,1167,0.03715415019762846,0.011857707509881422,0.028458498023715414,0.9225296442687747
427,Baltimore County,3157,Baltimore County Precinct 15-010,2444,129,56,117,713,3157,1,0.774152676591701,0.22584732340829902,2855,0.0408615774469433,0.017738359201773836,0.03706050047513462,0.9043395628761483
428,Baltimore County,5523,Baltimore County Precinct 15-005,2822,294,120,196,2701,5523,1,0.5109541915625566,0.48904580843744344,4913,0.053231939163498096,0.021727322107550243,0.035487959442332066,0.8895527792866196
429,Baltimore County,1411,Baltimore County Precinct 15-009,1311,99,17,65,100,1411,1,0.9291282778171509,0.07087172218284904,1230,0.07016300496102056,0.012048192771084338,0.04606661941885188,0.8717221828490432
430,Baltimore County,6204,Baltimore County Precinct 15-004,4276,134,43,116,1928,6204,1,0.6892327530625403,0.3107672469374597,5911,0.021598968407479047,0.006931012250161186,0.018697614442295292,0.9527724049000644
431,Baltimore County,3736,Baltimore County Precinct 11-012,3099,217,49,122,637,3736,1,0.8294967880085653,0.1705032119914347,3348,0.05808351177730193,0.013115631691648822,0.032655246252676656,0.8961456102783726
432,Baltimore County,2316,Baltimore County Precinct 11-007,1947,284,47,144,369,2316,1,0.8406735751295337,0.15932642487046633,1841,0.1226252158894646,0.020293609671848015,0.06217616580310881,0.7949050086355786
433,Baltimore County,2818,Baltimore County Precinct 11-014,2465,175,22,94,353,2818,1,0.8747338537970192,0.12526614620298085,2527,0.06210078069552875,0.007806955287437899,0.0333569907735983,0.896735273243435
434,Baltimore County,2037,Baltimore County Precinct 11-006,1892,144,18,80,145,2037,1,0.9288168875797742,0.07118311242022582,1795,0.07069219440353461,0.008836524300441826,0.039273441335297005,0.8811978399607265
435,Baltimore County,3470,Baltimore County Precinct 11-022,2749,149,38,93,721,3470,1,0.7922190201729107,0.20778097982708935,3190,0.042939481268011524,0.01095100864553314,0.02680115273775216,0.9193083573487032
436,Baltimore County,2386,Baltimore County Precinct 11-005,1880,124,24,60,506,2386,1,0.787929589270746,0.21207041072925398,2178,0.051969823973176864,0.010058675607711651,0.025146689019279127,0.9128248113998324
437,Baltimore County,4029,Baltimore County Precinct 11-003,3873,242,40,99,156,4029,1,0.9612807148175726,0.0387192851824274,3648,0.06006453214197071,0.009928021841648052,0.024571854058078928,0.9054355919583023
438,Baltimore County,2502,Baltimore County Precinct 11-001,2338,153,15,50,164,2502,1,0.9344524380495604,0.06554756195043965,2284,0.06115107913669065,0.005995203836930456,0.019984012789768184,0.9128697042366107
439,Baltimore County,300,Baltimore County Precinct 10-005,276,25,4,16,24,300,1,0.92,0.08,255,0.08333333333333333,0.013333333333333334,0.05333333333333334,0.85
440,Baltimore County,1364,Baltimore County Precinct 10-003,1284,123,19,41,80,1364,1,0.9413489736070382,0.05865102639296188,1181,0.09017595307917889,0.013929618768328446,0.030058651026392963,0.8658357771260997
442,Baltimore County,3090,Baltimore County Precinct 11-002,2978,192,30,80,112,3090,1,0.9637540453074434,0.036245954692556634,2788,0.062135922330097085,0.009708737864077669,0.025889967637540454,0.9022653721682848
445,Baltimore County,3678,Baltimore County Precinct 15-007,2778,138,44,140,900,3678,1,0.7553017944535073,0.24469820554649266,3356,0.037520391517128875,0.011963023382272975,0.03806416530723219,0.912452419793366
446,Baltimore County,2060,Baltimore County Precinct 15-025,1956,139,40,101,104,2060,1,0.9495145631067962,0.05048543689320388,1780,0.06747572815533981,0.019417475728155338,0.04902912621359223,0.8640776699029126
447,Baltimore County,3091,Baltimore County Precinct 15-008,2496,156,35,94,595,3091,1,0.8075056615981883,0.1924943384018117,2806,0.050469103849886766,0.011323196376577159,0.030410870268521514,0.9077968295050146
448,Baltimore County,2662,Baltimore County Precinct 15-006,2499,165,33,106,163,2662,1,0.9387678437265214,0.06123215627347859,2358,0.06198347107438017,0.012396694214876033,0.039819684447783624,0.8858001502629602
449,Baltimore County,2544,Baltimore County Precinct 11-004,1999,87,19,57,545,2544,1,0.7857704402515723,0.21422955974842767,2381,0.03419811320754717,0.007468553459119497,0.02240566037735849,0.9359276729559748
450,Baltimore County,86,Baltimore County Precinct 11-020,73,10,2,0,13,86,1,0.8488372093023255,0.1511627906976744,74,0.11627906976744186,0.023255813953488372,0.0,0.8604651162790697
560,Baltimore County,3508,Baltimore County Precinct 15-022,3315,239,63,168,193,3508,1,0.9449828962371721,0.05501710376282782,3038,0.06812998859749145,0.01795895096921323,0.04789053591790194,0.8660205245153934
561,Baltimore County,4160,Baltimore County Precinct 15-021,3797,264,56,187,363,4160,1,0.9127403846153846,0.08725961538461538,3653,0.06346153846153846,0.013461538461538462,0.04495192307692308,0.878125
562,Baltimore County,4692,Baltimore County Precinct 15-020,4264,253,59,157,428,4692,1,0.9087809036658141,0.09121909633418585,4223,0.05392156862745098,0.01257459505541347,0.03346121057118499,0.9000426257459505
563,Baltimore County,2809,Baltimore County Precinct 15-015,2416,96,31,78,393,2809,1,0.8600925596297615,0.13990744037023853,2604,0.034175863296546816,0.011035955856176576,0.027767888928444288,0.9270202919188323
564,Baltimore County,1897,Baltimore County Precinct 15-013,1758,109,19,85,139,1897,1,0.926726410121244,0.07327358987875593,1684,0.05745914602003163,0.010015814443858724,0.044807590933052185,0.8877174486030575
565,Baltimore County,2156,Baltimore County Precinct 15-012,1954,132,23,101,202,2156,1,0.9063079777365491,0.09369202226345083,1900,0.061224489795918366,0.010667903525046383,0.046846011131725415,0.8812615955473099
566,Baltimore County,3144,Baltimore County Precinct 15-016,2489,107,25,90,655,3144,1,0.7916666666666666,0.20833333333333334,2922,0.034033078880407124,0.007951653944020356,0.02862595419847328,0.9293893129770993
567,Baltimore County,3506,Baltimore County Precinct 15-017,1421,153,78,137,2085,3506,1,0.40530519110096974,0.5946948088990303,3138,0.043639475185396466,0.022247575584711923,0.03907586993725043,0.8950370792926412
568,Baltimore County,5453,Baltimore County Precinct 15-023,1748,129,67,127,3705,5453,1,0.3205574912891986,0.6794425087108014,5130,0.02365670273244086,0.012286814597469282,0.023289932147441777,0.9407665505226481
569,Baltimore County,975,Baltimore County Precinct 15-024,813,58,14,30,162,975,1,0.8338461538461538,0.16615384615384615,873,0.059487179487179485,0.014358974358974359,0.03076923076923077,0.8953846153846153
570,Baltimore County,2919,Baltimore County Precinct 15-018,2086,147,36,76,833,2919,1,0.7146282973621103,0.2853717026378897,2660,0.050359712230215826,0.012332990750256937,0.02603631380609798,0.9112709832134293
571,Baltimore County,3443,Baltimore County Precinct 15-019,3220,220,41,118,223,3443,1,0.9352309032820215,0.06476909671797851,3064,0.06389776357827476,0.011908219575951205,0.03427243682834737,0.8899215800174267
572,Baltimore County,1739,Baltimore County Precinct 15-026,1696,153,18,65,43,1739,1,0.9752731454859115,0.024726854514088556,1503,0.08798159861989649,0.010350776308223116,0.03737780333525014,0.8642898217366303
573,Baltimore County,2441,Baltimore County Precinct 12-012,2188,124,25,86,253,2441,1,0.8963539532978287,0.10364604670217124,2206,0.050798852929127405,0.010241704219582138,0.035231462515362556,0.9037279803359279
577,Baltimore County,2668,Baltimore County Precinct 12-010,2310,132,49,107,358,2668,1,0.8658170914542729,0.13418290854572715,2380,0.049475262368815595,0.018365817091454274,0.04010494752623688,0.8920539730134932
578,Baltimore County,2639,Baltimore County Precinct 12-008,2315,120,18,101,324,2639,1,0.8772262220538083,0.12277377794619174,2400,0.045471769609700646,0.006820765441455097,0.038272072754831375,0.9094353921940129
579,Baltimore County,3982,Baltimore County Precinct 12-003,3387,175,42,120,595,3982,1,0.8505775991963838,0.14942240080361627,3645,0.04394776494224008,0.01054746358613762,0.030135610246107485,0.9153691612255148
580,Baltimore County,3256,Baltimore County Precinct 12-002,2763,154,30,88,493,3256,1,0.8485872235872236,0.15141277641277642,2984,0.0472972972972973,0.009213759213759214,0.02702702702702703,0.9164619164619164
587,Baltimore County,2846,Baltimore County Precinct 12-001,2343,112,25,82,503,2846,1,0.8232607167955025,0.17673928320449753,2627,0.03935347856640899,0.008784258608573436,0.02881236823612087,0.9230498945888967
588,Baltimore County,4204,Baltimore County Precinct 12-007,3764,216,47,126,440,4204,1,0.8953377735490009,0.10466222645099905,3815,0.05137963843958135,0.011179828734538535,0.029971455756422453,0.9074690770694577
589,Baltimore County,3540,Baltimore County Precinct 12-006,2774,116,48,101,766,3540,1,0.7836158192090396,0.21638418079096045,3275,0.0327683615819209,0.013559322033898305,0.028531073446327684,0.9251412429378532
590,Baltimore County,3308,Baltimore County Precinct 12-005,2994,151,31,121,314,3308,1,0.9050785973397824,0.09492140266021766,3005,0.04564691656590085,0.009371221281741234,0.03657799274486094,0.908403869407497
591,Baltimore County,4898,Baltimore County Precinct 12-004,4398,213,55,138,500,4898,1,0.897917517354022,0.10208248264597795,4492,0.04348713760718661,0.011229073091057574,0.028174765210289915,0.9171090240914659
592,Baltimore County,2424,Baltimore County Precinct 15-001,1845,68,23,67,579,2424,1,0.7611386138613861,0.23886138613861385,2266,0.028052805280528052,0.009488448844884489,0.02764026402640264,0.9348184818481848
593,Baltimore County,3263,Baltimore County Precinct 15-002,2829,133,43,95,434,3263,1,0.8669935642047196,0.1330064357952804,2992,0.04076003677597303,0.013178057002758198,0.02911431198283788,0.9169475942384309
594,Baltimore County,1177,Baltimore County Precinct 15-014,1054,42,13,26,123,1177,1,0.8954970263381479,0.10450297366185217,1096,0.0356839422259983,0.011045029736618521,0.022090059473237042,0.9311809685641461
611,Baltimore County,1456,Baltimore County Precinct 12-009,1157,47,15,36,299,1456,1,0.7946428571428571,0.20535714285714285,1358,0.032280219780219783,0.010302197802197802,0.024725274725274724,0.9326923076923077
612,Baltimore County,4122,Baltimore County Precinct 12-011,3270,181,42,104,852,4122,1,0.7933042212518195,0.2066957787481805,3795,0.04391072295002426,0.010189228529839884,0.025230470645317808,0.9206695778748181
613,Baltimore County,1905,Baltimore County Precinct 12-013,167,95,46,122,1738,1905,1,0.08766404199475065,0.9123359580052494,1642,0.049868766404199474,0.024146981627296588,0.06404199475065617,0.8619422572178478
796,Baltimore County,1239,Baltimore County Precinct 13-006,980,41,14,29,259,1239,1,0.7909604519774012,0.20903954802259886,1155,0.033091202582728005,0.011299435028248588,0.023405972558514933,0.9322033898305084
797,Baltimore County,2979,Baltimore County Precinct 13-007,1367,78,29,65,1612,2979,1,0.4588788183954347,0.5411211816045652,2807,0.026183282980866064,0.009734810339039947,0.02181940248405505,0.942262504196039
798,Baltimore County,5380,Baltimore County Precinct 13-009,3849,155,46,131,1531,5380,1,0.7154275092936803,0.2845724907063197,5048,0.028810408921933085,0.008550185873605948,0.024349442379182157,0.9382899628252788
804,Baltimore County,2262,Baltimore County Precinct 13-008,1953,93,21,71,309,2262,1,0.863395225464191,0.13660477453580902,2077,0.04111405835543767,0.009283819628647215,0.03138815207780725,0.9182139699381079
823,Baltimore County,2920,Baltimore County Precinct 14-011,1954,127,46,115,966,2920,1,0.6691780821917809,0.3308219178082192,2632,0.04349315068493151,0.015753424657534248,0.039383561643835614,0.9013698630136986
824,Baltimore County,2766,Baltimore County Precinct 14-007,2061,158,44,106,705,2766,1,0.745119305856833,0.25488069414316705,2458,0.05712219812002892,0.015907447577729574,0.038322487346348515,0.888647866955893
825,Baltimore County,3521,Baltimore County Precinct 14-008,1352,245,100,173,2169,3521,1,0.38398182334564046,0.6160181766543595,3003,0.06958250497017893,0.028401022436807723,0.04913376881567737,0.852882703777336
829,Baltimore County,4086,Baltimore County Precinct 09-022,3162,253,61,149,924,4086,1,0.7738619676945668,0.2261380323054332,3623,0.06191874694077337,0.0149290259422418,0.036465981399902106,0.8866862457170828
830,Baltimore County,2181,Baltimore County Precinct 14-012,1973,183,29,86,208,2181,1,0.9046309032553874,0.09536909674461257,1883,0.08390646492434663,0.013296652911508482,0.03943145346171481,0.86336542870243
831,Baltimore County,723,Baltimore County Precinct 14-014,485,44,11,25,238,723,1,0.6708160442600276,0.32918395573997233,643,0.06085753803596127,0.015214384508990318,0.034578146611341634,0.8893499308437067
832,Baltimore County,3444,Baltimore County Precinct 14-006,2936,251,57,192,508,3444,1,0.8524970963995354,0.14750290360046459,2944,0.07288037166085946,0.016550522648083623,0.05574912891986063,0.8548199767711963
833,Baltimore County,2262,Baltimore County Precinct 14-001,2044,180,31,100,218,2262,1,0.9036251105216623,0.09637488947833775,1951,0.07957559681697612,0.013704686118479222,0.04420866489832007,0.8625110521662246
834,Baltimore County,2561,Baltimore County Precinct 14-010,1869,199,66,116,692,2561,1,0.7297930495900039,0.2702069504099961,2180,0.07770402186645842,0.025771183131589222,0.04529480671612651,0.8512299882858259
835,Baltimore County,4471,Baltimore County Precinct 14-009,1738,225,87,162,2733,4471,1,0.38872735405949455,0.6112726459405055,3997,0.05032431223439946,0.01945873406396779,0.036233504808767615,0.8939834488928652
836,Baltimore County,1191,Baltimore County Precinct 14-005,540,25,12,22,651,1191,1,0.4534005037783375,0.5465994962216625,1132,0.020990764063811923,0.010075566750629723,0.018471872376154493,0.9504617968094039
837,Baltimore County,2619,Baltimore County Precinct 11-016,1527,50,24,48,1092,2619,1,0.5830469644902635,0.41695303550973656,2497,0.019091256204658267,0.009163802978235968,0.018327605956471937,0.9534173348606338
838,Baltimore County,4063,Baltimore County Precinct 14-002,2593,231,67,171,1470,4063,1,0.6381983755845434,0.36180162441545655,3594,0.056854540979571745,0.016490278119616047,0.042087127738124536,0.8845680531626877
839,Baltimore County,3933,Baltimore County Precinct 11-011,2948,201,45,115,985,3933,1,0.7495550470378846,0.25044495296211544,3572,0.05110602593440122,0.011441647597254004,0.029239766081871343,0.9082125603864735
840,Baltimore County,3413,Baltimore County Precinct 09-023,2320,224,53,112,1093,3413,1,0.6797538822150601,0.32024611778493994,3024,0.06563140931731615,0.015528860240257838,0.032815704658658074,0.8860240257837679
841,Baltimore County,2956,Baltimore County Precinct 09-025,2214,178,34,97,742,2956,1,0.7489851150202977,0.2510148849797023,2647,0.060216508795669824,0.011502029769959404,0.032814614343707714,0.895466847090663
842,Baltimore County,2895,Baltimore County Precinct 11-009,2192,129,36,110,703,2895,1,0.7571675302245251,0.24283246977547496,2620,0.04455958549222798,0.012435233160621761,0.037996545768566495,0.9050086355785838
843,Baltimore County,3895,Baltimore County Precinct 09-024,3019,347,47,133,876,3895,1,0.7750962772785622,0.22490372272143774,3368,0.08908857509627728,0.012066752246469832,0.03414634146341464,0.8646983311938382
844,Baltimore County,3694,Baltimore County Precinct 11-015,3631,308,29,123,63,3694,1,0.9829453167298322,0.01705468327016784,3234,0.08337845154304277,0.00785056848944234,0.033297238765565784,0.8754737412019491
845,Baltimore County,731,Baltimore County Precinct 11-021,560,31,7,25,171,731,1,0.7660738714090287,0.23392612859097128,668,0.04240766073871409,0.009575923392612859,0.03419972640218878,0.9138166894664843
846,Baltimore County,2824,Baltimore County Precinct 11-008,2388,124,28,62,436,2824,1,0.8456090651558074,0.15439093484419264,2610,0.043909348441926344,0.009915014164305949,0.021954674220963172,0.9242209631728046
847,Baltimore County,3720,Baltimore County Precinct 11-010,2780,163,45,118,940,3720,1,0.7473118279569892,0.25268817204301075,3394,0.04381720430107527,0.012096774193548387,0.031720430107526884,0.9123655913978495
848,Baltimore County,1942,Baltimore County Precinct 11-018,1553,39,7,20,389,1942,1,0.7996910401647785,0.20030895983522143,1876,0.02008238928939238,0.003604531410916581,0.010298661174047374,0.9660144181256437
849,Baltimore County,3460,Baltimore County Precinct 11-017,2820,213,42,108,640,3460,1,0.815028901734104,0.18497109826589594,3097,0.061560693641618494,0.012138728323699421,0.03121387283236994,0.8950867052023121
850,Baltimore County,2630,Baltimore County Precinct 15-003,2325,142,28,90,305,2630,1,0.8840304182509505,0.11596958174904944,2370,0.05399239543726236,0.01064638783269962,0.034220532319391636,0.9011406844106464
851,Baltimore County,3634,Baltimore County Precinct 14-013,1814,108,32,75,1820,3634,1,0.4991744634012108,0.5008255365987893,3419,0.02971931755641167,0.008805723720418272,0.020638414969730325,0.9408365437534397
852,Baltimore County,3333,Baltimore County Precinct 15-011,2680,121,49,105,653,3333,1,0.804080408040804,0.19591959195919592,3058,0.036303630363036306,0.014701470147014702,0.0315031503150315,0.9174917491749175
853,Baltimore County,343,Baltimore County Precinct 14-004,274,29,3,12,69,343,1,0.7988338192419825,0.20116618075801748,299,0.08454810495626822,0.008746355685131196,0.03498542274052478,0.8717201166180758
965,Baltimore County,3555,Baltimore County Precinct 08-011,2068,111,19,40,1487,3555,1,0.5817158931082982,0.4182841068917018,3385,0.031223628691983123,0.005344585091420534,0.011251758087201125,0.9521800281293952
966,Baltimore County,2505,Baltimore County Precinct 08-006,1379,174,74,135,1126,2505,1,0.550499001996008,0.449500998003992,2122,0.06946107784431138,0.029540918163672655,0.05389221556886228,0.8471057884231536
967,Baltimore County,1757,Baltimore County Precinct 08-003,1549,145,25,60,208,1757,1,0.8816163915765509,0.11838360842344905,1527,0.08252703471826978,0.014228799089356859,0.03414911781445646,0.869095048377917
968,Baltimore County,2017,Baltimore County Precinct 08-022,1757,216,19,70,260,2017,1,0.8710956866633615,0.12890431333663857,1712,0.10708973723351513,0.009419930589985127,0.03470500743678731,0.8487853247397125
969,Baltimore County,2489,Baltimore County Precinct 08-001,2208,186,23,77,281,2489,1,0.8871032543190036,0.11289674568099639,2203,0.07472880674969867,0.009240658899156288,0.030936118923262354,0.8850944154278827
970,Baltimore County,1888,Baltimore County Precinct 08-025,1659,101,17,48,229,1888,1,0.878707627118644,0.12129237288135593,1722,0.05349576271186441,0.009004237288135594,0.025423728813559324,0.9120762711864406
971,Baltimore County,2437,Baltimore County Precinct 08-004,2117,212,36,87,320,2437,1,0.8686910135412392,0.13130898645876077,2102,0.08699220352892902,0.014772260976610586,0.035699630693475586,0.8625359048009849
972,Baltimore County,1477,Baltimore County Precinct 10-002,1372,107,14,49,105,1477,1,0.9289099526066351,0.07109004739336493,1307,0.07244414353419093,0.009478672985781991,0.03317535545023697,0.8849018280297901
973,Baltimore County,1876,Baltimore County Precinct 10-004,1797,130,21,48,79,1876,1,0.9578891257995735,0.04211087420042644,1677,0.06929637526652452,0.011194029850746268,0.0255863539445629,0.8939232409381663
974,Baltimore County,3018,Baltimore County Precinct 10-001,2857,179,23,66,161,3018,1,0.9466534128561962,0.053346587143803845,2750,0.05931080185553347,0.007620941020543406,0.02186878727634195,0.9111994698475812
975,Baltimore County,3508,Baltimore County Precinct 05-001,3315,155,40,70,193,3508,1,0.9449828962371721,0.05501710376282782,3243,0.04418472063854048,0.011402508551881414,0.019954389965792473,0.9244583808437856
976,Baltimore County,1975,Baltimore County Precinct 06-001,1875,94,30,43,100,1975,1,0.9493670886075949,0.05063291139240506,1808,0.04759493670886076,0.015189873417721518,0.021772151898734177,0.9154430379746835
977,Baltimore County,2338,Baltimore County Precinct 06-002,2220,135,22,64,118,2338,1,0.9495295124037639,0.0504704875962361,2117,0.057741659538066724,0.009409751924721984,0.02737382378100941,0.9054747647562019
978,Baltimore County,2472,Baltimore County Precinct 07-003,2274,177,23,71,198,2472,1,0.9199029126213593,0.08009708737864078,2201,0.07160194174757281,0.0093042071197411,0.02872168284789644,0.8903721682847896
979,Baltimore County,1071,Baltimore County Precinct 07-002,1032,78,8,31,39,1071,1,0.9635854341736695,0.036414565826330535,954,0.07282913165266107,0.007469654528478058,0.028944911297852476,0.8907563025210085
980,Baltimore County,3153,Baltimore County Precinct 07-001,2987,157,34,87,166,3153,1,0.9473517285125278,0.05264827148747225,2875,0.04979384712971773,0.01078338090707263,0.02759276879162702,0.9118300031715826
989,Baltimore County,3836,Baltimore County Precinct 09-020,464,206,102,151,3372,3836,1,0.12095933263816476,0.8790406673618353,3377,0.053701772679874867,0.026590198123044837,0.039363920750782065,0.8803441084462982
990,Baltimore County,2342,Baltimore County Precinct 09-028,897,135,58,110,1445,2342,1,0.38300597779675494,0.6169940222032451,2039,0.057643040136635355,0.024765157984628524,0.04696840307429547,0.8706233988044406
991,Baltimore County,2528,Baltimore County Precinct 09-019,1774,165,52,104,754,2528,1,0.7017405063291139,0.29825949367088606,2207,0.06526898734177215,0.020569620253164556,0.04113924050632911,0.8730221518987342
996,Baltimore County,3661,Baltimore County Precinct 09-021,3095,228,58,163,566,3661,1,0.8453974323955203,0.15460256760447966,3212,0.06227806610215788,0.015842665938268233,0.04452335427478831,0.8773559136847856
997,Baltimore County,2909,Baltimore County Precinct 09-029,2172,33,10,21,737,2909,1,0.7466483327603988,0.25335166723960123,2845,0.011344104503265727,0.0034376074252320385,0.007218975592987281,0.9779993124785149
998,Baltimore County,2194,Baltimore County Precinct 09-012,1804,200,24,73,390,2194,1,0.8222424794895169,0.17775752051048313,1897,0.09115770282588878,0.010938924339106655,0.033272561531449404,0.8646308113035551
999,Baltimore County,2160,Baltimore County Precinct 09-007,1829,192,35,90,331,2160,1,0.8467592592592592,0.15324074074074073,1843,0.08888888888888889,0.016203703703703703,0.041666666666666664,0.8532407407407407
1000,Baltimore County,2993,Baltimore County Precinct 09-011,2118,201,39,116,875,2993,1,0.707651186100902,0.2923488138990979,2637,0.06715669896424992,0.013030404276645506,0.03875709989976612,0.8810557968593384
1001,Baltimore County,5056,Baltimore County Precinct 09-010,3865,421,69,186,1191,5056,1,0.7644382911392406,0.2355617088607595,4380,0.08326740506329114,0.013647151898734177,0.036787974683544306,0.8662974683544303
1002,Baltimore County,1644,Baltimore County Precinct 08-015,1440,186,18,78,204,1644,1,0.8759124087591241,0.12408759124087591,1362,0.11313868613138686,0.010948905109489052,0.04744525547445255,0.8284671532846716
1003,Baltimore County,1925,Baltimore County Precinct 08-014,1650,149,25,46,275,1925,1,0.8571428571428571,0.14285714285714285,1705,0.0774025974025974,0.012987012987012988,0.023896103896103898,0.8857142857142857
1004,Baltimore County,2163,Baltimore County Precinct 08-012,1905,279,28,95,258,2163,1,0.8807212205270458,0.11927877947295423,1761,0.1289875173370319,0.012944983818770227,0.043920480813684694,0.8141470180305131
1005,Baltimore County,5466,Baltimore County Precinct 08-005,3011,83,7,24,2455,5466,1,0.5508598609586535,0.44914013904134653,5352,0.015184778631540432,0.0012806439809732895,0.0043907793633369925,0.9791437980241493
1006,Baltimore County,1075,Baltimore County Precinct 09-016,915,102,21,48,160,1075,1,0.8511627906976744,0.14883720930232558,904,0.09488372093023256,0.01953488372093023,0.044651162790697675,0.8409302325581396
1007,Baltimore County,1627,Baltimore County Precinct 09-017,1118,98,28,56,509,1627,1,0.6871542716656422,0.3128457283343577,1445,0.06023355869698832,0.017209588199139522,0.034419176398279044,0.8881376767055931
1008,Baltimore County,26,Baltimore County Precinct 09-027,20,2,0,0,6,26,1,0.7692307692307693,0.23076923076923078,24,0.07692307692307693,0.0,0.0,0.9230769230769231
1009,Baltimore County,2576,Baltimore County Precinct 09-018,1975,141,49,93,601,2576,1,0.7666925465838509,0.23330745341614906,2293,0.054736024844720496,0.019021739130434784,0.03610248447204969,0.890139751552795
1010,Baltimore County,1631,Baltimore County Precinct 09-009,1412,210,17,63,219,1631,1,0.8657265481299816,0.1342734518700184,1341,0.12875536480686695,0.010423053341508276,0.03862660944206009,0.8221949724095647
1011,Baltimore County,1132,Baltimore County Precinct 09-026,975,112,24,38,157,1132,1,0.8613074204946997,0.13869257950530034,958,0.0989399293286219,0.02120141342756184,0.03356890459363958,0.8462897526501767
1012,Baltimore County,1592,Baltimore County Precinct 09-008,1465,211,23,60,127,1592,1,0.9202261306532663,0.07977386934673367,1298,0.13253768844221106,0.014447236180904523,0.03768844221105527,0.8153266331658291
1013,Baltimore County,2194,Baltimore County Precinct 08-007,1336,128,38,82,858,2194,1,0.6089334548769371,0.3910665451230629,1946,0.05834092980856882,0.01731996353691887,0.037374658158614404,0.886964448495898
1021,Baltimore County,3216,Baltimore County Precinct 09-003,2807,417,52,153,409,3216,1,0.8728233830845771,0.1271766169154229,2594,0.1296641791044776,0.01616915422885572,0.04757462686567164,0.806592039800995
1022,Baltimore County,3358,Baltimore County Precinct 03-008,2894,460,42,236,464,3358,1,0.8618225134008338,0.13817748659916618,2620,0.136986301369863,0.012507444907683145,0.07027992852888625,0.7802263251935676
1023,Baltimore County,2600,Baltimore County Precinct 09-001,2400,304,35,101,200,2600,1,0.9230769230769231,0.07692307692307693,2160,0.11692307692307692,0.013461538461538462,0.03884615384615384,0.8307692307692308
1024,Baltimore County,2246,Baltimore County Precinct 08-017,2079,221,24,85,167,2246,1,0.9256455921638468,0.07435440783615316,1916,0.09839715048975957,0.01068566340160285,0.03784505788067676,0.8530721282279609
1025,Baltimore County,879,Baltimore County Precinct 08-018,784,107,9,50,95,879,1,0.8919226393629124,0.1080773606370876,713,0.1217292377701934,0.010238907849829351,0.05688282138794084,0.8111490329920364
1026,Baltimore County,2530,Baltimore County Precinct 08-019,2247,212,26,87,283,2530,1,0.8881422924901186,0.11185770750988143,2205,0.08379446640316206,0.010276679841897233,0.03438735177865613,0.8715415019762845
1027,Baltimore County,2751,Baltimore County Precinct 08-009,2153,257,30,110,598,2751,1,0.7826245001817521,0.2173754998182479,2354,0.09342057433660488,0.010905125408942203,0.039985459832788076,0.8556888404216648
1028,Baltimore County,2173,Baltimore County Precinct 08-010,1965,207,25,71,208,2173,1,0.9042797975149562,0.09572020248504372,1870,0.09526000920386563,0.01150483202945237,0.03267372296364473,0.8605614358030372
1029,Baltimore County,1707,Baltimore County Precinct 08-020,1487,109,15,42,220,1707,1,0.8711189220855302,0.12888107791446984,1541,0.0638547158758055,0.008787346221441126,0.02460456942003515,0.9027533684827183
1030,Baltimore County,1541,Baltimore County Precinct 09-002,1463,172,18,55,78,1541,1,0.9493835171966256,0.050616482803374434,1296,0.11161583387410773,0.011680726800778715,0.035691109669046074,0.8410123296560675
1031,Baltimore County,4116,Baltimore County Precinct 09-004,3440,182,24,86,676,4116,1,0.8357628765792031,0.16423712342079688,3824,0.04421768707482993,0.0058309037900874635,0.02089407191448008,0.9290573372206026
1032,Baltimore County,3650,Baltimore County Precinct 09-005,3293,396,36,117,357,3650,1,0.9021917808219178,0.09780821917808219,3101,0.10849315068493151,0.009863013698630137,0.03205479452054794,0.8495890410958904
1033,Baltimore County,6430,Baltimore County Precinct 09-006,4497,80,17,42,1933,6430,1,0.6993779160186625,0.3006220839813375,6291,0.012441679626749611,0.0026438569206842922,0.006531881804043546,0.9783825816485225
1034,Baltimore County,621,Baltimore County Precinct 08-016,526,97,23,36,95,621,1,0.8470209339774557,0.1529790660225443,465,0.15619967793880837,0.037037037037037035,0.057971014492753624,0.748792270531401
1035,Baltimore County,2667,Baltimore County Precinct 08-013,2348,228,46,116,319,2667,1,0.880389951256093,0.11961004874390702,2277,0.08548931383577053,0.01724784401949756,0.04349456317960255,0.8537682789651294
1058,Baltimore County,2581,Baltimore County Precinct 09-014,1807,305,46,143,774,2581,1,0.7001162340178225,0.2998837659821775,2087,0.11817125145292522,0.017822549399457575,0.055404881828748545,0.8086013173188686
1059,Baltimore County,2145,Baltimore County Precinct 09-013,2025,360,36,96,120,2145,1,0.9440559440559441,0.055944055944055944,1653,0.16783216783216784,0.016783216783216783,0.044755244755244755,0.7706293706293706
1065,Baltimore County,3415,Baltimore County Precinct 09-015,1933,255,63,107,1482,3415,1,0.5660322108345535,0.43396778916544654,2990,0.0746705710102489,0.018448023426061493,0.03133235724743778,0.8755490483162518
1093,Baltimore County,4060,Baltimore County Precinct 03-009,2908,416,56,258,1152,4060,1,0.716256157635468,0.28374384236453204,3330,0.10246305418719212,0.013793103448275862,0.06354679802955665,0.8201970443349754
1138,Baltimore County,2293,Baltimore County Precinct 02-005,122,209,105,177,2171,2293,1,0.053205407762756216,0.9467945922372438,1802,0.09114696903619712,0.045791539467945924,0.07719145224596598,0.785870039249891
1139,Baltimore County,2631,Baltimore County Precinct 02-009,196,142,98,124,2435,2631,1,0.07449638920562524,0.9255036107943747,2267,0.05397187381223869,0.03724819460281262,0.04713036868110984,0.8616495629038389
1140,Baltimore County,3860,Baltimore County Precinct 02-014,432,290,161,250,3428,3860,1,0.11191709844559586,0.8880829015544042,3159,0.07512953367875648,0.04170984455958549,0.06476683937823834,0.8183937823834196
1141,Baltimore County,578,Baltimore County Precinct 02-025,458,179,24,71,120,578,1,0.7923875432525952,0.20761245674740483,304,0.3096885813148789,0.04152249134948097,0.12283737024221453,0.5259515570934256
1142,Baltimore County,398,Baltimore County Precinct 02-028,16,16,12,14,382,398,1,0.04020100502512563,0.9597989949748744,356,0.04020100502512563,0.03015075376884422,0.035175879396984924,0.8944723618090452
1143,Baltimore County,2934,Baltimore County Precinct 02-007,310,153,92,187,2624,2934,1,0.1056578050443081,0.8943421949556919,2502,0.05214723926380368,0.03135650988411725,0.06373551465576005,0.852760736196319
1144,Baltimore County,532,Baltimore County Precinct 02-023,170,51,20,47,362,532,1,0.31954887218045114,0.6804511278195489,414,0.09586466165413533,0.03759398496240601,0.08834586466165413,0.7781954887218046
1145,Baltimore County,2750,Baltimore County Precinct 02-008,424,274,150,247,2326,2750,1,0.15418181818181817,0.8458181818181818,2079,0.09963636363636363,0.05454545454545454,0.08981818181818182,0.756
1146,Baltimore County,1761,Baltimore County Precinct 03-014,1271,134,20,176,490,1761,1,0.7217490062464509,0.2782509937535491,1431,0.0760931289040318,0.011357183418512209,0.09994321408290743,0.8126064735945485
1147,Baltimore County,3988,Baltimore County Precinct 02-029,1361,190,82,166,2627,3988,1,0.34127382146439317,0.6587261785356068,3550,0.047642928786359076,0.020561685055165497,0.04162487462387161,0.8901705115346038
1148,Baltimore County,2503,Baltimore County Precinct 02-026,1337,178,58,150,1166,2503,1,0.5341590091889732,0.46584099081102676,2117,0.07111466240511387,0.02317219336795845,0.05992808629644426,0.8457850579304834
1149,Baltimore County,4357,Baltimore County Precinct 04-001,2178,179,82,170,2179,4357,1,0.4998852421390865,0.5001147578609135,3926,0.04108331420702318,0.018820289189809502,0.039017672710580674,0.9010787238925867
1150,Baltimore County,4438,Baltimore County Precinct 02-015,1185,254,168,248,3253,4438,1,0.26701216764308244,0.7329878323569176,3768,0.05723298783235692,0.03785488958990536,0.0558810274898603,0.8490310950878774
1151,Baltimore County,4253,Baltimore County Precinct 04-002,1859,213,88,199,2394,4253,1,0.4371032212555843,0.5628967787444157,3753,0.050082294850693626,0.020691276745826475,0.04679050082294851,0.8824359275805314
1152,Baltimore County,6218,Baltimore County Precinct 04-014,2105,135,60,129,4113,6218,1,0.3385332904470891,0.6614667095529109,5894,0.021711161145062722,0.00964940495336121,0.0207462206497266,0.9478932132518495
1153,Baltimore County,2859,Baltimore County Precinct 03-012,1558,149,41,123,1301,2859,1,0.5449457852395942,0.45505421476040575,2546,0.05211612451906261,0.014340678558936691,0.04302203567681007,0.8905211612451907
1154,Baltimore County,3010,Baltimore County Precinct 04-003,2691,369,41,298,319,3010,1,0.8940199335548172,0.10598006644518272,2302,0.12259136212624584,0.01362126245847176,0.09900332225913622,0.7647840531561462
1155,Baltimore County,3867,Baltimore County Precinct 02-002,159,286,141,178,3708,3867,1,0.041117145073700546,0.9588828549262994,3262,0.073959141453323,0.03646237393328161,0.04603051461080941,0.843547970002586
1156,Baltimore County,3676,Baltimore County Precinct 02-004,165,257,117,189,3511,3676,1,0.04488574537540805,0.955114254624592,3113,0.06991294885745375,0.031828073993471165,0.051414581066376495,0.8468443960826986
1157,Baltimore County,1730,Baltimore County Precinct 02-001,101,192,106,141,1629,1730,1,0.05838150289017341,0.9416184971098266,1291,0.11098265895953757,0.06127167630057803,0.0815028901734104,0.746242774566474
1158,Baltimore County,3654,Baltimore County Precinct 03-001,569,365,168,245,3085,3654,1,0.15571975916803504,0.844280240831965,2876,0.09989053092501368,0.04597701149425287,0.06704980842911877,0.7870826491516146
1159,Baltimore County,1886,Baltimore County Precinct 03-004,949,172,65,127,937,1886,1,0.5031813361611877,0.4968186638388123,1522,0.0911983032873807,0.0344644750795334,0.06733828207847296,0.806998939554613
1160,Baltimore County,2455,Baltimore County Precinct 03-003,535,268,124,189,1920,2455,1,0.21792260692464357,0.7820773930753564,1874,0.10916496945010183,0.0505091649694501,0.0769857433808554,0.7633401221995927
1161,Baltimore County,3558,Baltimore County Precinct 03-005,2386,334,68,259,1172,3558,1,0.670601461495222,0.32939853850477796,2897,0.09387296233839236,0.01911186059584036,0.07279370432827431,0.814221472737493
1162,Baltimore County,2978,Baltimore County Precinct 03-002,1405,249,76,256,1573,2978,1,0.4717931497649429,0.5282068502350571,2397,0.08361316319677636,0.02552048354600403,0.08596373404969779,0.8049026192075218
1171,Baltimore County,1541,Baltimore County Precinct 02-019,893,71,46,46,648,1541,1,0.5794938351719663,0.42050616482803377,1378,0.046073977936404935,0.029850746268656716,0.029850746268656716,0.8942245295262816
1172,Baltimore County,1285,Baltimore County Precinct 02-018,223,133,90,99,1062,1285,1,0.1735408560311284,0.8264591439688715,963,0.10350194552529182,0.07003891050583658,0.07704280155642024,0.7494163424124514
1173,Baltimore County,37,Baltimore County Precinct 02-022,11,5,1,2,26,37,1,0.2972972972972973,0.7027027027027027,29,0.13513513513513514,0.02702702702702703,0.05405405405405406,0.7837837837837838
1174,Baltimore County,823,Baltimore County Precinct 02-020,304,75,54,42,519,823,1,0.36938031591737547,0.6306196840826246,652,0.0911300121506683,0.06561360874848117,0.05103280680437424,0.7922235722964763
1175,Baltimore County,4946,Baltimore County Precinct 02-012,664,264,196,222,4282,4946,1,0.13424989890820865,0.8657501010917914,4264,0.05337646583097452,0.03962798220784472,0.044884755357864944,0.8621107966033158
1176,Baltimore County,2695,Baltimore County Precinct 02-024,283,195,137,165,2412,2695,1,0.10500927643784787,0.8949907235621521,2198,0.07235621521335807,0.05083487940630798,0.061224489795918366,0.8155844155844156
1177,Baltimore County,1072,Baltimore County Precinct 02-021,779,70,22,53,293,1072,1,0.726679104477612,0.2733208955223881,927,0.06529850746268656,0.020522388059701493,0.049440298507462684,0.8647388059701493
1178,Baltimore County,2206,Baltimore County Precinct 02-027,459,169,120,157,1747,2206,1,0.20806890299184044,0.7919310970081596,1760,0.07660924750679964,0.05439709882139619,0.07116953762466002,0.7978241160471442
1179,Baltimore County,2794,Baltimore County Precinct 04-012,1642,314,113,253,1152,2794,1,0.5876879026485325,0.41231209735146745,2114,0.11238367931281316,0.04044380816034359,0.09055118110236221,0.7566213314244811
1180,Baltimore County,3497,Baltimore County Precinct 04-006,2072,125,43,135,1425,3497,1,0.5925078638833285,0.40749213611667146,3194,0.03574492422076065,0.012296253931941665,0.0386045181584215,0.9133543036888762
1183,Baltimore County,4554,Baltimore County Precinct 04-007,2661,253,72,176,1893,4554,1,0.5843214756258235,0.4156785243741766,4053,0.05555555555555555,0.015810276679841896,0.03864734299516908,0.8899868247694335
1184,Baltimore County,2479,Baltimore County Precinct 04-010,1427,109,39,93,1052,2479,1,0.5756353368293666,0.4243646631706333,2238,0.043969342476805166,0.01573215006050827,0.03751512706736587,0.9027833803953207
1185,Baltimore County,4026,Baltimore County Precinct 04-008,3005,280,52,169,1021,4026,1,0.7463984103328366,0.25360158966716345,3525,0.06954793840039741,0.012916045702930949,0.04197714853452558,0.875558867362146
1186,Baltimore County,1997,Baltimore County Precinct 04-009,1790,125,21,51,207,1997,1,0.8963445167751627,0.10365548322483725,1800,0.06259389083625438,0.010515773660490736,0.02553830746119179,0.901352028042063
1194,Baltimore County,5767,Baltimore County Precinct 02-011,1008,221,130,195,4759,5767,1,0.17478758453268597,0.825212415467314,5221,0.03832148430726547,0.022542049592509102,0.03381307438876366,0.9053233917114618
1195,Baltimore County,4341,Baltimore County Precinct 02-010,384,262,180,296,3957,4341,1,0.0884588804422944,0.9115411195577056,3603,0.06035475696844045,0.0414651002073255,0.0681870536742686,0.8299930891499654
1196,Baltimore County,3194,Baltimore County Precinct 02-017,337,193,133,179,2857,3194,1,0.10551033187226048,0.8944896681277396,2689,0.0604257983719474,0.04164057608015028,0.05604257983719474,0.8418910457107076
1197,Baltimore County,1512,Baltimore County Precinct 02-016,259,130,83,110,1253,1512,1,0.1712962962962963,0.8287037037037037,1189,0.08597883597883597,0.05489417989417989,0.07275132275132275,0.7863756613756614
1198,Baltimore County,3573,Baltimore County Precinct 02-013,562,269,157,238,3011,3573,1,0.15729079205149735,0.8427092079485027,2909,0.07528687377553876,0.04394066610691296,0.06661069129582983,0.8141617688217184
1199,Baltimore County,3132,Baltimore County Precinct 02-003,421,34,27,19,2711,3132,1,0.13441890166028098,0.8655810983397191,3052,0.010855683269476373,0.008620689655172414,0.006066411238825032,0.9744572158365262
1200,Baltimore County,3378,Baltimore County Precinct 02-006,350,245,117,230,3028,3378,1,0.10361160449970397,0.896388395500296,2786,0.07252812314979278,0.03463587921847247,0.06808762581409118,0.8247483718176436
1350,Baltimore County,4946,Baltimore County Precinct 01-017,607,256,166,215,4339,4946,1,0.12272543469470279,0.8772745653052972,4309,0.05175899716942984,0.03356247472705216,0.04346947027901334,0.8712090578245046
1351,Baltimore County,3184,Baltimore County Precinct 01-012,2973,313,47,89,211,3184,1,0.9337311557788944,0.06626884422110553,2735,0.09830402010050251,0.014761306532663316,0.027952261306532663,0.8589824120603015
1352,Baltimore County,2703,Baltimore County Precinct 01-011,2226,237,37,97,477,2703,1,0.8235294117647058,0.17647058823529413,2332,0.0876803551609323,0.01368849426563078,0.03588605253422124,0.8627450980392157
1353,Baltimore County,2485,Baltimore County Precinct 01-013,2365,301,57,141,120,2485,1,0.9517102615694165,0.0482897384305835,1986,0.12112676056338029,0.022937625754527163,0.05674044265593561,0.7991951710261569
1354,Baltimore County,3127,Baltimore County Precinct 01-010,2439,285,50,143,688,3127,1,0.7799808122801407,0.2200191877198593,2649,0.09114166933162776,0.01598976654940838,0.04573073233130796,0.8471378317876559
1355,Baltimore County,3549,Baltimore County Precinct 01-003,1415,344,97,149,2134,3549,1,0.3987038602423218,0.6012961397576783,2959,0.0969287123133277,0.0273316427162581,0.04198365736827275,0.8337559876021414
1356,Baltimore County,3716,Baltimore County Precinct 01-004,1339,325,100,208,2377,3716,1,0.36033369214208827,0.6396663078579118,3083,0.08745963401506997,0.02691065662002153,0.05597416576964478,0.8296555435952637
1357,Baltimore County,2265,Baltimore County Precinct 01-002,437,143,53,95,1828,2265,1,0.19293598233995585,0.8070640176600441,1974,0.0631346578366446,0.023399558498896248,0.04194260485651214,0.871523178807947
1361,Baltimore County,5998,Baltimore County Precinct 01-014,3956,204,30,96,2042,5998,1,0.6595531843947983,0.34044681560520174,5668,0.03401133711237079,0.005001667222407469,0.016005335111703902,0.9449816605535178
1362,Baltimore County,2893,Baltimore County Precinct 13-004,2610,181,44,102,283,2893,1,0.9021776702385067,0.09782232976149326,2566,0.06256481161424127,0.015209125475285171,0.03525751814725199,0.8869685447632216
1363,Baltimore County,3240,Baltimore County Precinct 13-003,2835,157,40,98,405,3240,1,0.875,0.125,2945,0.04845679012345679,0.012345679012345678,0.030246913580246913,0.9089506172839507
1364,Baltimore County,2641,Baltimore County Precinct 13-002,2319,128,18,71,322,2641,1,0.8780764861794774,0.12192351382052254,2424,0.048466489965922,0.006815600151457781,0.02688375615297236,0.9178341537296478
1365,Baltimore County,2840,Baltimore County Precinct 13-005,2397,175,34,111,443,2840,1,0.8440140845070423,0.15598591549295773,2520,0.061619718309859156,0.011971830985915493,0.039084507042253525,0.8873239436619719
1366,Baltimore County,3604,Baltimore County Precinct 01-009,1703,187,54,109,1901,3604,1,0.47253052164261933,0.5274694783573807,3254,0.05188679245283019,0.014983351831298557,0.030244173140954494,0.9028856825749167
1367,Baltimore County,3870,Baltimore County Precinct 01-015,2674,248,45,106,1196,3870,1,0.6909560723514212,0.3090439276485788,3471,0.0640826873385013,0.011627906976744186,0.02739018087855297,0.8968992248062015
1368,Baltimore County,2349,Baltimore County Precinct 01-007,1200,129,58,80,1149,2349,1,0.5108556832694764,0.4891443167305236,2082,0.05491698595146871,0.024691358024691357,0.034057045551298425,0.8863346104725415
1369,Baltimore County,4333,Baltimore County Precinct 01-008,3296,264,60,128,1037,4333,1,0.7606738979921532,0.23932610200784676,3881,0.060927763674128776,0.01384721901684745,0.029540733902607894,0.8956842834064159
1370,Baltimore County,4435,Baltimore County Precinct 01-005,1415,275,108,194,3020,4435,1,0.31905298759864714,0.6809470124013529,3858,0.06200676437429538,0.02435174746335964,0.043742953776775645,0.8698985343855693
1371,Baltimore County,4619,Baltimore County Precinct 01-001,871,319,145,203,3748,4619,1,0.1885689543191167,0.8114310456808833,3952,0.06906256765533665,0.03139207620697121,0.04394890668975969,0.8555964494479325
1372,Baltimore County,4031,Baltimore County Precinct 01-006,733,324,147,243,3298,4031,1,0.18184073430910444,0.8181592656908956,3317,0.08037707764822624,0.03646737782188043,0.06028280823616969,0.8228727362937236
1373,Baltimore County,4012,Baltimore County Precinct 13-001,2036,145,37,95,1976,4012,1,0.5074775672981057,0.49252243270189433,3735,0.03614157527417747,0.009222333000997009,0.023678963110667996,0.9309571286141576
1374,Baltimore County,2661,Baltimore County Precinct 01-016,2481,289,40,106,180,2661,1,0.9323562570462233,0.06764374295377677,2226,0.10860578729800827,0.01503194287861706,0.03983464862833521,0.8365276211950394
1708,Baltimore County,2385,Baltimore County Precinct 03-006,2216,459,37,285,169,2385,1,0.929140461215933,0.07085953878406709,1604,0.19245283018867926,0.01551362683438155,0.11949685534591195,0.6725366876310273
1713,Baltimore County,3977,Baltimore County Precinct 03-007,3337,534,48,378,640,3977,1,0.8390746794065879,0.1609253205934121,3017,0.13427206437012823,0.012069399044505909,0.09504651747548404,0.7586120191098819
1714,Baltimore County,3393,Baltimore County Precinct 03-011,2447,421,48,263,946,3393,1,0.7211906867079281,0.2788093132920719,2661,0.12407898614795167,0.014146772767462422,0.07751252578838785,0.784261715296198
1715,Baltimore County,2089,Baltimore County Precinct 03-013,1842,278,32,160,247,2089,1,0.8817616084250838,0.11823839157491622,1619,0.1330780277644806,0.015318334131163236,0.07659167065581618,0.77501196744854
1716,Baltimore County,2964,Baltimore County Precinct 03-010,2695,567,50,379,269,2964,1,0.9092442645074224,0.0907557354925776,1968,0.19129554655870445,0.016869095816464237,0.12786774628879893,0.6639676113360324
1717,Baltimore County,1906,Baltimore County Precinct 08-008,1709,175,23,99,197,1906,1,0.8966421825813221,0.10335781741867786,1609,0.09181532004197272,0.012067156348373556,0.051941238195173135,0.8441762854144806
1718,Baltimore County,2959,Baltimore County Precinct 04-005,2071,155,46,111,888,2959,1,0.6998986143967557,0.30010138560324434,2647,0.05238256167624197,0.01554579249746536,0.03751267320040554,0.8945589726258871
1719,Baltimore County,3908,Baltimore County Precinct 04-004,2966,358,61,254,942,3908,1,0.7589559877175026,0.24104401228249744,3235,0.09160696008188332,0.015609007164790174,0.06499488229273286,0.8277891504605936
1720,Baltimore County,533,Baltimore County Precinct 04-013,478,53,9,43,55,533,1,0.8968105065666041,0.10318949343339587,428,0.09943714821763602,0.016885553470919325,0.08067542213883677,0.8030018761726079
1721,Baltimore County,433,Baltimore County Precinct 04-011,383,19,4,15,50,433,1,0.8845265588914549,0.11547344110854503,395,0.04387990762124711,0.009237875288683603,0.03464203233256351,0.9122401847575058
1722,Baltimore County,685,Baltimore County Precinct 08-023,608,77,8,42,77,685,1,0.8875912408759125,0.11240875912408758,558,0.11240875912408758,0.01167883211678832,0.061313868613138686,0.8145985401459854
1723,Baltimore County,510,Baltimore County Precinct 08-021,438,31,8,14,72,510,1,0.8588235294117647,0.1411764705882353,457,0.060784313725490195,0.01568627450980392,0.027450980392156862,0.8960784313725491
1724,Baltimore County,994,Baltimore County Precinct 08-024,886,89,15,32,108,994,1,0.8913480885311871,0.10865191146881288,858,0.08953722334004025,0.015090543259557344,0.03219315895372234,0.8631790744466801
1725,Baltimore County,3725,Baltimore County Precinct 08-002,3308,188,20,69,417,3725,1,0.8880536912751678,0.11194630872483222,3448,0.05046979865771812,0.005369127516778523,0.018523489932885905,0.9256375838926174
