,COUNTY,VAP,NAME,WVAP,SEN12D,SEN12R,OVAP,TOT_VOTES,factor,WVAP_pct,OVAP_pct,SEN12None,SEN12D_pct,SEN12R_pct,SEN12None_pct
424,Baltimore County,2889,Baltimore County Precinct 11-019,2270,737,529,619,2889,1.0,0.7857390100380754,0.21426098996192455,1623,0.25510557286258223,0.18310834198684667,0.5617860851505712
425,Baltimore County,4130,Baltimore County Precinct 14-003,2875,888,320,1255,4130,1.0,0.6961259079903148,0.30387409200968524,2922,0.21501210653753028,0.0774818401937046,0.7075060532687651
426,Baltimore County,1265,Baltimore County Precinct 11-013,891,292,197,374,1265,1.0,0.7043478260869566,0.2956521739130435,776,0.2308300395256917,0.15573122529644268,0.6134387351778656
427,Baltimore County,3157,Baltimore County Precinct 15-010,2444,818,388,713,3157,1.0,0.774152676591701,0.22584732340829902,1951,0.25910674691162494,0.1229014887551473,0.6179917643332278
428,Baltimore County,5523,Baltimore County Precinct 15-005,2822,1505,542,2701,5523,1.0,0.5109541915625566,0.48904580843744344,3476,0.27249683143219267,0.09813507151910193,0.6293680970487054
429,Baltimore County,1411,Baltimore County Precinct 15-009,1311,351,305,100,1411,1.0,0.9291282778171509,0.07087172218284904,755,0.24875974486180014,0.21615875265768958,0.5350815024805102
430,Baltimore County,6204,Baltimore County Precinct 15-004,4276,1280,538,1928,6204,1.0,0.6892327530625403,0.3107672469374597,4386,0.2063185041908446,0.08671824629271438,0.706963249516441
431,Baltimore County,3736,Baltimore County Precinct 11-012,3099,865,839,637,3736,1.0,0.8294967880085653,0.1705032119914347,2032,0.23153104925053533,0.22457173447537473,0.5438972162740899
432,Baltimore County,2316,Baltimore County Precinct 11-007,1947,699,622,369,2316,1.0,0.8406735751295337,0.15932642487046633,995,0.3018134715025907,0.26856649395509496,0.42962003454231434
433,Baltimore County,2818,Baltimore County Precinct 11-014,2465,642,692,353,2818,1.0,0.8747338537970192,0.12526614620298085,1484,0.22782114975159687,0.24556422995031937,0.5266146202980837
434,Baltimore County,2037,Baltimore County Precinct 11-006,1892,492,595,145,2037,1.0,0.9288168875797742,0.07118311242022582,950,0.24153166421207659,0.2920962199312715,0.46637211585665195
435,Baltimore County,3470,Baltimore County Precinct 11-022,2749,760,791,721,3470,1.0,0.7922190201729107,0.20778097982708935,1919,0.21902017291066284,0.22795389048991355,0.5530259365994237
436,Baltimore County,2386,Baltimore County Precinct 11-005,1880,514,682,506,2386,1.0,0.787929589270746,0.21207041072925398,1190,0.2154233025984912,0.28583403185247275,0.49874266554903607
437,Baltimore County,4029,Baltimore County Precinct 11-003,3873,774,1584,156,4029,1.0,0.9612807148175726,0.0387192851824274,1671,0.1921072226358898,0.39314966492926284,0.41474311243484735
438,Baltimore County,2502,Baltimore County Precinct 11-001,2338,640,982,164,2502,1.0,0.9344524380495604,0.06554756195043965,880,0.2557953637090328,0.39248601119104715,0.3517186250999201
439,Baltimore County,300,Baltimore County Precinct 10-005,276,99,120,24,300,1.0,0.92,0.08,81,0.33,0.4,0.27
440,Baltimore County,1364,Baltimore County Precinct 10-003,1284,368,618,80,1364,1.0,0.9413489736070382,0.05865102639296188,378,0.2697947214076246,0.4530791788856305,0.27712609970674484
442,Baltimore County,3090,Baltimore County Precinct 11-002,2978,600,1158,112,3090,1.0,0.9637540453074434,0.036245954692556634,1332,0.1941747572815534,0.37475728155339805,0.43106796116504853
445,Baltimore County,3678,Baltimore County Precinct 15-007,2778,928,448,900,3678,1.0,0.7553017944535073,0.24469820554649266,2302,0.2523110386079391,0.12180532898314302,0.6258836324089179
446,Baltimore County,2060,Baltimore County Precinct 15-025,1956,537,632,104,2060,1.0,0.9495145631067962,0.05048543689320388,891,0.2606796116504854,0.3067961165048544,0.4325242718446602
447,Baltimore County,3091,Baltimore County Precinct 15-008,2496,748,582,595,3091,1.0,0.8075056615981883,0.1924943384018117,1761,0.24199288256227758,0.18828857974765448,0.569718537690068
448,Baltimore County,2662,Baltimore County Precinct 15-006,2499,572,735,163,2662,1.0,0.9387678437265214,0.06123215627347859,1355,0.21487603305785125,0.2761081893313298,0.509015777610819
449,Baltimore County,2544,Baltimore County Precinct 11-004,1999,563,515,545,2544,1.0,0.7857704402515723,0.21422955974842767,1466,0.22130503144654087,0.202437106918239,0.5762578616352201
450,Baltimore County,88,Baltimore County Precinct 11-020,74,32,55,14,88,1.0116279069767442,0.8409090909090909,0.1590909090909091,1,0.36363636363636365,0.625,0.011363636363636364
560,Baltimore County,3508,Baltimore County Precinct 15-022,3315,734,685,193,3508,1.0,0.9449828962371721,0.05501710376282782,2089,0.20923603192702395,0.1952679589509692,0.5954960091220068
561,Baltimore County,4160,Baltimore County Precinct 15-021,3797,1001,848,363,4160,1.0,0.9127403846153846,0.08725961538461538,2311,0.240625,0.20384615384615384,0.5555288461538461
562,Baltimore County,4692,Baltimore County Precinct 15-020,4264,960,620,428,4692,1.0,0.9087809036658141,0.09121909633418585,3112,0.20460358056265984,0.13213981244671782,0.6632566069906224
563,Baltimore County,2809,Baltimore County Precinct 15-015,2416,505,413,393,2809,1.0,0.8600925596297615,0.13990744037023853,1891,0.17977928088287648,0.14702741189035243,0.6731933072267711
564,Baltimore County,1897,Baltimore County Precinct 15-013,1758,403,407,139,1897,1.0,0.926726410121244,0.07327358987875593,1087,0.2124406958355298,0.21454928835002635,0.5730100158144439
565,Baltimore County,2156,Baltimore County Precinct 15-012,1954,466,423,202,2156,1.0,0.9063079777365491,0.09369202226345083,1267,0.21614100185528756,0.19619666048237477,0.5876623376623377
566,Baltimore County,3144,Baltimore County Precinct 15-016,2489,591,367,655,3144,1.0,0.7916666666666666,0.20833333333333334,2186,0.18797709923664122,0.11673027989821882,0.69529262086514
567,Baltimore County,3506,Baltimore County Precinct 15-017,1421,1325,254,2085,3506,1.0,0.40530519110096974,0.5946948088990303,1927,0.37792355961209356,0.07244723331431831,0.5496292070735881
568,Baltimore County,5453,Baltimore County Precinct 15-023,1748,1593,155,3705,5453,1.0,0.3205574912891986,0.6794425087108014,3705,0.29213277095176965,0.02842472033742894,0.6794425087108014
569,Baltimore County,975,Baltimore County Precinct 15-024,813,219,154,162,975,1.0,0.8338461538461538,0.16615384615384615,602,0.2246153846153846,0.15794871794871795,0.6174358974358974
570,Baltimore County,2919,Baltimore County Precinct 15-018,2086,705,473,833,2919,1.0,0.7146282973621103,0.2853717026378897,1741,0.24152106885919836,0.16204179513532033,0.5964371360054813
571,Baltimore County,3443,Baltimore County Precinct 15-019,3220,764,930,223,3443,1.0,0.9352309032820215,0.06476909671797851,1749,0.22189950624455418,0.2701132733081615,0.5079872204472844
572,Baltimore County,1739,Baltimore County Precinct 15-026,1696,365,608,43,1739,1.0,0.9752731454859115,0.024726854514088556,766,0.2098907418056354,0.3496262219666475,0.44048303622771706
573,Baltimore County,2441,Baltimore County Precinct 12-012,2188,553,379,253,2441,1.0,0.8963539532978287,0.10364604670217124,1509,0.2265464973371569,0.1552642359688652,0.6181892666939779
577,Baltimore County,2668,Baltimore County Precinct 12-010,2310,619,305,358,2668,1.0,0.8658170914542729,0.13418290854572715,1744,0.23200899550224888,0.11431784107946028,0.6536731634182908
578,Baltimore County,2639,Baltimore County Precinct 12-008,2315,552,317,324,2639,1.0,0.8772262220538083,0.12277377794619174,1770,0.20917014020462296,0.12012125805229254,0.6707086017430846
579,Baltimore County,3982,Baltimore County Precinct 12-003,3387,736,519,595,3982,1.0,0.8505775991963838,0.14942240080361627,2727,0.18483174284279258,0.13033651431441487,0.6848317428427926
580,Baltimore County,3256,Baltimore County Precinct 12-002,2763,605,357,493,3256,1.0,0.8485872235872236,0.15141277641277642,2294,0.1858108108108108,0.10964373464373464,0.7045454545454546
587,Baltimore County,2846,Baltimore County Precinct 12-001,2343,553,336,503,2846,1.0,0.8232607167955025,0.17673928320449753,1957,0.19430780042164442,0.11806043569922699,0.6876317638791286
588,Baltimore County,4204,Baltimore County Precinct 12-007,3764,825,517,440,4204,1.0,0.8953377735490009,0.10466222645099905,2862,0.19624167459562322,0.12297811607992389,0.6807802093244529
589,Baltimore County,3540,Baltimore County Precinct 12-006,2774,717,313,766,3540,1.0,0.7836158192090396,0.21638418079096045,2510,0.20254237288135593,0.0884180790960452,0.7090395480225988
590,Baltimore County,3308,Baltimore County Precinct 12-005,2994,685,455,314,3308,1.0,0.9050785973397824,0.09492140266021766,2168,0.20707376058041113,0.1375453446191052,0.6553808948004837
591,Baltimore County,4898,Baltimore County Precinct 12-004,4398,860,586,500,4898,1.0,0.897917517354022,0.10208248264597795,3452,0.17558187015108206,0.11964066966108616,0.7047774601878317
592,Baltimore County,2424,Baltimore County Precinct 15-001,1845,469,147,579,2424,1.0,0.7611386138613861,0.23886138613861385,1808,0.19348184818481848,0.06064356435643564,0.7458745874587459
593,Baltimore County,3263,Baltimore County Precinct 15-002,2829,684,481,434,3263,1.0,0.8669935642047196,0.1330064357952804,2098,0.20962304627643272,0.14741035856573706,0.6429665951578302
594,Baltimore County,1177,Baltimore County Precinct 15-014,1054,221,172,123,1177,1.0,0.8954970263381479,0.10450297366185217,784,0.18776550552251486,0.14613423959218352,0.6661002548853017
611,Baltimore County,1456,Baltimore County Precinct 12-009,1157,263,121,299,1456,1.0,0.7946428571428571,0.20535714285714285,1072,0.18063186813186813,0.0831043956043956,0.7362637362637363
612,Baltimore County,4122,Baltimore County Precinct 12-011,3270,805,435,852,4122,1.0,0.7933042212518195,0.2066957787481805,2882,0.1952935468219311,0.10553129548762737,0.6991751576904416
613,Baltimore County,1905,Baltimore County Precinct 12-013,167,883,16,1738,1905,1.0,0.08766404199475065,0.9123359580052494,1006,0.46351706036745405,0.008398950131233596,0.5280839895013123
796,Baltimore County,1239,Baltimore County Precinct 13-006,980,279,206,259,1239,1.0,0.7909604519774012,0.20903954802259886,754,0.22518159806295399,0.16626311541565778,0.6085552865213882
797,Baltimore County,2979,Baltimore County Precinct 13-007,1367,670,199,1612,2979,1.0,0.4588788183954347,0.5411211816045652,2110,0.2249076871433367,0.06680093991272239,0.708291372943941
798,Baltimore County,5380,Baltimore County Precinct 13-009,3849,1138,564,1531,5380,1.0,0.7154275092936803,0.2845724907063197,3678,0.21152416356877324,0.10483271375464684,0.6836431226765799
804,Baltimore County,2262,Baltimore County Precinct 13-008,1953,457,404,309,2262,1.0,0.863395225464191,0.13660477453580902,1401,0.20203359858532272,0.1786030061892131,0.6193633952254642
823,Baltimore County,2920,Baltimore County Precinct 14-011,1954,813,337,966,2920,1.0,0.6691780821917809,0.3308219178082192,1770,0.27842465753424656,0.11541095890410959,0.6061643835616438
824,Baltimore County,2766,Baltimore County Precinct 14-007,2061,802,384,705,2766,1.0,0.745119305856833,0.25488069414316705,1580,0.28994938539407084,0.13882863340563992,0.5712219812002892
825,Baltimore County,3521,Baltimore County Precinct 14-008,1352,1620,299,2169,3521,1.0,0.38398182334564046,0.6160181766543595,1602,0.46009656347628514,0.0849190570860551,0.45498437943765974
829,Baltimore County,4086,Baltimore County Precinct 09-022,3162,1226,638,924,4086,1.0,0.7738619676945668,0.2261380323054332,2222,0.3000489476260401,0.1561429270680372,0.5438081253059227
830,Baltimore County,2181,Baltimore County Precinct 14-012,1973,563,475,208,2181,1.0,0.9046309032553874,0.09536909674461257,1143,0.2581384685923888,0.21779000458505274,0.5240715268225584
831,Baltimore County,723,Baltimore County Precinct 14-014,485,204,95,238,723,1.0,0.6708160442600276,0.32918395573997233,424,0.2821576763485477,0.1313969571230982,0.5864453665283541
832,Baltimore County,3444,Baltimore County Precinct 14-006,2936,999,693,508,3444,1.0,0.8524970963995354,0.14750290360046459,1752,0.29006968641114983,0.20121951219512196,0.5087108013937283
833,Baltimore County,2262,Baltimore County Precinct 14-001,2044,553,538,218,2262,1.0,0.9036251105216623,0.09637488947833775,1171,0.24447391688771,0.23784261715296198,0.517683465959328
834,Baltimore County,2561,Baltimore County Precinct 14-010,1869,813,417,692,2561,1.0,0.7297930495900039,0.2702069504099961,1331,0.31745411948457636,0.16282702069504099,0.5197188598203827
835,Baltimore County,4471,Baltimore County Precinct 14-009,1738,1485,337,2733,4471,1.0,0.38872735405949455,0.6112726459405055,2649,0.33214046074703646,0.07537463654663386,0.5924849027063297
836,Baltimore County,1191,Baltimore County Precinct 14-005,540,287,79,651,1191,1.0,0.4534005037783375,0.5465994962216625,825,0.2409739714525609,0.06633081444164568,0.6926952141057935
837,Baltimore County,2619,Baltimore County Precinct 11-016,1527,610,224,1092,2619,1.0,0.5830469644902635,0.41695303550973656,1785,0.23291332569683085,0.08552882779686903,0.6815578465063001
838,Baltimore County,4063,Baltimore County Precinct 14-002,2593,1094,650,1470,4063,1.0,0.6381983755845434,0.36180162441545655,2319,0.2692591681023874,0.15998031011567806,0.5707605217819345
839,Baltimore County,3933,Baltimore County Precinct 11-011,2948,953,720,985,3933,1.0,0.7495550470378846,0.25044495296211544,2260,0.24230867022629035,0.18306636155606407,0.5746249682176455
840,Baltimore County,3413,Baltimore County Precinct 09-023,2320,962,537,1093,3413,1.0,0.6797538822150601,0.32024611778493994,1914,0.28186346322883093,0.1573395839437445,0.5607969528274246
841,Baltimore County,2956,Baltimore County Precinct 09-025,2214,751,519,742,2956,1.0,0.7489851150202977,0.2510148849797023,1686,0.2540595399188092,0.17557510148849798,0.5703653585926928
842,Baltimore County,2895,Baltimore County Precinct 11-009,2192,752,479,703,2895,1.0,0.7571675302245251,0.24283246977547496,1664,0.2597582037996546,0.16545768566493954,0.5747841105354059
843,Baltimore County,3895,Baltimore County Precinct 09-024,3019,1138,783,876,3895,1.0,0.7750962772785622,0.22490372272143774,1974,0.29216944801026956,0.20102695763799744,0.5068035943517329
844,Baltimore County,3694,Baltimore County Precinct 11-015,3631,711,587,63,3694,1.0,0.9829453167298322,0.01705468327016784,2396,0.19247428262046562,0.15890633459664322,0.6486193827828912
845,Baltimore County,731,Baltimore County Precinct 11-021,560,204,114,171,731,1.0,0.7660738714090287,0.23392612859097128,413,0.27906976744186046,0.15595075239398085,0.5649794801641587
846,Baltimore County,2824,Baltimore County Precinct 11-008,2388,514,571,436,2824,1.0,0.8456090651558074,0.15439093484419264,1739,0.1820113314447592,0.20219546742209632,0.6157932011331445
847,Baltimore County,3720,Baltimore County Precinct 11-010,2780,867,572,940,3720,1.0,0.7473118279569892,0.25268817204301075,2281,0.23306451612903226,0.15376344086021507,0.6131720430107527
848,Baltimore County,1942,Baltimore County Precinct 11-018,1553,538,574,389,1942,1.0,0.7996910401647785,0.20030895983522143,830,0.27703398558187436,0.2955715756951596,0.427394438722966
849,Baltimore County,3460,Baltimore County Precinct 11-017,2820,882,802,640,3460,1.0,0.815028901734104,0.18497109826589594,1776,0.2549132947976879,0.23179190751445086,0.5132947976878612
850,Baltimore County,2630,Baltimore County Precinct 15-003,2325,556,510,305,2630,1.0,0.8840304182509505,0.11596958174904944,1564,0.21140684410646388,0.19391634980988592,0.5946768060836501
851,Baltimore County,3634,Baltimore County Precinct 14-013,1814,983,513,1820,3634,1.0,0.4991744634012108,0.5008255365987893,2138,0.27050082553659877,0.14116675839295542,0.5883324160704458
852,Baltimore County,3333,Baltimore County Precinct 15-011,2680,816,421,653,3333,1.0,0.804080408040804,0.19591959195919592,2096,0.2448244824482448,0.1263126312631263,0.6288628862886289
853,Baltimore County,343,Baltimore County Precinct 14-004,274,130,78,69,343,1.0,0.7988338192419825,0.20116618075801748,135,0.37900874635568516,0.22740524781341107,0.3935860058309038
965,Baltimore County,3555,Baltimore County Precinct 08-011,2068,760,444,1487,3555,1.0,0.5817158931082982,0.4182841068917018,2351,0.21378340365682139,0.1248945147679325,0.6613220815752461
966,Baltimore County,2505,Baltimore County Precinct 08-006,1379,772,213,1126,2505,1.0,0.550499001996008,0.449500998003992,1520,0.3081836327345309,0.08502994011976048,0.6067864271457086
967,Baltimore County,1757,Baltimore County Precinct 08-003,1549,528,436,208,1757,1.0,0.8816163915765509,0.11838360842344905,793,0.30051223676721683,0.24815025611838362,0.45133750711439957
968,Baltimore County,2017,Baltimore County Precinct 08-022,1757,743,577,260,2017,1.0,0.8710956866633615,0.12890431333663857,697,0.368368864650471,0.2860684184432325,0.3455627169062965
969,Baltimore County,2489,Baltimore County Precinct 08-001,2208,764,789,281,2489,1.0,0.8871032543190036,0.11289674568099639,936,0.30695058256327845,0.31699477701888307,0.3760546404178385
970,Baltimore County,1888,Baltimore County Precinct 08-025,1659,487,504,229,1888,1.0,0.878707627118644,0.12129237288135593,897,0.2579449152542373,0.2669491525423729,0.4751059322033898
971,Baltimore County,2437,Baltimore County Precinct 08-004,2117,760,838,320,2437,1.0,0.8686910135412392,0.13130898645876077,839,0.31185884283955684,0.3438654082888798,0.3442757488715634
972,Baltimore County,1477,Baltimore County Precinct 10-002,1372,433,617,105,1477,1.0,0.9289099526066351,0.07109004739336493,427,0.2931618144888287,0.4177386594448206,0.2890995260663507
973,Baltimore County,1876,Baltimore County Precinct 10-004,1797,440,807,79,1876,1.0,0.9578891257995735,0.04211087420042644,629,0.2345415778251599,0.43017057569296374,0.3352878464818763
974,Baltimore County,3018,Baltimore County Precinct 10-001,2857,822,1222,161,3018,1.0,0.9466534128561962,0.053346587143803845,974,0.27236580516898606,0.4049039098740888,0.32273028495692513
975,Baltimore County,3508,Baltimore County Precinct 05-001,3315,815,1324,193,3508,1.0,0.9449828962371721,0.05501710376282782,1369,0.2323261117445838,0.3774230330672748,0.3902508551881414
976,Baltimore County,1975,Baltimore County Precinct 06-001,1875,436,765,100,1975,1.0,0.9493670886075949,0.05063291139240506,774,0.22075949367088607,0.38734177215189874,0.3918987341772152
977,Baltimore County,2338,Baltimore County Precinct 06-002,2220,525,920,118,2338,1.0,0.9495295124037639,0.0504704875962361,893,0.2245508982035928,0.39349871685201027,0.3819503849443969
978,Baltimore County,2472,Baltimore County Precinct 07-003,2274,636,923,198,2472,1.0,0.9199029126213593,0.08009708737864078,913,0.25728155339805825,0.37338187702265374,0.369336569579288
979,Baltimore County,1071,Baltimore County Precinct 07-002,1032,264,395,39,1071,1.0,0.9635854341736695,0.036414565826330535,412,0.24649859943977592,0.36881419234360413,0.38468720821662
980,Baltimore County,3153,Baltimore County Precinct 07-001,2987,688,1102,166,3153,1.0,0.9473517285125278,0.05264827148747225,1363,0.2182048842372344,0.3495084046939423,0.4322867110688233
989,Baltimore County,3836,Baltimore County Precinct 09-020,464,1623,74,3372,3836,1.0,0.12095933263816476,0.8790406673618353,2139,0.42309697601668406,0.01929092805005214,0.5576120959332638
990,Baltimore County,2342,Baltimore County Precinct 09-028,897,1016,107,1445,2342,1.0,0.38300597779675494,0.6169940222032451,1219,0.43381725021349277,0.04568744662681469,0.5204953031596926
991,Baltimore County,2528,Baltimore County Precinct 09-019,1774,842,389,754,2528,1.0,0.7017405063291139,0.29825949367088606,1297,0.33306962025316456,0.153876582278481,0.5130537974683544
996,Baltimore County,3661,Baltimore County Precinct 09-021,3095,993,713,566,3661,1.0,0.8453974323955203,0.15460256760447966,1955,0.2712373668396613,0.19475553127560777,0.534007101884731
997,Baltimore County,2909,Baltimore County Precinct 09-029,2172,294,45,737,2909,1.0,0.7466483327603988,0.25335166723960123,2570,0.10106565830182193,0.015469233413544173,0.8834651082846339
998,Baltimore County,2194,Baltimore County Precinct 09-012,1804,699,311,390,2194,1.0,0.8222424794895169,0.17775752051048313,1184,0.31859617137648133,0.14175022789425706,0.5396536007292616
999,Baltimore County,2160,Baltimore County Precinct 09-007,1829,700,662,331,2160,1.0,0.8467592592592592,0.15324074074074073,798,0.32407407407407407,0.30648148148148147,0.36944444444444446
1000,Baltimore County,2993,Baltimore County Precinct 09-011,2118,889,317,875,2993,1.0,0.707651186100902,0.2923488138990979,1787,0.29702639492148347,0.10591379886401604,0.5970598062145005
1001,Baltimore County,5056,Baltimore County Precinct 09-010,3865,1354,574,1191,5056,1.0,0.7644382911392406,0.2355617088607595,3128,0.2678006329113924,0.11352848101265822,0.6186708860759493
1002,Baltimore County,1644,Baltimore County Precinct 08-015,1440,566,500,204,1644,1.0,0.8759124087591241,0.12408759124087591,578,0.3442822384428224,0.30413625304136255,0.3515815085158151
1003,Baltimore County,1925,Baltimore County Precinct 08-014,1650,677,583,275,1925,1.0,0.8571428571428571,0.14285714285714285,665,0.35168831168831166,0.3028571428571429,0.34545454545454546
1004,Baltimore County,2163,Baltimore County Precinct 08-012,1905,837,799,258,2163,1.0,0.8807212205270458,0.11927877947295423,527,0.3869625520110957,0.36939435968562184,0.2436430883032825
1005,Baltimore County,5466,Baltimore County Precinct 08-005,3011,1064,368,2455,5466,1.0,0.5508598609586535,0.44914013904134653,4034,0.19465788510794,0.06732528357116721,0.7380168313208928
1006,Baltimore County,1075,Baltimore County Precinct 09-016,915,419,227,160,1075,1.0,0.8511627906976744,0.14883720930232558,429,0.38976744186046514,0.2111627906976744,0.39906976744186046
1007,Baltimore County,1627,Baltimore County Precinct 09-017,1118,559,203,509,1627,1.0,0.6871542716656422,0.3128457283343577,865,0.3435771358328211,0.12476951444376153,0.5316533497234174
1008,Baltimore County,26,Baltimore County Precinct 09-027,20,8,4,6,26,1.0,0.7692307692307693,0.23076923076923078,14,0.3076923076923077,0.15384615384615385,0.5384615384615384
1009,Baltimore County,2576,Baltimore County Precinct 09-018,1975,842,374,601,2576,1.0,0.7666925465838509,0.23330745341614906,1360,0.3268633540372671,0.14518633540372672,0.5279503105590062
1010,Baltimore County,1631,Baltimore County Precinct 09-009,1412,539,559,219,1631,1.0,0.8657265481299816,0.1342734518700184,533,0.33047210300429186,0.34273451870018395,0.32679337829552424
1011,Baltimore County,1132,Baltimore County Precinct 09-026,975,391,282,157,1132,1.0,0.8613074204946997,0.13869257950530034,459,0.3454063604240283,0.24911660777385158,0.40547703180212014
1012,Baltimore County,1592,Baltimore County Precinct 09-008,1465,578,577,127,1592,1.0,0.9202261306532663,0.07977386934673367,437,0.3630653266331658,0.36243718592964824,0.27449748743718594
1013,Baltimore County,2194,Baltimore County Precinct 08-007,1336,629,365,858,2194,1.0,0.6089334548769371,0.3910665451230629,1200,0.2866909753874202,0.16636280765724704,0.5469462169553327
1021,Baltimore County,3216,Baltimore County Precinct 09-003,2807,1450,603,409,3216,1.0,0.8728233830845771,0.1271766169154229,1163,0.45087064676616917,0.1875,0.36162935323383083
1022,Baltimore County,3358,Baltimore County Precinct 03-008,2894,1443,461,464,3358,1.0,0.8618225134008338,0.13817748659916618,1454,0.42972007147111374,0.1372840976771888,0.43299583085169746
1023,Baltimore County,2600,Baltimore County Precinct 09-001,2400,975,672,200,2600,1.0,0.9230769230769231,0.07692307692307693,953,0.375,0.25846153846153846,0.36653846153846154
1024,Baltimore County,2246,Baltimore County Precinct 08-017,2079,664,576,167,2246,1.0,0.9256455921638468,0.07435440783615316,1006,0.2956366874443455,0.25645592163846836,0.4479073909171861
1025,Baltimore County,879,Baltimore County Precinct 08-018,784,320,309,95,879,1.0,0.8919226393629124,0.1080773606370876,250,0.3640500568828214,0.3515358361774744,0.2844141069397042
1026,Baltimore County,2530,Baltimore County Precinct 08-019,2247,683,773,283,2530,1.0,0.8881422924901186,0.11185770750988143,1074,0.2699604743083004,0.3055335968379447,0.42450592885375493
1027,Baltimore County,2751,Baltimore County Precinct 08-009,2153,864,836,598,2751,1.0,0.7826245001817521,0.2173754998182479,1051,0.31406761177753545,0.3038894947291894,0.3820428934932752
1028,Baltimore County,2173,Baltimore County Precinct 08-010,1965,652,722,208,2173,1.0,0.9042797975149562,0.09572020248504372,799,0.3000460193281178,0.33225954901058447,0.3676944316612977
1029,Baltimore County,1707,Baltimore County Precinct 08-020,1487,445,417,220,1707,1.0,0.8711189220855302,0.12888107791446984,845,0.2606912712360867,0.24428822495606328,0.49502050380785
1030,Baltimore County,1541,Baltimore County Precinct 09-002,1463,578,457,78,1541,1.0,0.9493835171966256,0.050616482803374434,506,0.3750811161583387,0.2965606748864374,0.3283582089552239
1031,Baltimore County,4116,Baltimore County Precinct 09-004,3440,789,391,676,4116,1.0,0.8357628765792031,0.16423712342079688,2936,0.19169096209912537,0.09499514091350826,0.7133138969873664
1032,Baltimore County,3650,Baltimore County Precinct 09-005,3293,1233,728,357,3650,1.0,0.9021917808219178,0.09780821917808219,1689,0.3378082191780822,0.19945205479452055,0.46273972602739727
1033,Baltimore County,6430,Baltimore County Precinct 09-006,4497,870,415,1933,6430,1.0,0.6993779160186625,0.3006220839813375,5145,0.13530326594090203,0.0645412130637636,0.8001555209953344
1034,Baltimore County,621,Baltimore County Precinct 08-016,526,255,139,95,621,1.0,0.8470209339774557,0.1529790660225443,227,0.4106280193236715,0.22383252818035426,0.36553945249597425
1035,Baltimore County,2667,Baltimore County Precinct 08-013,2348,781,797,319,2667,1.0,0.880389951256093,0.11961004874390702,1089,0.2928383952005999,0.2988376452943382,0.40832395950506184
1058,Baltimore County,2581,Baltimore County Precinct 09-014,1807,1122,254,774,2581,1.0,0.7001162340178225,0.2998837659821775,1205,0.4347152266563348,0.09841146842309183,0.46687330492057344
1059,Baltimore County,2145,Baltimore County Precinct 09-013,2025,1048,496,120,2145,1.0,0.9440559440559441,0.055944055944055944,601,0.4885780885780886,0.23123543123543125,0.2801864801864802
1065,Baltimore County,3415,Baltimore County Precinct 09-015,1933,1142,312,1482,3415,1.0,0.5660322108345535,0.43396778916544654,1961,0.334407027818448,0.09136163982430454,0.5742313323572474
1093,Baltimore County,4060,Baltimore County Precinct 03-009,2908,1610,456,1152,4060,1.0,0.716256157635468,0.28374384236453204,1994,0.39655172413793105,0.1123152709359606,0.4911330049261084
1138,Baltimore County,2293,Baltimore County Precinct 02-005,122,1356,25,2171,2293,1.0,0.053205407762756216,0.9467945922372438,912,0.5913650239860445,0.010902747492368076,0.39773222852158746
1139,Baltimore County,2631,Baltimore County Precinct 02-009,196,1095,29,2435,2631,1.0,0.07449638920562524,0.9255036107943747,1507,0.4161915621436716,0.011022424933485367,0.572786012922843
1140,Baltimore County,3860,Baltimore County Precinct 02-014,432,1987,65,3428,3860,1.0,0.11191709844559586,0.8880829015544042,1808,0.5147668393782383,0.01683937823834197,0.46839378238341967
1141,Baltimore County,578,Baltimore County Precinct 02-025,458,457,81,120,578,1.0,0.7923875432525952,0.20761245674740483,40,0.7906574394463668,0.14013840830449828,0.06920415224913495
1142,Baltimore County,398,Baltimore County Precinct 02-028,16,145,2,382,398,1.0,0.04020100502512563,0.9597989949748744,251,0.36432160804020103,0.005025125628140704,0.6306532663316583
1143,Baltimore County,2934,Baltimore County Precinct 02-007,310,1292,33,2624,2934,1.0,0.1056578050443081,0.8943421949556919,1609,0.4403544648943422,0.011247443762781187,0.5483980913428766
1144,Baltimore County,532,Baltimore County Precinct 02-023,170,326,30,362,532,1.0,0.31954887218045114,0.6804511278195489,176,0.6127819548872181,0.05639097744360902,0.3308270676691729
1145,Baltimore County,2750,Baltimore County Precinct 02-008,424,1644,72,2326,2750,1.0,0.15418181818181817,0.8458181818181818,1034,0.5978181818181818,0.02618181818181818,0.376
1146,Baltimore County,1761,Baltimore County Precinct 03-014,1271,728,182,490,1761,1.0,0.7217490062464509,0.2782509937535491,851,0.4134014764338444,0.1033503691084611,0.4832481544576945
1147,Baltimore County,3988,Baltimore County Precinct 02-029,1361,1346,163,2627,3988,1.0,0.34127382146439317,0.6587261785356068,2479,0.3375125376128385,0.04087261785356068,0.6216148445336008
1148,Baltimore County,2503,Baltimore County Precinct 02-026,1337,1121,224,1166,2503,1.0,0.5341590091889732,0.46584099081102676,1158,0.4478625649220935,0.08949260886935677,0.46264482620854974
1149,Baltimore County,4357,Baltimore County Precinct 04-001,2178,1803,408,2179,4357,1.0,0.4998852421390865,0.5001147578609135,2146,0.4138168464539821,0.09364241450539362,0.4925407390406243
1150,Baltimore County,4438,Baltimore County Precinct 02-015,1185,2034,149,3253,4438,1.0,0.26701216764308244,0.7329878323569176,2255,0.4583145561063542,0.03357368183866607,0.5081117620549798
1151,Baltimore County,4253,Baltimore County Precinct 04-002,1859,1599,366,2394,4253,1.0,0.4371032212555843,0.5628967787444157,2288,0.37596990359746063,0.08605690101105103,0.5379731953914884
1152,Baltimore County,6218,Baltimore County Precinct 04-014,2105,1472,136,4113,6218,1.0,0.3385332904470891,0.6614667095529109,4610,0.23673206818912834,0.021871984560952074,0.7413959472499196
1153,Baltimore County,2859,Baltimore County Precinct 03-012,1558,1130,212,1301,2859,1.0,0.5449457852395942,0.45505421476040575,1517,0.39524309199020635,0.07415180132913606,0.5306051066806575
1154,Baltimore County,3010,Baltimore County Precinct 04-003,2691,1555,561,319,3010,1.0,0.8940199335548172,0.10598006644518272,894,0.5166112956810631,0.18637873754152823,0.29700996677740865
1155,Baltimore County,3867,Baltimore County Precinct 02-002,159,1768,40,3708,3867,1.0,0.041117145073700546,0.9588828549262994,2059,0.4572019653478148,0.01034393586759762,0.5324540987845875
1156,Baltimore County,3676,Baltimore County Precinct 02-004,165,1758,48,3511,3676,1.0,0.04488574537540805,0.955114254624592,1870,0.4782372143634385,0.013057671381936888,0.5087051142546246
1157,Baltimore County,1730,Baltimore County Precinct 02-001,101,1083,28,1629,1730,1.0,0.05838150289017341,0.9416184971098266,619,0.6260115606936416,0.016184971098265895,0.3578034682080925
1158,Baltimore County,3654,Baltimore County Precinct 03-001,569,1912,124,3085,3654,1.0,0.15571975916803504,0.844280240831965,1618,0.5232621784345922,0.03393541324575807,0.4428024083196497
1159,Baltimore County,1886,Baltimore County Precinct 03-004,949,917,174,937,1886,1.0,0.5031813361611877,0.4968186638388123,795,0.48621420996818665,0.09225874867444327,0.42152704135737007
1160,Baltimore County,2455,Baltimore County Precinct 03-003,535,1407,82,1920,2455,1.0,0.21792260692464357,0.7820773930753564,966,0.5731160896130346,0.03340122199592668,0.39348268839103867
1161,Baltimore County,3558,Baltimore County Precinct 03-005,2386,1496,262,1172,3558,1.0,0.670601461495222,0.32939853850477796,1800,0.4204609331084879,0.07363687464867903,0.5059021922428331
1162,Baltimore County,2978,Baltimore County Precinct 03-002,1405,1381,140,1573,2978,1.0,0.4717931497649429,0.5282068502350571,1457,0.46373404969778376,0.04701141705842848,0.48925453324378776
1171,Baltimore County,1541,Baltimore County Precinct 02-019,893,395,291,648,1541,1.0,0.5794938351719663,0.42050616482803377,855,0.2563270603504218,0.18883841661258924,0.554834523036989
1172,Baltimore County,1285,Baltimore County Precinct 02-018,223,829,77,1062,1285,1.0,0.1735408560311284,0.8264591439688715,379,0.645136186770428,0.05992217898832685,0.29494163424124514
1173,Baltimore County,37,Baltimore County Precinct 02-022,11,23,3,26,37,1.0,0.2972972972972973,0.7027027027027027,11,0.6216216216216216,0.08108108108108109,0.2972972972972973
1174,Baltimore County,823,Baltimore County Precinct 02-020,304,406,58,519,823,1.0,0.36938031591737547,0.6306196840826246,359,0.4933171324422843,0.07047387606318348,0.4362089914945322
1175,Baltimore County,4946,Baltimore County Precinct 02-012,664,2002,161,4282,4946,1.0,0.13424989890820865,0.8657501010917914,2783,0.4047715325515568,0.032551556813586735,0.5626769106348565
1176,Baltimore County,2695,Baltimore County Precinct 02-024,283,1619,88,2412,2695,1.0,0.10500927643784787,0.8949907235621521,988,0.6007421150278293,0.0326530612244898,0.3666048237476809
1177,Baltimore County,1072,Baltimore County Precinct 02-021,779,355,286,293,1072,1.0,0.726679104477612,0.2733208955223881,431,0.33115671641791045,0.2667910447761194,0.40205223880597013
1178,Baltimore County,2206,Baltimore County Precinct 02-027,459,1148,117,1747,2206,1.0,0.20806890299184044,0.7919310970081596,941,0.5203989120580236,0.053037171350861285,0.42656391659111514
1179,Baltimore County,2794,Baltimore County Precinct 04-012,1642,1461,387,1152,2794,1.0,0.5876879026485325,0.41231209735146745,946,0.5229062276306371,0.1385110952040086,0.33858267716535434
1180,Baltimore County,3497,Baltimore County Precinct 04-006,2072,1119,431,1425,3497,1.0,0.5925078638833285,0.40749213611667146,1947,0.3199885616242494,0.12324849871318273,0.556762939662568
1183,Baltimore County,4554,Baltimore County Precinct 04-007,2661,1624,728,1893,4554,1.0,0.5843214756258235,0.4156785243741766,2202,0.35660957400087834,0.1598594642072903,0.48353096179183136
1184,Baltimore County,2479,Baltimore County Precinct 04-010,1427,800,251,1052,2479,1.0,0.5756353368293666,0.4243646631706333,1428,0.3227107704719645,0.10125050423557887,0.5760387252924566
1185,Baltimore County,4026,Baltimore County Precinct 04-008,3005,1395,789,1021,4026,1.0,0.7463984103328366,0.25360158966716345,1842,0.3464977645305514,0.19597615499254845,0.45752608047690013
1186,Baltimore County,1997,Baltimore County Precinct 04-009,1790,536,599,207,1997,1.0,0.8963445167751627,0.10365548322483725,862,0.2684026039058588,0.299949924887331,0.43164747120681024
1194,Baltimore County,5767,Baltimore County Precinct 02-011,1008,2075,173,4759,5767,1.0,0.17478758453268597,0.825212415467314,3519,0.35980579157274145,0.029998265996185193,0.6101959424310733
1195,Baltimore County,4341,Baltimore County Precinct 02-010,384,2145,88,3957,4341,1.0,0.0884588804422944,0.9115411195577056,2108,0.4941257774706289,0.0202718267680258,0.4856023957613453
1196,Baltimore County,3194,Baltimore County Precinct 02-017,337,1482,67,2857,3194,1.0,0.10551033187226048,0.8944896681277396,1645,0.46399499060738886,0.020976831559173452,0.5150281778334377
1197,Baltimore County,1512,Baltimore County Precinct 02-016,259,843,55,1253,1512,1.0,0.1712962962962963,0.8287037037037037,614,0.5575396825396826,0.036375661375661374,0.4060846560846561
1198,Baltimore County,3573,Baltimore County Precinct 02-013,562,1918,111,3011,3573,1.0,0.15729079205149735,0.8427092079485027,1544,0.536803806325217,0.031066330814441646,0.43212986286034144
1199,Baltimore County,3132,Baltimore County Precinct 02-003,421,1129,72,2711,3132,1.0,0.13441890166028098,0.8655810983397191,1931,0.3604725415070243,0.022988505747126436,0.6165389527458492
1200,Baltimore County,3378,Baltimore County Precinct 02-006,350,1792,62,3028,3378,1.0,0.10361160449970397,0.896388395500296,1524,0.5304914150384843,0.018354055654233273,0.4511545293072824
1350,Baltimore County,4946,Baltimore County Precinct 01-017,607,2000,136,4339,4946,1.0,0.12272543469470279,0.8772745653052972,2810,0.4043671653861706,0.027496967246259604,0.5681358673675697
1351,Baltimore County,3184,Baltimore County Precinct 01-012,2973,1153,904,211,3184,1.0,0.9337311557788944,0.06626884422110553,1127,0.36212311557788945,0.28391959798994976,0.3539572864321608
1352,Baltimore County,2703,Baltimore County Precinct 01-011,2226,835,698,477,2703,1.0,0.8235294117647058,0.17647058823529413,1170,0.3089160192378838,0.2582315945246023,0.4328523862375139
1353,Baltimore County,2485,Baltimore County Precinct 01-013,2365,1006,663,120,2485,1.0,0.9517102615694165,0.0482897384305835,816,0.4048289738430583,0.26680080482897384,0.3283702213279678
1354,Baltimore County,3127,Baltimore County Precinct 01-010,2439,1101,620,688,3127,1.0,0.7799808122801407,0.2200191877198593,1406,0.3520946594179725,0.1982731052126639,0.4496322353693636
1355,Baltimore County,3549,Baltimore County Precinct 01-003,1415,1363,374,2134,3549,1.0,0.3987038602423218,0.6012961397576783,1812,0.38405184559030714,0.10538179768948999,0.5105663567202029
1356,Baltimore County,3716,Baltimore County Precinct 01-004,1339,1333,307,2377,3716,1.0,0.36033369214208827,0.6396663078579118,2076,0.35871905274488697,0.0826157158234661,0.5586652314316469
1357,Baltimore County,2265,Baltimore County Precinct 01-002,437,930,81,1828,2265,1.0,0.19293598233995585,0.8070640176600441,1254,0.4105960264900662,0.03576158940397351,0.5536423841059602
1361,Baltimore County,5998,Baltimore County Precinct 01-014,3956,780,676,2042,5998,1.0,0.6595531843947983,0.34044681560520174,4542,0.1300433477825942,0.11270423474491498,0.7572524174724908
1362,Baltimore County,2893,Baltimore County Precinct 13-004,2610,743,736,283,2893,1.0,0.9021776702385067,0.09782232976149326,1414,0.25682682336674734,0.2544071897684065,0.4887659868648462
1363,Baltimore County,3240,Baltimore County Precinct 13-003,2835,754,710,405,3240,1.0,0.875,0.125,1776,0.23271604938271606,0.2191358024691358,0.5481481481481482
1364,Baltimore County,2641,Baltimore County Precinct 13-002,2319,511,472,322,2641,1.0,0.8780764861794774,0.12192351382052254,1658,0.19348731541082922,0.17872018174933738,0.6277925028398333
1365,Baltimore County,2840,Baltimore County Precinct 13-005,2397,738,722,443,2840,1.0,0.8440140845070423,0.15598591549295773,1380,0.25985915492957745,0.25422535211267605,0.4859154929577465
1366,Baltimore County,3604,Baltimore County Precinct 01-009,1703,1095,317,1901,3604,1.0,0.47253052164261933,0.5274694783573807,2192,0.30382907880133186,0.08795782463928968,0.6082130965593785
1367,Baltimore County,3870,Baltimore County Precinct 01-015,2674,1041,557,1196,3870,1.0,0.6909560723514212,0.3090439276485788,2272,0.2689922480620155,0.14392764857881138,0.5870801033591732
1368,Baltimore County,2349,Baltimore County Precinct 01-007,1200,776,236,1149,2349,1.0,0.5108556832694764,0.4891443167305236,1337,0.33035334184759474,0.10046828437633035,0.5691783737760749
1369,Baltimore County,4333,Baltimore County Precinct 01-008,3296,1331,659,1037,4333,1.0,0.7606738979921532,0.23932610200784676,2343,0.3071774751903993,0.15208862220170782,0.5407339026078929
1370,Baltimore County,4435,Baltimore County Precinct 01-005,1415,1785,262,3020,4435,1.0,0.31905298759864714,0.6809470124013529,2388,0.4024802705749718,0.05907553551296505,0.5384441939120631
1371,Baltimore County,4619,Baltimore County Precinct 01-001,871,2072,126,3748,4619,1.0,0.1885689543191167,0.8114310456808833,2421,0.4485819441437541,0.02727863173847153,0.5241394241177744
1372,Baltimore County,4031,Baltimore County Precinct 01-006,733,2117,142,3298,4031,1.0,0.18184073430910444,0.8181592656908956,1772,0.5251798561151079,0.03522699082113619,0.4395931530637559
1373,Baltimore County,4012,Baltimore County Precinct 13-001,2036,772,316,1976,4012,1.0,0.5074775672981057,0.49252243270189433,2924,0.19242273180458624,0.07876370887337986,0.7288135593220338
1374,Baltimore County,2661,Baltimore County Precinct 01-016,2481,758,502,180,2661,1.0,0.9323562570462233,0.06764374295377677,1401,0.2848553175497933,0.18865088312664413,0.5264937993235626
1708,Baltimore County,2385,Baltimore County Precinct 03-006,2216,1488,384,169,2385,1.0,0.929140461215933,0.07085953878406709,513,0.6238993710691824,0.1610062893081761,0.21509433962264152
1713,Baltimore County,3977,Baltimore County Precinct 03-007,3337,1760,792,640,3977,1.0,0.8390746794065879,0.1609253205934121,1425,0.44254463163188335,0.19914508423434749,0.3583102841337692
1714,Baltimore County,3393,Baltimore County Precinct 03-011,2447,1660,320,946,3393,1.0,0.7211906867079281,0.2788093132920719,1413,0.48924255820807544,0.09431181844974948,0.41644562334217505
1715,Baltimore County,2089,Baltimore County Precinct 03-013,1842,962,400,247,2089,1.0,0.8817616084250838,0.11823839157491622,727,0.4605074198180948,0.19147917663954045,0.34801340354236476
1716,Baltimore County,2964,Baltimore County Precinct 03-010,2695,1750,414,269,2964,1.0,0.9092442645074224,0.0907557354925776,800,0.5904183535762483,0.1396761133603239,0.2699055330634278
1717,Baltimore County,1906,Baltimore County Precinct 08-008,1709,709,525,197,1906,1.0,0.8966421825813221,0.10335781741867786,672,0.3719832109129066,0.27544596012591815,0.35257082896117525
1718,Baltimore County,2959,Baltimore County Precinct 04-005,2071,1078,445,888,2959,1.0,0.6998986143967557,0.30010138560324434,1436,0.3643122676579926,0.15038864481243663,0.4852990875295708
1719,Baltimore County,3908,Baltimore County Precinct 04-004,2966,1884,646,942,3908,1.0,0.7589559877175026,0.24104401228249744,1378,0.4820880245649949,0.1653019447287615,0.3526100307062436
1720,Baltimore County,533,Baltimore County Precinct 04-013,478,235,140,55,533,1.0,0.8968105065666041,0.10318949343339587,158,0.44090056285178236,0.2626641651031895,0.2964352720450281
1721,Baltimore County,433,Baltimore County Precinct 04-011,383,138,134,50,433,1.0,0.8845265588914549,0.11547344110854503,161,0.3187066974595843,0.3094688221709007,0.371824480369515
1722,Baltimore County,685,Baltimore County Precinct 08-023,608,301,232,77,685,1.0,0.8875912408759125,0.11240875912408758,152,0.4394160583941606,0.3386861313868613,0.22189781021897811
1723,Baltimore County,510,Baltimore County Precinct 08-021,438,147,201,72,510,1.0,0.8588235294117647,0.1411764705882353,162,0.28823529411764703,0.3941176470588235,0.3176470588235294
1724,Baltimore County,994,Baltimore County Precinct 08-024,886,326,445,108,994,1.0,0.8913480885311871,0.10865191146881288,223,0.32796780684104626,0.4476861167002012,0.2243460764587525
1725,Baltimore County,3725,Baltimore County Precinct 08-002,3308,786,1059,417,3725,1.0,0.8880536912751678,0.11194630872483222,1880,0.21100671140939598,0.28429530201342285,0.5046979865771812
