,COUNTY,VAP,NAME,WVAP,PRES16D,PRES16R,OVAP,TOT_VOTES,factor,WVAP_pct,OVAP_pct,PRES16None,PRES16D_pct,PRES16R_pct,PRES16None_pct
424,Baltimore County,2889,Baltimore County Precinct 11-019,2270,827,817,619,2889,1.0,0.7857390100380754,0.21426098996192455,1245,0.2862582208376601,0.2827968155070959,0.43094496365524404
425,Baltimore County,4130,Baltimore County Precinct 14-003,2875,1169,831,1255,4130,1.0,0.6961259079903148,0.30387409200968524,2130,0.2830508474576271,0.20121065375302663,0.5157384987893463
426,Baltimore County,1265,Baltimore County Precinct 11-013,891,331,306,374,1265,1.0,0.7043478260869566,0.2956521739130435,628,0.2616600790513834,0.24189723320158102,0.4964426877470356
427,Baltimore County,3157,Baltimore County Precinct 15-010,2444,884,817,713,3157,1.0,0.774152676591701,0.22584732340829902,1456,0.28001267025657267,0.25878999049730755,0.4611973392461197
428,Baltimore County,5523,Baltimore County Precinct 15-005,2822,2010,1383,2701,5523,1.0,0.5109541915625566,0.48904580843744344,2130,0.3639326453014666,0.25040738728951656,0.3856599674090168
429,Baltimore County,1411,Baltimore County Precinct 15-009,1311,308,625,100,1411,1.0,0.9291282778171509,0.07087172218284904,478,0.21828490432317504,0.44294826364280654,0.3387668320340184
430,Baltimore County,6204,Baltimore County Precinct 15-004,4276,1185,580,1928,6204,1.0,0.6892327530625403,0.3107672469374597,4439,0.19100580270793036,0.09348807221147647,0.7155061250805932
431,Baltimore County,3736,Baltimore County Precinct 11-012,3099,963,1283,637,3736,1.0,0.8294967880085653,0.1705032119914347,1490,0.257762312633833,0.3434154175588865,0.3988222698072805
432,Baltimore County,2758,Baltimore County Precinct 11-007,2318,1229,1528,440,2758,1.1904145077720207,0.8404641044234953,0.15953589557650472,1,0.44561276287164614,0.5540246555474981,0.00036258158085569254
433,Baltimore County,2818,Baltimore County Precinct 11-014,2465,737,1061,353,2818,1.0,0.8747338537970192,0.12526614620298085,1020,0.26153300212916963,0.3765081618168914,0.36195883605393897
434,Baltimore County,2037,Baltimore County Precinct 11-006,1892,499,932,145,2037,1.0,0.9288168875797742,0.07118311242022582,606,0.24496809032891506,0.4575355915562101,0.2974963181148748
435,Baltimore County,3470,Baltimore County Precinct 11-022,2749,1031,1274,721,3470,1.0,0.7922190201729107,0.20778097982708935,1165,0.29711815561959654,0.3671469740634006,0.3357348703170029
436,Baltimore County,2386,Baltimore County Precinct 11-005,1880,609,1009,506,2386,1.0,0.787929589270746,0.21207041072925398,768,0.25523889354568313,0.422883487007544,0.32187761944677284
437,Baltimore County,4029,Baltimore County Precinct 11-003,3873,802,2341,156,4029,1.0,0.9612807148175726,0.0387192851824274,886,0.19905683792504344,0.5810374782824522,0.21990568379250433
438,Baltimore County,2502,Baltimore County Precinct 11-001,2338,760,1252,164,2502,1.0,0.9344524380495604,0.06554756195043965,490,0.3037569944044764,0.5003996802557954,0.19584332533972823
439,Baltimore County,311,Baltimore County Precinct 10-005,286,119,191,25,311,1.0333333333333334,0.9196141479099679,0.08038585209003216,1,0.38263665594855306,0.6141479099678456,0.003215434083601286
440,Baltimore County,1364,Baltimore County Precinct 10-003,1284,466,820,80,1364,1.0,0.9413489736070382,0.05865102639296188,78,0.3416422287390029,0.6011730205278593,0.05718475073313783
442,Baltimore County,3090,Baltimore County Precinct 11-002,2978,758,1711,112,3090,1.0,0.9637540453074434,0.036245954692556634,621,0.2453074433656958,0.5537216828478965,0.20097087378640777
445,Baltimore County,3678,Baltimore County Precinct 15-007,2778,942,943,900,3678,1.0,0.7553017944535073,0.24469820554649266,1793,0.2561174551386623,0.256389342033714,0.4874932028276237
446,Baltimore County,2093,Baltimore County Precinct 15-025,1987,708,1384,106,2093,1.0155339805825243,0.9493549928332538,0.050645007166746296,1,0.33827042522694695,0.6612517916865743,0.00047778308647873863
447,Baltimore County,3091,Baltimore County Precinct 15-008,2496,779,1137,595,3091,1.0,0.8075056615981883,0.1924943384018117,1175,0.2520219993529602,0.3678421222905209,0.3801358783565189
448,Baltimore County,2662,Baltimore County Precinct 15-006,2499,554,1471,163,2662,1.0,0.9387678437265214,0.06123215627347859,637,0.20811419984973703,0.5525920360631105,0.23929376408715253
449,Baltimore County,2544,Baltimore County Precinct 11-004,1999,683,1017,545,2544,1.0,0.7857704402515723,0.21422955974842767,844,0.2684748427672956,0.39976415094339623,0.33176100628930816
450,Baltimore County,86,Baltimore County Precinct 11-020,73,10,25,13,86,1.0,0.8488372093023255,0.1511627906976744,51,0.11627906976744186,0.29069767441860467,0.5930232558139535
560,Baltimore County,3508,Baltimore County Precinct 15-022,3315,714,1728,193,3508,1.0,0.9449828962371721,0.05501710376282782,1066,0.20353477765108324,0.4925883694412771,0.30387685290763966
561,Baltimore County,4160,Baltimore County Precinct 15-021,3797,869,1750,363,4160,1.0,0.9127403846153846,0.08725961538461538,1541,0.20889423076923078,0.4206730769230769,0.3704326923076923
562,Baltimore County,4692,Baltimore County Precinct 15-020,4264,913,1623,428,4692,1.0,0.9087809036658141,0.09121909633418585,2156,0.19458653026427963,0.3459079283887468,0.4595055413469736
563,Baltimore County,2809,Baltimore County Precinct 15-015,2416,555,856,393,2809,1.0,0.8600925596297615,0.13990744037023853,1398,0.19757920968316126,0.30473478106087576,0.49768600925596296
564,Baltimore County,1897,Baltimore County Precinct 15-013,1758,383,844,139,1897,1.0,0.926726410121244,0.07327358987875593,670,0.2018977332630469,0.444913020558777,0.35318924617817604
565,Baltimore County,2156,Baltimore County Precinct 15-012,1954,485,908,202,2156,1.0,0.9063079777365491,0.09369202226345083,763,0.22495361781076068,0.42115027829313545,0.3538961038961039
566,Baltimore County,3144,Baltimore County Precinct 15-016,2489,600,798,655,3144,1.0,0.7916666666666666,0.20833333333333334,1746,0.19083969465648856,0.2538167938931298,0.5553435114503816
567,Baltimore County,3506,Baltimore County Precinct 15-017,1421,1505,509,2085,3506,1.0,0.40530519110096974,0.5946948088990303,1492,0.4292641186537364,0.14517969195664576,0.4255561893896178
568,Baltimore County,5453,Baltimore County Precinct 15-023,1748,1640,288,3705,5453,1.0,0.3205574912891986,0.6794425087108014,3525,0.3007518796992481,0.052814964239867965,0.6464331560608839
569,Baltimore County,975,Baltimore County Precinct 15-024,813,264,251,162,975,1.0,0.8338461538461538,0.16615384615384615,460,0.27076923076923076,0.25743589743589745,0.4717948717948718
570,Baltimore County,2919,Baltimore County Precinct 15-018,2086,720,961,833,2919,1.0,0.7146282973621103,0.2853717026378897,1238,0.24665981500513876,0.329222336416581,0.4241178485782802
571,Baltimore County,3443,Baltimore County Precinct 15-019,3220,799,1556,223,3443,1.0,0.9352309032820215,0.06476909671797851,1088,0.23206505954109788,0.4519314551263433,0.31600348533255884
572,Baltimore County,1739,Baltimore County Precinct 15-026,1696,378,1146,43,1739,1.0,0.9752731454859115,0.024726854514088556,215,0.21736630247268546,0.6589994249568718,0.12363427257044278
573,Baltimore County,2441,Baltimore County Precinct 12-012,2188,546,865,253,2441,1.0,0.8963539532978287,0.10364604670217124,1030,0.2236788201556739,0.35436296599754197,0.4219582138467841
577,Baltimore County,2668,Baltimore County Precinct 12-010,2310,747,694,358,2668,1.0,0.8658170914542729,0.13418290854572715,1227,0.2799850074962519,0.260119940029985,0.4598950524737631
578,Baltimore County,2639,Baltimore County Precinct 12-008,2315,555,915,324,2639,1.0,0.8772262220538083,0.12277377794619174,1169,0.21030693444486548,0.3467222432739674,0.44297082228116713
579,Baltimore County,3982,Baltimore County Precinct 12-003,3387,774,1197,595,3982,1.0,0.8505775991963838,0.14942240080361627,2011,0.19437468608739328,0.30060271220492213,0.5050226017076845
580,Baltimore County,3256,Baltimore County Precinct 12-002,2763,691,807,493,3256,1.0,0.8485872235872236,0.15141277641277642,1758,0.21222358722358722,0.24785012285012284,0.5399262899262899
587,Baltimore County,2846,Baltimore County Precinct 12-001,2343,543,759,503,2846,1.0,0.8232607167955025,0.17673928320449753,1544,0.19079409697821503,0.2666900913562895,0.5425158116654955
588,Baltimore County,4204,Baltimore County Precinct 12-007,3764,919,1375,440,4204,1.0,0.8953377735490009,0.10466222645099905,1910,0.21860133206470028,0.327069457659372,0.4543292102759277
589,Baltimore County,3540,Baltimore County Precinct 12-006,2774,785,784,766,3540,1.0,0.7836158192090396,0.21638418079096045,1971,0.22175141242937854,0.2214689265536723,0.5567796610169492
590,Baltimore County,3308,Baltimore County Precinct 12-005,2994,665,1126,314,3308,1.0,0.9050785973397824,0.09492140266021766,1517,0.20102781136638453,0.3403869407496977,0.4585852478839178
591,Baltimore County,4898,Baltimore County Precinct 12-004,4398,883,1469,500,4898,1.0,0.897917517354022,0.10208248264597795,2546,0.18027766435279707,0.29991833401388324,0.5198040016333197
592,Baltimore County,2424,Baltimore County Precinct 15-001,1845,429,447,579,2424,1.0,0.7611386138613861,0.23886138613861385,1548,0.17698019801980197,0.1844059405940594,0.6386138613861386
593,Baltimore County,3263,Baltimore County Precinct 15-002,2829,708,1094,434,3263,1.0,0.8669935642047196,0.1330064357952804,1461,0.21697824088262335,0.3352742874655225,0.44774747165185413
594,Baltimore County,1177,Baltimore County Precinct 15-014,1054,239,433,123,1177,1.0,0.8954970263381479,0.10450297366185217,505,0.20305862361937127,0.3678844519966015,0.4290569243840272
611,Baltimore County,1456,Baltimore County Precinct 12-009,1157,266,276,299,1456,1.0,0.7946428571428571,0.20535714285714285,914,0.18269230769230768,0.18956043956043955,0.6277472527472527
612,Baltimore County,4122,Baltimore County Precinct 12-011,3270,894,937,852,4122,1.0,0.7933042212518195,0.2066957787481805,2291,0.21688500727802038,0.22731683648714215,0.5557981562348374
613,Baltimore County,1905,Baltimore County Precinct 12-013,167,739,33,1738,1905,1.0,0.08766404199475065,0.9123359580052494,1133,0.3879265091863517,0.01732283464566929,0.594750656167979
796,Baltimore County,1239,Baltimore County Precinct 13-006,980,304,329,259,1239,1.0,0.7909604519774012,0.20903954802259886,606,0.2453591606133979,0.2655367231638418,0.4891041162227603
797,Baltimore County,2979,Baltimore County Precinct 13-007,1367,751,419,1612,2979,1.0,0.4588788183954347,0.5411211816045652,1809,0.2520980194696207,0.14065122524337026,0.6072507552870091
798,Baltimore County,5380,Baltimore County Precinct 13-009,3849,1158,1104,1531,5380,1.0,0.7154275092936803,0.2845724907063197,3118,0.21524163568773233,0.20520446096654274,0.5795539033457249
804,Baltimore County,2262,Baltimore County Precinct 13-008,1953,437,857,309,2262,1.0,0.863395225464191,0.13660477453580902,968,0.1931918656056587,0.378868258178603,0.42793987621573826
823,Baltimore County,2920,Baltimore County Precinct 14-011,1954,891,580,966,2920,1.0,0.6691780821917809,0.3308219178082192,1449,0.3051369863013699,0.19863013698630136,0.49623287671232874
824,Baltimore County,2766,Baltimore County Precinct 14-007,2061,867,756,705,2766,1.0,0.745119305856833,0.25488069414316705,1143,0.31344902386117135,0.27331887201735355,0.41323210412147504
825,Baltimore County,3521,Baltimore County Precinct 14-008,1352,1813,445,2169,3521,1.0,0.38398182334564046,0.6160181766543595,1263,0.5149105367793241,0.12638454984379438,0.35870491337688154
829,Baltimore County,4086,Baltimore County Precinct 09-022,3162,1366,1109,924,4086,1.0,0.7738619676945668,0.2261380323054332,1611,0.3343122858541361,0.27141458639255994,0.394273127753304
830,Baltimore County,2181,Baltimore County Precinct 14-012,1973,708,838,208,2181,1.0,0.9046309032553874,0.09536909674461257,635,0.3246217331499312,0.38422741861531406,0.2911508482347547
831,Baltimore County,723,Baltimore County Precinct 14-014,485,259,149,238,723,1.0,0.6708160442600276,0.32918395573997233,315,0.3582295988934993,0.20608575380359612,0.43568464730290457
832,Baltimore County,3444,Baltimore County Precinct 14-006,2936,1120,1157,508,3444,1.0,0.8524970963995354,0.14750290360046459,1167,0.3252032520325203,0.3359465737514518,0.33885017421602787
833,Baltimore County,2262,Baltimore County Precinct 14-001,2044,680,920,218,2262,1.0,0.9036251105216623,0.09637488947833775,662,0.3006189213085765,0.40671971706454463,0.2926613616268789
834,Baltimore County,2561,Baltimore County Precinct 14-010,1869,958,661,692,2561,1.0,0.7297930495900039,0.2702069504099961,942,0.3740726278797345,0.258102303787583,0.3678250683326825
835,Baltimore County,4471,Baltimore County Precinct 14-009,1738,1763,606,2733,4471,1.0,0.38872735405949455,0.6112726459405055,2102,0.39431894430776115,0.13554014761798255,0.4701409080742563
836,Baltimore County,1191,Baltimore County Precinct 14-005,540,302,115,651,1191,1.0,0.4534005037783375,0.5465994962216625,774,0.25356842989084805,0.09655751469353484,0.6498740554156172
837,Baltimore County,2619,Baltimore County Precinct 11-016,1527,679,389,1092,2619,1.0,0.5830469644902635,0.41695303550973656,1551,0.25925925925925924,0.14852997327224132,0.5922107674684994
838,Baltimore County,4063,Baltimore County Precinct 14-002,2593,1250,1062,1470,4063,1.0,0.6381983755845434,0.36180162441545655,1751,0.3076544425301501,0.26138321437361556,0.4309623430962343
839,Baltimore County,3933,Baltimore County Precinct 11-011,2948,1091,1121,985,3933,1.0,0.7495550470378846,0.25044495296211544,1721,0.277396389524536,0.28502415458937197,0.43757945588609204
840,Baltimore County,3413,Baltimore County Precinct 09-023,2320,1185,890,1093,3413,1.0,0.6797538822150601,0.32024611778493994,1338,0.34720187518312334,0.26076765309112215,0.39203047172575445
841,Baltimore County,2956,Baltimore County Precinct 09-025,2214,967,833,742,2956,1.0,0.7489851150202977,0.2510148849797023,1156,0.32713125845737484,0.28179972936400544,0.3910690121786198
842,Baltimore County,2895,Baltimore County Precinct 11-009,2192,922,916,703,2895,1.0,0.7571675302245251,0.24283246977547496,1057,0.31848013816925735,0.3164075993091537,0.36511226252158896
843,Baltimore County,3895,Baltimore County Precinct 09-024,3019,1394,1154,876,3895,1.0,0.7750962772785622,0.22490372272143774,1347,0.35789473684210527,0.2962772785622593,0.3458279845956354
844,Baltimore County,3694,Baltimore County Precinct 11-015,3631,839,969,63,3694,1.0,0.9829453167298322,0.01705468327016784,1886,0.22712506767731455,0.2623172712506768,0.5105576610720086
845,Baltimore County,731,Baltimore County Precinct 11-021,560,247,192,171,731,1.0,0.7660738714090287,0.23392612859097128,292,0.3378932968536252,0.26265389876880985,0.399452804377565
846,Baltimore County,2824,Baltimore County Precinct 11-008,2388,566,925,436,2824,1.0,0.8456090651558074,0.15439093484419264,1333,0.20042492917847027,0.32754957507082155,0.47202549575070823
847,Baltimore County,3720,Baltimore County Precinct 11-010,2780,998,898,940,3720,1.0,0.7473118279569892,0.25268817204301075,1824,0.2682795698924731,0.2413978494623656,0.49032258064516127
848,Baltimore County,1942,Baltimore County Precinct 11-018,1553,202,272,389,1942,1.0,0.7996910401647785,0.20030895983522143,1468,0.10401647785787847,0.1400617919670443,0.7559217301750772
849,Baltimore County,3460,Baltimore County Precinct 11-017,2820,1033,1300,640,3460,1.0,0.815028901734104,0.18497109826589594,1127,0.29855491329479766,0.37572254335260113,0.32572254335260115
850,Baltimore County,2630,Baltimore County Precinct 15-003,2325,509,954,305,2630,1.0,0.8840304182509505,0.11596958174904944,1167,0.1935361216730038,0.36273764258555136,0.4437262357414449
851,Baltimore County,3634,Baltimore County Precinct 14-013,1814,930,527,1820,3634,1.0,0.4991744634012108,0.5008255365987893,2177,0.25591634562465604,0.1450192625206384,0.5990643918547056
852,Baltimore County,3333,Baltimore County Precinct 15-011,2680,860,913,653,3333,1.0,0.804080408040804,0.19591959195919592,1560,0.25802580258025803,0.2739273927392739,0.46804680468046805
853,Baltimore County,343,Baltimore County Precinct 14-004,274,173,141,69,343,1.0,0.7988338192419825,0.20116618075801748,29,0.5043731778425656,0.4110787172011662,0.08454810495626822
965,Baltimore County,3555,Baltimore County Precinct 08-011,2068,605,458,1487,3555,1.0,0.5817158931082982,0.4182841068917018,2492,0.170182841068917,0.1288326300984529,0.7009845288326301
966,Baltimore County,2505,Baltimore County Precinct 08-006,1379,1674,485,1126,2505,1.0,0.550499001996008,0.449500998003992,346,0.6682634730538922,0.1936127744510978,0.13812375249501
967,Baltimore County,1757,Baltimore County Precinct 08-003,1549,623,588,208,1757,1.0,0.8816163915765509,0.11838360842344905,546,0.3545816733067729,0.3346613545816733,0.3107569721115538
968,Baltimore County,2017,Baltimore County Precinct 08-022,1757,854,690,260,2017,1.0,0.8710956866633615,0.12890431333663857,473,0.42340109072880516,0.34209221616261776,0.2345066931085771
969,Baltimore County,2489,Baltimore County Precinct 08-001,2208,853,1142,281,2489,1.0,0.8871032543190036,0.11289674568099639,494,0.342707914825231,0.4588188027320209,0.1984732824427481
970,Baltimore County,1888,Baltimore County Precinct 08-025,1659,565,674,229,1888,1.0,0.878707627118644,0.12129237288135593,649,0.2992584745762712,0.3569915254237288,0.34375
971,Baltimore County,2437,Baltimore County Precinct 08-004,2117,942,1039,320,2437,1.0,0.8686910135412392,0.13130898645876077,456,0.38654082888797703,0.4263438654082889,0.1871153057037341
972,Baltimore County,1477,Baltimore County Precinct 10-002,1372,564,789,105,1477,1.0,0.9289099526066351,0.07109004739336493,124,0.3818551117129316,0.5341909275558565,0.08395396073121192
973,Baltimore County,1876,Baltimore County Precinct 10-004,1797,585,1157,79,1876,1.0,0.9578891257995735,0.04211087420042644,134,0.31183368869936035,0.6167377398720683,0.07142857142857142
974,Baltimore County,3018,Baltimore County Precinct 10-001,2857,918,1488,161,3018,1.0,0.9466534128561962,0.053346587143803845,612,0.30417495029821073,0.49304174950298213,0.20278330019880716
975,Baltimore County,3508,Baltimore County Precinct 05-001,3315,840,1725,193,3508,1.0,0.9449828962371721,0.05501710376282782,943,0.2394526795895097,0.49173318129988597,0.2688141391106043
976,Baltimore County,1975,Baltimore County Precinct 06-001,1875,504,1149,100,1975,1.0,0.9493670886075949,0.05063291139240506,322,0.25518987341772154,0.5817721518987342,0.1630379746835443
977,Baltimore County,2338,Baltimore County Precinct 06-002,2220,587,1385,118,2338,1.0,0.9495295124037639,0.0504704875962361,366,0.2510692899914457,0.5923866552609067,0.15654405474764757
978,Baltimore County,2472,Baltimore County Precinct 07-003,2274,746,1292,198,2472,1.0,0.9199029126213593,0.08009708737864078,434,0.3017799352750809,0.5226537216828478,0.1755663430420712
979,Baltimore County,1071,Baltimore County Precinct 07-002,1032,339,708,39,1071,1.0,0.9635854341736695,0.036414565826330535,24,0.3165266106442577,0.6610644257703081,0.022408963585434174
980,Baltimore County,3153,Baltimore County Precinct 07-001,2987,792,1854,166,3153,1.0,0.9473517285125278,0.05264827148747225,507,0.25118934348239774,0.588011417697431,0.16079923882017128
989,Baltimore County,3836,Baltimore County Precinct 09-020,464,1733,106,3372,3836,1.0,0.12095933263816476,0.8790406673618353,1997,0.45177267987486963,0.027632950990615225,0.5205943691345151
990,Baltimore County,2342,Baltimore County Precinct 09-028,897,1027,192,1445,2342,1.0,0.38300597779675494,0.6169940222032451,1123,0.4385140905209223,0.08198121263877028,0.47950469684030744
991,Baltimore County,2528,Baltimore County Precinct 09-019,1774,1056,556,754,2528,1.0,0.7017405063291139,0.29825949367088606,916,0.4177215189873418,0.2199367088607595,0.3623417721518987
996,Baltimore County,3661,Baltimore County Precinct 09-021,3095,1190,1197,566,3661,1.0,0.8453974323955203,0.15460256760447966,1274,0.32504780114722753,0.32695984703632885,0.3479923518164436
997,Baltimore County,2909,Baltimore County Precinct 09-029,2172,437,51,737,2909,1.0,0.7466483327603988,0.25335166723960123,2421,0.15022344448264008,0.017531797868683398,0.8322447576486766
998,Baltimore County,2194,Baltimore County Precinct 09-012,1804,859,458,390,2194,1.0,0.8222424794895169,0.17775752051048313,877,0.39152233363719235,0.20875113947128532,0.3997265268915223
999,Baltimore County,2160,Baltimore County Precinct 09-007,1829,868,937,331,2160,1.0,0.8467592592592592,0.15324074074074073,355,0.40185185185185185,0.4337962962962963,0.16435185185185186
1000,Baltimore County,2993,Baltimore County Precinct 09-011,2118,1077,462,875,2993,1.0,0.707651186100902,0.2923488138990979,1454,0.3598396257935182,0.15436017373872368,0.4858002004677581
1001,Baltimore County,5056,Baltimore County Precinct 09-010,3865,2043,1014,1191,5056,1.0,0.7644382911392406,0.2355617088607595,1999,0.4040743670886076,0.20055379746835442,0.395371835443038
1002,Baltimore County,1644,Baltimore County Precinct 08-015,1440,711,681,204,1644,1.0,0.8759124087591241,0.12408759124087591,252,0.4324817518248175,0.4142335766423358,0.15328467153284672
1003,Baltimore County,1925,Baltimore County Precinct 08-014,1650,579,592,275,1925,1.0,0.8571428571428571,0.14285714285714285,754,0.30077922077922076,0.30753246753246755,0.3916883116883117
1004,Baltimore County,2163,Baltimore County Precinct 08-012,1905,972,946,258,2163,1.0,0.8807212205270458,0.11927877947295423,245,0.44937586685159503,0.4373555247341655,0.11326860841423948
1005,Baltimore County,5466,Baltimore County Precinct 08-005,3011,263,348,2455,5466,1.0,0.5508598609586535,0.44914013904134653,4855,0.048115623856567875,0.06366630076838639,0.8882180753750457
1006,Baltimore County,1075,Baltimore County Precinct 09-016,915,455,371,160,1075,1.0,0.8511627906976744,0.14883720930232558,249,0.4232558139534884,0.34511627906976744,0.23162790697674418
1007,Baltimore County,1627,Baltimore County Precinct 09-017,1118,679,297,509,1627,1.0,0.6871542716656422,0.3128457283343577,651,0.4173325138291334,0.18254456054087279,0.40012292562999385
1008,Baltimore County,26,Baltimore County Precinct 09-027,20,5,3,6,26,1.0,0.7692307692307693,0.23076923076923078,18,0.19230769230769232,0.11538461538461539,0.6923076923076923
1009,Baltimore County,2576,Baltimore County Precinct 09-018,1975,1031,602,601,2576,1.0,0.7666925465838509,0.23330745341614906,943,0.40023291925465837,0.23369565217391305,0.36607142857142855
1010,Baltimore County,1631,Baltimore County Precinct 09-009,1412,730,787,219,1631,1.0,0.8657265481299816,0.1342734518700184,114,0.4475781729000613,0.48252605763335377,0.06989576946658492
1011,Baltimore County,1132,Baltimore County Precinct 09-026,975,542,466,157,1132,1.0,0.8613074204946997,0.13869257950530034,124,0.4787985865724382,0.411660777385159,0.10954063604240283
1012,Baltimore County,1592,Baltimore County Precinct 09-008,1465,718,764,127,1592,1.0,0.9202261306532663,0.07977386934673367,110,0.4510050251256281,0.4798994974874372,0.06909547738693467
1013,Baltimore County,2194,Baltimore County Precinct 08-007,1336,1007,566,858,2194,1.0,0.6089334548769371,0.3910665451230629,621,0.45897903372835,0.25797629899726526,0.2830446672743847
1021,Baltimore County,3216,Baltimore County Precinct 09-003,2807,1738,751,409,3216,1.0,0.8728233830845771,0.1271766169154229,727,0.5404228855721394,0.23351990049751245,0.22605721393034825
1022,Baltimore County,3358,Baltimore County Precinct 03-008,2894,1531,660,464,3358,1.0,0.8618225134008338,0.13817748659916618,1167,0.4559261465157832,0.19654556283502084,0.34752829064919594
1023,Baltimore County,2600,Baltimore County Precinct 09-001,2400,1187,852,200,2600,1.0,0.9230769230769231,0.07692307692307693,561,0.45653846153846156,0.32769230769230767,0.21576923076923077
1024,Baltimore County,2246,Baltimore County Precinct 08-017,2079,927,926,167,2246,1.0,0.9256455921638468,0.07435440783615316,393,0.41273374888691006,0.41228851291184326,0.17497773820124665
1025,Baltimore County,879,Baltimore County Precinct 08-018,784,386,391,95,879,1.0,0.8919226393629124,0.1080773606370876,102,0.4391353811149033,0.4448236632536974,0.11604095563139932
1026,Baltimore County,2530,Baltimore County Precinct 08-019,2247,858,1014,283,2530,1.0,0.8881422924901186,0.11185770750988143,658,0.3391304347826087,0.4007905138339921,0.2600790513833992
1027,Baltimore County,2751,Baltimore County Precinct 08-009,2153,1090,1151,598,2751,1.0,0.7826245001817521,0.2173754998182479,510,0.39621955652490004,0.4183933115230825,0.18538713195201745
1028,Baltimore County,2173,Baltimore County Precinct 08-010,1965,889,927,208,2173,1.0,0.9042797975149562,0.09572020248504372,357,0.4091118269673263,0.4265991716520939,0.16428900138057984
1029,Baltimore County,1707,Baltimore County Precinct 08-020,1487,531,523,220,1707,1.0,0.8711189220855302,0.12888107791446984,653,0.3110720562390158,0.30638547158758056,0.38254247217340365
1030,Baltimore County,1541,Baltimore County Precinct 09-002,1463,751,662,78,1541,1.0,0.9493835171966256,0.050616482803374434,128,0.4873458792991564,0.42959117456197277,0.08306294613887086
1031,Baltimore County,4116,Baltimore County Precinct 09-004,3440,1015,527,676,4116,1.0,0.8357628765792031,0.16423712342079688,2574,0.2465986394557823,0.1280369290573372,0.6253644314868805
1032,Baltimore County,3650,Baltimore County Precinct 09-005,3293,1507,962,357,3650,1.0,0.9021917808219178,0.09780821917808219,1181,0.4128767123287671,0.2635616438356164,0.3235616438356164
1033,Baltimore County,6430,Baltimore County Precinct 09-006,4497,462,266,1933,6430,1.0,0.6993779160186625,0.3006220839813375,5702,0.071850699844479,0.04136858475894246,0.8867807153965785
1034,Baltimore County,778,Baltimore County Precinct 08-016,659,453,324,119,778,1.251207729468599,0.8470437017994858,0.15295629820051415,1,0.5822622107969152,0.41645244215938304,0.0012853470437017994
1035,Baltimore County,2667,Baltimore County Precinct 08-013,2348,1048,987,319,2667,1.0,0.880389951256093,0.11961004874390702,632,0.39295088113985754,0.3700787401574803,0.23697037870266216
1058,Baltimore County,2581,Baltimore County Precinct 09-014,1807,1494,387,774,2581,1.0,0.7001162340178225,0.2998837659821775,700,0.578845408756296,0.14994188299108874,0.2712127082526153
1059,Baltimore County,2145,Baltimore County Precinct 09-013,2025,1352,589,120,2145,1.0,0.9440559440559441,0.055944055944055944,204,0.6303030303030303,0.2745920745920746,0.0951048951048951
1065,Baltimore County,3415,Baltimore County Precinct 09-015,1933,1320,423,1482,3415,1.0,0.5660322108345535,0.43396778916544654,1672,0.38653001464128844,0.12386530014641288,0.48960468521229866
1093,Baltimore County,4060,Baltimore County Precinct 03-009,2908,1860,717,1152,4060,1.0,0.716256157635468,0.28374384236453204,1483,0.458128078817734,0.1766009852216749,0.3652709359605911
1138,Baltimore County,2293,Baltimore County Precinct 02-005,122,1474,60,2171,2293,1.0,0.053205407762756216,0.9467945922372438,759,0.6428259921500218,0.026166593981683386,0.3310074138682948
1139,Baltimore County,2631,Baltimore County Precinct 02-009,196,1261,61,2435,2631,1.0,0.07449638920562524,0.9255036107943747,1309,0.4792854427974154,0.023185100722158875,0.4975294564804257
1140,Baltimore County,3860,Baltimore County Precinct 02-014,432,2180,100,3428,3860,1.0,0.11191709844559586,0.8880829015544042,1580,0.5647668393782384,0.025906735751295335,0.40932642487046633
1141,Baltimore County,703,Baltimore County Precinct 02-025,557,570,132,146,703,1.2145328719723183,0.7923186344238976,0.20768136557610242,1,0.8108108108108109,0.18776671408250356,0.001422475106685633
1142,Baltimore County,398,Baltimore County Precinct 02-028,16,170,2,382,398,1.0,0.04020100502512563,0.9597989949748744,226,0.4271356783919598,0.005025125628140704,0.5678391959798995
1143,Baltimore County,2934,Baltimore County Precinct 02-007,310,1375,63,2624,2934,1.0,0.1056578050443081,0.8943421949556919,1496,0.46864349011588274,0.02147239263803681,0.5098841172460804
1144,Baltimore County,532,Baltimore County Precinct 02-023,170,305,55,362,532,1.0,0.31954887218045114,0.6804511278195489,172,0.5733082706766918,0.10338345864661654,0.3233082706766917
1145,Baltimore County,2750,Baltimore County Precinct 02-008,424,1789,103,2326,2750,1.0,0.15418181818181817,0.8458181818181818,858,0.6505454545454545,0.037454545454545456,0.312
1146,Baltimore County,1761,Baltimore County Precinct 03-014,1271,604,322,490,1761,1.0,0.7217490062464509,0.2782509937535491,835,0.3429869392390687,0.18285065303804657,0.4741624077228847
1147,Baltimore County,3988,Baltimore County Precinct 02-029,1361,1565,181,2627,3988,1.0,0.34127382146439317,0.6587261785356068,2242,0.3924272818455366,0.04538615847542628,0.5621865596790371
1148,Baltimore County,2503,Baltimore County Precinct 02-026,1337,1218,247,1166,2503,1.0,0.5341590091889732,0.46584099081102676,1038,0.48661606072712743,0.09868158210147823,0.4147023571713943
1149,Baltimore County,4357,Baltimore County Precinct 04-001,2178,1564,412,2179,4357,1.0,0.4998852421390865,0.5001147578609135,2381,0.35896258893734223,0.0945604773927014,0.5464769336699564
1150,Baltimore County,4438,Baltimore County Precinct 02-015,1185,2391,198,3253,4438,1.0,0.26701216764308244,0.7329878323569176,1849,0.5387561964849031,0.044614691302388466,0.41662911221270843
1151,Baltimore County,4253,Baltimore County Precinct 04-002,1859,1593,485,2394,4253,1.0,0.4371032212555843,0.5628967787444157,2175,0.374559134728427,0.11403715024688456,0.5114037150246885
1152,Baltimore County,6218,Baltimore County Precinct 04-014,2105,1431,210,4113,6218,1.0,0.3385332904470891,0.6614667095529109,4577,0.23013830813766484,0.033772917336764234,0.736088774525571
1153,Baltimore County,2859,Baltimore County Precinct 03-012,1558,1187,280,1301,2859,1.0,0.5449457852395942,0.45505421476040575,1392,0.41518013291360617,0.09793634137810424,0.48688352570828963
1154,Baltimore County,3010,Baltimore County Precinct 04-003,2691,1479,723,319,3010,1.0,0.8940199335548172,0.10598006644518272,808,0.4913621262458472,0.24019933554817277,0.26843853820598007
1155,Baltimore County,3867,Baltimore County Precinct 02-002,159,1691,63,3708,3867,1.0,0.041117145073700546,0.9588828549262994,2113,0.43728988880268943,0.016291698991466253,0.5464184122058443
1156,Baltimore County,3676,Baltimore County Precinct 02-004,165,1637,68,3511,3676,1.0,0.04488574537540805,0.955114254624592,1971,0.44532100108813927,0.018498367791077257,0.5361806311207835
1157,Baltimore County,1730,Baltimore County Precinct 02-001,101,1071,48,1629,1730,1.0,0.05838150289017341,0.9416184971098266,611,0.6190751445086705,0.027745664739884393,0.3531791907514451
1158,Baltimore County,3654,Baltimore County Precinct 03-001,569,2113,152,3085,3654,1.0,0.15571975916803504,0.844280240831965,1389,0.5782703886152162,0.04159824849480022,0.38013136288998356
1159,Baltimore County,1886,Baltimore County Precinct 03-004,949,1061,225,937,1886,1.0,0.5031813361611877,0.4968186638388123,600,0.5625662778366914,0.11930010604453871,0.3181336161187699
1160,Baltimore County,2455,Baltimore County Precinct 03-003,535,1616,112,1920,2455,1.0,0.21792260692464357,0.7820773930753564,727,0.6582484725050917,0.04562118126272913,0.2961303462321792
1161,Baltimore County,3558,Baltimore County Precinct 03-005,2386,1482,386,1172,3558,1.0,0.670601461495222,0.32939853850477796,1690,0.41652613827993257,0.10848791455874086,0.4749859471613266
1162,Baltimore County,2978,Baltimore County Precinct 03-002,1405,1428,209,1573,2978,1.0,0.4717931497649429,0.5282068502350571,1341,0.4795164539959704,0.07018132975151108,0.4503022162525185
1171,Baltimore County,1541,Baltimore County Precinct 02-019,893,445,487,648,1541,1.0,0.5794938351719663,0.42050616482803377,609,0.28877352368591824,0.31602855288773524,0.3951979234263465
1172,Baltimore County,1285,Baltimore County Precinct 02-018,223,811,128,1062,1285,1.0,0.1735408560311284,0.8264591439688715,346,0.6311284046692607,0.09961089494163425,0.26926070038910505
1173,Baltimore County,37,Baltimore County Precinct 02-022,11,27,5,26,37,1.0,0.2972972972972973,0.7027027027027027,5,0.7297297297297297,0.13513513513513514,0.13513513513513514
1174,Baltimore County,823,Baltimore County Precinct 02-020,304,487,100,519,823,1.0,0.36938031591737547,0.6306196840826246,236,0.5917375455650061,0.12150668286755771,0.2867557715674362
1175,Baltimore County,4946,Baltimore County Precinct 02-012,664,2237,200,4282,4946,1.0,0.13424989890820865,0.8657501010917914,2509,0.4522846744844319,0.040436716538617065,0.5072786089769511
1176,Baltimore County,2695,Baltimore County Precinct 02-024,283,1572,111,2412,2695,1.0,0.10500927643784787,0.8949907235621521,1012,0.5833024118738405,0.041187384044526903,0.37551020408163266
1177,Baltimore County,1072,Baltimore County Precinct 02-021,779,397,468,293,1072,1.0,0.726679104477612,0.2733208955223881,207,0.37033582089552236,0.43656716417910446,0.19309701492537312
1178,Baltimore County,2206,Baltimore County Precinct 02-027,459,1334,136,1747,2206,1.0,0.20806890299184044,0.7919310970081596,736,0.6047144152311876,0.061650045330915684,0.33363553943789664
1179,Baltimore County,2832,Baltimore County Precinct 04-012,1664,2162,669,1168,2832,1.0132426628489621,0.5875706214689266,0.4124293785310734,1,0.7634180790960452,0.23622881355932204,0.00035310734463276836
1180,Baltimore County,3497,Baltimore County Precinct 04-006,2072,1117,548,1425,3497,1.0,0.5925078638833285,0.40749213611667146,1832,0.31941664283671717,0.1567057477838147,0.5238776093794681
1183,Baltimore County,4554,Baltimore County Precinct 04-007,2661,1765,959,1893,4554,1.0,0.5843214756258235,0.4156785243741766,1830,0.3875713658322354,0.21058410188844973,0.4018445322793149
1184,Baltimore County,2479,Baltimore County Precinct 04-010,1427,892,358,1052,2479,1.0,0.5756353368293666,0.4243646631706333,1229,0.3598225090762404,0.1444130697862041,0.4957644211375555
1185,Baltimore County,4026,Baltimore County Precinct 04-008,3005,1303,931,1021,4026,1.0,0.7463984103328366,0.25360158966716345,1792,0.3236462990561351,0.2312468951813214,0.44510680576254347
1186,Baltimore County,1997,Baltimore County Precinct 04-009,1790,564,914,207,1997,1.0,0.8963445167751627,0.10365548322483725,519,0.2824236354531798,0.45768652979469204,0.2598898347521282
1194,Baltimore County,5767,Baltimore County Precinct 02-011,1008,2164,228,4759,5767,1.0,0.17478758453268597,0.825212415467314,3375,0.3752384255245362,0.039535286977631354,0.5852262874978325
1195,Baltimore County,4341,Baltimore County Precinct 02-010,384,2277,117,3957,4341,1.0,0.0884588804422944,0.9115411195577056,1947,0.5245335176226675,0.026952315134761574,0.4485141672425708
1196,Baltimore County,3194,Baltimore County Precinct 02-017,337,1676,90,2857,3194,1.0,0.10551033187226048,0.8944896681277396,1428,0.5247338760175329,0.028177833437695678,0.44708829054477145
1197,Baltimore County,1512,Baltimore County Precinct 02-016,259,897,79,1253,1512,1.0,0.1712962962962963,0.8287037037037037,536,0.5932539682539683,0.052248677248677246,0.3544973544973545
1198,Baltimore County,3573,Baltimore County Precinct 02-013,562,1936,135,3011,3573,1.0,0.15729079205149735,0.8427092079485027,1502,0.5418415897005318,0.037783375314861464,0.42037503498460677
1199,Baltimore County,3132,Baltimore County Precinct 02-003,421,891,90,2711,3132,1.0,0.13441890166028098,0.8655810983397191,2151,0.28448275862068967,0.028735632183908046,0.6867816091954023
1200,Baltimore County,3378,Baltimore County Precinct 02-006,350,1811,95,3028,3378,1.0,0.10361160449970397,0.896388395500296,1472,0.5361160449970397,0.028123149792776792,0.43576080521018357
1350,Baltimore County,4946,Baltimore County Precinct 01-017,607,2251,184,4339,4946,1.0,0.12272543469470279,0.8772745653052972,2511,0.45511524464213504,0.0372017792155277,0.5076829761423373
1351,Baltimore County,3184,Baltimore County Precinct 01-012,2973,1334,1096,211,3184,1.0,0.9337311557788944,0.06626884422110553,754,0.41896984924623115,0.3442211055276382,0.23680904522613067
1352,Baltimore County,2703,Baltimore County Precinct 01-011,2226,1089,932,477,2703,1.0,0.8235294117647058,0.17647058823529413,682,0.40288568257491675,0.3448020717721051,0.25231224565297816
1353,Baltimore County,2485,Baltimore County Precinct 01-013,2365,1257,835,120,2485,1.0,0.9517102615694165,0.0482897384305835,393,0.5058350100603621,0.33601609657947684,0.15814889336016097
1354,Baltimore County,3127,Baltimore County Precinct 01-010,2439,1323,737,688,3127,1.0,0.7799808122801407,0.2200191877198593,1067,0.4230892228973457,0.2356891589382795,0.3412216181643748
1355,Baltimore County,3549,Baltimore County Precinct 01-003,1415,1651,415,2134,3549,1.0,0.3987038602423218,0.6012961397576783,1483,0.4652014652014652,0.11693434770357847,0.4178641870949563
1356,Baltimore County,3716,Baltimore County Precinct 01-004,1339,1870,464,2377,3716,1.0,0.36033369214208827,0.6396663078579118,1382,0.5032292787944026,0.12486544671689989,0.37190527448869753
1357,Baltimore County,2265,Baltimore County Precinct 01-002,437,1010,112,1828,2265,1.0,0.19293598233995585,0.8070640176600441,1143,0.445916114790287,0.04944812362030905,0.5046357615894039
1361,Baltimore County,5998,Baltimore County Precinct 01-014,3956,920,851,2042,5998,1.0,0.6595531843947983,0.34044681560520174,4227,0.1533844614871624,0.14188062687562522,0.7047349116372124
1362,Baltimore County,2893,Baltimore County Precinct 13-004,2610,742,984,283,2893,1.0,0.9021776702385067,0.09782232976149326,1167,0.2564811614241272,0.3401313515381956,0.40338748703767713
1363,Baltimore County,3240,Baltimore County Precinct 13-003,2835,705,947,405,3240,1.0,0.875,0.125,1588,0.2175925925925926,0.29228395061728396,0.4901234567901235
1364,Baltimore County,2641,Baltimore County Precinct 13-002,2319,523,650,322,2641,1.0,0.8780764861794774,0.12192351382052254,1468,0.19803104884513442,0.24611889435819764,0.5558500567966679
1365,Baltimore County,2840,Baltimore County Precinct 13-005,2397,719,1125,443,2840,1.0,0.8440140845070423,0.15598591549295773,996,0.25316901408450704,0.3961267605633803,0.35070422535211265
1366,Baltimore County,3604,Baltimore County Precinct 01-009,1703,1117,448,1901,3604,1.0,0.47253052164261933,0.5274694783573807,2039,0.30993340732519425,0.12430632630410655,0.5657602663706992
1367,Baltimore County,3870,Baltimore County Precinct 01-015,2674,1204,775,1196,3870,1.0,0.6909560723514212,0.3090439276485788,1891,0.3111111111111111,0.20025839793281655,0.48863049095607236
1368,Baltimore County,2349,Baltimore County Precinct 01-007,1200,952,311,1149,2349,1.0,0.5108556832694764,0.4891443167305236,1086,0.4052788420604513,0.13239676458067262,0.4623243933588761
1369,Baltimore County,4333,Baltimore County Precinct 01-008,3296,1576,826,1037,4333,1.0,0.7606738979921532,0.23932610200784676,1931,0.36372028617585966,0.19063004846526657,0.44564966535887374
1370,Baltimore County,4435,Baltimore County Precinct 01-005,1415,1958,373,3020,4435,1.0,0.31905298759864714,0.6809470124013529,2104,0.4414881623449831,0.08410372040586246,0.47440811724915444
1371,Baltimore County,4619,Baltimore County Precinct 01-001,871,2111,157,3748,4619,1.0,0.1885689543191167,0.8114310456808833,2351,0.45702533015804286,0.03399004113444468,0.5089846287075125
1372,Baltimore County,4031,Baltimore County Precinct 01-006,733,2331,157,3298,4031,1.0,0.18184073430910444,0.8181592656908956,1543,0.5782684197469611,0.038948151823368894,0.38278342842967006
1373,Baltimore County,4012,Baltimore County Precinct 13-001,2036,755,554,1976,4012,1.0,0.5074775672981057,0.49252243270189433,2703,0.188185443668993,0.13808574277168495,0.673728813559322
1374,Baltimore County,2661,Baltimore County Precinct 01-016,2481,1021,782,180,2661,1.0,0.9323562570462233,0.06764374295377677,858,0.3836903419767005,0.2938744832769635,0.322435174746336
1708,Baltimore County,2385,Baltimore County Precinct 03-006,2216,1274,588,169,2385,1.0,0.929140461215933,0.07085953878406709,523,0.5341719077568134,0.24654088050314465,0.21928721174004193
1713,Baltimore County,3977,Baltimore County Precinct 03-007,3337,1538,1254,640,3977,1.0,0.8390746794065879,0.1609253205934121,1185,0.3867236610510435,0.31531305003771687,0.29796328891123963
1714,Baltimore County,3393,Baltimore County Precinct 03-011,2447,1605,494,946,3393,1.0,0.7211906867079281,0.2788093132920719,1294,0.47303271441202477,0.14559386973180077,0.38137341585617446
1715,Baltimore County,2089,Baltimore County Precinct 03-013,1842,913,548,247,2089,1.0,0.8817616084250838,0.11823839157491622,628,0.43705122067975105,0.26232647199617043,0.3006223073240785
1716,Baltimore County,2964,Baltimore County Precinct 03-010,2695,1709,611,269,2964,1.0,0.9092442645074224,0.0907557354925776,644,0.5765856950067476,0.20614035087719298,0.21727395411605938
1717,Baltimore County,1906,Baltimore County Precinct 08-008,1709,708,669,197,1906,1.0,0.8966421825813221,0.10335781741867786,529,0.37145855194123817,0.35099685204617,0.2775445960125918
1718,Baltimore County,2959,Baltimore County Precinct 04-005,2071,1075,546,888,2959,1.0,0.6998986143967557,0.30010138560324434,1338,0.36329841162554916,0.18452179790469753,0.4521797904697533
1719,Baltimore County,3908,Baltimore County Precinct 04-004,2966,1789,782,942,3908,1.0,0.7589559877175026,0.24104401228249744,1337,0.4577789150460594,0.2001023541453429,0.3421187308085977
1720,Baltimore County,533,Baltimore County Precinct 04-013,478,276,242,55,533,1.0,0.8968105065666041,0.10318949343339587,15,0.5178236397748592,0.4540337711069418,0.028142589118198873
1721,Baltimore County,433,Baltimore County Precinct 04-011,383,144,180,50,433,1.0,0.8845265588914549,0.11547344110854503,109,0.3325635103926097,0.41570438799076215,0.2517321016166282
1722,Baltimore County,685,Baltimore County Precinct 08-023,608,295,271,77,685,1.0,0.8875912408759125,0.11240875912408758,119,0.4306569343065693,0.3956204379562044,0.17372262773722627
1723,Baltimore County,510,Baltimore County Precinct 08-021,438,165,251,72,510,1.0,0.8588235294117647,0.1411764705882353,94,0.3235294117647059,0.492156862745098,0.1843137254901961
1724,Baltimore County,994,Baltimore County Precinct 08-024,886,342,525,108,994,1.0,0.8913480885311871,0.10865191146881288,127,0.3440643863179074,0.528169014084507,0.12776659959758552
1725,Baltimore County,3725,Baltimore County Precinct 08-002,3308,865,1223,417,3725,1.0,0.8880536912751678,0.11194630872483222,1637,0.23221476510067113,0.3283221476510067,0.43946308724832217
