,COUNTY,VAP,NAME,WVAP,PRES12D,PRES12R,OVAP,TOT_VOTES,factor,WVAP_pct,OVAP_pct,PRES12None,PRES12D_pct,PRES12R_pct,PRES12None_pct
424,Baltimore County,2889,Baltimore County Precinct 11-019,2270,849,852,619,2889,1.0,0.7857390100380754,0.21426098996192455,1188,0.29387331256490135,0.2949117341640706,0.411214953271028
425,Baltimore County,4130,Baltimore County Precinct 14-003,2875,1016,524,1255,4130,1.0,0.6961259079903148,0.30387409200968524,2590,0.2460048426150121,0.12687651331719127,0.6271186440677966
426,Baltimore County,1265,Baltimore County Precinct 11-013,891,347,318,374,1265,1.0,0.7043478260869566,0.2956521739130435,600,0.27430830039525694,0.25138339920948616,0.4743083003952569
427,Baltimore County,3157,Baltimore County Precinct 15-010,2444,975,697,713,3157,1.0,0.774152676591701,0.22584732340829902,1485,0.3088375039594552,0.22077922077922077,0.47038327526132406
428,Baltimore County,5523,Baltimore County Precinct 15-005,2822,1731,879,2701,5523,1.0,0.5109541915625566,0.48904580843744344,2913,0.3134166214014123,0.15915263443780553,0.5274307441607822
429,Baltimore County,1411,Baltimore County Precinct 15-009,1311,360,569,100,1411,1.0,0.9291282778171509,0.07087172218284904,482,0.25513819985825653,0.40326009922041106,0.3416017009213324
430,Baltimore County,6204,Baltimore County Precinct 15-004,4276,1476,952,1928,6204,1.0,0.6892327530625403,0.3107672469374597,3776,0.2379110251450677,0.15344938749194068,0.6086395873629916
431,Baltimore County,3736,Baltimore County Precinct 11-012,3099,989,1367,637,3736,1.0,0.8294967880085653,0.1705032119914347,1380,0.2647216274089936,0.36589935760171305,0.3693790149892934
432,Baltimore County,2316,Baltimore County Precinct 11-007,1947,775,1027,369,2316,1.0,0.8406735751295337,0.15932642487046633,514,0.3346286701208981,0.4434369602763385,0.2219343696027634
433,Baltimore County,2818,Baltimore County Precinct 11-014,2465,742,1140,353,2818,1.0,0.8747338537970192,0.12526614620298085,936,0.26330731014904185,0.40454222853087296,0.3321504613200852
434,Baltimore County,2037,Baltimore County Precinct 11-006,1892,545,945,145,2037,1.0,0.9288168875797742,0.07118311242022582,547,0.26755031909671084,0.4639175257731959,0.26853215513009326
435,Baltimore County,3470,Baltimore County Precinct 11-022,2749,867,1233,721,3470,1.0,0.7922190201729107,0.20778097982708935,1370,0.24985590778097982,0.3553314121037464,0.39481268011527376
436,Baltimore County,2386,Baltimore County Precinct 11-005,1880,575,1098,506,2386,1.0,0.787929589270746,0.21207041072925398,713,0.240989103101425,0.46018440905280805,0.298826487845767
437,Baltimore County,4029,Baltimore County Precinct 11-003,3873,825,2457,156,4029,1.0,0.9612807148175726,0.0387192851824274,747,0.20476545048399106,0.6098287416232315,0.18540580789277736
438,Baltimore County,2502,Baltimore County Precinct 11-001,2338,719,1380,164,2502,1.0,0.9344524380495604,0.06554756195043965,403,0.2873701039168665,0.5515587529976019,0.16107114308553158
439,Baltimore County,300,Baltimore County Precinct 10-005,276,105,184,24,300,1.0,0.92,0.08,11,0.35,0.6133333333333333,0.03666666666666667
440,Baltimore County,1364,Baltimore County Precinct 10-003,1284,412,875,80,1364,1.0,0.9413489736070382,0.05865102639296188,77,0.3020527859237537,0.6414956011730205,0.056451612903225805
442,Baltimore County,3090,Baltimore County Precinct 11-002,2978,685,1640,112,3090,1.0,0.9637540453074434,0.036245954692556634,765,0.22168284789644013,0.5307443365695793,0.24757281553398058
445,Baltimore County,3678,Baltimore County Precinct 15-007,2778,1050,846,900,3678,1.0,0.7553017944535073,0.24469820554649266,1782,0.28548123980424145,0.2300163132137031,0.48450244698205547
446,Baltimore County,2060,Baltimore County Precinct 15-025,1956,583,1106,104,2060,1.0,0.9495145631067962,0.05048543689320388,371,0.2830097087378641,0.5368932038834952,0.18009708737864077
447,Baltimore County,3091,Baltimore County Precinct 15-008,2496,867,1001,595,3091,1.0,0.8075056615981883,0.1924943384018117,1223,0.28049175024263995,0.3238434163701068,0.39566483338725333
448,Baltimore County,2662,Baltimore County Precinct 15-006,2499,626,1311,163,2662,1.0,0.9387678437265214,0.06123215627347859,725,0.23516153268219384,0.49248685199098424,0.27235161532682195
449,Baltimore County,2544,Baltimore County Precinct 11-004,1999,631,867,545,2544,1.0,0.7857704402515723,0.21422955974842767,1046,0.24803459119496854,0.3408018867924528,0.4111635220125786
450,Baltimore County,132,Baltimore County Precinct 11-020,112,37,94,20,132,1.5232558139534884,0.8484848484848485,0.15151515151515152,1,0.2803030303030303,0.7121212121212122,0.007575757575757576
560,Baltimore County,3508,Baltimore County Precinct 15-022,3315,815,1279,193,3508,1.0,0.9449828962371721,0.05501710376282782,1414,0.2323261117445838,0.36459521094640823,0.403078677309008
561,Baltimore County,4160,Baltimore County Precinct 15-021,3797,1036,1577,363,4160,1.0,0.9127403846153846,0.08725961538461538,1547,0.24903846153846154,0.37908653846153845,0.371875
562,Baltimore County,4692,Baltimore County Precinct 15-020,4264,1065,1221,428,4692,1.0,0.9087809036658141,0.09121909633418585,2406,0.22698209718670076,0.260230179028133,0.5127877237851662
563,Baltimore County,2809,Baltimore County Precinct 15-015,2416,590,724,393,2809,1.0,0.8600925596297615,0.13990744037023853,1495,0.21003915984336063,0.2577429690281239,0.5322178711285155
564,Baltimore County,1897,Baltimore County Precinct 15-013,1758,457,694,139,1897,1.0,0.926726410121244,0.07327358987875593,746,0.24090669478123353,0.3658408012651555,0.39325250395361094
565,Baltimore County,2156,Baltimore County Precinct 15-012,1954,520,734,202,2156,1.0,0.9063079777365491,0.09369202226345083,902,0.24118738404452691,0.3404452690166976,0.41836734693877553
566,Baltimore County,3144,Baltimore County Precinct 15-016,2489,668,674,655,3144,1.0,0.7916666666666666,0.20833333333333334,1802,0.21246819338422393,0.2143765903307888,0.5731552162849872
567,Baltimore County,3506,Baltimore County Precinct 15-017,1421,1513,461,2085,3506,1.0,0.40530519110096974,0.5946948088990303,1532,0.4315459212778095,0.13148887621220764,0.4369652025099829
568,Baltimore County,5453,Baltimore County Precinct 15-023,1748,1857,223,3705,5453,1.0,0.3205574912891986,0.6794425087108014,3373,0.3405464881716486,0.04089492022739776,0.6185585916009536
569,Baltimore County,975,Baltimore County Precinct 15-024,813,246,258,162,975,1.0,0.8338461538461538,0.16615384615384615,471,0.2523076923076923,0.26461538461538464,0.48307692307692307
570,Baltimore County,2919,Baltimore County Precinct 15-018,2086,798,866,833,2919,1.0,0.7146282973621103,0.2853717026378897,1255,0.2733812949640288,0.29667694415895857,0.4299417608770127
571,Baltimore County,3443,Baltimore County Precinct 15-019,3220,866,1538,223,3443,1.0,0.9352309032820215,0.06476909671797851,1039,0.2515248329944816,0.4467034562881208,0.3017717107173976
572,Baltimore County,1739,Baltimore County Precinct 15-026,1696,417,1045,43,1739,1.0,0.9752731454859115,0.024726854514088556,277,0.23979298447383554,0.6009200690051754,0.15928694652098907
573,Baltimore County,2441,Baltimore County Precinct 12-012,2188,632,672,253,2441,1.0,0.8963539532978287,0.10364604670217124,1137,0.25891028267103644,0.2752970094223679,0.46579270790659566
577,Baltimore County,2668,Baltimore County Precinct 12-010,2310,724,531,358,2668,1.0,0.8658170914542729,0.13418290854572715,1413,0.27136431784107945,0.1990254872563718,0.5296101949025487
578,Baltimore County,2639,Baltimore County Precinct 12-008,2315,606,606,324,2639,1.0,0.8772262220538083,0.12277377794619174,1427,0.22963243652898827,0.22963243652898827,0.5407351269420235
579,Baltimore County,3982,Baltimore County Precinct 12-003,3387,805,935,595,3982,1.0,0.8505775991963838,0.14942240080361627,2242,0.20215971873430438,0.23480662983425415,0.5630336514314415
580,Baltimore County,3256,Baltimore County Precinct 12-002,2763,705,668,493,3256,1.0,0.8485872235872236,0.15141277641277642,1883,0.21652334152334152,0.20515970515970516,0.5783169533169533
587,Baltimore County,2846,Baltimore County Precinct 12-001,2343,613,684,503,2846,1.0,0.8232607167955025,0.17673928320449753,1549,0.21539002108222066,0.24033731553056922,0.5442726633872101
588,Baltimore County,4204,Baltimore County Precinct 12-007,3764,958,990,440,4204,1.0,0.8953377735490009,0.10466222645099905,2256,0.22787821122740248,0.23549000951474786,0.5366317792578497
589,Baltimore County,3540,Baltimore County Precinct 12-006,2774,833,586,766,3540,1.0,0.7836158192090396,0.21638418079096045,2121,0.23531073446327683,0.1655367231638418,0.5991525423728814
590,Baltimore County,3308,Baltimore County Precinct 12-005,2994,760,881,314,3308,1.0,0.9050785973397824,0.09492140266021766,1667,0.22974607013301088,0.2663240628778718,0.5039298669891172
591,Baltimore County,4898,Baltimore County Precinct 12-004,4398,920,1150,500,4898,1.0,0.897917517354022,0.10208248264597795,2828,0.18783176806859944,0.23478971008574928,0.5773785218456513
592,Baltimore County,2424,Baltimore County Precinct 15-001,1845,537,322,579,2424,1.0,0.7611386138613861,0.23886138613861385,1565,0.22153465346534654,0.13283828382838284,0.6456270627062707
593,Baltimore County,3263,Baltimore County Precinct 15-002,2829,736,985,434,3263,1.0,0.8669935642047196,0.1330064357952804,1542,0.2255593012565124,0.3018694452957401,0.4725712534477475
594,Baltimore County,1177,Baltimore County Precinct 15-014,1054,226,351,123,1177,1.0,0.8954970263381479,0.10450297366185217,600,0.19201359388275277,0.2982158028887001,0.5097706032285472
611,Baltimore County,1456,Baltimore County Precinct 12-009,1157,295,230,299,1456,1.0,0.7946428571428571,0.20535714285714285,931,0.2026098901098901,0.15796703296703296,0.6394230769230769
612,Baltimore County,4122,Baltimore County Precinct 12-011,3270,932,727,852,4122,1.0,0.7933042212518195,0.2066957787481805,2463,0.22610383309073265,0.17637069383794274,0.5975254730713246
613,Baltimore County,1905,Baltimore County Precinct 12-013,167,1013,21,1738,1905,1.0,0.08766404199475065,0.9123359580052494,871,0.531758530183727,0.011023622047244094,0.45721784776902885
796,Baltimore County,1239,Baltimore County Precinct 13-006,980,318,340,259,1239,1.0,0.7909604519774012,0.20903954802259886,581,0.2566585956416465,0.2744148506860371,0.4689265536723164
797,Baltimore County,2979,Baltimore County Precinct 13-007,1367,779,314,1612,2979,1.0,0.4588788183954347,0.5411211816045652,1886,0.2614971466935213,0.10540449815374286,0.6330983551527358
798,Baltimore County,5380,Baltimore County Precinct 13-009,3849,1270,947,1531,5380,1.0,0.7154275092936803,0.2845724907063197,3163,0.23605947955390336,0.17602230483271375,0.5879182156133829
804,Baltimore County,2262,Baltimore County Precinct 13-008,1953,494,703,309,2262,1.0,0.863395225464191,0.13660477453580902,1065,0.21839080459770116,0.3107869142351901,0.4708222811671088
823,Baltimore County,2920,Baltimore County Precinct 14-011,1954,883,643,966,2920,1.0,0.6691780821917809,0.3308219178082192,1394,0.3023972602739726,0.2202054794520548,0.4773972602739726
824,Baltimore County,2766,Baltimore County Precinct 14-007,2061,911,758,705,2766,1.0,0.745119305856833,0.25488069414316705,1097,0.32935647143890096,0.2740419378163413,0.39660159074475776
825,Baltimore County,3521,Baltimore County Precinct 14-008,1352,1833,538,2169,3521,1.0,0.38398182334564046,0.6160181766543595,1150,0.5205907412666856,0.15279750071002557,0.32661175802328885
829,Baltimore County,4086,Baltimore County Precinct 09-022,3162,1407,1171,924,4086,1.0,0.7738619676945668,0.2261380323054332,1508,0.3443465491923642,0.2865883504650025,0.3690651003426334
830,Baltimore County,2181,Baltimore County Precinct 14-012,1973,651,806,208,2181,1.0,0.9046309032553874,0.09536909674461257,724,0.2984869325997249,0.3695552498853737,0.33195781751490144
831,Baltimore County,723,Baltimore County Precinct 14-014,485,224,154,238,723,1.0,0.6708160442600276,0.32918395573997233,345,0.30982019363762103,0.21300138312586445,0.47717842323651455
832,Baltimore County,3444,Baltimore County Precinct 14-006,2936,1149,1203,508,3444,1.0,0.8524970963995354,0.14750290360046459,1092,0.3336236933797909,0.34930313588850176,0.3170731707317073
833,Baltimore County,2262,Baltimore County Precinct 14-001,2044,668,862,218,2262,1.0,0.9036251105216623,0.09637488947833775,732,0.2953138815207781,0.381078691423519,0.32360742705570295
834,Baltimore County,2561,Baltimore County Precinct 14-010,1869,910,717,692,2561,1.0,0.7297930495900039,0.2702069504099961,934,0.3553299492385787,0.27996876220226474,0.36470128855915657
835,Baltimore County,4471,Baltimore County Precinct 14-009,1738,1687,598,2733,4471,1.0,0.38872735405949455,0.6112726459405055,2186,0.3773205099530306,0.13375083873853724,0.4889286513084321
836,Baltimore County,1191,Baltimore County Precinct 14-005,540,317,126,651,1191,1.0,0.4534005037783375,0.5465994962216625,748,0.2661628883291352,0.10579345088161209,0.6280436607892528
837,Baltimore County,2619,Baltimore County Precinct 11-016,1527,735,361,1092,2619,1.0,0.5830469644902635,0.41695303550973656,1523,0.2806414662084765,0.13783886979763268,0.5815196639938908
838,Baltimore County,4063,Baltimore County Precinct 14-002,2593,1263,1108,1470,4063,1.0,0.6381983755845434,0.36180162441545655,1692,0.3108540487324637,0.2727048978587251,0.4164410534088112
839,Baltimore County,3933,Baltimore County Precinct 11-011,2948,1095,1182,985,3933,1.0,0.7495550470378846,0.25044495296211544,1656,0.2784134248665141,0.3005339435545385,0.42105263157894735
840,Baltimore County,3413,Baltimore County Precinct 09-023,2320,1106,930,1093,3413,1.0,0.6797538822150601,0.32024611778493994,1377,0.32405508350424844,0.2724875476120715,0.40345736888368006
841,Baltimore County,2956,Baltimore County Precinct 09-025,2214,899,776,742,2956,1.0,0.7489851150202977,0.2510148849797023,1281,0.30412719891745604,0.2625169147496617,0.4333558863328823
842,Baltimore County,2895,Baltimore County Precinct 11-009,2192,855,831,703,2895,1.0,0.7571675302245251,0.24283246977547496,1209,0.29533678756476683,0.28704663212435233,0.41761658031088084
843,Baltimore County,3895,Baltimore County Precinct 09-024,3019,1314,1240,876,3895,1.0,0.7750962772785622,0.22490372272143774,1341,0.3373555840821566,0.31835686777920413,0.34428754813863927
844,Baltimore County,3694,Baltimore County Precinct 11-015,3631,655,942,63,3694,1.0,0.9829453167298322,0.01705468327016784,2097,0.1773145641580942,0.2550081212777477,0.567677314564158
845,Baltimore County,731,Baltimore County Precinct 11-021,560,249,197,171,731,1.0,0.7660738714090287,0.23392612859097128,285,0.34062927496580025,0.2694938440492476,0.3898768809849521
846,Baltimore County,2824,Baltimore County Precinct 11-008,2388,616,885,436,2824,1.0,0.8456090651558074,0.15439093484419264,1323,0.21813031161473087,0.313385269121813,0.4684844192634561
847,Baltimore County,3720,Baltimore County Precinct 11-010,2780,1027,938,940,3720,1.0,0.7473118279569892,0.25268817204301075,1755,0.2760752688172043,0.2521505376344086,0.4717741935483871
848,Baltimore County,1942,Baltimore County Precinct 11-018,1553,623,979,389,1942,1.0,0.7996910401647785,0.20030895983522143,340,0.3208032955715757,0.504119464469619,0.17507723995880536
849,Baltimore County,3460,Baltimore County Precinct 11-017,2820,1016,1263,640,3460,1.0,0.815028901734104,0.18497109826589594,1181,0.29364161849710985,0.36502890173410407,0.34132947976878614
850,Baltimore County,2630,Baltimore County Precinct 15-003,2325,645,936,305,2630,1.0,0.8840304182509505,0.11596958174904944,1049,0.24524714828897337,0.355893536121673,0.3988593155893536
851,Baltimore County,3634,Baltimore County Precinct 14-013,1814,1134,893,1820,3634,1.0,0.4991744634012108,0.5008255365987893,1607,0.3120528343423225,0.2457347275729224,0.4422124380847551
852,Baltimore County,3333,Baltimore County Precinct 15-011,2680,942,785,653,3333,1.0,0.804080408040804,0.19591959195919592,1606,0.2826282628262826,0.23552355235523553,0.48184818481848185
853,Baltimore County,343,Baltimore County Precinct 14-004,274,147,135,69,343,1.0,0.7988338192419825,0.20116618075801748,61,0.42857142857142855,0.3935860058309038,0.17784256559766765
965,Baltimore County,3555,Baltimore County Precinct 08-011,2068,875,658,1487,3555,1.0,0.5817158931082982,0.4182841068917018,2022,0.24613220815752462,0.1850914205344585,0.5687763713080168
966,Baltimore County,2505,Baltimore County Precinct 08-006,1379,895,304,1126,2505,1.0,0.550499001996008,0.449500998003992,1306,0.35728542914171657,0.12135728542914172,0.5213572854291417
967,Baltimore County,1757,Baltimore County Precinct 08-003,1549,608,695,208,1757,1.0,0.8816163915765509,0.11838360842344905,454,0.34604439385315877,0.3955606146841207,0.25839499146272055
968,Baltimore County,2017,Baltimore County Precinct 08-022,1757,784,885,260,2017,1.0,0.8710956866633615,0.12890431333663857,348,0.3886960832920178,0.43877045116509666,0.17253346554288548
969,Baltimore County,2489,Baltimore County Precinct 08-001,2208,835,1192,281,2489,1.0,0.8871032543190036,0.11289674568099639,462,0.33547609481719565,0.4789071916432302,0.18561671353957412
970,Baltimore County,1888,Baltimore County Precinct 08-025,1659,553,768,229,1888,1.0,0.878707627118644,0.12129237288135593,567,0.2929025423728814,0.4067796610169492,0.3003177966101695
971,Baltimore County,2437,Baltimore County Precinct 08-004,2117,874,1232,320,2437,1.0,0.8686910135412392,0.13130898645876077,331,0.35863766926549034,0.5055395978662289,0.13582273286828067
972,Baltimore County,1477,Baltimore County Precinct 10-002,1372,467,896,105,1477,1.0,0.9289099526066351,0.07109004739336493,114,0.3161814488828707,0.6066350710900474,0.07718348002708192
973,Baltimore County,1876,Baltimore County Precinct 10-004,1797,517,1153,79,1876,1.0,0.9578891257995735,0.04211087420042644,206,0.2755863539445629,0.6146055437100213,0.10980810234541578
974,Baltimore County,3018,Baltimore County Precinct 10-001,2857,916,1695,161,3018,1.0,0.9466534128561962,0.053346587143803845,407,0.3035122597746852,0.5616302186878728,0.13485752153744202
975,Baltimore County,3508,Baltimore County Precinct 05-001,3315,922,1844,193,3508,1.0,0.9449828962371721,0.05501710376282782,742,0.2628278221208666,0.5256556442417332,0.21151653363740022
976,Baltimore County,1975,Baltimore County Precinct 06-001,1875,503,1073,100,1975,1.0,0.9493670886075949,0.05063291139240506,399,0.25468354430379747,0.5432911392405063,0.2020253164556962
977,Baltimore County,2338,Baltimore County Precinct 06-002,2220,599,1268,118,2338,1.0,0.9495295124037639,0.0504704875962361,471,0.25620188195038496,0.542343883661249,0.20145423438836613
978,Baltimore County,2472,Baltimore County Precinct 07-003,2274,741,1309,198,2472,1.0,0.9199029126213593,0.08009708737864078,422,0.29975728155339804,0.5295307443365695,0.17071197411003236
979,Baltimore County,1071,Baltimore County Precinct 07-002,1032,281,626,39,1071,1.0,0.9635854341736695,0.036414565826330535,164,0.2623716153127918,0.5845004668534081,0.1531279178338002
980,Baltimore County,3153,Baltimore County Precinct 07-001,2987,776,1731,166,3153,1.0,0.9473517285125278,0.05264827148747225,646,0.24611481129083412,0.5490009514747859,0.20488423723437996
989,Baltimore County,3836,Baltimore County Precinct 09-020,464,1890,90,3372,3836,1.0,0.12095933263816476,0.8790406673618353,1856,0.4927007299270073,0.02346193952033368,0.48383733055265904
990,Baltimore County,2342,Baltimore County Precinct 09-028,897,1151,183,1445,2342,1.0,0.38300597779675494,0.6169940222032451,1008,0.4914602903501281,0.07813834329632792,0.430401366353544
991,Baltimore County,2528,Baltimore County Precinct 09-019,1774,1011,610,754,2528,1.0,0.7017405063291139,0.29825949367088606,907,0.3999208860759494,0.2412974683544304,0.3587816455696203
996,Baltimore County,3661,Baltimore County Precinct 09-021,3095,1145,1153,566,3661,1.0,0.8453974323955203,0.15460256760447966,1363,0.3127560775744332,0.31494127287626333,0.3723026495493035
997,Baltimore County,2909,Baltimore County Precinct 09-029,2172,339,62,737,2909,1.0,0.7466483327603988,0.25335166723960123,2508,0.1165348917153661,0.02131316603643864,0.8621519422481952
998,Baltimore County,2194,Baltimore County Precinct 09-012,1804,764,515,390,2194,1.0,0.8222424794895169,0.17775752051048313,915,0.3482224247948952,0.23473108477666363,0.4170464904284412
999,Baltimore County,2160,Baltimore County Precinct 09-007,1829,784,1038,331,2160,1.0,0.8467592592592592,0.15324074074074073,338,0.362962962962963,0.48055555555555557,0.15648148148148147
1000,Baltimore County,2993,Baltimore County Precinct 09-011,2118,1007,515,875,2993,1.0,0.707651186100902,0.2923488138990979,1471,0.3364517206815904,0.17206815903775477,0.49148012028065485
1001,Baltimore County,5056,Baltimore County Precinct 09-010,3865,1484,887,1191,5056,1.0,0.7644382911392406,0.2355617088607595,2685,0.2935126582278481,0.17543512658227847,0.5310522151898734
1002,Baltimore County,1644,Baltimore County Precinct 08-015,1440,654,745,204,1644,1.0,0.8759124087591241,0.12408759124087591,245,0.3978102189781022,0.45316301703163014,0.14902676399026765
1003,Baltimore County,1925,Baltimore County Precinct 08-014,1650,745,920,275,1925,1.0,0.8571428571428571,0.14285714285714285,260,0.38701298701298703,0.4779220779220779,0.13506493506493505
1004,Baltimore County,2163,Baltimore County Precinct 08-012,1905,890,1236,258,2163,1.0,0.8807212205270458,0.11927877947295423,37,0.4114655570966251,0.5714285714285714,0.017105871474803514
1005,Baltimore County,5466,Baltimore County Precinct 08-005,3011,1248,539,2455,5466,1.0,0.5508598609586535,0.44914013904134653,3679,0.2283205268935236,0.09860958653494328,0.6730698865715331
1006,Baltimore County,1075,Baltimore County Precinct 09-016,915,454,389,160,1075,1.0,0.8511627906976744,0.14883720930232558,232,0.4223255813953488,0.36186046511627906,0.2158139534883721
1007,Baltimore County,1627,Baltimore County Precinct 09-017,1118,648,352,509,1627,1.0,0.6871542716656422,0.3128457283343577,627,0.39827904118008606,0.21634910878918254,0.38537185003073143
1008,Baltimore County,26,Baltimore County Precinct 09-027,20,10,5,6,26,1.0,0.7692307692307693,0.23076923076923078,11,0.38461538461538464,0.19230769230769232,0.4230769230769231
1009,Baltimore County,2576,Baltimore County Precinct 09-018,1975,959,667,601,2576,1.0,0.7666925465838509,0.23330745341614906,950,0.37228260869565216,0.25892857142857145,0.3687888198757764
1010,Baltimore County,1631,Baltimore County Precinct 09-009,1412,602,848,219,1631,1.0,0.8657265481299816,0.1342734518700184,181,0.36909871244635195,0.5199264255058247,0.11097486204782342
1011,Baltimore County,1132,Baltimore County Precinct 09-026,975,450,476,157,1132,1.0,0.8613074204946997,0.13869257950530034,206,0.39752650176678445,0.4204946996466431,0.18197879858657243
1012,Baltimore County,1592,Baltimore County Precinct 09-008,1465,614,831,127,1592,1.0,0.9202261306532663,0.07977386934673367,147,0.38567839195979897,0.5219849246231156,0.09233668341708542
1013,Baltimore County,2194,Baltimore County Precinct 08-007,1336,725,550,858,2194,1.0,0.6089334548769371,0.3910665451230629,919,0.33044667274384687,0.2506836827711942,0.418869644484959
1021,Baltimore County,3216,Baltimore County Precinct 09-003,2807,1606,919,409,3216,1.0,0.8728233830845771,0.1271766169154229,691,0.4993781094527363,0.2857587064676617,0.21486318407960198
1022,Baltimore County,3358,Baltimore County Precinct 03-008,2894,1371,863,464,3358,1.0,0.8618225134008338,0.13817748659916618,1124,0.40827873734365694,0.25699821322215605,0.334723049434187
1023,Baltimore County,2600,Baltimore County Precinct 09-001,2400,1019,1076,200,2600,1.0,0.9230769230769231,0.07692307692307693,505,0.39192307692307693,0.41384615384615386,0.19423076923076923
1024,Baltimore County,2246,Baltimore County Precinct 08-017,2079,719,930,167,2246,1.0,0.9256455921638468,0.07435440783615316,597,0.3201246660730187,0.41406945681211044,0.26580587711487086
1025,Baltimore County,879,Baltimore County Precinct 08-018,784,324,494,95,879,1.0,0.8919226393629124,0.1080773606370876,61,0.36860068259385664,0.5620022753128555,0.06939704209328783
1026,Baltimore County,2530,Baltimore County Precinct 08-019,2247,747,1179,283,2530,1.0,0.8881422924901186,0.11185770750988143,604,0.29525691699604745,0.4660079051383399,0.23873517786561266
1027,Baltimore County,2751,Baltimore County Precinct 08-009,2153,910,1274,598,2751,1.0,0.7826245001817521,0.2173754998182479,567,0.33078880407124683,0.4631043256997455,0.20610687022900764
1028,Baltimore County,2173,Baltimore County Precinct 08-010,1965,714,1069,208,2173,1.0,0.9042797975149562,0.09572020248504372,390,0.32857800276115967,0.49194661757938335,0.17947537965945698
1029,Baltimore County,1707,Baltimore County Precinct 08-020,1487,495,616,220,1707,1.0,0.8711189220855302,0.12888107791446984,596,0.28998242530755713,0.36086701816051553,0.34915055653192734
1030,Baltimore County,1541,Baltimore County Precinct 09-002,1463,582,773,78,1541,1.0,0.9493835171966256,0.050616482803374434,186,0.3776768332251785,0.5016223231667748,0.12070084360804673
1031,Baltimore County,4116,Baltimore County Precinct 09-004,3440,864,630,676,4116,1.0,0.8357628765792031,0.16423712342079688,2622,0.2099125364431487,0.15306122448979592,0.6370262390670554
1032,Baltimore County,3650,Baltimore County Precinct 09-005,3293,1343,1118,357,3650,1.0,0.9021917808219178,0.09780821917808219,1189,0.36794520547945203,0.3063013698630137,0.32575342465753426
1033,Baltimore County,6430,Baltimore County Precinct 09-006,4497,995,652,1933,6430,1.0,0.6993779160186625,0.3006220839813375,4783,0.1547433903576983,0.10139968895800933,0.7438569206842924
1034,Baltimore County,621,Baltimore County Precinct 08-016,526,295,231,95,621,1.0,0.8470209339774557,0.1529790660225443,95,0.4750402576489533,0.3719806763285024,0.1529790660225443
1035,Baltimore County,2667,Baltimore County Precinct 08-013,2348,899,1168,319,2667,1.0,0.880389951256093,0.11961004874390702,600,0.3370828646419198,0.43794525684289465,0.2249718785151856
1058,Baltimore County,2581,Baltimore County Precinct 09-014,1807,1297,427,774,2581,1.0,0.7001162340178225,0.2998837659821775,857,0.5025184037194885,0.1654397520340953,0.33204184424641614
1059,Baltimore County,2145,Baltimore County Precinct 09-013,2025,1139,746,120,2145,1.0,0.9440559440559441,0.055944055944055944,260,0.531002331002331,0.34778554778554777,0.12121212121212122
1065,Baltimore County,3415,Baltimore County Precinct 09-015,1933,1291,501,1482,3415,1.0,0.5660322108345535,0.43396778916544654,1623,0.3780380673499268,0.146705710102489,0.4752562225475842
1093,Baltimore County,4060,Baltimore County Precinct 03-009,2908,1624,785,1152,4060,1.0,0.716256157635468,0.28374384236453204,1651,0.4,0.1933497536945813,0.40665024630541874
1138,Baltimore County,2293,Baltimore County Precinct 02-005,122,1498,41,2171,2293,1.0,0.053205407762756216,0.9467945922372438,754,0.6532926297426952,0.017880505887483647,0.32882686436982117
1139,Baltimore County,2631,Baltimore County Precinct 02-009,196,1285,49,2435,2631,1.0,0.07449638920562524,0.9255036107943747,1297,0.4884074496389206,0.01862409730140631,0.49296845305967313
1140,Baltimore County,3860,Baltimore County Precinct 02-014,432,2236,105,3428,3860,1.0,0.11191709844559586,0.8880829015544042,1519,0.5792746113989637,0.027202072538860103,0.39352331606217616
1141,Baltimore County,623,Baltimore County Precinct 02-025,493,458,164,130,623,1.0761245674740485,0.7913322632423756,0.2086677367576244,1,0.7351524879614767,0.26324237560192615,0.0016051364365971107
1142,Baltimore County,398,Baltimore County Precinct 02-028,16,166,3,382,398,1.0,0.04020100502512563,0.9597989949748744,229,0.41708542713567837,0.007537688442211055,0.5753768844221105
1143,Baltimore County,2934,Baltimore County Precinct 02-007,310,1484,46,2624,2934,1.0,0.1056578050443081,0.8943421949556919,1404,0.5057941376959781,0.015678254942058625,0.4785276073619632
1144,Baltimore County,532,Baltimore County Precinct 02-023,170,319,71,362,532,1.0,0.31954887218045114,0.6804511278195489,142,0.599624060150376,0.13345864661654136,0.2669172932330827
1145,Baltimore County,2750,Baltimore County Precinct 02-008,424,1843,116,2326,2750,1.0,0.15418181818181817,0.8458181818181818,791,0.6701818181818182,0.04218181818181818,0.28763636363636363
1146,Baltimore County,1761,Baltimore County Precinct 03-014,1271,568,461,490,1761,1.0,0.7217490062464509,0.2782509937535491,732,0.3225440090857467,0.2617830777967064,0.41567291311754684
1147,Baltimore County,3988,Baltimore County Precinct 02-029,1361,1529,241,2627,3988,1.0,0.34127382146439317,0.6587261785356068,2218,0.3834002006018054,0.060431293881644935,0.5561685055165496
1148,Baltimore County,2503,Baltimore County Precinct 02-026,1337,1279,361,1166,2503,1.0,0.5341590091889732,0.46584099081102676,863,0.5109868158210148,0.14422692768677586,0.34478625649220934
1149,Baltimore County,4357,Baltimore County Precinct 04-001,2178,2087,666,2179,4357,1.0,0.4998852421390865,0.5001147578609135,1604,0.47899931145283453,0.15285747073674547,0.36814321781042003
1150,Baltimore County,4438,Baltimore County Precinct 02-015,1185,2287,218,3253,4438,1.0,0.26701216764308244,0.7329878323569176,1933,0.5153222172149617,0.049121225777377195,0.4355565570076611
1151,Baltimore County,4253,Baltimore County Precinct 04-002,1859,1781,605,2394,4253,1.0,0.4371032212555843,0.5628967787444157,1867,0.4187632259581472,0.14225252762755702,0.4389842464142958
1152,Baltimore County,6218,Baltimore County Precinct 04-014,2105,1647,252,4113,6218,1.0,0.3385332904470891,0.6614667095529109,4319,0.2648761659697652,0.04052750080411708,0.6945963332261177
1153,Baltimore County,2859,Baltimore County Precinct 03-012,1558,1285,375,1301,2859,1.0,0.5449457852395942,0.45505421476040575,1199,0.44945785239594266,0.1311647429171039,0.4193774046869535
1154,Baltimore County,3010,Baltimore County Precinct 04-003,2691,1429,1141,319,3010,1.0,0.8940199335548172,0.10598006644518272,440,0.47475083056478407,0.37906976744186044,0.1461794019933555
1155,Baltimore County,3867,Baltimore County Precinct 02-002,159,2005,55,3708,3867,1.0,0.041117145073700546,0.9588828549262994,1807,0.5184897853633308,0.014222911817946729,0.46728730281872255
1156,Baltimore County,3676,Baltimore County Precinct 02-004,165,1974,60,3511,3676,1.0,0.04488574537540805,0.955114254624592,1642,0.5369967355821545,0.01632208922742111,0.4466811751904244
1157,Baltimore County,1730,Baltimore County Precinct 02-001,101,1235,35,1629,1730,1.0,0.05838150289017341,0.9416184971098266,460,0.7138728323699421,0.02023121387283237,0.2658959537572254
1158,Baltimore County,3654,Baltimore County Precinct 03-001,569,2166,156,3085,3654,1.0,0.15571975916803504,0.844280240831965,1332,0.5927750410509032,0.042692939244663386,0.3645320197044335
1159,Baltimore County,1886,Baltimore County Precinct 03-004,949,1049,290,937,1886,1.0,0.5031813361611877,0.4968186638388123,547,0.556203605514316,0.1537645811240721,0.2900318133616119
1160,Baltimore County,2455,Baltimore County Precinct 03-003,535,1588,130,1920,2455,1.0,0.21792260692464357,0.7820773930753564,737,0.6468431771894094,0.05295315682281059,0.30020366598778003
1161,Baltimore County,3558,Baltimore County Precinct 03-005,2386,1605,487,1172,3558,1.0,0.670601461495222,0.32939853850477796,1466,0.45109612141652616,0.13687464867903318,0.4120292299044407
1162,Baltimore County,2978,Baltimore County Precinct 03-002,1405,1452,286,1573,2978,1.0,0.4717931497649429,0.5282068502350571,1240,0.48757555406312963,0.09603760913364674,0.41638683680322364
1171,Baltimore County,1541,Baltimore County Precinct 02-019,893,437,425,648,1541,1.0,0.5794938351719663,0.42050616482803377,679,0.2835820895522388,0.27579493835171964,0.4406229720960415
1172,Baltimore County,1285,Baltimore County Precinct 02-018,223,926,119,1062,1285,1.0,0.1735408560311284,0.8264591439688715,240,0.7206225680933852,0.09260700389105059,0.1867704280155642
1173,Baltimore County,37,Baltimore County Precinct 02-022,11,25,4,26,37,1.0,0.2972972972972973,0.7027027027027027,8,0.6756756756756757,0.10810810810810811,0.21621621621621623
1174,Baltimore County,823,Baltimore County Precinct 02-020,304,451,97,519,823,1.0,0.36938031591737547,0.6306196840826246,275,0.5479951397326853,0.11786148238153099,0.33414337788578374
1175,Baltimore County,4946,Baltimore County Precinct 02-012,664,2263,218,4282,4946,1.0,0.13424989890820865,0.8657501010917914,2465,0.4575414476344521,0.0440760210270926,0.49838253133845534
1176,Baltimore County,2695,Baltimore County Precinct 02-024,283,1797,113,2412,2695,1.0,0.10500927643784787,0.8949907235621521,785,0.6667903525046383,0.04192949907235621,0.2912801484230056
1177,Baltimore County,1072,Baltimore County Precinct 02-021,779,379,440,293,1072,1.0,0.726679104477612,0.2733208955223881,253,0.353544776119403,0.41044776119402987,0.23600746268656717
1178,Baltimore County,2206,Baltimore County Precinct 02-027,459,1295,151,1747,2206,1.0,0.20806890299184044,0.7919310970081596,760,0.5870353581142339,0.06844968268359021,0.3445149592021759
1179,Baltimore County,2794,Baltimore County Precinct 04-012,1642,1622,623,1152,2794,1.0,0.5876879026485325,0.41231209735146745,549,0.5805297065139585,0.22297780959198282,0.19649248389405868
1180,Baltimore County,3497,Baltimore County Precinct 04-006,2072,1289,677,1425,3497,1.0,0.5925078638833285,0.40749213611667146,1531,0.36860165856448385,0.1935945095796397,0.43780383185587646
1183,Baltimore County,4554,Baltimore County Precinct 04-007,2661,1841,1136,1893,4554,1.0,0.5843214756258235,0.4156785243741766,1577,0.40425999121651296,0.2494510320597277,0.34628897672375936
1184,Baltimore County,2479,Baltimore County Precinct 04-010,1427,892,386,1052,2479,1.0,0.5756353368293666,0.4243646631706333,1201,0.3598225090762404,0.15570794675272287,0.4844695441710367
1185,Baltimore County,4026,Baltimore County Precinct 04-008,3005,1544,1225,1021,4026,1.0,0.7463984103328366,0.25360158966716345,1257,0.38350720317933434,0.3042722305017387,0.312220566318927
1186,Baltimore County,1997,Baltimore County Precinct 04-009,1790,595,923,207,1997,1.0,0.8963445167751627,0.10365548322483725,479,0.29794692038057086,0.46219328993490233,0.2398597896845268
1194,Baltimore County,5767,Baltimore County Precinct 02-011,1008,2382,245,4759,5767,1.0,0.17478758453268597,0.825212415467314,3140,0.4130397086873591,0.04248309346280562,0.5444771978498353
1195,Baltimore County,4341,Baltimore County Precinct 02-010,384,2440,115,3957,4341,1.0,0.0884588804422944,0.9115411195577056,1786,0.562082469477079,0.026491591799124626,0.41142593872379635
1196,Baltimore County,3194,Baltimore County Precinct 02-017,337,1674,88,2857,3194,1.0,0.10551033187226048,0.8944896681277396,1432,0.5241077019411396,0.027551659361302442,0.4483406386975579
1197,Baltimore County,1512,Baltimore County Precinct 02-016,259,945,76,1253,1512,1.0,0.1712962962962963,0.8287037037037037,491,0.625,0.05026455026455026,0.3247354497354497
1198,Baltimore County,3573,Baltimore County Precinct 02-013,562,2131,183,3011,3573,1.0,0.15729079205149735,0.8427092079485027,1259,0.5964175762664428,0.051217464315701094,0.3523649594178561
1199,Baltimore County,3132,Baltimore County Precinct 02-003,421,1288,103,2711,3132,1.0,0.13441890166028098,0.8655810983397191,1741,0.4112388250319285,0.032886334610472544,0.5558748403575989
1200,Baltimore County,3378,Baltimore County Precinct 02-006,350,2045,97,3028,3378,1.0,0.10361160449970397,0.896388395500296,1236,0.6053878034339846,0.028715216104203672,0.36589698046181174
1350,Baltimore County,4946,Baltimore County Precinct 01-017,607,2326,170,4339,4946,1.0,0.12272543469470279,0.8772745653052972,2450,0.4702790133441165,0.0343712090578245,0.49534977759805904
1351,Baltimore County,3184,Baltimore County Precinct 01-012,2973,1308,1247,211,3184,1.0,0.9337311557788944,0.06626884422110553,629,0.4108040201005025,0.39164572864321606,0.1975502512562814
1352,Baltimore County,2703,Baltimore County Precinct 01-011,2226,971,998,477,2703,1.0,0.8235294117647058,0.17647058823529413,734,0.3592304846466889,0.3692193858675546,0.2715501294857566
1353,Baltimore County,2485,Baltimore County Precinct 01-013,2365,1132,973,120,2485,1.0,0.9517102615694165,0.0482897384305835,380,0.45553319919517105,0.39154929577464787,0.1529175050301811
1354,Baltimore County,3127,Baltimore County Precinct 01-010,2439,1217,884,688,3127,1.0,0.7799808122801407,0.2200191877198593,1026,0.38919091781259996,0.28269907259354016,0.32811000959385994
1355,Baltimore County,3549,Baltimore County Precinct 01-003,1415,1598,494,2134,3549,1.0,0.3987038602423218,0.6012961397576783,1457,0.4502676810369118,0.1391941391941392,0.410538179768949
1356,Baltimore County,3716,Baltimore County Precinct 01-004,1339,1539,458,2377,3716,1.0,0.36033369214208827,0.6396663078579118,1719,0.41415500538213135,0.1232508073196986,0.4625941872981701
1357,Baltimore County,2265,Baltimore County Precinct 01-002,437,1045,139,1828,2265,1.0,0.19293598233995585,0.8070640176600441,1081,0.4613686534216336,0.06136865342163356,0.47726269315673286
1361,Baltimore County,5998,Baltimore County Precinct 01-014,3956,861,1031,2042,5998,1.0,0.6595531843947983,0.34044681560520174,4106,0.14354784928309436,0.17189063021007003,0.6845615205068356
1362,Baltimore County,2893,Baltimore County Precinct 13-004,2610,815,1148,283,2893,1.0,0.9021776702385067,0.09782232976149326,930,0.2817144832353958,0.3968199101278949,0.3214656066367093
1363,Baltimore County,3240,Baltimore County Precinct 13-003,2835,859,1101,405,3240,1.0,0.875,0.125,1280,0.26512345679012345,0.3398148148148148,0.3950617283950617
1364,Baltimore County,2641,Baltimore County Precinct 13-002,2319,575,722,322,2641,1.0,0.8780764861794774,0.12192351382052254,1344,0.21772056039379023,0.2733812949640288,0.508898144642181
1365,Baltimore County,2840,Baltimore County Precinct 13-005,2397,863,1161,443,2840,1.0,0.8440140845070423,0.15598591549295773,816,0.3038732394366197,0.40880281690140846,0.28732394366197184
1366,Baltimore County,3604,Baltimore County Precinct 01-009,1703,1287,467,1901,3604,1.0,0.47253052164261933,0.5274694783573807,1850,0.35710321864594896,0.12957824639289678,0.5133185349611543
1367,Baltimore County,3870,Baltimore County Precinct 01-015,2674,1193,865,1196,3870,1.0,0.6909560723514212,0.3090439276485788,1812,0.3082687338501292,0.2235142118863049,0.4682170542635659
1368,Baltimore County,2349,Baltimore County Precinct 01-007,1200,891,337,1149,2349,1.0,0.5108556832694764,0.4891443167305236,1121,0.3793103448275862,0.14346530438484462,0.4772243507875692
1369,Baltimore County,4333,Baltimore County Precinct 01-008,3296,1533,944,1037,4333,1.0,0.7606738979921532,0.23932610200784676,1856,0.35379644588045234,0.2178629125317332,0.42834064158781443
1370,Baltimore County,4435,Baltimore County Precinct 01-005,1415,2025,412,3020,4435,1.0,0.31905298759864714,0.6809470124013529,1998,0.45659526493799324,0.09289740698985344,0.4505073280721533
1371,Baltimore County,4619,Baltimore County Precinct 01-001,871,2421,182,3748,4619,1.0,0.1885689543191167,0.8114310456808833,2016,0.5241394241177744,0.0394024680666811,0.4364581078155445
1372,Baltimore County,4031,Baltimore County Precinct 01-006,733,2406,208,3298,4031,1.0,0.18184073430910444,0.8181592656908956,1417,0.5968742247581246,0.05160009923096006,0.3515256760109154
1373,Baltimore County,4012,Baltimore County Precinct 13-001,2036,907,539,1976,4012,1.0,0.5074775672981057,0.49252243270189433,2566,0.2260717846460618,0.13434695912263211,0.6395812562313061
1374,Baltimore County,2661,Baltimore County Precinct 01-016,2481,776,729,180,2661,1.0,0.9323562570462233,0.06764374295377677,1156,0.291619691845171,0.27395715896279593,0.43442314919203306
1708,Baltimore County,2385,Baltimore County Precinct 03-006,2216,1270,950,169,2385,1.0,0.929140461215933,0.07085953878406709,165,0.5324947589098532,0.39832285115303984,0.06918238993710692
1713,Baltimore County,3977,Baltimore County Precinct 03-007,3337,1309,1531,640,3977,1.0,0.8390746794065879,0.1609253205934121,1137,0.3291425697762132,0.38496354035705305,0.2858938898667337
1714,Baltimore County,3393,Baltimore County Precinct 03-011,2447,1644,710,946,3393,1.0,0.7211906867079281,0.2788093132920719,1039,0.484526967285588,0.20925434718538166,0.30621868552903037
1715,Baltimore County,2089,Baltimore County Precinct 03-013,1842,912,753,247,2089,1.0,0.8817616084250838,0.11823839157491622,424,0.4365725227381522,0.36045955002393487,0.20296792723791288
1716,Baltimore County,2964,Baltimore County Precinct 03-010,2695,1532,971,269,2964,1.0,0.9092442645074224,0.0907557354925776,461,0.5168690958164642,0.3275978407557355,0.15553306342780027
1717,Baltimore County,1906,Baltimore County Precinct 08-008,1709,666,903,197,1906,1.0,0.8966421825813221,0.10335781741867786,337,0.34942287513116477,0.4737670514165792,0.17681007345225602
1718,Baltimore County,2959,Baltimore County Precinct 04-005,2071,1160,717,888,2959,1.0,0.6998986143967557,0.30010138560324434,1082,0.39202433254477864,0.24231159175397093,0.3656640757012504
1719,Baltimore County,3908,Baltimore County Precinct 04-004,2966,1959,1169,942,3908,1.0,0.7589559877175026,0.24104401228249744,780,0.5012794268167861,0.2991299897645855,0.19959058341862845
1720,Baltimore County,533,Baltimore County Precinct 04-013,478,234,268,55,533,1.0,0.8968105065666041,0.10318949343339587,31,0.43902439024390244,0.5028142589118199,0.058161350844277676
1721,Baltimore County,433,Baltimore County Precinct 04-011,383,144,210,50,433,1.0,0.8845265588914549,0.11547344110854503,79,0.3325635103926097,0.48498845265588914,0.18244803695150116
1722,Baltimore County,685,Baltimore County Precinct 08-023,608,288,365,77,685,1.0,0.8875912408759125,0.11240875912408758,32,0.42043795620437957,0.5328467153284672,0.04671532846715328
1723,Baltimore County,510,Baltimore County Precinct 08-021,438,136,315,72,510,1.0,0.8588235294117647,0.1411764705882353,59,0.26666666666666666,0.6176470588235294,0.11568627450980393
1724,Baltimore County,994,Baltimore County Precinct 08-024,886,337,638,108,994,1.0,0.8913480885311871,0.10865191146881288,19,0.33903420523138833,0.641851106639839,0.019114688128772636
1725,Baltimore County,3725,Baltimore County Precinct 08-002,3308,847,1580,417,3725,1.0,0.8880536912751678,0.11194630872483222,1298,0.22738255033557048,0.42416107382550333,0.3484563758389262
