,COUNTY,VAP,NAME,WVAP,SEN12PD_BC,SEN12PD_CM,OVAP,TOT_VOTES,factor,WVAP_pct,OVAP_pct,SEN12PDNone,SEN12PD_BC_pct,SEN12PD_CM_pct,SEN12PDNone_pct
424,Baltimore County,2889,Baltimore County Precinct 11-019,2270,91,7,619,2889,1,0.7857390100380754,0.21426098996192455,2791,0.031498788508134305,0.0024229837313949464,0.9660782277604707
425,Baltimore County,4130,Baltimore County Precinct 14-003,2875,123,13,1255,4130,1,0.6961259079903148,0.30387409200968524,3994,0.029782082324455207,0.0031476997578692495,0.9670702179176756
426,Baltimore County,1265,Baltimore County Precinct 11-013,891,33,3,374,1265,1,0.7043478260869566,0.2956521739130435,1229,0.02608695652173913,0.0023715415019762848,0.9715415019762846
427,Baltimore County,3157,Baltimore County Precinct 15-010,2444,97,8,713,3157,1,0.774152676591701,0.22584732340829902,3052,0.030725372188786824,0.0025340513145391194,0.9667405764966741
428,Baltimore County,5523,Baltimore County Precinct 15-005,2822,194,19,2701,5523,1,0.5109541915625566,0.48904580843744344,5310,0.03512583740720623,0.0034401593336954553,0.9614340032590983
429,Baltimore County,1411,Baltimore County Precinct 15-009,1311,59,4,100,1411,1,0.9291282778171509,0.07087172218284904,1348,0.041814316087880936,0.002834868887313962,0.9553508150248051
430,Baltimore County,6204,Baltimore County Precinct 15-004,4276,166,22,1928,6204,1,0.6892327530625403,0.3107672469374597,6016,0.02675693101225016,0.0035460992907801418,0.9696969696969697
431,Baltimore County,3736,Baltimore County Precinct 11-012,3099,139,16,637,3736,1,0.8294967880085653,0.1705032119914347,3581,0.03720556745182013,0.004282655246252677,0.9585117773019272
432,Baltimore County,2316,Baltimore County Precinct 11-007,1947,103,10,369,2316,1,0.8406735751295337,0.15932642487046633,2203,0.04447322970639033,0.004317789291882556,0.9512089810017271
433,Baltimore County,2818,Baltimore County Precinct 11-014,2465,119,8,353,2818,1,0.8747338537970192,0.12526614620298085,2691,0.042228530872959545,0.0028388928317956,0.9549325762952449
434,Baltimore County,2037,Baltimore County Precinct 11-006,1892,100,6,145,2037,1,0.9288168875797742,0.07118311242022582,1931,0.049091801669121256,0.0029455081001472753,0.9479626902307314
435,Baltimore County,3470,Baltimore County Precinct 11-022,2749,122,10,721,3470,1,0.7922190201729107,0.20778097982708935,3338,0.03515850144092219,0.002881844380403458,0.9619596541786744
436,Baltimore County,2386,Baltimore County Precinct 11-005,1880,71,8,506,2386,1,0.787929589270746,0.21207041072925398,2307,0.029756915339480303,0.003352891869237217,0.9668901927912825
437,Baltimore County,4029,Baltimore County Precinct 11-003,3873,143,7,156,4029,1,0.9612807148175726,0.0387192851824274,3879,0.03549267808389178,0.001737403822288409,0.9627699180938198
438,Baltimore County,2502,Baltimore County Precinct 11-001,2338,93,7,164,2502,1,0.9344524380495604,0.06554756195043965,2402,0.03717026378896882,0.002797761790567546,0.9600319744204636
439,Baltimore County,300,Baltimore County Precinct 10-005,276,20,2,24,300,1,0.92,0.08,278,0.06666666666666667,0.006666666666666667,0.9266666666666666
440,Baltimore County,1364,Baltimore County Precinct 10-003,1284,62,6,80,1364,1,0.9413489736070382,0.05865102639296188,1296,0.045454545454545456,0.004398826979472141,0.9501466275659824
442,Baltimore County,3090,Baltimore County Precinct 11-002,2978,117,10,112,3090,1,0.9637540453074434,0.036245954692556634,2963,0.037864077669902914,0.003236245954692557,0.9588996763754045
445,Baltimore County,3678,Baltimore County Precinct 15-007,2778,158,14,900,3678,1,0.7553017944535073,0.24469820554649266,3506,0.042958129418162044,0.0038064165307232192,0.9532354540511148
446,Baltimore County,2060,Baltimore County Precinct 15-025,1956,91,9,104,2060,1,0.9495145631067962,0.05048543689320388,1960,0.0441747572815534,0.004368932038834952,0.9514563106796117
447,Baltimore County,3091,Baltimore County Precinct 15-008,2496,110,11,595,3091,1,0.8075056615981883,0.1924943384018117,2970,0.03558718861209965,0.0035587188612099642,0.9608540925266904
448,Baltimore County,2662,Baltimore County Precinct 15-006,2499,99,2,163,2662,1,0.9387678437265214,0.06123215627347859,2561,0.0371900826446281,0.0007513148009015778,0.9620586025544703
449,Baltimore County,2544,Baltimore County Precinct 11-004,1999,71,7,545,2544,1,0.7857704402515723,0.21422955974842767,2466,0.02790880503144654,0.002751572327044025,0.9693396226415094
450,Baltimore County,86,Baltimore County Precinct 11-020,73,3,1,13,86,1,0.8488372093023255,0.1511627906976744,82,0.03488372093023256,0.011627906976744186,0.9534883720930233
560,Baltimore County,3508,Baltimore County Precinct 15-022,3315,131,8,193,3508,1,0.9449828962371721,0.05501710376282782,3369,0.03734321550741163,0.002280501710376283,0.9603762827822121
561,Baltimore County,4160,Baltimore County Precinct 15-021,3797,153,15,363,4160,1,0.9127403846153846,0.08725961538461538,3992,0.036778846153846155,0.003605769230769231,0.9596153846153846
562,Baltimore County,4692,Baltimore County Precinct 15-020,4264,133,10,428,4692,1,0.9087809036658141,0.09121909633418585,4549,0.0283461210571185,0.002131287297527707,0.9695225916453538
563,Baltimore County,2809,Baltimore County Precinct 15-015,2416,68,4,393,2809,1,0.8600925596297615,0.13990744037023853,2737,0.024207903168387328,0.001423994304022784,0.9743681025275899
564,Baltimore County,1897,Baltimore County Precinct 15-013,1758,92,3,139,1897,1,0.926726410121244,0.07327358987875593,1802,0.048497627833421195,0.0015814443858724301,0.9499209277807064
565,Baltimore County,2156,Baltimore County Precinct 15-012,1954,104,7,202,2156,1,0.9063079777365491,0.09369202226345083,2045,0.04823747680890538,0.003246753246753247,0.9485157699443414
566,Baltimore County,3144,Baltimore County Precinct 15-016,2489,76,9,655,3144,1,0.7916666666666666,0.20833333333333334,3059,0.024173027989821884,0.0028625954198473282,0.9729643765903307
567,Baltimore County,3506,Baltimore County Precinct 15-017,1421,168,25,2085,3506,1,0.40530519110096974,0.5946948088990303,3313,0.04791785510553337,0.00713063320022818,0.9449515116942384
568,Baltimore County,5453,Baltimore County Precinct 15-023,1748,166,14,3705,5453,1,0.3205574912891986,0.6794425087108014,5273,0.030441958554923897,0.0025673940949935813,0.9669906473500826
569,Baltimore County,975,Baltimore County Precinct 15-024,813,43,5,162,975,1,0.8338461538461538,0.16615384615384615,927,0.0441025641025641,0.005128205128205128,0.9507692307692308
570,Baltimore County,2919,Baltimore County Precinct 15-018,2086,116,14,833,2919,1,0.7146282973621103,0.2853717026378897,2789,0.03973963686193902,0.004796163069544364,0.9554642000685166
571,Baltimore County,3443,Baltimore County Precinct 15-019,3220,117,11,223,3443,1,0.9352309032820215,0.06476909671797851,3315,0.03398199244844612,0.003194888178913738,0.9628231193726401
572,Baltimore County,1739,Baltimore County Precinct 15-026,1696,59,5,43,1739,1,0.9752731454859115,0.024726854514088556,1675,0.03392754456584244,0.002875215641173088,0.9631972397929844
573,Baltimore County,2441,Baltimore County Precinct 12-012,2188,96,6,253,2441,1,0.8963539532978287,0.10364604670217124,2339,0.039328144203195414,0.0024580090126997134,0.9582138467841049
577,Baltimore County,2668,Baltimore County Precinct 12-010,2310,104,11,358,2668,1,0.8658170914542729,0.13418290854572715,2553,0.038980509745127435,0.004122938530734633,0.9568965517241379
578,Baltimore County,2639,Baltimore County Precinct 12-008,2315,73,6,324,2639,1,0.8772262220538083,0.12277377794619174,2560,0.027661993179234557,0.0022735884804850324,0.9700644183402805
579,Baltimore County,3982,Baltimore County Precinct 12-003,3387,130,8,595,3982,1,0.8505775991963838,0.14942240080361627,3844,0.03264691109994977,0.0020090406830738324,0.9653440482169764
580,Baltimore County,3256,Baltimore County Precinct 12-002,2763,79,5,493,3256,1,0.8485872235872236,0.15141277641277642,3172,0.024262899262899262,0.0015356265356265355,0.9742014742014742
587,Baltimore County,2846,Baltimore County Precinct 12-001,2343,90,10,503,2846,1,0.8232607167955025,0.17673928320449753,2746,0.03162333099086437,0.0035137034434293743,0.9648629655657063
588,Baltimore County,4204,Baltimore County Precinct 12-007,3764,141,9,440,4204,1,0.8953377735490009,0.10466222645099905,4054,0.033539486203615604,0.0021408182683158895,0.9643196955280685
589,Baltimore County,3540,Baltimore County Precinct 12-006,2774,76,8,766,3540,1,0.7836158192090396,0.21638418079096045,3456,0.021468926553672316,0.0022598870056497176,0.976271186440678
590,Baltimore County,3308,Baltimore County Precinct 12-005,2994,117,10,314,3308,1,0.9050785973397824,0.09492140266021766,3181,0.03536880290205562,0.003022974607013301,0.961608222490931
591,Baltimore County,4898,Baltimore County Precinct 12-004,4398,145,8,500,4898,1,0.897917517354022,0.10208248264597795,4745,0.029603919967333605,0.0016333197223356473,0.9687627603103307
592,Baltimore County,2424,Baltimore County Precinct 15-001,1845,58,4,579,2424,1,0.7611386138613861,0.23886138613861385,2362,0.02392739273927393,0.0016501650165016502,0.9744224422442245
593,Baltimore County,3263,Baltimore County Precinct 15-002,2829,106,5,434,3263,1,0.8669935642047196,0.1330064357952804,3152,0.03248544284400858,0.0015323322096230463,0.9659822249463683
594,Baltimore County,1177,Baltimore County Precinct 15-014,1054,45,1,123,1177,1,0.8954970263381479,0.10450297366185217,1131,0.038232795242141036,0.0008496176720475786,0.9609175870858114
611,Baltimore County,1456,Baltimore County Precinct 12-009,1157,45,2,299,1456,1,0.7946428571428571,0.20535714285714285,1409,0.030906593406593408,0.0013736263736263737,0.9677197802197802
612,Baltimore County,4122,Baltimore County Precinct 12-011,3270,113,7,852,4122,1,0.7933042212518195,0.2066957787481805,4002,0.027413876758854924,0.001698204754973314,0.9708879184861717
613,Baltimore County,1905,Baltimore County Precinct 12-013,167,146,34,1738,1905,1,0.08766404199475065,0.9123359580052494,1725,0.07664041994750656,0.01784776902887139,0.905511811023622
796,Baltimore County,1239,Baltimore County Precinct 13-006,980,34,4,259,1239,1,0.7909604519774012,0.20903954802259886,1201,0.02744148506860371,0.003228410008071025,0.9693301049233253
797,Baltimore County,2979,Baltimore County Precinct 13-007,1367,93,5,1612,2979,1,0.4588788183954347,0.5411211816045652,2881,0.03121852970795569,0.0016784155756965425,0.9671030547163477
798,Baltimore County,5380,Baltimore County Precinct 13-009,3849,166,14,1531,5380,1,0.7154275092936803,0.2845724907063197,5200,0.030855018587360596,0.0026022304832713753,0.966542750929368
804,Baltimore County,2262,Baltimore County Precinct 13-008,1953,73,6,309,2262,1,0.863395225464191,0.13660477453580902,2183,0.03227232537577365,0.002652519893899204,0.9650751547303271
823,Baltimore County,2920,Baltimore County Precinct 14-011,1954,152,10,966,2920,1,0.6691780821917809,0.3308219178082192,2758,0.052054794520547946,0.003424657534246575,0.9445205479452055
824,Baltimore County,2766,Baltimore County Precinct 14-007,2061,131,15,705,2766,1,0.745119305856833,0.25488069414316705,2620,0.04736080983369487,0.005422993492407809,0.9472161966738973
825,Baltimore County,3521,Baltimore County Precinct 14-008,1352,235,35,2169,3521,1,0.38398182334564046,0.6160181766543595,3251,0.06674240272649816,0.009940357852882704,0.9233172394206192
829,Baltimore County,4086,Baltimore County Precinct 09-022,3162,216,19,924,4086,1,0.7738619676945668,0.2261380323054332,3851,0.05286343612334802,0.00465002447381302,0.942486539402839
830,Baltimore County,2181,Baltimore County Precinct 14-012,1973,111,6,208,2181,1,0.9046309032553874,0.09536909674461257,2064,0.05089408528198074,0.002751031636863824,0.9463548830811555
831,Baltimore County,723,Baltimore County Precinct 14-014,485,31,2,238,723,1,0.6708160442600276,0.32918395573997233,690,0.042876901798063624,0.0027662517289073307,0.9543568464730291
832,Baltimore County,3444,Baltimore County Precinct 14-006,2936,195,20,508,3444,1,0.8524970963995354,0.14750290360046459,3229,0.05662020905923345,0.005807200929152149,0.9375725900116144
833,Baltimore County,2262,Baltimore County Precinct 14-001,2044,114,11,218,2262,1,0.9036251105216623,0.09637488947833775,2137,0.050397877984084884,0.004862953138815208,0.9447391688771
834,Baltimore County,2561,Baltimore County Precinct 14-010,1869,164,16,692,2561,1,0.7297930495900039,0.2702069504099961,2381,0.0640374853572823,0.006247559547051933,0.9297149550956657
835,Baltimore County,4471,Baltimore County Precinct 14-009,1738,225,30,2733,4471,1,0.38872735405949455,0.6112726459405055,4216,0.05032431223439946,0.006709908297919929,0.9429657794676806
836,Baltimore County,1191,Baltimore County Precinct 14-005,540,25,7,651,1191,1,0.4534005037783375,0.5465994962216625,1159,0.020990764063811923,0.005877413937867338,0.9731318219983207
837,Baltimore County,2619,Baltimore County Precinct 11-016,1527,62,6,1092,2619,1,0.5830469644902635,0.41695303550973656,2551,0.023673157693776252,0.002290950744558992,0.9740358915616648
838,Baltimore County,4063,Baltimore County Precinct 14-002,2593,158,30,1470,4063,1,0.6381983755845434,0.36180162441545655,3875,0.03888752153581098,0.007383706620723603,0.9537287718434654
839,Baltimore County,3933,Baltimore County Precinct 11-011,2948,110,19,985,3933,1,0.7495550470378846,0.25044495296211544,3804,0.02796847190439868,0.004830917874396135,0.9672006102212052
840,Baltimore County,3413,Baltimore County Precinct 09-023,2320,140,22,1093,3413,1,0.6797538822150601,0.32024611778493994,3251,0.04101963082332259,0.006445941986522121,0.9525344271901552
841,Baltimore County,2956,Baltimore County Precinct 09-025,2214,149,5,742,2956,1,0.7489851150202977,0.2510148849797023,2802,0.05040595399188092,0.0016914749661705007,0.9479025710419485
842,Baltimore County,2895,Baltimore County Precinct 11-009,2192,120,10,703,2895,1,0.7571675302245251,0.24283246977547496,2765,0.04145077720207254,0.0034542314335060447,0.9550949913644214
843,Baltimore County,3895,Baltimore County Precinct 09-024,3019,215,10,876,3895,1,0.7750962772785622,0.22490372272143774,3670,0.055198973042362,0.0025673940949935813,0.9422336328626444
844,Baltimore County,3694,Baltimore County Precinct 11-015,3631,282,14,63,3694,1,0.9829453167298322,0.01705468327016784,3398,0.07634001082837033,0.003789929615592853,0.9198700595560368
845,Baltimore County,731,Baltimore County Precinct 11-021,560,17,1,171,731,1,0.7660738714090287,0.23392612859097128,713,0.023255813953488372,0.0013679890560875513,0.9753761969904241
846,Baltimore County,2824,Baltimore County Precinct 11-008,2388,88,10,436,2824,1,0.8456090651558074,0.15439093484419264,2726,0.031161473087818695,0.0035410764872521247,0.9652974504249292
847,Baltimore County,3720,Baltimore County Precinct 11-010,2780,148,11,940,3720,1,0.7473118279569892,0.25268817204301075,3561,0.03978494623655914,0.002956989247311828,0.957258064516129
848,Baltimore County,1942,Baltimore County Precinct 11-018,1553,100,12,389,1942,1,0.7996910401647785,0.20030895983522143,1830,0.05149330587023687,0.006179196704428424,0.9423274974253347
849,Baltimore County,3460,Baltimore County Precinct 11-017,2820,133,11,640,3460,1,0.815028901734104,0.18497109826589594,3316,0.038439306358381505,0.003179190751445087,0.9583815028901734
850,Baltimore County,2630,Baltimore County Precinct 15-003,2325,95,5,305,2630,1,0.8840304182509505,0.11596958174904944,2530,0.03612167300380228,0.0019011406844106464,0.9619771863117871
851,Baltimore County,3634,Baltimore County Precinct 14-013,1814,155,11,1820,3634,1,0.4991744634012108,0.5008255365987893,3468,0.042652724270776,0.003026967528893781,0.9543203082003302
852,Baltimore County,3333,Baltimore County Precinct 15-011,2680,107,3,653,3333,1,0.804080408040804,0.19591959195919592,3223,0.032103210321032104,0.0009000900090009,0.966996699669967
853,Baltimore County,343,Baltimore County Precinct 14-004,274,18,0,69,343,1,0.7988338192419825,0.20116618075801748,325,0.052478134110787174,0.0,0.9475218658892128
965,Baltimore County,3555,Baltimore County Precinct 08-011,2068,94,10,1487,3555,1,0.5817158931082982,0.4182841068917018,3451,0.026441631504922646,0.0028129395218002813,0.9707454289732771
966,Baltimore County,2505,Baltimore County Precinct 08-006,1379,95,11,1126,2505,1,0.550499001996008,0.449500998003992,2399,0.03792415169660679,0.004391217564870259,0.957684630738523
967,Baltimore County,1757,Baltimore County Precinct 08-003,1549,107,4,208,1757,1,0.8816163915765509,0.11838360842344905,1646,0.06089926010244735,0.0022766078542970974,0.9368241320432555
968,Baltimore County,2017,Baltimore County Precinct 08-022,1757,192,6,260,2017,1,0.8710956866633615,0.12890431333663857,1819,0.09519087754090233,0.002974714923153198,0.9018344075359445
969,Baltimore County,2489,Baltimore County Precinct 08-001,2208,134,9,281,2489,1,0.8871032543190036,0.11289674568099639,2346,0.05383688228204098,0.0036159100040176776,0.9425472077139413
970,Baltimore County,1888,Baltimore County Precinct 08-025,1659,79,9,229,1888,1,0.878707627118644,0.12129237288135593,1800,0.04184322033898305,0.004766949152542373,0.9533898305084746
971,Baltimore County,2437,Baltimore County Precinct 08-004,2117,160,7,320,2437,1,0.8686910135412392,0.13130898645876077,2270,0.06565449322938038,0.002872384078785392,0.9314731226918342
972,Baltimore County,1477,Baltimore County Precinct 10-002,1372,76,2,105,1477,1,0.9289099526066351,0.07109004739336493,1399,0.05145565335138795,0.0013540961408259986,0.947190250507786
973,Baltimore County,1876,Baltimore County Precinct 10-004,1797,66,2,79,1876,1,0.9578891257995735,0.04211087420042644,1808,0.035181236673773986,0.0010660980810234541,0.9637526652452025
974,Baltimore County,3018,Baltimore County Precinct 10-001,2857,141,10,161,3018,1,0.9466534128561962,0.053346587143803845,2867,0.04671968190854871,0.0033134526176275677,0.9499668654738237
975,Baltimore County,3508,Baltimore County Precinct 05-001,3315,128,8,193,3508,1,0.9449828962371721,0.05501710376282782,3372,0.036488027366020526,0.002280501710376283,0.9612314709236032
976,Baltimore County,1975,Baltimore County Precinct 06-001,1875,64,11,100,1975,1,0.9493670886075949,0.05063291139240506,1900,0.03240506329113924,0.005569620253164557,0.9620253164556962
977,Baltimore County,2338,Baltimore County Precinct 06-002,2220,68,5,118,2338,1,0.9495295124037639,0.0504704875962361,2265,0.0290846877673225,0.00213857998289136,0.9687767322497861
978,Baltimore County,2472,Baltimore County Precinct 07-003,2274,120,7,198,2472,1,0.9199029126213593,0.08009708737864078,2345,0.04854368932038835,0.0028317152103559872,0.9486245954692557
979,Baltimore County,1071,Baltimore County Precinct 07-002,1032,52,2,39,1071,1,0.9635854341736695,0.036414565826330535,1017,0.04855275443510738,0.0018674136321195146,0.9495798319327731
980,Baltimore County,3153,Baltimore County Precinct 07-001,2987,114,5,166,3153,1,0.9473517285125278,0.05264827148747225,3034,0.03615604186489058,0.001585791309863622,0.9622581668252458
989,Baltimore County,3836,Baltimore County Precinct 09-020,464,250,36,3372,3836,1,0.12095933263816476,0.8790406673618353,3550,0.06517205422314912,0.009384775808133473,0.9254431699687174
990,Baltimore County,2342,Baltimore County Precinct 09-028,897,157,23,1445,2342,1,0.38300597779675494,0.6169940222032451,2162,0.06703672075149444,0.00982066609735269,0.9231426131511529
991,Baltimore County,2528,Baltimore County Precinct 09-019,1774,133,13,754,2528,1,0.7017405063291139,0.29825949367088606,2382,0.05261075949367089,0.005142405063291139,0.942246835443038
996,Baltimore County,3661,Baltimore County Precinct 09-021,3095,188,19,566,3661,1,0.8453974323955203,0.15460256760447966,3454,0.051352089593007376,0.00518983884184649,0.9434580715651462
997,Baltimore County,2909,Baltimore County Precinct 09-029,2172,27,3,737,2909,1,0.7466483327603988,0.25335166723960123,2879,0.009281540048126504,0.0010312822275696115,0.9896871777243039
998,Baltimore County,2194,Baltimore County Precinct 09-012,1804,137,5,390,2194,1,0.8222424794895169,0.17775752051048313,2052,0.06244302643573382,0.0022789425706472195,0.935278030993619
999,Baltimore County,2160,Baltimore County Precinct 09-007,1829,124,10,331,2160,1,0.8467592592592592,0.15324074074074073,2026,0.05740740740740741,0.004629629629629629,0.937962962962963
1000,Baltimore County,2993,Baltimore County Precinct 09-011,2118,149,10,875,2993,1,0.707651186100902,0.2923488138990979,2834,0.04978282659538924,0.003341129301703976,0.9468760441029068
1001,Baltimore County,5056,Baltimore County Precinct 09-010,3865,265,21,1191,5056,1,0.7644382911392406,0.2355617088607595,4770,0.052412974683544306,0.004153481012658227,0.9434335443037974
1002,Baltimore County,1644,Baltimore County Precinct 08-015,1440,117,8,204,1644,1,0.8759124087591241,0.12408759124087591,1519,0.07116788321167883,0.004866180048661801,0.9239659367396593
1003,Baltimore County,1925,Baltimore County Precinct 08-014,1650,137,10,275,1925,1,0.8571428571428571,0.14285714285714285,1778,0.07116883116883117,0.005194805194805195,0.9236363636363636
1004,Baltimore County,2163,Baltimore County Precinct 08-012,1905,189,10,258,2163,1,0.8807212205270458,0.11927877947295423,1964,0.08737864077669903,0.004623208506703652,0.9079981507165973
1005,Baltimore County,5466,Baltimore County Precinct 08-005,3011,128,12,2455,5466,1,0.5508598609586535,0.44914013904134653,5326,0.02341748993779729,0.0021953896816684962,0.9743871203805342
1006,Baltimore County,1075,Baltimore County Precinct 09-016,915,65,2,160,1075,1,0.8511627906976744,0.14883720930232558,1008,0.06046511627906977,0.0018604651162790699,0.9376744186046512
1007,Baltimore County,1627,Baltimore County Precinct 09-017,1118,86,5,509,1627,1,0.6871542716656422,0.3128457283343577,1536,0.0528580208973571,0.003073140749846343,0.9440688383527965
1008,Baltimore County,26,Baltimore County Precinct 09-027,20,1,0,6,26,1,0.7692307692307693,0.23076923076923078,25,0.038461538461538464,0.0,0.9615384615384616
1009,Baltimore County,2576,Baltimore County Precinct 09-018,1975,124,11,601,2576,1,0.7666925465838509,0.23330745341614906,2441,0.04813664596273292,0.004270186335403727,0.9475931677018633
1010,Baltimore County,1631,Baltimore County Precinct 09-009,1412,95,7,219,1631,1,0.8657265481299816,0.1342734518700184,1529,0.05824647455548743,0.004291845493562232,0.9374616799509503
1011,Baltimore County,1132,Baltimore County Precinct 09-026,975,73,7,157,1132,1,0.8613074204946997,0.13869257950530034,1052,0.06448763250883392,0.006183745583038869,0.9293286219081273
1012,Baltimore County,1592,Baltimore County Precinct 09-008,1465,119,12,127,1592,1,0.9202261306532663,0.07977386934673367,1461,0.07474874371859297,0.007537688442211055,0.917713567839196
1013,Baltimore County,2194,Baltimore County Precinct 08-007,1336,107,6,858,2194,1,0.6089334548769371,0.3910665451230629,2081,0.0487693710118505,0.0027347310847766638,0.9484958979033729
1021,Baltimore County,3216,Baltimore County Precinct 09-003,2807,271,16,409,3216,1,0.8728233830845771,0.1271766169154229,2929,0.08426616915422885,0.004975124378109453,0.9107587064676617
1022,Baltimore County,3358,Baltimore County Precinct 03-008,2894,351,13,464,3358,1,0.8618225134008338,0.13817748659916618,2994,0.104526503871352,0.003871351995235259,0.8916021441334128
1023,Baltimore County,2600,Baltimore County Precinct 09-001,2400,223,11,200,2600,1,0.9230769230769231,0.07692307692307693,2366,0.08576923076923076,0.004230769230769231,0.91
1024,Baltimore County,2246,Baltimore County Precinct 08-017,2079,163,7,167,2246,1,0.9256455921638468,0.07435440783615316,2076,0.07257346393588603,0.003116651825467498,0.9243098842386465
1025,Baltimore County,879,Baltimore County Precinct 08-018,784,63,4,95,879,1,0.8919226393629124,0.1080773606370876,812,0.07167235494880546,0.004550625711035267,0.9237770193401593
1026,Baltimore County,2530,Baltimore County Precinct 08-019,2247,158,8,283,2530,1,0.8881422924901186,0.11185770750988143,2364,0.062450592885375494,0.0031620553359683794,0.9343873517786562
1027,Baltimore County,2751,Baltimore County Precinct 08-009,2153,142,12,598,2751,1,0.7826245001817521,0.2173754998182479,2597,0.05161759360232643,0.004362050163576881,0.9440203562340967
1028,Baltimore County,2173,Baltimore County Precinct 08-010,1965,136,7,208,2173,1,0.9042797975149562,0.09572020248504372,2030,0.06258628624022089,0.0032213529682466636,0.9341923607915325
1029,Baltimore County,1707,Baltimore County Precinct 08-020,1487,71,7,220,1707,1,0.8711189220855302,0.12888107791446984,1629,0.04159343878148799,0.004100761570005858,0.9543057996485061
1030,Baltimore County,1541,Baltimore County Precinct 09-002,1463,101,3,78,1541,1,0.9493835171966256,0.050616482803374434,1437,0.06554185593770279,0.001946787800129786,0.9325113562621674
1031,Baltimore County,4116,Baltimore County Precinct 09-004,3440,152,7,676,4116,1,0.8357628765792031,0.16423712342079688,3957,0.0369290573372206,0.0017006802721088435,0.9613702623906706
1032,Baltimore County,3650,Baltimore County Precinct 09-005,3293,245,10,357,3650,1,0.9021917808219178,0.09780821917808219,3395,0.06712328767123288,0.0027397260273972603,0.9301369863013699
1033,Baltimore County,6430,Baltimore County Precinct 09-006,4497,123,15,1933,6430,1,0.6993779160186625,0.3006220839813375,6292,0.019129082426127528,0.0023328149300155523,0.9785381026438569
1034,Baltimore County,621,Baltimore County Precinct 08-016,526,41,2,95,621,1,0.8470209339774557,0.1529790660225443,578,0.06602254428341385,0.00322061191626409,0.9307568438003221
1035,Baltimore County,2667,Baltimore County Precinct 08-013,2348,157,7,319,2667,1,0.880389951256093,0.11961004874390702,2503,0.0588676415448069,0.0026246719160104987,0.9385076865391826
1058,Baltimore County,2581,Baltimore County Precinct 09-014,1807,200,14,774,2581,1,0.7001162340178225,0.2998837659821775,2367,0.07748934521503294,0.005424254165052305,0.9170864006199148
1059,Baltimore County,2145,Baltimore County Precinct 09-013,2025,226,15,120,2145,1,0.9440559440559441,0.055944055944055944,1904,0.10536130536130536,0.006993006993006993,0.8876456876456876
1065,Baltimore County,3415,Baltimore County Precinct 09-015,1933,222,14,1482,3415,1,0.5660322108345535,0.43396778916544654,3179,0.06500732064421669,0.004099560761346999,0.9308931185944364
1093,Baltimore County,4060,Baltimore County Precinct 03-009,2908,312,21,1152,4060,1,0.716256157635468,0.28374384236453204,3727,0.07684729064039408,0.005172413793103448,0.9179802955665025
1138,Baltimore County,2293,Baltimore County Precinct 02-005,122,273,44,2171,2293,1,0.053205407762756216,0.9467945922372438,1976,0.1190580026166594,0.019188835586567816,0.8617531617967727
1139,Baltimore County,2631,Baltimore County Precinct 02-009,196,231,36,2435,2631,1,0.07449638920562524,0.9255036107943747,2364,0.08779931584948689,0.013683010262257697,0.8985176738882554
1140,Baltimore County,3860,Baltimore County Precinct 02-014,432,413,70,3428,3860,1,0.11191709844559586,0.8880829015544042,3377,0.10699481865284974,0.018134715025906734,0.8748704663212435
1141,Baltimore County,578,Baltimore County Precinct 02-025,458,167,8,120,578,1,0.7923875432525952,0.20761245674740483,403,0.2889273356401384,0.01384083044982699,0.6972318339100346
1142,Baltimore County,398,Baltimore County Precinct 02-028,16,22,2,382,398,1,0.04020100502512563,0.9597989949748744,374,0.05527638190954774,0.005025125628140704,0.9396984924623115
1143,Baltimore County,2934,Baltimore County Precinct 02-007,310,258,46,2624,2934,1,0.1056578050443081,0.8943421949556919,2630,0.08793456032719836,0.015678254942058625,0.896387184730743
1144,Baltimore County,532,Baltimore County Precinct 02-023,170,79,11,362,532,1,0.31954887218045114,0.6804511278195489,442,0.14849624060150377,0.020676691729323307,0.8308270676691729
1145,Baltimore County,2750,Baltimore County Precinct 02-008,424,437,80,2326,2750,1,0.15418181818181817,0.8458181818181818,2233,0.15890909090909092,0.02909090909090909,0.812
1146,Baltimore County,1761,Baltimore County Precinct 03-014,1271,175,13,490,1761,1,0.7217490062464509,0.2782509937535491,1573,0.09937535491198182,0.0073821692220329355,0.8932424758659853
1147,Baltimore County,3988,Baltimore County Precinct 02-029,1361,246,31,2627,3988,1,0.34127382146439317,0.6587261785356068,3711,0.06168505516549649,0.007773319959879639,0.9305416248746239
1148,Baltimore County,2503,Baltimore County Precinct 02-026,1337,220,23,1166,2503,1,0.5341590091889732,0.46584099081102676,2260,0.08789452656811826,0.009188973232121454,0.9029165001997603
1149,Baltimore County,4357,Baltimore County Precinct 04-001,2178,315,35,2179,4357,1,0.4998852421390865,0.5001147578609135,4007,0.07229745237548772,0.00803305026394308,0.9196694973605692
1150,Baltimore County,4438,Baltimore County Precinct 02-015,1185,344,67,3253,4438,1,0.26701216764308244,0.7329878323569176,4027,0.07751239296980622,0.015096890491212258,0.9073907165389815
1151,Baltimore County,4253,Baltimore County Precinct 04-002,1859,253,18,2394,4253,1,0.4371032212555843,0.5628967787444157,3982,0.05948742064425112,0.00423230660710087,0.936280272748648
1152,Baltimore County,6218,Baltimore County Precinct 04-014,2105,192,23,4113,6218,1,0.3385332904470891,0.6614667095529109,6003,0.03087809585075587,0.0036989385654551303,0.965422965583789
1153,Baltimore County,2859,Baltimore County Precinct 03-012,1558,182,21,1301,2859,1,0.5449457852395942,0.45505421476040575,2656,0.06365862189576775,0.007345225603357817,0.9289961525008744
1154,Baltimore County,3010,Baltimore County Precinct 04-003,2691,314,20,319,3010,1,0.8940199335548172,0.10598006644518272,2676,0.10431893687707641,0.006644518272425249,0.8890365448504983
1155,Baltimore County,3867,Baltimore County Precinct 02-002,159,385,98,3708,3867,1,0.041117145073700546,0.9588828549262994,3384,0.0995603827256271,0.02534264287561417,0.8750969743987588
1156,Baltimore County,3676,Baltimore County Precinct 02-004,165,438,73,3511,3676,1,0.04488574537540805,0.955114254624592,3165,0.1191512513601741,0.01985854189336235,0.8609902067464635
1157,Baltimore County,1730,Baltimore County Precinct 02-001,101,247,89,1629,1730,1,0.05838150289017341,0.9416184971098266,1394,0.14277456647398845,0.051445086705202314,0.8057803468208092
1158,Baltimore County,3654,Baltimore County Precinct 03-001,569,451,163,3085,3654,1,0.15571975916803504,0.844280240831965,3040,0.12342638204707171,0.04460864805692392,0.8319649698960043
1159,Baltimore County,1886,Baltimore County Precinct 03-004,949,195,25,937,1886,1,0.5031813361611877,0.4968186638388123,1666,0.1033934252386002,0.013255567338282079,0.8833510074231177
1160,Baltimore County,2455,Baltimore County Precinct 03-003,535,375,77,1920,2455,1,0.21792260692464357,0.7820773930753564,2003,0.15274949083503056,0.03136456211812627,0.8158859470468431
1161,Baltimore County,3558,Baltimore County Precinct 03-005,2386,401,19,1172,3558,1,0.670601461495222,0.32939853850477796,3138,0.11270376616076447,0.005340078695896571,0.8819561551433389
1162,Baltimore County,2978,Baltimore County Precinct 03-002,1405,301,26,1573,2978,1,0.4717931497649429,0.5282068502350571,2651,0.10107454667562123,0.008730691739422432,0.8901947615849564
1171,Baltimore County,1541,Baltimore County Precinct 02-019,893,69,14,648,1541,1,0.5794938351719663,0.42050616482803377,1458,0.04477611940298507,0.009085009733939001,0.9461388708630759
1172,Baltimore County,1285,Baltimore County Precinct 02-018,223,203,35,1062,1285,1,0.1735408560311284,0.8264591439688715,1047,0.15797665369649805,0.027237354085603113,0.8147859922178988
1173,Baltimore County,37,Baltimore County Precinct 02-022,11,6,1,26,37,1,0.2972972972972973,0.7027027027027027,30,0.16216216216216217,0.02702702702702703,0.8108108108108109
1174,Baltimore County,823,Baltimore County Precinct 02-020,304,84,10,519,823,1,0.36938031591737547,0.6306196840826246,729,0.10206561360874848,0.012150668286755772,0.8857837181044957
1175,Baltimore County,4946,Baltimore County Precinct 02-012,664,316,128,4282,4946,1,0.13424989890820865,0.8657501010917914,4502,0.06389001213101496,0.02587949858471492,0.9102304892842701
1176,Baltimore County,2695,Baltimore County Precinct 02-024,283,313,56,2412,2695,1,0.10500927643784787,0.8949907235621521,2326,0.11614100185528757,0.02077922077922078,0.8630797773654917
1177,Baltimore County,1072,Baltimore County Precinct 02-021,779,63,12,293,1072,1,0.726679104477612,0.2733208955223881,997,0.058768656716417914,0.011194029850746268,0.9300373134328358
1178,Baltimore County,2206,Baltimore County Precinct 02-027,459,222,25,1747,2206,1,0.20806890299184044,0.7919310970081596,1959,0.10063463281958296,0.011332728921124207,0.8880326382592928
1179,Baltimore County,2794,Baltimore County Precinct 04-012,1642,245,21,1152,2794,1,0.5876879026485325,0.41231209735146745,2528,0.08768790264853257,0.007516105941302791,0.9047959914101646
1180,Baltimore County,3497,Baltimore County Precinct 04-006,2072,163,10,1425,3497,1,0.5925078638833285,0.40749213611667146,3324,0.04661138118387189,0.0028595939376608523,0.9505290248784672
1183,Baltimore County,4554,Baltimore County Precinct 04-007,2661,256,18,1893,4554,1,0.5843214756258235,0.4156785243741766,4280,0.056214317083882304,0.003952569169960474,0.9398331137461572
1184,Baltimore County,2479,Baltimore County Precinct 04-010,1427,125,11,1052,2479,1,0.5756353368293666,0.4243646631706333,2343,0.050423557886244454,0.004437273093989512,0.945139169019766
1185,Baltimore County,4026,Baltimore County Precinct 04-008,3005,230,19,1021,4026,1,0.7463984103328366,0.25360158966716345,3777,0.057128663686040734,0.004719324391455539,0.9381520119225037
1186,Baltimore County,1997,Baltimore County Precinct 04-009,1790,84,3,207,1997,1,0.8963445167751627,0.10365548322483725,1910,0.04206309464196294,0.0015022533800701052,0.956434651977967
1194,Baltimore County,5767,Baltimore County Precinct 02-011,1008,349,54,4759,5767,1,0.17478758453268597,0.825212415467314,5364,0.060516733136812904,0.00936362059996532,0.9301196462632217
1195,Baltimore County,4341,Baltimore County Precinct 02-010,384,412,141,3957,4341,1,0.0884588804422944,0.9115411195577056,3788,0.0949090071412117,0.03248099516240498,0.8726099976963834
1196,Baltimore County,3194,Baltimore County Precinct 02-017,337,260,69,2857,3194,1,0.10551033187226048,0.8944896681277396,2865,0.08140262993112085,0.021603005635566688,0.8969943644333125
1197,Baltimore County,1512,Baltimore County Precinct 02-016,259,166,47,1253,1512,1,0.1712962962962963,0.8287037037037037,1299,0.10978835978835978,0.031084656084656083,0.8591269841269841
1198,Baltimore County,3573,Baltimore County Precinct 02-013,562,377,72,3011,3573,1,0.15729079205149735,0.8427092079485027,3124,0.10551357402742793,0.020151133501259445,0.8743352924713126
1199,Baltimore County,3132,Baltimore County Precinct 02-003,421,216,144,2711,3132,1,0.13441890166028098,0.8655810983397191,2772,0.06896551724137931,0.04597701149425287,0.8850574712643678
1200,Baltimore County,3378,Baltimore County Precinct 02-006,350,397,74,3028,3378,1,0.10361160449970397,0.896388395500296,2907,0.11752516281823565,0.021906453522794554,0.8605683836589698
1350,Baltimore County,4946,Baltimore County Precinct 01-017,607,353,67,4339,4946,1,0.12272543469470279,0.8772745653052972,4526,0.07137080469065912,0.013546300040436717,0.9150828952689042
1351,Baltimore County,3184,Baltimore County Precinct 01-012,2973,193,14,211,3184,1,0.9337311557788944,0.06626884422110553,2977,0.060615577889447235,0.0043969849246231155,0.9349874371859297
1352,Baltimore County,2703,Baltimore County Precinct 01-011,2226,171,19,477,2703,1,0.8235294117647058,0.17647058823529413,2513,0.06326304106548279,0.007029226785053644,0.9297077321494636
1353,Baltimore County,2485,Baltimore County Precinct 01-013,2365,189,14,120,2485,1,0.9517102615694165,0.0482897384305835,2282,0.07605633802816901,0.005633802816901409,0.9183098591549296
1354,Baltimore County,3127,Baltimore County Precinct 01-010,2439,196,22,688,3127,1,0.7799808122801407,0.2200191877198593,2909,0.06267988487368084,0.007035497281739686,0.9302846178445795
1355,Baltimore County,3549,Baltimore County Precinct 01-003,1415,360,63,2134,3549,1,0.3987038602423218,0.6012961397576783,3126,0.1014370245139476,0.01775147928994083,0.8808114961961115
1356,Baltimore County,3716,Baltimore County Precinct 01-004,1339,332,50,2377,3716,1,0.36033369214208827,0.6396663078579118,3334,0.08934337997847147,0.013455328310010764,0.8972012917115177
1357,Baltimore County,2265,Baltimore County Precinct 01-002,437,236,29,1828,2265,1,0.19293598233995585,0.8070640176600441,2000,0.10419426048565121,0.012803532008830023,0.8830022075055187
1361,Baltimore County,5998,Baltimore County Precinct 01-014,3956,139,14,2042,5998,1,0.6595531843947983,0.34044681560520174,5845,0.023174391463821272,0.002334111370456819,0.9744914971657219
1362,Baltimore County,2893,Baltimore County Precinct 13-004,2610,118,8,283,2893,1,0.9021776702385067,0.09782232976149326,2767,0.04078810922917387,0.00276529554096094,0.9564465952298652
1363,Baltimore County,3240,Baltimore County Precinct 13-003,2835,139,13,405,3240,1,0.875,0.125,3088,0.042901234567901236,0.004012345679012346,0.9530864197530864
1364,Baltimore County,2641,Baltimore County Precinct 13-002,2319,84,12,322,2641,1,0.8780764861794774,0.12192351382052254,2545,0.03180613404013631,0.004543733434305188,0.9636501325255585
1365,Baltimore County,2840,Baltimore County Precinct 13-005,2397,138,16,443,2840,1,0.8440140845070423,0.15598591549295773,2686,0.048591549295774646,0.005633802816901409,0.9457746478873239
1366,Baltimore County,3604,Baltimore County Precinct 01-009,1703,262,39,1901,3604,1,0.47253052164261933,0.5274694783573807,3303,0.07269700332963375,0.010821309655937847,0.9164816870144284
1367,Baltimore County,3870,Baltimore County Precinct 01-015,2674,191,12,1196,3870,1,0.6909560723514212,0.3090439276485788,3667,0.04935400516795865,0.0031007751937984496,0.9475452196382429
1368,Baltimore County,2349,Baltimore County Precinct 01-007,1200,131,16,1149,2349,1,0.5108556832694764,0.4891443167305236,2202,0.05576841209025117,0.006811409110259685,0.9374201787994891
1369,Baltimore County,4333,Baltimore County Precinct 01-008,3296,203,23,1037,4333,1,0.7606738979921532,0.23932610200784676,4107,0.046849757673667204,0.005308100623124856,0.9478421417032079
1370,Baltimore County,4435,Baltimore County Precinct 01-005,1415,357,61,3020,4435,1,0.31905298759864714,0.6809470124013529,4017,0.08049605411499436,0.013754227733934612,0.905749718151071
1371,Baltimore County,4619,Baltimore County Precinct 01-001,871,386,120,3748,4619,1,0.1885689543191167,0.8114310456808833,4113,0.08356787183373024,0.02597964927473479,0.890452478891535
1372,Baltimore County,4031,Baltimore County Precinct 01-006,733,416,90,3298,4031,1,0.18184073430910444,0.8181592656908956,3525,0.10320019846192012,0.02232696601339618,0.8744728355246837
1373,Baltimore County,4012,Baltimore County Precinct 13-001,2036,121,14,1976,4012,1,0.5074775672981057,0.49252243270189433,3877,0.03015952143569292,0.003489531405782652,0.9663509471585244
1374,Baltimore County,2661,Baltimore County Precinct 01-016,2481,349,14,180,2661,1,0.9323562570462233,0.06764374295377677,2298,0.13115370161593387,0.005261180007515971,0.8635851183765502
1708,Baltimore County,2385,Baltimore County Precinct 03-006,2216,454,14,169,2385,1,0.929140461215933,0.07085953878406709,1917,0.19035639412997904,0.005870020964360587,0.8037735849056604
1713,Baltimore County,3977,Baltimore County Precinct 03-007,3337,380,15,640,3977,1,0.8390746794065879,0.1609253205934121,3582,0.09554940910233845,0.0037716872014080965,0.9006789036962535
1714,Baltimore County,3393,Baltimore County Precinct 03-011,2447,364,26,946,3393,1,0.7211906867079281,0.2788093132920719,3003,0.10727969348659004,0.007662835249042145,0.8850574712643678
1715,Baltimore County,2089,Baltimore County Precinct 03-013,1842,210,7,247,2089,1,0.8817616084250838,0.11823839157491622,1872,0.10052656773575874,0.003350885591191958,0.8961225466730494
1716,Baltimore County,2964,Baltimore County Precinct 03-010,2695,490,22,269,2964,1,0.9092442645074224,0.0907557354925776,2452,0.16531713900134953,0.007422402159244264,0.8272604588394062
1717,Baltimore County,1906,Baltimore County Precinct 08-008,1709,101,6,197,1906,1,0.8966421825813221,0.10335781741867786,1799,0.05299055613850997,0.0031479538300104933,0.9438614900314796
1718,Baltimore County,2959,Baltimore County Precinct 04-005,2071,146,11,888,2959,1,0.6998986143967557,0.30010138560324434,2802,0.04934099357891179,0.0037174721189591076,0.9469415343021291
1719,Baltimore County,3908,Baltimore County Precinct 04-004,2966,249,23,942,3908,1,0.7589559877175026,0.24104401228249744,3636,0.06371545547594677,0.005885363357215967,0.9303991811668373
1720,Baltimore County,533,Baltimore County Precinct 04-013,478,42,1,55,533,1,0.8968105065666041,0.10318949343339587,490,0.07879924953095685,0.001876172607879925,0.9193245778611632
1721,Baltimore County,433,Baltimore County Precinct 04-011,383,18,2,50,433,1,0.8845265588914549,0.11547344110854503,413,0.04157043879907621,0.004618937644341801,0.953810623556582
1722,Baltimore County,685,Baltimore County Precinct 08-023,608,48,4,77,685,1,0.8875912408759125,0.11240875912408758,633,0.07007299270072993,0.00583941605839416,0.9240875912408759
1723,Baltimore County,510,Baltimore County Precinct 08-021,438,15,1,72,510,1,0.8588235294117647,0.1411764705882353,494,0.029411764705882353,0.00196078431372549,0.9686274509803922
1724,Baltimore County,994,Baltimore County Precinct 08-024,886,70,2,108,994,1,0.8913480885311871,0.10865191146881288,922,0.07042253521126761,0.002012072434607646,0.9275653923541247
1725,Baltimore County,3725,Baltimore County Precinct 08-002,3308,131,9,417,3725,1,0.8880536912751678,0.11194630872483222,3585,0.03516778523489933,0.0024161073825503354,0.9624161073825503
