,COUNTY,VAP,NAME,WVAP,GOV14PD_AB,GOV14PD_DG,GOV14PD_HM,OVAP,TOT_VOTES,factor,WVAP_pct,OVAP_pct,GOV14PDNone,GOV14PD_AB_pct,GOV14PD_DG_pct,GOV14PD_HM_pct,GOV14PDNone_pct
282,Harford,3035,Harford Precinct 03-023,2597,82,90,87,438,3035,1,0.8556836902800659,0.1443163097199341,2776,0.02701812191103789,0.029654036243822075,0.028665568369028005,0.9146622734761121
283,Harford,3016,Harford Precinct 03-022,2720,53,66,64,296,3016,1,0.9018567639257294,0.09814323607427056,2833,0.017572944297082227,0.021883289124668436,0.021220159151193633,0.9393236074270557
284,Harford,3085,Harford Precinct 04-001,2968,28,50,61,117,3085,1,0.9620745542949757,0.03792544570502431,2946,0.00907617504051864,0.01620745542949757,0.019773095623987033,0.9549432739059968
285,Harford,2129,Harford Precinct 04-006,2056,33,65,53,73,2129,1,0.9657116016909347,0.03428839830906529,1978,0.015500234852043212,0.030530765617660875,0.02489431658055425,0.9290746829497417
286,Harford,2731,Harford Precinct 04-003,2662,43,68,79,69,2731,1,0.9747345294763823,0.025265470523617724,2541,0.015745148297326986,0.024899304284145003,0.02892713291834493,0.9304284145001831
287,Harford,2632,Harford Precinct 04-004,2493,42,67,49,139,2632,1,0.9471884498480243,0.05281155015197568,2474,0.015957446808510637,0.025455927051671733,0.018617021276595744,0.9399696048632219
288,Harford,4062,Harford Precinct 03-005,3803,51,70,65,259,4062,1,0.9362383062530774,0.0637616937469227,3876,0.012555391432791729,0.017232890201871,0.016001969473165928,0.9542097488921714
289,Harford,2376,Harford Precinct 05-002,2261,41,61,49,115,2376,1,0.9515993265993266,0.0484006734006734,2225,0.017255892255892257,0.025673400673400674,0.020622895622895623,0.9364478114478114
290,Harford,1712,Harford Precinct 03-004,1595,25,42,50,117,1712,1,0.9316588785046729,0.0683411214953271,1595,0.014602803738317757,0.02453271028037383,0.029205607476635514,0.9316588785046729
291,Harford,2679,Harford Precinct 05-003,2566,37,60,49,113,2679,1,0.9578200821201941,0.0421799178798059,2533,0.013811123553564763,0.022396416573348264,0.018290406868234417,0.9455020530048526
292,Harford,1922,Harford Precinct 01-003,1115,56,50,28,807,1922,1,0.5801248699271592,0.4198751300728408,1788,0.029136316337148804,0.026014568158168574,0.014568158168574402,0.9302809573361083
293,Harford,2731,Harford Precinct 01-005,1671,118,71,58,1060,2731,1,0.6118637861589161,0.3881362138410839,2484,0.04320761625778103,0.025997803002563165,0.021237641889417794,0.909556938850238
294,Harford,3854,Harford Precinct 01-010,2529,144,109,85,1325,3854,1,0.656201349247535,0.34379865075246496,3516,0.03736377789309808,0.02828230409963674,0.022055007784120395,0.9122989102231448
295,Harford,3035,Harford Precinct 01-019,1562,172,85,61,1473,3035,1,0.514662273476112,0.48533772652388796,2717,0.056672158154859965,0.02800658978583196,0.020098846787479408,0.8952224052718286
296,Harford,1603,Harford Precinct 02-019,986,15,5,7,617,1603,1,0.6150966936993137,0.3849033063006862,1576,0.009357454772301934,0.0031191515907673115,0.004366812227074236,0.9831565814098565
297,Harford,2076,Harford Precinct 01-018,1562,89,54,57,514,2076,1,0.7524084778420038,0.24759152215799615,1876,0.042870905587668595,0.02601156069364162,0.02745664739884393,0.9036608863198459
298,Harford,1794,Harford Precinct 01-017,1518,6,14,17,276,1794,1,0.8461538461538461,0.15384615384615385,1757,0.0033444816053511705,0.007803790412486065,0.00947603121516165,0.9793756967670011
299,Harford,3477,Harford Precinct 01-016,2382,121,72,92,1095,3477,1,0.6850733390854185,0.31492666091458155,3192,0.03480011504170262,0.02070750647109577,0.02645959160195571,0.9180327868852459
300,Harford,3030,Harford Precinct 01-020,1753,171,73,66,1277,3030,1,0.5785478547854785,0.42145214521452146,2720,0.05643564356435644,0.024092409240924092,0.02178217821782178,0.8976897689768977
301,Harford,2453,Harford Precinct 03-020,2282,52,81,45,171,2453,1,0.9302894415002039,0.06971055849979617,2275,0.02119853240929474,0.033020790868324504,0.018344883815735832,0.9274357929066449
302,Harford,2703,Harford Precinct 03-002,2479,62,77,83,224,2703,1,0.9171291157972623,0.0828708842027377,2481,0.02293747687754347,0.028486866444691086,0.03070662227155013,0.9178690344062154
303,Harford,1877,Harford Precinct 02-003,1397,76,46,47,480,1877,1,0.7442727757059137,0.2557272242940863,1708,0.040490143846563666,0.024507192328183273,0.02503995737879595,0.9099627064464572
304,Harford,327,Harford Precinct 02-001,263,22,11,14,64,327,1,0.8042813455657493,0.19571865443425077,280,0.0672782874617737,0.03363914373088685,0.04281345565749235,0.8562691131498471
305,Harford,2551,Harford Precinct 02-015,1517,145,71,75,1034,2551,1,0.5946687573500588,0.4053312426499412,2260,0.05684045472363779,0.027832222657781264,0.029400235201881616,0.8859270874166993
306,Harford,3443,Harford Precinct 02-010,1918,182,69,72,1525,3443,1,0.5570723206505954,0.4429276793494046,3120,0.0528608771420273,0.020040662213186174,0.02091199535288992,0.9061864652918966
307,Harford,2679,Harford Precinct 02-014,1630,96,38,47,1049,2679,1,0.6084359835759612,0.3915640164240388,2498,0.03583426651735722,0.014184397163120567,0.017543859649122806,0.9324374766703994
308,Harford,2411,Harford Precinct 02-011,1702,139,80,69,709,2411,1,0.705931148900871,0.294068851099129,2123,0.05765242637909581,0.03318125259228536,0.02861883036084612,0.8805474906677727
309,Harford,264,Harford Precinct 02-004,242,6,3,2,22,264,1,0.9166666666666666,0.08333333333333333,253,0.022727272727272728,0.011363636363636364,0.007575757575757576,0.9583333333333334
310,Harford,3615,Harford Precinct 02-002,3332,88,130,93,283,3615,1,0.9217150760719225,0.07828492392807745,3304,0.02434301521438451,0.035961272475795295,0.025726141078838173,0.913969571230982
312,Harford,295,Harford Precinct 02-005,242,0,2,1,53,295,1,0.8203389830508474,0.17966101694915254,292,0.0,0.006779661016949152,0.003389830508474576,0.9898305084745763
313,Harford,137,Harford Precinct 06-005,57,18,5,5,80,137,1,0.41605839416058393,0.583941605839416,109,0.13138686131386862,0.0364963503649635,0.0364963503649635,0.7956204379562044
314,Harford,794,Harford Precinct 06-007,641,9,15,8,153,794,1,0.8073047858942065,0.19269521410579346,762,0.011335012594458438,0.018891687657430732,0.010075566750629723,0.9596977329974811
315,Harford,3367,Harford Precinct 06-006,2576,152,110,96,791,3367,1,0.7650727650727651,0.23492723492723494,3009,0.045144045144045145,0.03267003267003267,0.02851202851202851,0.8936738936738937
316,Harford,2179,Harford Precinct 06-003,1655,85,81,94,524,2179,1,0.7595227168425883,0.24047728315741165,1919,0.03900871959614502,0.03717301514456173,0.043139054612207434,0.8806792106470858
317,Harford,2603,Harford Precinct 06-001,1942,103,66,86,661,2603,1,0.746062235881675,0.253937764118325,2348,0.039569727237802534,0.025355359200922013,0.033038801383019595,0.9020361121782559
318,Harford,340,Harford Precinct 06-004,310,11,8,8,30,340,1,0.9117647058823529,0.08823529411764706,313,0.03235294117647059,0.023529411764705882,0.023529411764705882,0.9205882352941176
319,Harford,1986,Harford Precinct 06-002,1564,118,80,83,422,1986,1,0.7875125881168177,0.21248741188318226,1705,0.059415911379657606,0.04028197381671702,0.04179254783484391,0.8585095669687814
320,Harford,1712,Harford Precinct 05-004,1537,49,33,39,175,1712,1,0.8977803738317757,0.1022196261682243,1591,0.028621495327102803,0.019275700934579438,0.0227803738317757,0.929322429906542
321,Harford,2884,Harford Precinct 05-001,2747,48,77,56,137,2884,1,0.95249653259362,0.04750346740638003,2703,0.016643550624133148,0.02669902912621359,0.019417475728155338,0.937239944521498
441,Harford,2560,Harford Precinct 04-002,2438,40,94,65,122,2560,1,0.95234375,0.04765625,2361,0.015625,0.03671875,0.025390625,0.922265625
443,Harford,2984,Harford Precinct 03-006,2861,53,114,109,123,2984,1,0.9587801608579088,0.04121983914209115,2708,0.017761394101876677,0.03820375335120643,0.036528150134048254,0.9075067024128687
444,Harford,3240,Harford Precinct 04-005,3026,54,72,69,214,3240,1,0.9339506172839506,0.06604938271604938,3045,0.016666666666666666,0.022222222222222223,0.021296296296296296,0.9398148148148148
451,Harford,2747,Harford Precinct 01-045,2393,69,87,93,354,2747,1,0.8711321441572625,0.12886785584273752,2498,0.025118310884601383,0.03167091372406261,0.03385511467054969,0.9093556607207863
1738,Harford,2157,Harford Precinct 01-002,1667,73,80,51,490,2157,1,0.7728326379230412,0.22716736207695873,1953,0.033843300880853036,0.03708854891052388,0.02364394993045897,0.9054242002781642
1739,Harford,2040,Harford Precinct 01-041,1629,73,63,67,411,2040,1,0.7985294117647059,0.20147058823529412,1837,0.035784313725490194,0.030882352941176472,0.03284313725490196,0.9004901960784314
1740,Harford,3676,Harford Precinct 01-001,1714,113,83,69,1962,3676,1,0.4662676822633297,0.5337323177366703,3411,0.03073993471164309,0.022578890097932534,0.018770402611534277,0.9279107725788901
1741,Harford,3478,Harford Precinct 01-004,2572,109,87,78,906,3478,1,0.7395054629097182,0.26049453709028175,3204,0.03133985048878666,0.025014376078205867,0.022426682001150087,0.9212190914318574
1742,Harford,3873,Harford Precinct 01-006,1543,133,55,54,2330,3873,1,0.3983991737671056,0.6016008262328943,3631,0.03434030467337981,0.014200877872450297,0.013942680092951201,0.9375161373612187
1743,Harford,2164,Harford Precinct 03-007,1998,58,77,52,166,2164,1,0.9232902033271719,0.0767097966728281,1977,0.026802218114602587,0.0355822550831793,0.024029574861367836,0.9135859519408502
1744,Harford,2054,Harford Precinct 03-014,1919,41,58,48,135,2054,1,0.9342745861733204,0.06572541382667965,1907,0.019961051606621226,0.028237585199610515,0.023369036027263874,0.9284323271665044
1745,Harford,3462,Harford Precinct 03-003,3325,58,128,101,137,3462,1,0.9604274985557482,0.039572501444251874,3175,0.016753321779318313,0.03697284806470248,0.029173887926054305,0.9170999422299249
1746,Harford,2794,Harford Precinct 03-008,2645,62,84,76,149,2794,1,0.9466714387974231,0.05332856120257695,2572,0.02219040801717967,0.030064423765211165,0.02720114531138153,0.9205440229062276
1747,Harford,3241,Harford Precinct 03-009,2986,66,102,89,255,3241,1,0.9213205800678803,0.07867941993211972,2984,0.020364085158901573,0.03147176797284788,0.02746066029003394,0.9207034865782165
1748,Harford,3003,Harford Precinct 03-013,2807,50,86,95,196,3003,1,0.9347319347319347,0.06526806526806526,2772,0.016650016650016652,0.02863802863802864,0.03163503163503163,0.9230769230769231
1749,Harford,3352,Harford Precinct 03-010,2942,91,90,106,410,3352,1,0.8776849642004774,0.12231503579952267,3065,0.027147971360381863,0.02684964200477327,0.03162291169451074,0.9143794749403341
1750,Harford,2607,Harford Precinct 03-024,2426,48,56,34,181,2607,1,0.9305715381664749,0.06942846183352512,2469,0.018411967779056387,0.021480629075565784,0.01304181051016494,0.9470655926352128
1751,Harford,2554,Harford Precinct 03-015,2121,41,41,41,433,2554,1,0.8304620203602192,0.16953797963978073,2431,0.01605324980422866,0.01605324980422866,0.01605324980422866,0.951840250587314
1752,Harford,2186,Harford Precinct 01-007,1978,36,56,41,208,2186,1,0.9048490393412626,0.09515096065873742,2053,0.01646843549862763,0.025617566331198535,0.018755718206770355,0.9391582799634035
1753,Harford,3096,Harford Precinct 01-015,2442,67,52,51,654,3096,1,0.7887596899224806,0.21124031007751937,2926,0.021640826873385012,0.016795865633074936,0.016472868217054265,0.9450904392764858
1754,Harford,2678,Harford Precinct 01-009,2194,50,58,38,484,2678,1,0.8192681105302465,0.18073188946975355,2532,0.018670649738610903,0.021657953696788648,0.014189693801344288,0.9454817027632562
1755,Harford,3303,Harford Precinct 01-008,2689,81,89,72,614,3303,1,0.8141083863154708,0.18589161368452922,3061,0.02452316076294278,0.026945201332122314,0.021798365122615803,0.9267332727823191
1756,Harford,2527,Harford Precinct 03-016,2247,69,69,52,280,2527,1,0.889196675900277,0.11080332409972299,2337,0.027305104867431738,0.027305104867431738,0.020577760189948554,0.924812030075188
1757,Harford,1005,Harford Precinct 01-021,871,25,18,26,134,1005,1,0.8666666666666667,0.13333333333333333,936,0.024875621890547265,0.01791044776119403,0.025870646766169153,0.9313432835820895
1758,Harford,3462,Harford Precinct 01-013,2644,41,22,23,818,3462,1,0.7637203928365107,0.2362796071634893,3376,0.011842865395725015,0.006354708261120739,0.006643558636626227,0.975158867706528
1759,Harford,2938,Harford Precinct 01-011,2628,76,84,78,310,2938,1,0.8944860449285228,0.10551395507147719,2700,0.025867937372362152,0.02859087814840027,0.02654867256637168,0.9189925119128659
1760,Harford,2684,Harford Precinct 01-012,2311,76,97,57,373,2684,1,0.8610283159463488,0.13897168405365126,2454,0.028315946348733235,0.03614008941877794,0.021236959761549927,0.9143070044709389
1761,Harford,3797,Harford Precinct 01-014,3420,92,89,94,377,3797,1,0.9007110877008164,0.09928891229918356,3522,0.024229654990782196,0.023439557545430603,0.02475638662101659,0.9275744008427707
1762,Harford,2630,Harford Precinct 03-012,2339,55,77,57,291,2630,1,0.8893536121673004,0.11064638783269962,2441,0.02091254752851711,0.029277566539923954,0.02167300380228137,0.9281368821292776
1763,Harford,1993,Harford Precinct 03-011,1840,42,57,52,153,1993,1,0.9232313095835424,0.0767686904164576,1842,0.021073758153537382,0.028600100351229302,0.02609131961866533,0.924234821876568
1764,Harford,2372,Harford Precinct 03-017,2236,59,85,71,136,2372,1,0.9426644182124789,0.05733558178752108,2157,0.024873524451939293,0.03583473861720068,0.02993254637436762,0.9093591905564924
1765,Harford,2779,Harford Precinct 03-018,2379,52,50,62,400,2779,1,0.8560633321338611,0.1439366678661389,2615,0.018711766822598057,0.017992083483267363,0.022310183519251528,0.9409859661748831
1766,Harford,2558,Harford Precinct 03-019,2363,71,64,57,195,2558,1,0.9237685691946833,0.07623143080531665,2366,0.027756059421422986,0.02501954652071931,0.022283033620015637,0.924941360437842
1767,Harford,2823,Harford Precinct 03-021,2432,75,61,63,391,2823,1,0.8614948636202622,0.13850513637973788,2624,0.026567481402763018,0.021608218207580587,0.022316684378320937,0.9295076160113355
