,COUNTY,VAP,NAME,WVAP,AG18D,AG18R,OVAP,TOT_VOTES,factor,WVAP_pct,OVAP_pct,AG18None,AG18D_pct,AG18R_pct,AG18None_pct
0,Somerset,404,Somerset Precinct 02-001,324,29,79,80,404,1.0,0.801980198019802,0.19801980198019803,296,0.07178217821782178,0.19554455445544555,0.7326732673267327
1,Somerset,726,Somerset Precinct 05-001,591,89,202,135,726,1.0,0.8140495867768595,0.1859504132231405,435,0.12258953168044077,0.27823691460055094,0.5991735537190083
2,Somerset,1165,Somerset Precinct 03-001,861,130,289,304,1165,1.0,0.7390557939914163,0.2609442060085837,746,0.11158798283261803,0.248068669527897,0.640343347639485
3,Somerset,217,Somerset Precinct 13-003,159,28,46,58,217,1.0,0.7327188940092166,0.2672811059907834,143,0.12903225806451613,0.2119815668202765,0.6589861751152074
4,Somerset,3664,Somerset Precinct 13-002,1072,41,67,2592,3664,1.0,0.2925764192139738,0.7074235807860262,3556,0.01118995633187773,0.018286026200873363,0.9705240174672489
5,Somerset,151,Somerset Precinct 13-001,122,12,44,29,151,1.0,0.8079470198675497,0.19205298013245034,95,0.07947019867549669,0.2913907284768212,0.6291390728476821
6,Somerset,2355,Somerset Precinct 01-002,1257,262,193,1098,2355,1.0,0.5337579617834395,0.4662420382165605,1900,0.11125265392781317,0.08195329087048832,0.8067940552016986
7,Somerset,186,Somerset Precinct 01-003,56,70,22,130,186,1.0,0.3010752688172043,0.6989247311827957,94,0.3763440860215054,0.11827956989247312,0.5053763440860215
8,Somerset,1267,Somerset Precinct 15-002,234,195,54,1033,1267,1.0,0.18468823993685873,0.8153117600631413,1018,0.15390686661404893,0.042620363062352014,0.8034727703235991
9,Somerset,1039,Somerset Precinct 01-001,633,110,114,406,1039,1.0,0.6092396535129933,0.39076034648700675,815,0.10587102983638114,0.109720885466795,0.7844080846968239
10,Somerset,3771,Somerset Precinct 15-001,692,115,105,3079,3771,1.0,0.18350570140546274,0.8164942985945373,3551,0.030495889684433838,0.02784407319013524,0.9416600371254309
11,Worcester,2315,Worcester Precinct 01-001,1155,788,990,1160,2315,1.0,0.49892008639308855,0.5010799136069114,537,0.3403887688984881,0.42764578833693306,0.23196544276457884
12,Somerset,919,Somerset Precinct 04-001,711,86,201,208,919,1.0,0.7736670293797606,0.22633297062023938,632,0.09357997823721437,0.21871599564744287,0.6877040261153428
13,Dorchester,70,Dorchester Precinct 18-001,65,7,18,5,70,1.0,0.9285714285714286,0.07142857142857142,45,0.1,0.2571428571428571,0.6428571428571429
14,Dorchester,49,Dorchester Precinct 11-001,44,5,26,5,49,1.0,0.8979591836734694,0.10204081632653061,18,0.10204081632653061,0.5306122448979592,0.3673469387755102
15,Dorchester,145,Dorchester Precinct 13-002,79,33,33,66,145,1.0,0.5448275862068965,0.45517241379310347,79,0.22758620689655173,0.22758620689655173,0.5448275862068965
16,Dorchester,206,Dorchester Precinct 17-001,169,29,67,37,206,1.0,0.8203883495145631,0.1796116504854369,110,0.1407766990291262,0.32524271844660196,0.5339805825242718
17,Dorchester,63,Dorchester Precinct 14-002,39,13,16,24,63,1.0,0.6190476190476191,0.38095238095238093,34,0.20634920634920634,0.25396825396825395,0.5396825396825397
18,Wicomico,1349,Wicomico Precinct 17-001,1025,242,314,324,1349,1.0,0.759822090437361,0.24017790956263899,793,0.1793921423276501,0.23276501111934766,0.5878428465530022
19,Dorchester,308,Dorchester Precinct 03-001,274,44,92,34,308,1.0,0.8896103896103896,0.11038961038961038,172,0.14285714285714285,0.2987012987012987,0.5584415584415584
20,Cecil,4593,Cecil Precinct 05-003,4361,578,1281,232,4593,1.0,0.9494883518397561,0.05051164816024385,2734,0.1258436751578489,0.278902677988243,0.5952536468539081
21,Kent,1682,Kent Precinct 01-002,1494,280,456,188,1682,1.0,0.8882282996432818,0.1117717003567182,946,0.16646848989298454,0.27110582639714625,0.5624256837098692
22,Cecil,2280,Cecil Precinct 02-001,2088,288,539,192,2280,1.0,0.9157894736842105,0.08421052631578947,1453,0.12631578947368421,0.23640350877192984,0.637280701754386
23,Cecil,2076,Cecil Precinct 02-002,1934,240,479,142,2076,1.0,0.9315992292870906,0.06840077071290944,1357,0.11560693641618497,0.23073217726396916,0.6536608863198459
24,Cecil,4897,Cecil Precinct 05-002,4539,783,1666,358,4897,1.0,0.9268940167449459,0.07310598325505412,2448,0.15989381253828874,0.34020829079027975,0.4998978966714315
25,Cecil,3665,Cecil Precinct 09-001,3546,392,1189,119,3665,1.0,0.9675306957708049,0.03246930422919509,2084,0.10695770804911324,0.32442019099590724,0.5686221009549796
26,Cecil,2554,Cecil Precinct 05-004,2220,295,314,334,2554,1.0,0.8692247454972593,0.1307752545027408,1945,0.11550509005481598,0.12294440093970242,0.7615505090054816
27,Cecil,4984,Cecil Precinct 05-001,4641,351,642,343,4984,1.0,0.9311797752808989,0.06882022471910113,3991,0.07042536115569824,0.12881219903691815,0.8007624398073836
28,Cecil,7016,Cecil Precinct 03-002,6111,788,1193,905,7016,1.0,0.8710091220068416,0.1289908779931585,5035,0.11231470923603193,0.17003990877993158,0.7176453819840365
29,Cecil,6045,Cecil Precinct 03-003,4995,480,641,1050,6045,1.0,0.826302729528536,0.17369727047146402,4924,0.0794044665012407,0.10603804797353185,0.8145574855252274
30,Cecil,4668,Cecil Precinct 04-001,4445,675,1002,223,4668,1.0,0.9522279348757497,0.04777206512425022,2991,0.14460154241645246,0.21465295629820053,0.640745501285347
31,Cecil,6876,Cecil Precinct 03-001,5322,836,756,1554,6876,1.0,0.7739965095986039,0.22600349040139617,5284,0.12158231529959279,0.1099476439790576,0.7684700407213496
32,Cecil,1863,Cecil Precinct 04-002,1152,429,306,711,1863,1.0,0.6183574879227053,0.38164251207729466,1128,0.23027375201288244,0.1642512077294686,0.605475040257649
33,Worcester,1096,Worcester Precinct 04-001,901,330,765,195,1096,1.837248322147651,0.8220802919708029,0.17791970802919707,1,0.3010948905109489,0.697992700729927,0.0009124087591240876
34,Worcester,2209,Worcester Precinct 02-001,1098,135,94,1111,2209,1.0,0.49705749207786326,0.5029425079221367,1980,0.06111362607514713,0.0425531914893617,0.8963331824354912
35,Worcester,2685,Worcester Precinct 04-002,2330,99,210,355,2685,1.0,0.8677839851024208,0.13221601489757914,2376,0.03687150837988827,0.0782122905027933,0.8849162011173184
36,Worcester,1045,Worcester Precinct 02-002,819,693,351,226,1045,1.4621848739495797,0.783732057416268,0.21626794258373205,1,0.6631578947368421,0.33588516746411484,0.0009569377990430622
37,Wicomico,2459,Wicomico Precinct 15-001,1971,277,638,488,2459,1.0,0.8015453436356242,0.19845465636437576,1544,0.11264741764945099,0.25945506303375354,0.6278975193167955
38,Wicomico,2235,Wicomico Precinct 16-002,1532,386,428,703,2235,1.0,0.6854586129753915,0.3145413870246085,1421,0.1727069351230425,0.19149888143176733,0.6357941834451901
39,Wicomico,2655,Wicomico Precinct 08-004,2377,299,419,278,2655,1.0,0.8952919020715631,0.10470809792843691,1937,0.11261770244821093,0.15781544256120528,0.7295668549905838
40,Wicomico,1417,Wicomico Precinct 08-003,1099,60,84,318,1417,1.0,0.7755822159491884,0.2244177840508116,1273,0.04234297812279464,0.059280169371912494,0.8983768525052929
41,Wicomico,3627,Wicomico Precinct 13-003,2905,683,554,722,3627,1.0,0.8009374138406397,0.19906258615936034,2390,0.18830989798731734,0.1527433140336366,0.658946787979046
42,Wicomico,5667,Wicomico Precinct 13-001,4424,121,58,1243,5667,1.0,0.7806599611787541,0.2193400388212458,5488,0.02135168519498853,0.010234692076936652,0.9684136227280749
43,Wicomico,441,Wicomico Precinct 09-004,294,268,172,147,441,1.76,0.6666666666666666,0.3333333333333333,1,0.6077097505668935,0.3900226757369615,0.0022675736961451248
44,Wicomico,3486,Wicomico Precinct 09-002,433,360,14,3053,3486,1.0,0.12421113023522662,0.8757888697647733,3112,0.10327022375215146,0.004016064257028112,0.8927137119908204
45,Wicomico,4914,Wicomico Precinct 13-002,2595,429,194,2319,4914,1.0,0.5280830280830281,0.4719169719169719,4291,0.0873015873015873,0.03947903947903948,0.8732193732193733
46,Wicomico,942,Wicomico Precinct 08-002,842,257,620,100,942,1.0,0.8938428874734607,0.10615711252653928,65,0.27282377919320594,0.6581740976645435,0.06900212314225053
47,Wicomico,4839,Wicomico Precinct 05-002,2095,74,67,2744,4839,1.0,0.43294069022525317,0.5670593097747468,4698,0.01529241578838603,0.013845835916511676,0.9708617482951023
48,Wicomico,1862,Wicomico Precinct 09-001,1151,455,59,711,1862,1.0,0.6181525241675617,0.3818474758324382,1348,0.24436090225563908,0.03168635875402793,0.723952738990333
49,Wicomico,1802,Wicomico Precinct 08-001,1508,108,249,294,1802,1.0,0.8368479467258602,0.16315205327413984,1445,0.05993340732519423,0.1381798002219756,0.8018867924528302
50,Wicomico,4054,Wicomico Precinct 05-004,3069,431,698,985,4054,1.0,0.7570300937345831,0.24296990626541687,2925,0.10631475086334484,0.1721756290083868,0.7215096201282684
51,Wicomico,2944,Wicomico Precinct 05-003,2205,696,459,739,2944,1.0,0.7489809782608695,0.25101902173913043,1789,0.23641304347826086,0.1559103260869565,0.6076766304347826
52,Wicomico,1613,Wicomico Precinct 05-005,1432,480,686,181,1613,1.0,0.8877867327960323,0.11221326720396776,447,0.2975821450712957,0.42529448233106015,0.27712337259764414
53,Wicomico,1047,Wicomico Precinct 11-002,541,424,622,506,1047,2.0389863547758287,0.5167144221585482,0.48328557784145176,1,0.4049665711556829,0.5940783190066857,0.0009551098376313276
54,Wicomico,3288,Wicomico Precinct 11-001,2372,64,8,916,3288,1.0,0.7214111922141119,0.27858880778588807,3216,0.019464720194647202,0.0024330900243309003,0.9781021897810219
55,Wicomico,3390,Wicomico Precinct 05-006,2762,180,331,628,3390,1.0,0.8147492625368732,0.18525073746312684,2879,0.05309734513274336,0.0976401179941003,0.8492625368731563
56,Anne Arundel,2236,Anne Arundel Precinct 07-025,1913,353,530,323,2236,1.0,0.8555456171735242,0.14445438282647585,1353,0.157871198568873,0.2370304114490161,0.605098389982111
57,Anne Arundel,1839,Anne Arundel Precinct 07-003,1501,371,355,338,1839,1.0,0.8162044589450789,0.18379554105492116,1113,0.20174007612833061,0.19303969548667754,0.6052202283849919
58,Anne Arundel,2418,Anne Arundel Precinct 07-010,2221,403,592,197,2418,1.0,0.9185277088502894,0.08147229114971051,1423,0.16666666666666666,0.24483043837882548,0.5885028949545078
59,Anne Arundel,2785,Anne Arundel Precinct 07-019,2513,170,315,272,2785,1.0,0.9023339317773789,0.09766606822262118,2300,0.06104129263913824,0.11310592459605028,0.8258527827648114
60,Anne Arundel,2923,Anne Arundel Precinct 07-006,2723,362,652,200,2923,1.0,0.9315771467670202,0.06842285323297982,1909,0.12384536435169347,0.2230585015395142,0.6530961341087923
61,Wicomico,1426,Wicomico Precinct 05-007,1279,135,322,147,1426,1.0,0.896914446002805,0.10308555399719495,969,0.09467040673211781,0.22580645161290322,0.679523141654979
62,Wicomico,662,Wicomico Precinct 06-001,619,63,240,43,662,1.0,0.9350453172205438,0.0649546827794562,359,0.09516616314199396,0.36253776435045315,0.5422960725075529
63,Wicomico,2682,Wicomico Precinct 04-001,2441,230,745,241,2682,1.0,0.9101416853094706,0.08985831469052946,1707,0.08575689783743475,0.2777777777777778,0.6364653243847874
64,Wicomico,1593,Wicomico Precinct 14-001,1453,167,454,140,1593,1.0,0.9121155053358443,0.08788449466415568,972,0.10483364720652856,0.2849968612680477,0.6101694915254238
65,Worcester,1868,Worcester Precinct 04-003,1543,248,492,325,1868,1.0,0.826017130620985,0.173982869379015,1128,0.13276231263383298,0.2633832976445396,0.6038543897216274
66,Worcester,2502,Worcester Precinct 02-003,1154,168,188,1348,2502,1.0,0.4612310151878497,0.5387689848121503,2146,0.0671462829736211,0.07513988808952837,0.8577138289368506
67,Worcester,2723,Worcester Precinct 03-003,2418,163,173,305,2723,1.0,0.8879911861917004,0.11200881380829968,2387,0.05986044803525523,0.06353286816011752,0.8766066838046273
68,Worcester,1802,Worcester Precinct 06-002,1664,79,292,138,1802,1.0,0.9234184239733629,0.07658157602663707,1431,0.04384017758046615,0.16204217536071033,0.7941176470588235
69,Worcester,2430,Worcester Precinct 05-002,2271,463,756,159,2430,1.0,0.9345679012345679,0.0654320987654321,1211,0.19053497942386832,0.3111111111111111,0.49835390946502056
70,Worcester,4184,Worcester Precinct 05-001,3965,408,686,219,4184,1.0,0.9476577437858509,0.05234225621414914,3090,0.09751434034416825,0.16395793499043976,0.738527724665392
71,Worcester,1964,Worcester Precinct 03-001,1858,325,944,106,1964,1.0,0.9460285132382892,0.0539714867617108,695,0.16547861507128309,0.48065173116089616,0.35386965376782076
72,Worcester,2243,Worcester Precinct 06-001,2142,421,784,101,2243,1.0,0.9549710209540794,0.04502897904592064,1038,0.1876950512706197,0.3495318769505127,0.46277307177886756
73,Worcester,1917,Worcester Precinct 06-003,1754,243,638,163,1917,1.0,0.9149713093375065,0.08502869066249348,1036,0.1267605633802817,0.332811684924361,0.5404277516953573
74,Montgomery,3490,Montgomery Precinct 04-007,1550,833,273,1940,3490,1.0,0.44412607449856734,0.5558739255014327,2384,0.23868194842406876,0.07822349570200574,0.6830945558739255
75,Montgomery,2962,Montgomery Precinct 04-006,1536,766,265,1426,2962,1.0,0.5185685347738015,0.4814314652261985,1931,0.2586090479405807,0.08946657663740716,0.6519243754220122
76,Montgomery,1587,Montgomery Precinct 04-027,360,263,33,1227,1587,1.0,0.22684310018903592,0.7731568998109641,1291,0.1657214870825457,0.020793950850661626,0.8134845620667926
77,Montgomery,1951,Montgomery Precinct 04-009,995,549,176,956,1951,1.0,0.5099948744233727,0.4900051255766274,1226,0.2813941568426448,0.0902101486417222,0.628395694515633
78,Montgomery,3199,Montgomery Precinct 13-051,2034,988,359,1165,3199,1.0,0.6358236949046577,0.36417630509534227,1852,0.3088465145357924,0.1122225695529853,0.5789309159112223
79,Montgomery,1806,Montgomery Precinct 04-034,1249,492,303,557,1806,1.0,0.6915836101882613,0.30841638981173863,1011,0.2724252491694352,0.16777408637873753,0.5598006644518272
80,Montgomery,2832,Montgomery Precinct 13-043,911,687,191,1921,2832,1.0,0.321680790960452,0.678319209039548,1954,0.24258474576271186,0.06744350282485875,0.6899717514124294
81,Montgomery,2301,Montgomery Precinct 13-045,911,573,190,1390,2301,1.0,0.3959148196436332,0.6040851803563668,1538,0.24902216427640156,0.08257279443720121,0.6684050412863972
82,Montgomery,4265,Montgomery Precinct 13-036,1040,764,192,3225,4265,1.0,0.24384525205158264,0.7561547479484173,3309,0.17913247362250878,0.045017584994138334,0.7758499413833528
83,Montgomery,3162,Montgomery Precinct 13-037,1002,577,165,2160,3162,1.0,0.31688804554079697,0.683111954459203,2420,0.18247944339025932,0.05218216318785579,0.7653383934218849
84,Montgomery,3854,Montgomery Precinct 13-035,962,764,218,2892,3854,1.0,0.24961079398028022,0.7503892060197198,2872,0.19823559937727037,0.05656460819927348,0.7451997924234561
85,Montgomery,5497,Montgomery Precinct 13-064,833,973,105,4664,5497,1.0,0.15153720211024194,0.8484627978897581,4419,0.17700563943969438,0.019101327997089322,0.8038930325632163
86,Montgomery,2249,Montgomery Precinct 13-052,1568,623,299,681,2249,1.0,0.6971987550022232,0.3028012449977768,1327,0.27701200533570475,0.1329479768786127,0.5900400177856825
87,Montgomery,2706,Montgomery Precinct 08-003,2131,813,536,575,2706,1.0,0.7875092387287509,0.21249076127124908,1357,0.3004434589800443,0.19807834441980784,0.5014781966001478
88,Montgomery,2330,Montgomery Precinct 13-046,1386,580,322,944,2330,1.0,0.5948497854077254,0.4051502145922747,1428,0.24892703862660945,0.13819742489270387,0.6128755364806867
89,Montgomery,1337,Montgomery Precinct 08-004,1020,366,254,317,1337,1.0,0.762902019446522,0.23709798055347794,717,0.2737471952131638,0.18997756170531038,0.5362752430815259
90,Montgomery,2775,Montgomery Precinct 08-008,1990,791,474,785,2775,1.0,0.7171171171171171,0.2828828828828829,1510,0.285045045045045,0.17081081081081081,0.5441441441441441
91,Montgomery,3472,Montgomery Precinct 08-009,2306,947,490,1166,3472,1.0,0.6641705069124424,0.3358294930875576,2035,0.2727534562211982,0.14112903225806453,0.5861175115207373
92,Montgomery,3315,Montgomery Precinct 08-001,2336,991,469,979,3315,1.0,0.7046757164404224,0.2953242835595777,1855,0.2989441930618401,0.14147812971342383,0.5595776772247361
93,Montgomery,2576,Montgomery Precinct 08-012,1661,774,444,915,2576,1.0,0.6447981366459627,0.35520186335403725,1358,0.3004658385093168,0.17236024844720496,0.5271739130434783
94,Montgomery,2565,Montgomery Precinct 08-005,2188,696,556,377,2565,1.0,0.8530214424951267,0.1469785575048733,1313,0.27134502923976606,0.21676413255360624,0.5118908382066277
95,Montgomery,3510,Montgomery Precinct 01-002,2324,507,459,1186,3510,1.0,0.6621082621082621,0.3378917378917379,2544,0.14444444444444443,0.13076923076923078,0.7247863247863248
96,Montgomery,3657,Montgomery Precinct 12-003,2956,697,775,701,3657,1.0,0.8083128247197157,0.1916871752802844,2185,0.190593382554006,0.21192234071643423,0.5974842767295597
97,Montgomery,2213,Montgomery Precinct 12-001,1875,369,555,338,2213,1.0,0.8472661545413466,0.1527338454586534,1289,0.166741979213737,0.2507907817442386,0.5824672390420244
98,Montgomery,2541,Montgomery Precinct 01-001,2052,487,588,489,2541,1.0,0.807556080283353,0.19244391971664698,1466,0.19165682802046438,0.23140495867768596,0.5769382133018497
99,Howard,1720,Howard Precinct 04-003,1518,338,628,202,1720,1.0,0.8825581395348837,0.11744186046511627,754,0.19651162790697674,0.36511627906976746,0.4383720930232558
100,Frederick,3630,Frederick Precinct 14-001,3427,697,1287,203,3630,1.0,0.9440771349862259,0.0559228650137741,1646,0.19201101928374656,0.35454545454545455,0.4534435261707989
101,Frederick,2062,Frederick Precinct 03-001,1930,317,496,132,2062,1.0,0.9359844810863239,0.06401551891367604,1249,0.15373423860329777,0.2405431619786615,0.6057225994180407
102,Frederick,4117,Frederick Precinct 23-001,3207,1145,994,910,4117,1.0,0.7789652659703667,0.22103473402963322,1978,0.2781151323779451,0.24143794024775322,0.48044692737430167
103,Frederick,674,Frederick Precinct 24-003,646,141,161,28,674,1.0,0.9584569732937686,0.04154302670623145,372,0.20919881305637983,0.23887240356083086,0.5519287833827893
104,Frederick,2134,Frederick Precinct 03-003,1924,396,533,210,2134,1.0,0.901593252108716,0.09840674789128398,1205,0.18556701030927836,0.24976569821930647,0.5646672914714151
105,Frederick,1667,Frederick Precinct 24-001,1533,382,498,134,1667,1.0,0.9196160767846431,0.08038392321535692,787,0.22915416916616677,0.29874025194961007,0.47210557888422316
106,Frederick,3265,Frederick Precinct 02-015,2683,829,683,582,3265,1.0,0.8217457886676875,0.1782542113323124,1753,0.2539050535987749,0.20918836140888208,0.536906584992343
107,Frederick,3578,Frederick Precinct 26-001,3149,727,935,429,3578,1.0,0.8801006148686417,0.1198993851313583,1916,0.20318613750698714,0.2613191727221912,0.5354946897708217
108,Washington,2005,Washington Precinct 07-002,1820,274,621,185,2005,1.0,0.9077306733167082,0.09226932668329177,1110,0.13665835411471322,0.30972568578553616,0.5536159600997507
109,Washington,2584,Washington Precinct 07-001,2474,273,806,110,2584,1.0,0.9574303405572755,0.04256965944272446,1505,0.10565015479876161,0.31191950464396284,0.5824303405572755
110,Washington,883,Washington Precinct 14-001,858,115,266,25,883,1.0,0.9716874292185731,0.028312570781426953,502,0.13023782559456398,0.3012457531143828,0.5685164212910532
111,Washington,1184,Washington Precinct 14-002,1120,115,266,64,1184,1.0,0.9459459459459459,0.05405405405405406,803,0.09712837837837837,0.22466216216216217,0.6782094594594594
112,Frederick,1799,Frederick Precinct 10-001,1737,157,536,62,1799,1.0,0.9655364091161757,0.03446359088382435,1106,0.08727070594774874,0.2979433018343524,0.6147859922178989
113,Frederick,2997,Frederick Precinct 15-001,2874,298,758,123,2997,1.0,0.958958958958959,0.04104104104104104,1941,0.09943276609943276,0.2529195862529196,0.6476476476476476
114,Frederick,3794,Frederick Precinct 15-002,3627,339,870,167,3794,1.0,0.955983131259884,0.04401686874011597,2585,0.0893516078017923,0.22930943595150238,0.6813389562467054
115,Frederick,1007,Frederick Precinct 04-001,964,102,288,43,1007,1.0,0.9572989076464746,0.04270109235352532,617,0.1012909632571996,0.28599801390268126,0.6127110228401191
116,Frederick,4025,Frederick Precinct 07-002,2268,1062,782,1757,4025,1.0,0.5634782608695652,0.4365217391304348,2181,0.2638509316770186,0.19428571428571428,0.541863354037267
117,Frederick,2425,Frederick Precinct 09-001,2177,653,946,248,2425,1.0,0.8977319587628866,0.1022680412371134,826,0.2692783505154639,0.39010309278350513,0.3406185567010309
118,Frederick,2868,Frederick Precinct 09-006,2447,674,765,421,2868,1.0,0.8532078103207811,0.14679218967921898,1429,0.23500697350069735,0.26673640167364016,0.49825662482566246
119,Frederick,3752,Frederick Precinct 13-001,3415,930,1158,337,3752,1.0,0.910181236673774,0.08981876332622601,1664,0.2478678038379531,0.30863539445628996,0.44349680170575695
120,Frederick,3625,Frederick Precinct 09-007,3267,946,1183,358,3625,1.0,0.9012413793103449,0.09875862068965517,1496,0.2609655172413793,0.3263448275862069,0.4126896551724138
121,Frederick,3137,Frederick Precinct 09-004,2926,558,1062,211,3137,1.0,0.932738284985655,0.06726171501434491,1517,0.17787695250239083,0.338540006375518,0.48358304112209116
122,Frederick,3312,Frederick Precinct 09-002,3071,694,1166,241,3312,1.0,0.9272342995169082,0.07276570048309179,1452,0.20954106280193235,0.35205314009661837,0.4384057971014493
123,Frederick,1427,Frederick Precinct 09-005,1331,307,399,96,1427,1.0,0.9327259985984583,0.0672740014015417,721,0.21513665031534687,0.27960756832515765,0.5052557813594954
124,Frederick,3254,Frederick Precinct 26-002,2717,668,820,537,3254,1.0,0.8349723417332514,0.16502765826674862,1766,0.2052858020897357,0.2519975414874001,0.5427166564228642
125,Frederick,2580,Frederick Precinct 11-001,2415,316,760,165,2580,1.0,0.936046511627907,0.06395348837209303,1504,0.12248062015503876,0.29457364341085274,0.5829457364341085
126,Frederick,1877,Frederick Precinct 08-001,1780,284,677,97,1877,1.0,0.94832179009057,0.051678209909429944,916,0.15130527437400107,0.36068193926478426,0.4880127863612147
127,Frederick,1703,Frederick Precinct 17-001,1646,225,607,57,1703,1.0,0.9665296535525543,0.03347034644744568,871,0.13211978860833823,0.35642982971227244,0.5114503816793893
128,Frederick,4393,Frederick Precinct 18-001,3975,956,1578,418,4393,1.0,0.9048486228090143,0.09515137719098565,1859,0.21761893922148873,0.359207830639654,0.42317323013885727
129,Howard,1498,Howard Precinct 04-001,1349,288,503,149,1498,1.0,0.9005340453938585,0.09946595460614152,707,0.19225634178905207,0.335781041388518,0.4719626168224299
130,Frederick,2489,Frederick Precinct 18-002,2395,366,968,94,2489,1.0,0.9622338288469264,0.03776617115307352,1155,0.14704700683005223,0.3889112093210125,0.4640417838489353
131,Howard,1440,Howard Precinct 04-005,1280,287,593,160,1440,1.0,0.8888888888888888,0.1111111111111111,560,0.19930555555555557,0.41180555555555554,0.3888888888888889
132,Carroll,2986,Carroll Precinct 09-002,2814,220,577,172,2986,1.0,0.942397856664434,0.05760214333556597,2189,0.07367716008037509,0.19323509711989284,0.7330877427997321
133,Frederick,1309,Frederick Precinct 19-001,1228,165,516,81,1309,1.0,0.9381207028265852,0.061879297173414824,628,0.12605042016806722,0.3941940412528648,0.479755538579068
134,Carroll,1186,Carroll Precinct 12-001,1086,144,301,100,1186,1.0,0.9156829679595279,0.08431703204047218,741,0.12141652613827993,0.25379426644182124,0.6247892074198989
135,Carroll,2833,Carroll Precinct 11-001,2645,349,826,188,2833,1.0,0.9336392516766678,0.06636074832333215,1658,0.12319096364278151,0.2915637133780445,0.585245322979174
136,Frederick,1991,Frederick Precinct 24-002,1555,368,438,436,1991,1.0,0.7810145655449523,0.21898543445504773,1185,0.18483174284279258,0.21998995479658462,0.5951783023606229
137,Frederick,3176,Frederick Precinct 03-002,3012,558,868,164,3176,1.0,0.9483627204030227,0.05163727959697733,1750,0.1756926952141058,0.27329974811083124,0.551007556675063
138,Frederick,3128,Frederick Precinct 16-001,2963,562,1081,165,3128,1.0,0.9472506393861893,0.05274936061381074,1485,0.1796675191815857,0.34558823529411764,0.47474424552429667
139,Frederick,1661,Frederick Precinct 06-001,1618,190,673,43,1661,1.0,0.9741119807344973,0.02588801926550271,798,0.11438892233594221,0.40517760385310053,0.48043347381095725
140,Frederick,2498,Frederick Precinct 21-001,2294,444,709,204,2498,1.0,0.9183346677341874,0.08166533226581266,1345,0.177742193755004,0.2838270616493195,0.5384307445956765
141,Frederick,1672,Frederick Precinct 02-014,1157,468,334,515,1672,1.0,0.6919856459330144,0.30801435406698563,870,0.2799043062200957,0.19976076555023922,0.5203349282296651
142,Frederick,2944,Frederick Precinct 02-006,2149,721,528,795,2944,1.0,0.7299592391304348,0.27004076086956524,1695,0.24490489130434784,0.1793478260869565,0.5757472826086957
143,Frederick,2897,Frederick Precinct 01-002,1883,984,651,1014,2897,1.0,0.64998274076631,0.35001725923369004,1262,0.3396617190196755,0.22471522264411462,0.43562305833620985
144,Frederick,2912,Frederick Precinct 02-016,1692,604,254,1220,2912,1.0,0.5810439560439561,0.41895604395604397,2054,0.20741758241758243,0.08722527472527472,0.7053571428571429
146,Frederick,92,Frederick Precinct 23-002,90,9,5,2,92,1.0,0.9782608695652174,0.021739130434782608,78,0.09782608695652174,0.05434782608695652,0.8478260869565217
147,Frederick,2535,Frederick Precinct 02-017,1087,578,148,1448,2535,1.0,0.4287968441814596,0.5712031558185404,1809,0.2280078895463511,0.05838264299802761,0.7136094674556213
148,Frederick,5267,Frederick Precinct 02-008,2880,852,472,2387,5267,1.0,0.5468008353901652,0.45319916460983484,3943,0.16176191380292387,0.0896145813556104,0.7486235048414658
149,Frederick,4053,Frederick Precinct 02-013,2109,787,347,1944,4053,1.0,0.5203552923760177,0.47964470762398226,2919,0.19417715272637553,0.08561559338761411,0.7202072538860104
150,Frederick,3697,Frederick Precinct 02-001,2254,874,313,1443,3697,1.0,0.6096835271842034,0.39031647281579657,2510,0.2364078982959156,0.08466324046524208,0.6789288612388423
151,Frederick,1499,Frederick Precinct 02-002,1162,321,147,337,1499,1.0,0.7751834556370913,0.2248165443629086,1031,0.2141427618412275,0.0980653769179453,0.6877918612408273
152,Frederick,3655,Frederick Precinct 02-011,2395,599,263,1260,3655,1.0,0.655266757865937,0.3447332421340629,2793,0.16388508891928866,0.0719562243502052,0.7641586867305061
153,Frederick,1931,Frederick Precinct 07-004,1435,484,398,496,1931,1.0,0.7431382703262558,0.25686172967374415,1049,0.25064733298808906,0.20611082340756084,0.5432418436043501
154,Frederick,1452,Frederick Precinct 09-003,1268,329,451,184,1452,1.0,0.8732782369146006,0.12672176308539945,672,0.2265840220385675,0.3106060606060606,0.4628099173553719
155,Frederick,3429,Frederick Precinct 02-003,2866,844,399,563,3429,1.0,0.8358121901428988,0.16418780985710119,2186,0.24613589967920677,0.1163604549431321,0.6375036453776611
156,Frederick,3603,Frederick Precinct 02-007,2732,939,536,871,3603,1.0,0.7582570080488482,0.24174299195115181,2128,0.26061615320566195,0.14876491812378573,0.5906189286705523
157,Frederick,1560,Frederick Precinct 02-018,1056,481,380,504,1560,1.0,0.676923076923077,0.3230769230769231,699,0.30833333333333335,0.24358974358974358,0.4480769230769231
158,Frederick,1203,Frederick Precinct 09-008,1049,291,315,154,1203,1.0,0.8719866999168745,0.12801330008312553,597,0.24189526184538654,0.26184538653366585,0.49625935162094764
159,Frederick,584,Frederick Precinct 13-002,482,22,44,102,584,1.0,0.8253424657534246,0.17465753424657535,518,0.03767123287671233,0.07534246575342465,0.886986301369863
160,Frederick,1787,Frederick Precinct 21-002,1398,487,368,389,1787,1.0,0.7823167319529939,0.21768326804700616,932,0.27252378287632906,0.2059317291550084,0.5215444879686626
161,Frederick,3099,Frederick Precinct 21-003,2373,852,759,726,3099,1.0,0.7657308809293321,0.23426911907066797,1488,0.2749273959341723,0.24491771539206195,0.4801548886737657
162,Frederick,4379,Frederick Precinct 02-010,2919,940,597,1460,4379,1.0,0.6665905457867093,0.3334094542132907,2842,0.2146608814797899,0.1363324960036538,0.6490066225165563
163,Frederick,2457,Frederick Precinct 20-001,2341,295,724,116,2457,1.0,0.9527879527879528,0.04721204721204721,1438,0.12006512006512006,0.2946682946682947,0.5852665852665853
164,Washington,1945,Washington Precinct 08-000,1896,283,611,49,1945,1.0,0.9748071979434447,0.02519280205655527,1051,0.1455012853470437,0.3141388174807198,0.5403598971722365
165,Frederick,2373,Frederick Precinct 12-001,2028,602,786,345,2373,1.0,0.854614412136536,0.14538558786346398,985,0.2536873156342183,0.33122629582806573,0.41508638853771596
166,Frederick,1222,Frederick Precinct 22-001,1156,212,358,66,1222,1.0,0.9459901800327333,0.054009819967266774,652,0.1734860883797054,0.29296235679214405,0.5335515548281505
167,Washington,1846,Washington Precinct 19-000,1762,305,648,84,1846,1.0,0.9544962080173348,0.04550379198266522,893,0.16522210184182015,0.35102925243770317,0.4837486457204767
168,Washington,2585,Washington Precinct 06-002,2446,415,717,139,2585,1.0,0.9462282398452612,0.053771760154738876,1453,0.16054158607350097,0.27736943907156675,0.5620889748549323
169,Washington,2120,Washington Precinct 06-001,2021,317,689,99,2120,1.0,0.9533018867924529,0.046698113207547166,1114,0.14952830188679245,0.325,0.5254716981132076
170,Washington,2992,Washington Precinct 16-000,2783,348,819,209,2992,1.0,0.9301470588235294,0.06985294117647059,1825,0.1163101604278075,0.2737299465240642,0.6099598930481284
171,Washington,3446,Washington Precinct 02-000,3270,360,834,176,3446,1.0,0.9489262913522926,0.05107370864770749,2252,0.1044689495066744,0.2420197330237957,0.6535113174695298
172,Washington,3981,Washington Precinct 23-000,3821,249,1100,160,3981,1.0,0.9598090931926652,0.04019090680733484,2632,0.06254709871891484,0.27631248430042704,0.6611404169806582
173,Washington,2569,Washington Precinct 26-003,2433,418,905,136,2569,1.0,0.9470611132736473,0.05293888672635266,1246,0.16270922537952512,0.3522771506422733,0.48501362397820164
174,Washington,3543,Washington Precinct 26-001,3247,286,546,296,3543,1.0,0.9164549816539656,0.08354501834603444,2711,0.08072255151001975,0.15410668924640136,0.7651707592435789
175,Washington,2281,Washington Precinct 26-002,2020,291,494,261,2281,1.0,0.8855765015344147,0.11442349846558526,1496,0.12757562472599737,0.21657167908811925,0.6558526961858834
176,Washington,2361,Washington Precinct 10-002,1969,485,677,392,2361,1.0,0.833968657348581,0.1660313426514189,1199,0.20542143159678103,0.2867429055484964,0.5078356628547226
177,Washington,1736,Washington Precinct 03-004,1327,188,124,409,1736,1.0,0.7644009216589862,0.23559907834101382,1424,0.10829493087557604,0.07142857142857142,0.8202764976958525
178,Washington,2009,Washington Precinct 03-003,1620,214,241,389,2009,1.0,0.8063713290194127,0.19362867098058736,1554,0.10652065704330513,0.11996017919362867,0.7735191637630662
179,Washington,1404,Washington Precinct 03-002,1228,218,187,176,1404,1.0,0.8746438746438746,0.12535612535612536,999,0.15527065527065528,0.13319088319088318,0.7115384615384616
180,Washington,2964,Washington Precinct 13-001,2854,236,851,110,2964,1.0,0.9628879892037787,0.037112010796221326,1877,0.0796221322537112,0.28711201079622134,0.6332658569500674
181,Washington,2396,Washington Precinct 25-004,1777,384,358,619,2396,1.0,0.741652754590985,0.25834724540901505,1654,0.16026711185308848,0.14941569282136896,0.6903171953255426
182,Washington,2917,Washington Precinct 25-002,2460,361,326,457,2917,1.0,0.8433321906067878,0.1566678093932122,2230,0.1237572848817278,0.11175865615358245,0.7644840589646897
183,Washington,1556,Washington Precinct 13-002,1358,232,399,198,1556,1.0,0.8727506426735219,0.12724935732647816,925,0.14910025706940874,0.256426735218509,0.5944730077120822
184,Washington,947,Washington Precinct 10-004,919,133,228,28,947,1.0,0.9704329461457233,0.029567053854276663,586,0.14044350580781415,0.24076029567053855,0.6187961985216474
185,Washington,4870,Washington Precinct 10-001,3171,355,580,1699,4870,1.0,0.651129363449692,0.34887063655030803,3935,0.0728952772073922,0.11909650924024641,0.8080082135523614
186,Washington,1255,Washington Precinct 03-001,1023,127,81,232,1255,1.0,0.8151394422310757,0.1848605577689243,1047,0.10119521912350597,0.06454183266932272,0.8342629482071713
187,Washington,1160,Washington Precinct 25-001,490,151,34,670,1160,1.0,0.4224137931034483,0.5775862068965517,975,0.13017241379310346,0.029310344827586206,0.8405172413793104
188,Washington,2628,Washington Precinct 22-001,1978,271,147,650,2628,1.0,0.7526636225266362,0.24733637747336376,2210,0.10312024353120243,0.05593607305936073,0.8409436834094368
189,Washington,2275,Washington Precinct 22-002,1694,353,283,581,2275,1.0,0.7446153846153846,0.2553846153846154,1639,0.15516483516483517,0.12439560439560439,0.7204395604395605
190,Washington,1661,Washington Precinct 10-003,1445,201,347,216,1661,1.0,0.8699578567128236,0.1300421432871764,1113,0.12101143889223359,0.20891029500301023,0.6700782661047562
191,Washington,2430,Washington Precinct 21-002,1997,374,376,433,2430,1.0,0.8218106995884774,0.17818930041152264,1680,0.15390946502057612,0.15473251028806584,0.691358024691358
192,Washington,1170,Washington Precinct 21-003,1051,240,200,119,1170,1.0,0.8982905982905983,0.10170940170940171,730,0.20512820512820512,0.17094017094017094,0.6239316239316239
193,Washington,2431,Washington Precinct 27-001,2230,394,636,201,2431,1.0,0.9173179761415056,0.08268202385849445,1401,0.1620732208967503,0.2616207322089675,0.5763060468942822
194,Washington,2591,Washington Precinct 21-001,2125,437,445,466,2591,1.0,0.8201466615206484,0.17985333847935162,1709,0.16866074874565803,0.17174835970667696,0.659590891547665
195,Washington,3190,Washington Precinct 27-002,2627,456,725,563,3190,1.0,0.8235109717868339,0.17648902821316614,2009,0.14294670846394986,0.22727272727272727,0.6297805642633229
196,Washington,2782,Washington Precinct 18-002,2491,338,564,291,2782,1.0,0.8953989935298347,0.10460100647016535,1880,0.12149532710280374,0.20273184759166069,0.6757728253055356
197,Washington,3320,Washington Precinct 18-003,2539,455,432,781,3320,1.0,0.7647590361445783,0.23524096385542168,2433,0.13704819277108435,0.13012048192771083,0.7328313253012049
198,Washington,2141,Washington Precinct 18-001,2034,215,667,107,2141,1.0,0.9500233535730966,0.04997664642690332,1259,0.10042036431574031,0.3115366651097618,0.588042970574498
199,Washington,2206,Washington Precinct 09-000,2147,274,618,59,2206,1.0,0.9732547597461468,0.02674524025385313,1314,0.1242067089755213,0.28014505893019037,0.5956482320942883
200,Charles,2592,Charles Precinct 03-001,1691,430,492,901,2592,1.0,0.652391975308642,0.34760802469135804,1670,0.16589506172839505,0.18981481481481483,0.6442901234567902
201,Charles,1606,Charles Precinct 02-001,1303,225,392,303,1606,1.0,0.811332503113325,0.18866749688667497,989,0.14009962640099627,0.24408468244084683,0.6158156911581569
202,Charles,3125,Charles Precinct 10-001,1544,654,466,1581,3125,1.0,0.49408,0.50592,2005,0.20928,0.14912,0.6416
203,Charles,2755,Charles Precinct 07-002,1062,905,249,1693,2755,1.0,0.385480943738657,0.6145190562613431,1601,0.32849364791288566,0.09038112522686026,0.581125226860254
204,Charles,3366,Charles Precinct 07-003,1393,992,316,1973,3366,1.0,0.4138443256090315,0.5861556743909685,2058,0.2947118241235888,0.09387997623291741,0.6114081996434938
205,Charles,1655,Charles Precinct 07-001,1311,217,253,344,1655,1.0,0.7921450151057402,0.20785498489425983,1185,0.1311178247734139,0.1528700906344411,0.716012084592145
206,Charles,2514,Charles Precinct 07-004,947,1108,243,1567,2514,1.0,0.37669053301511535,0.6233094669848847,1163,0.4407319013524264,0.09665871121718377,0.4626093874303898
207,St. Mary's,1701,St. Mary's Precinct 03-004,1508,227,476,193,1701,1.0,0.8865373309817755,0.11346266901822458,998,0.13345091122868902,0.27983539094650206,0.586713697824809
208,St. Mary's,2001,St. Mary's Precinct 03-003,1791,256,566,210,2001,1.0,0.8950524737631185,0.10494752623688156,1179,0.127936031984008,0.28285857071464265,0.5892053973013494
209,Charles,2440,Charles Precinct 01-002,1878,385,639,562,2440,1.0,0.769672131147541,0.230327868852459,1416,0.15778688524590165,0.26188524590163936,0.580327868852459
210,Charles,1733,Charles Precinct 04-002,1449,188,521,284,1733,1.0,0.8361223312175419,0.16387766878245816,1024,0.10848240046162723,0.3006347374495095,0.5908828620888632
211,Charles,2359,Charles Precinct 01-003,1637,533,530,722,2359,1.0,0.6939381093683764,0.3060618906316236,1296,0.22594319626960577,0.22467147096227216,0.5493853327681221
212,Charles,2485,Charles Precinct 01-004,1976,344,509,509,2485,1.0,0.7951710261569417,0.20482897384305834,1632,0.13843058350100604,0.20482897384305834,0.6567404426559356
213,Charles,3599,Charles Precinct 05-001,2920,447,746,679,3599,1.0,0.81133648235621,0.18866351764378994,2406,0.12420116699083078,0.20727979994442902,0.6685190330647403
214,Charles,2563,Charles Precinct 04-001,2230,253,733,333,2563,1.0,0.870074131876707,0.12992586812329301,1577,0.09871244635193133,0.28599297698010145,0.6152945766679673
215,Charles,2392,Charles Precinct 08-001,1757,674,800,635,2392,1.0,0.7345317725752508,0.2654682274247492,918,0.2817725752508361,0.33444816053511706,0.38377926421404684
216,Charles,2371,Charles Precinct 06-001,1797,435,488,574,2371,1.0,0.7579080556727119,0.24209194432728806,1448,0.18346689160691693,0.20582032897511598,0.6107127794179671
217,Charles,3623,Charles Precinct 06-014,1425,1236,361,2198,3623,1.0,0.3933204526635385,0.6066795473364615,2026,0.34115373999447973,0.09964118134142975,0.5592050786640905
218,Allegany,1719,Allegany Precinct 29-002,1637,240,560,82,1719,1.0,0.9522978475858057,0.0477021524141943,919,0.13961605584642234,0.32577079697498545,0.5346131471785922
219,Allegany,3235,Allegany Precinct 06-006,1942,159,447,1293,3235,1.0,0.6003091190108192,0.3996908809891808,2629,0.0491499227202473,0.13817619783616691,0.8126738794435858
220,Allegany,1207,Allegany Precinct 06-005,1034,154,247,173,1207,1.0,0.8566694283347142,0.14333057166528584,806,0.1275890637945319,0.20463960231980116,0.6677713338856669
221,Allegany,800,Allegany Precinct 06-003,740,82,132,60,800,1.0,0.925,0.075,586,0.1025,0.165,0.7325
222,Allegany,1902,Allegany Precinct 29-001,1833,234,605,69,1902,1.0,0.9637223974763407,0.03627760252365931,1063,0.12302839116719243,0.31808622502628814,0.5588853838065194
223,Allegany,1522,Allegany Precinct 06-001,1409,206,264,113,1522,1.0,0.9257555847568988,0.07424441524310119,1052,0.13534822601839686,0.17345597897503284,0.6911957950065704
224,Allegany,1679,Allegany Precinct 20-000,1648,109,510,31,1679,1.0,0.9815366289458011,0.01846337105419893,1060,0.06491959499702203,0.30375223347230496,0.631328171530673
225,Allegany,928,Allegany Precinct 04-005,911,88,179,17,928,1.0,0.9816810344827587,0.018318965517241378,661,0.09482758620689655,0.19288793103448276,0.7122844827586207
226,Allegany,1457,Allegany Precinct 04-003,1352,135,203,105,1457,1.0,0.9279341111873713,0.0720658888126287,1119,0.09265614275909403,0.1393273850377488,0.7680164722031572
227,Allegany,1118,Allegany Precinct 04-002,951,72,123,167,1118,1.0,0.8506261180679785,0.14937388193202147,923,0.06440071556350627,0.11001788908765653,0.8255813953488372
228,Allegany,1603,Allegany Precinct 04-008,1511,152,278,92,1603,1.0,0.9426076107298814,0.05739238927011853,1173,0.09482220835932627,0.17342482844666252,0.7317529631940112
229,Allegany,1425,Allegany Precinct 04-004,1355,177,366,70,1425,1.0,0.9508771929824561,0.04912280701754386,882,0.12421052631578948,0.25684210526315787,0.6189473684210526
230,Allegany,856,Allegany Precinct 14-000,766,70,62,90,856,1.0,0.8948598130841121,0.10514018691588785,724,0.08177570093457943,0.07242990654205607,0.8457943925233645
231,Allegany,1491,Allegany Precinct 05-004,1387,165,262,104,1491,1.0,0.9302481556002683,0.06975184439973173,1064,0.11066398390342053,0.17572099262240107,0.7136150234741784
232,Allegany,2358,Allegany Precinct 23-000,2120,228,501,238,2358,1.0,0.899067005937235,0.10093299406276506,1629,0.09669211195928754,0.21246819338422393,0.6908396946564885
233,Allegany,624,Allegany Precinct 05-006,619,55,152,5,624,1.0,0.9919871794871795,0.008012820512820512,417,0.08814102564102565,0.24358974358974358,0.6682692307692307
234,Allegany,2552,Allegany Precinct 22-001,2173,190,344,379,2552,1.0,0.8514890282131662,0.14851097178683387,2018,0.07445141065830721,0.13479623824451412,0.7907523510971787
235,Allegany,3185,Allegany Precinct 16-000,1973,117,466,1212,3185,1.0,0.6194662480376766,0.38053375196232336,2602,0.036734693877551024,0.14631083202511774,0.8169544740973312
236,Allegany,1346,Allegany Precinct 34-000,1324,169,454,22,1346,1.0,0.9836552748885586,0.01634472511144131,723,0.12555720653789004,0.337295690936107,0.537147102526003
237,Allegany,956,Allegany Precinct 21-000,934,74,301,22,956,1.0,0.9769874476987448,0.02301255230125523,581,0.07740585774058577,0.3148535564853556,0.6077405857740585
238,Allegany,944,Allegany Precinct 02-000,924,51,273,20,944,1.0,0.9788135593220338,0.0211864406779661,620,0.05402542372881356,0.2891949152542373,0.6567796610169492
239,Allegany,852,Allegany Precinct 03-000,839,39,269,13,852,1.0,0.9847417840375586,0.015258215962441314,544,0.045774647887323945,0.31572769953051644,0.6384976525821596
240,Allegany,746,Allegany Precinct 01-000,734,46,260,12,746,1.0,0.9839142091152815,0.0160857908847185,440,0.06166219839142091,0.3485254691689008,0.5898123324396782
241,Washington,2643,Washington Precinct 05-000,2584,168,834,59,2643,1.0,0.9776768823306848,0.022323117669315173,1641,0.06356413166855845,0.3155505107832009,0.6208853575482406
242,Frederick,3605,Frederick Precinct 25-001,3213,725,759,392,3605,1.0,0.8912621359223301,0.1087378640776699,2121,0.20110957004160887,0.21054091539528433,0.5883495145631068
243,Washington,1589,Washington Precinct 15-000,1563,113,534,26,1589,1.0,0.9836375078665828,0.016362492133417242,942,0.0711139081183134,0.3360604153555695,0.5928256765261171
244,Washington,2398,Washington Precinct 04-000,2339,197,853,59,2398,1.0,0.9753961634695579,0.024603836530442035,1348,0.08215179316096748,0.35571309424520436,0.5621351125938282
245,Washington,563,Washington Precinct 11-002,546,70,147,17,563,1.0,0.9698046181172292,0.03019538188277087,346,0.12433392539964476,0.261101243339254,0.6145648312611013
246,Washington,2586,Washington Precinct 01-000,2492,393,810,94,2586,1.0,0.9636504253673627,0.03634957463263728,1383,0.1519721577726218,0.31322505800464034,0.5348027842227379
247,Washington,1721,Washington Precinct 20-000,1673,175,591,48,1721,1.0,0.9721092388146426,0.02789076118535735,955,0.10168506682161534,0.3434049970947124,0.5549099360836722
248,Washington,6302,Washington Precinct 12-000,3018,231,652,3284,6302,1.0,0.4788955887019994,0.5211044112980007,5419,0.036655030149158996,0.10345921929546176,0.8598857505553792
249,Washington,929,Washington Precinct 11-001,892,178,288,37,929,1.0,0.9601722282023681,0.03982777179763186,463,0.1916038751345533,0.310010764262648,0.4983853606027987
250,Garrett,746,Garrett Precinct 08-002,735,16,202,11,746,1.0,0.985254691689008,0.014745308310991957,528,0.021447721179624665,0.2707774798927614,0.707774798927614
251,Garrett,572,Garrett Precinct 08-001,565,21,162,7,572,1.0,0.9877622377622378,0.012237762237762238,389,0.03671328671328671,0.28321678321678323,0.6800699300699301
252,Garrett,1056,Garrett Precinct 14-002,1037,31,294,19,1056,1.0,0.9820075757575758,0.017992424242424244,731,0.029356060606060608,0.2784090909090909,0.6922348484848485
253,Garrett,1898,Garrett Precinct 07-000,1852,86,358,46,1898,1.0,0.9757639620653319,0.02423603793466807,1454,0.045310853530031614,0.1886195995785037,0.7660695468914647
254,Garrett,2642,Garrett Precinct 16-000,2604,124,574,38,2642,1.0,0.9856169568508706,0.014383043149129448,1944,0.046934140802422405,0.21725965177895534,0.7358062074186222
255,Garrett,1535,Garrett Precinct 10-000,1521,99,407,14,1535,1.0,0.9908794788273616,0.009120521172638436,1029,0.06449511400651466,0.26514657980456025,0.6703583061889251
256,Garrett,2412,Garrett Precinct 14-001,2373,110,478,39,2412,1.0,0.9838308457711443,0.01616915422885572,1824,0.04560530679933665,0.19817578772802655,0.7562189054726368
257,Garrett,1811,Garrett Precinct 06-000,1677,164,432,134,1811,1.0,0.9260077305356157,0.07399226946438432,1215,0.09055770292655992,0.23854224185532855,0.6709000552181116
258,Garrett,562,Garrett Precinct 13-000,558,30,130,4,562,1.0,0.9928825622775801,0.0071174377224199285,402,0.05338078291814947,0.2313167259786477,0.7153024911032029
259,Garrett,1486,Garrett Precinct 01-000,1470,106,438,16,1486,1.0,0.9892328398384926,0.010767160161507403,942,0.07133243606998654,0.29475100942126514,0.6339165545087483
260,Garrett,1547,Garrett Precinct 02-000,1514,125,447,33,1547,1.0,0.9786683904330963,0.021331609566903685,975,0.08080155138978669,0.28894634776987715,0.6302521008403361
261,Garrett,1443,Garrett Precinct 05-000,1420,131,476,23,1443,1.0,0.9840609840609841,0.01593901593901594,836,0.09078309078309078,0.32986832986832987,0.5793485793485793
262,Garrett,725,Garrett Precinct 12-000,708,24,221,17,725,1.0,0.976551724137931,0.023448275862068966,480,0.03310344827586207,0.30482758620689654,0.6620689655172414
263,Garrett,655,Garrett Precinct 04-000,637,26,193,18,655,1.0,0.9725190839694656,0.02748091603053435,436,0.03969465648854962,0.29465648854961835,0.665648854961832
264,Garrett,140,Garrett Precinct 11-000,136,2,40,4,140,1.0,0.9714285714285714,0.02857142857142857,98,0.014285714285714285,0.2857142857142857,0.7
265,Allegany,2806,Allegany Precinct 08-000,2755,194,716,51,2806,1.0,0.9818246614397719,0.018175338560228082,1896,0.0691375623663578,0.2551674982181041,0.6756949394155382
266,Allegany,1114,Allegany Precinct 09-000,1103,39,322,11,1114,1.0,0.9901256732495511,0.009874326750448833,753,0.03500897666068223,0.289048473967684,0.6759425493716338
267,Allegany,1650,Allegany Precinct 10-000,1628,81,476,22,1650,1.0,0.9866666666666667,0.013333333333333334,1093,0.04909090909090909,0.2884848484848485,0.6624242424242425
268,Allegany,1273,Allegany Precinct 31-000,1251,93,376,22,1273,1.0,0.9827179890023566,0.01728201099764336,804,0.07305577376276512,0.2953652788688138,0.631578947368421
269,Garrett,627,Garrett Precinct 03-002,615,31,181,12,627,1.0,0.9808612440191388,0.019138755980861243,415,0.049441786283891544,0.2886762360446571,0.6618819776714514
270,Garrett,2171,Garrett Precinct 03-001,2136,88,542,35,2171,1.0,0.9838783970520497,0.016121602947950252,1541,0.04053431598341778,0.24965453707968677,0.7098111469368954
271,Garrett,421,Garrett Precinct 15-000,419,39,163,2,421,1.0,0.995249406175772,0.004750593824228029,219,0.09263657957244656,0.38717339667458434,0.5201900237529691
272,Garrett,988,Garrett Precinct 09-000,964,80,323,24,988,1.0,0.9757085020242915,0.024291497975708502,585,0.08097165991902834,0.3269230769230769,0.5921052631578947
273,Allegany,1685,Allegany Precinct 18-000,1660,82,563,25,1685,1.0,0.9851632047477745,0.01483679525222552,1040,0.0486646884272997,0.3341246290801187,0.6172106824925816
274,Allegany,4960,Allegany Precinct 26-000,3677,354,426,1283,4960,1.0,0.7413306451612903,0.2586693548387097,4180,0.07137096774193548,0.08588709677419355,0.842741935483871
275,Allegany,1016,Allegany Precinct 11-000,971,192,239,45,1016,1.0,0.9557086614173228,0.04429133858267716,585,0.1889763779527559,0.23523622047244094,0.5757874015748031
276,Allegany,2829,Allegany Precinct 12-000,2623,332,598,206,2829,1.0,0.9271827500883705,0.07281724991162955,1899,0.11735595616825734,0.21138211382113822,0.6712619300106044
277,Allegany,1572,Allegany Precinct 24-000,1544,120,437,28,1572,1.0,0.9821882951653944,0.017811704834605598,1015,0.07633587786259542,0.2779898218829516,0.6456743002544529
278,Allegany,1653,Allegany Precinct 07-002,1584,177,563,69,1653,1.0,0.9582577132486388,0.041742286751361164,913,0.10707803992740472,0.34059286146400486,0.5523290986085905
279,Allegany,1346,Allegany Precinct 29-003,1304,161,377,42,1346,1.0,0.9687964338781575,0.031203566121842496,808,0.11961367013372957,0.2800891530460624,0.600297176820208
280,Allegany,1884,Allegany Precinct 13-000,1845,133,501,39,1884,1.0,0.9792993630573248,0.020700636942675158,1250,0.07059447983014862,0.2659235668789809,0.6634819532908705
281,Allegany,3275,Allegany Precinct 07-001,2017,177,497,1258,3275,1.0,0.6158778625954199,0.3841221374045802,2601,0.054045801526717556,0.15175572519083969,0.7941984732824428
282,Harford,3035,Harford Precinct 03-023,2597,429,725,438,3035,1.0,0.8556836902800659,0.1443163097199341,1881,0.1413509060955519,0.23887973640856672,0.6197693574958814
283,Harford,3016,Harford Precinct 03-022,2720,417,930,296,3016,1.0,0.9018567639257294,0.09814323607427056,1669,0.138262599469496,0.3083554376657825,0.5533819628647215
284,Harford,3085,Harford Precinct 04-001,2968,273,806,117,3085,1.0,0.9620745542949757,0.03792544570502431,2006,0.08849270664505672,0.26126418152350084,0.6502431118314425
285,Harford,2129,Harford Precinct 04-006,2056,144,556,73,2129,1.0,0.9657116016909347,0.03428839830906529,1429,0.06763738844527947,0.26115547205260686,0.6712071395021136
286,Harford,2731,Harford Precinct 04-003,2662,272,999,69,2731,1.0,0.9747345294763823,0.025265470523617724,1460,0.09959721713658001,0.36580007323324787,0.5346027096301721
287,Harford,2632,Harford Precinct 04-004,2493,232,816,139,2632,1.0,0.9471884498480243,0.05281155015197568,1584,0.08814589665653495,0.3100303951367781,0.601823708206687
288,Harford,4062,Harford Precinct 03-005,3803,445,1458,259,4062,1.0,0.9362383062530774,0.0637616937469227,2159,0.10955194485475135,0.35893648449039883,0.5315115706548498
289,Harford,2376,Harford Precinct 05-002,2261,262,839,115,2376,1.0,0.9515993265993266,0.0484006734006734,1275,0.11026936026936027,0.3531144781144781,0.5366161616161617
290,Harford,1712,Harford Precinct 03-004,1595,194,610,117,1712,1.0,0.9316588785046729,0.0683411214953271,908,0.1133177570093458,0.35630841121495327,0.530373831775701
291,Harford,2679,Harford Precinct 05-003,2566,241,934,113,2679,1.0,0.9578200821201941,0.0421799178798059,1504,0.08995893990294886,0.3486375513251213,0.5614035087719298
292,Harford,1922,Harford Precinct 01-003,1115,264,193,807,1922,1.0,0.5801248699271592,0.4198751300728408,1465,0.13735691987513007,0.1004162330905307,0.7622268470343392
293,Harford,2731,Harford Precinct 01-005,1671,369,292,1060,2731,1.0,0.6118637861589161,0.3881362138410839,2070,0.1351153423654339,0.10692054192603442,0.7579641157085317
294,Harford,3854,Harford Precinct 01-010,2529,682,620,1325,3854,1.0,0.656201349247535,0.34379865075246496,2552,0.1769590036325895,0.16087182148417228,0.6621691748832382
295,Harford,3035,Harford Precinct 01-019,1562,531,279,1473,3035,1.0,0.514662273476112,0.48533772652388796,2225,0.17495881383855025,0.09192751235584844,0.7331136738056013
296,Harford,1603,Harford Precinct 02-019,986,114,76,617,1603,1.0,0.6150966936993137,0.3849033063006862,1413,0.07111665626949469,0.047411104179663134,0.8814722395508422
297,Harford,2076,Harford Precinct 01-018,1562,375,421,514,2076,1.0,0.7524084778420038,0.24759152215799615,1280,0.18063583815028902,0.20279383429672446,0.6165703275529865
298,Harford,1794,Harford Precinct 01-017,1518,295,474,276,1794,1.0,0.8461538461538461,0.15384615384615385,1025,0.16443701226309923,0.26421404682274247,0.5713489409141583
299,Harford,3477,Harford Precinct 01-016,2382,641,529,1095,3477,1.0,0.6850733390854185,0.31492666091458155,2307,0.18435432844406097,0.15214265171124533,0.6635030198446937
300,Harford,3030,Harford Precinct 01-020,1753,794,437,1277,3030,1.0,0.5785478547854785,0.42145214521452146,1799,0.262046204620462,0.14422442244224423,0.5937293729372938
301,Harford,2453,Harford Precinct 03-020,2282,261,742,171,2453,1.0,0.9302894415002039,0.06971055849979617,1450,0.10640032613126783,0.3024867509172442,0.591112922951488
302,Harford,2703,Harford Precinct 03-002,2479,337,804,224,2703,1.0,0.9171291157972623,0.0828708842027377,1562,0.12467628560858306,0.2974472807991121,0.5778764335923049
303,Harford,1877,Harford Precinct 02-003,1397,255,272,480,1877,1.0,0.7442727757059137,0.2557272242940863,1350,0.13585508790623335,0.1449120937666489,0.7192328183271177
304,Harford,327,Harford Precinct 02-001,263,127,106,64,327,1.0,0.8042813455657493,0.19571865443425077,94,0.38837920489296635,0.3241590214067278,0.2874617737003058
305,Harford,2551,Harford Precinct 02-015,1517,451,253,1034,2551,1.0,0.5946687573500588,0.4053312426499412,1847,0.17679341434731477,0.09917679341434732,0.7240297922383379
306,Harford,3443,Harford Precinct 02-010,1918,501,279,1525,3443,1.0,0.5570723206505954,0.4429276793494046,2663,0.1455126343305257,0.08103398199244845,0.7734533836770259
307,Harford,2679,Harford Precinct 02-014,1630,373,193,1049,2679,1.0,0.6084359835759612,0.3915640164240388,2113,0.13923105636431504,0.07204180664427025,0.7887271369914147
308,Harford,2411,Harford Precinct 02-011,1702,439,390,709,2411,1.0,0.705931148900871,0.294068851099129,1582,0.1820821236001659,0.16175860638739112,0.656159270012443
309,Harford,264,Harford Precinct 02-004,242,17,56,22,264,1.0,0.9166666666666666,0.08333333333333333,191,0.06439393939393939,0.21212121212121213,0.7234848484848485
310,Harford,3615,Harford Precinct 02-002,3332,519,1105,283,3615,1.0,0.9217150760719225,0.07828492392807745,1991,0.14356846473029045,0.30567081604426005,0.5507607192254496
311,Kent,703,Kent Precinct 03-002,547,145,121,156,703,1.0,0.7780938833570412,0.22190611664295876,437,0.20625889046941678,0.1721194879089616,0.6216216216216216
312,Harford,295,Harford Precinct 02-005,242,11,28,53,295,1.0,0.8203389830508474,0.17966101694915254,256,0.03728813559322034,0.09491525423728814,0.8677966101694915
313,Harford,137,Harford Precinct 06-005,57,95,40,80,137,1.0,0.41605839416058393,0.583941605839416,2,0.6934306569343066,0.291970802919708,0.014598540145985401
314,Harford,794,Harford Precinct 06-007,641,40,65,153,794,1.0,0.8073047858942065,0.19269521410579346,689,0.05037783375314862,0.0818639798488665,0.8677581863979849
315,Harford,3367,Harford Precinct 06-006,2576,683,845,791,3367,1.0,0.7650727650727651,0.23492723492723494,1839,0.20285120285120284,0.25096525096525096,0.5461835461835461
316,Harford,2179,Harford Precinct 06-003,1655,391,454,524,2179,1.0,0.7595227168425883,0.24047728315741165,1334,0.1794401101422671,0.208352455254704,0.612207434603029
317,Harford,2603,Harford Precinct 06-001,1942,435,315,661,2603,1.0,0.746062235881675,0.253937764118325,1853,0.16711486746062235,0.12101421436803687,0.7118709181713407
318,Harford,340,Harford Precinct 06-004,310,34,42,30,340,1.0,0.9117647058823529,0.08823529411764706,264,0.1,0.12352941176470589,0.7764705882352941
319,Harford,1986,Harford Precinct 06-002,1564,461,557,422,1986,1.0,0.7875125881168177,0.21248741188318226,968,0.23212487411883181,0.2804632426988922,0.4874118831822759
320,Harford,1712,Harford Precinct 05-004,1537,196,498,175,1712,1.0,0.8977803738317757,0.1022196261682243,1018,0.11448598130841121,0.2908878504672897,0.594626168224299
321,Harford,2884,Harford Precinct 05-001,2747,267,974,137,2884,1.0,0.95249653259362,0.04750346740638003,1643,0.09257975034674064,0.3377253814147018,0.5696948682385575
322,Cecil,3106,Cecil Precinct 08-001,2998,268,993,108,3106,1.0,0.9652285898261429,0.03477141017385705,1845,0.08628461043142305,0.319703799098519,0.5940115904700579
323,Cecil,2976,Cecil Precinct 07-001,2676,339,990,300,2976,1.0,0.8991935483870968,0.10080645161290322,1647,0.11391129032258064,0.3326612903225806,0.5534274193548387
324,Cecil,2543,Cecil Precinct 06-002,2437,322,1069,106,2543,1.0,0.9583169484860401,0.04168305151395989,1152,0.1266220998820291,0.4203696421549351,0.4530082579630358
325,Cecil,1360,Cecil Precinct 07-003,1200,118,189,160,1360,1.0,0.8823529411764706,0.11764705882352941,1053,0.08676470588235294,0.13897058823529412,0.774264705882353
326,Cecil,4824,Cecil Precinct 07-002,4018,673,928,806,4824,1.0,0.8329187396351575,0.16708126036484244,3223,0.13951077943615256,0.19237147595356552,0.668117744610282
327,Cecil,5437,Cecil Precinct 06-001,5216,443,1460,221,5437,1.0,0.9593525841456686,0.04064741585433143,3534,0.08147875666727974,0.2685304395806511,0.6499908037520692
328,Talbot,3502,Talbot Precinct 04-001,3079,324,796,423,3502,1.0,0.8792118789263278,0.12078812107367219,2382,0.09251856082238721,0.22729868646487722,0.6801827527127355
329,Caroline,1679,Caroline Precinct 06-001,1505,182,401,174,1679,1.0,0.8963668850506253,0.10363311494937463,1096,0.10839785586658725,0.2388326384752829,0.6527695056581299
330,Queen Anne's,1487,Queen Anne's Precinct 06-001,1354,124,379,133,1487,1.0,0.9105581708137189,0.0894418291862811,984,0.08338937457969066,0.2548755884330868,0.6617350369872226
331,Caroline,5431,Caroline Precinct 03-001,4422,538,813,1009,5431,1.0,0.8142146934266249,0.18578530657337508,4080,0.09906094641870743,0.14969618854722888,0.7512428650340637
332,Caroline,2698,Caroline Precinct 07-001,2113,363,687,585,2698,1.0,0.7831727205337287,0.2168272794662713,1648,0.13454410674573758,0.25463306152705706,0.6108228317272053
333,Caroline,4170,Caroline Precinct 02-001,3650,360,950,520,4170,1.0,0.8752997601918465,0.12470023980815348,2860,0.08633093525179857,0.2278177458033573,0.6858513189448441
334,Kent,1602,Kent Precinct 02-001,1238,221,353,364,1602,1.0,0.7727840199750312,0.2272159800249688,1028,0.1379525593008739,0.22034956304619227,0.6416978776529338
335,Queen Anne's,2401,Queen Anne's Precinct 07-001,2007,331,459,394,2401,1.0,0.8359017076218243,0.16409829237817575,1611,0.13785922532278216,0.19117034568929614,0.6709704289879217
336,Queen Anne's,2015,Queen Anne's Precinct 01-001,1735,160,544,280,2015,1.0,0.8610421836228288,0.13895781637717122,1311,0.0794044665012407,0.2699751861042184,0.6506203473945409
337,Caroline,2467,Caroline Precinct 01-001,1711,134,443,756,2467,1.0,0.6935549250101337,0.30644507498986623,1890,0.054316984191325496,0.1795703283340089,0.7661126874746655
338,Kent,1324,Kent Precinct 01-001,1011,198,329,313,1324,1.0,0.763595166163142,0.236404833836858,797,0.14954682779456194,0.24848942598187312,0.601963746223565
339,Cecil,3990,Cecil Precinct 01-001,3666,509,946,324,3990,1.0,0.9187969924812031,0.081203007518797,2535,0.12756892230576442,0.23709273182957394,0.6353383458646616
340,Anne Arundel,3247,Anne Arundel Precinct 07-009,2512,325,399,735,3247,1.0,0.7736372035725285,0.2263627964274715,2523,0.10009239297813366,0.12288266091777025,0.7770249461040961
341,Calvert,2692,Calvert Precinct 02-003,2313,355,735,379,2692,1.0,0.8592124814264487,0.14078751857355126,1602,0.13187221396731055,0.2730312035661218,0.5950965824665676
342,Calvert,2653,Calvert Precinct 02-006,2176,404,627,477,2653,1.0,0.8202035431586883,0.17979645684131174,1622,0.1522804372408594,0.236336223143611,0.6113833396155296
343,Calvert,3474,Calvert Precinct 02-008,2865,463,755,609,3474,1.0,0.8246977547495682,0.17530224525043178,2256,0.13327576280944156,0.217328727691422,0.6493955094991365
344,Calvert,3228,Calvert Precinct 03-003,2225,513,703,1003,3228,1.0,0.6892812887236679,0.3107187112763321,2012,0.15892193308550187,0.2177819083023544,0.6232961586121437
345,Calvert,1651,Calvert Precinct 02-007,1552,361,752,99,1651,1.0,0.9400363416111448,0.05996365838885524,538,0.21865536038764385,0.4554815263476681,0.3258631132646881
346,Calvert,2880,Calvert Precinct 03-005,2457,557,704,423,2880,1.0,0.853125,0.146875,1619,0.19340277777777778,0.24444444444444444,0.5621527777777777
347,Calvert,2230,Calvert Precinct 03-007,1946,480,866,284,2230,1.0,0.8726457399103139,0.1273542600896861,884,0.21524663677130046,0.3883408071748879,0.39641255605381165
348,Calvert,3074,Calvert Precinct 03-004,2642,457,746,432,3074,1.0,0.8594664931685101,0.1405335068314899,1871,0.1486662329212752,0.24268054651919324,0.6086532205595315
349,Calvert,2683,Calvert Precinct 03-008,2217,737,807,466,2683,1.0,0.8263138278046962,0.17368617219530377,1139,0.2746925083861349,0.300782705926202,0.42452478568766305
350,Anne Arundel,2407,Anne Arundel Precinct 07-021,2072,349,616,335,2407,1.0,0.8608226007478189,0.13917739925218114,1442,0.1449937681761529,0.25592023265475694,0.5990859991690901
351,Anne Arundel,2960,Anne Arundel Precinct 07-001,2718,464,763,242,2960,1.0,0.9182432432432432,0.08175675675675675,1733,0.15675675675675677,0.2577702702702703,0.585472972972973
352,Frederick,4356,Frederick Precinct 01-001,3809,1046,1318,547,4356,1.0,0.8744260789715336,0.12557392102846648,1992,0.2401285583103765,0.30257116620752983,0.4573002754820937
353,Montgomery,2107,Montgomery Precinct 03-002,1792,638,626,315,2107,1.0,0.8504983388704319,0.14950166112956811,843,0.3028001898433792,0.2971048884670147,0.4000949216896061
354,Montgomery,2553,Montgomery Precinct 03-001,2159,820,652,394,2553,1.0,0.8456717587152369,0.15432824128476302,1081,0.32119075597336466,0.2553858206032119,0.42342342342342343
355,Montgomery,1784,Montgomery Precinct 11-000,1537,460,403,247,1784,1.0,0.8615470852017937,0.1384529147982063,921,0.257847533632287,0.2258968609865471,0.5162556053811659
356,Frederick,2131,Frederick Precinct 07-001,1866,487,519,265,2131,1.0,0.8756452369779446,0.12435476302205538,1125,0.22853120600656968,0.24354763022055373,0.5279211637728766
357,Montgomery,2683,Montgomery Precinct 10-010,2126,769,405,557,2683,1.0,0.7923965710026091,0.20760342899739098,1509,0.28661945583302273,0.15095042862467387,0.5624301155423034
358,Montgomery,2533,Montgomery Precinct 10-002,1848,455,432,685,2533,1.0,0.7295696802210817,0.2704303197789183,1646,0.1796288985392815,0.1705487564153178,0.6498223450454007
359,Montgomery,1582,Montgomery Precinct 10-001,1196,305,248,386,1582,1.0,0.7560050568900126,0.24399494310998734,1029,0.19279393173198484,0.15676359039190899,0.6504424778761062
360,Montgomery,1642,Montgomery Precinct 10-013,1102,332,157,540,1642,1.0,0.6711327649208283,0.32886723507917176,1153,0.20219244823386115,0.09561510353227771,0.7021924482338612
361,Montgomery,2293,Montgomery Precinct 10-006,1631,509,225,662,2293,1.0,0.7112952464020933,0.28870475359790665,1559,0.22197993894461404,0.09812472743131269,0.6798953336240733
362,Montgomery,2754,Montgomery Precinct 10-007,2119,750,352,635,2754,1.0,0.7694262890341321,0.23057371096586782,1652,0.27233115468409586,0.12781408859840232,0.5998547567175018
363,Montgomery,2878,Montgomery Precinct 07-003,2258,1114,248,620,2878,1.0,0.7845726198749131,0.21542738012508686,1516,0.3870743571924948,0.08617095205003475,0.5267546907574705
364,Montgomery,2119,Montgomery Precinct 07-022,1760,852,177,359,2119,1.0,0.830580462482303,0.16941953751769703,1090,0.40207645115620577,0.08352996696554979,0.5143935818782445
365,Montgomery,2648,Montgomery Precinct 10-009,1916,530,439,732,2648,1.0,0.7235649546827795,0.2764350453172205,1679,0.2001510574018127,0.16578549848942598,0.6340634441087614
366,Montgomery,1510,Montgomery Precinct 10-004,1093,427,162,417,1510,1.0,0.723841059602649,0.276158940397351,921,0.2827814569536424,0.10728476821192053,0.6099337748344371
367,Montgomery,2274,Montgomery Precinct 10-005,1625,507,224,649,2274,1.0,0.7145998240985049,0.2854001759014952,1543,0.22295514511873352,0.09850483729111698,0.6785400175901495
368,Montgomery,3358,Montgomery Precinct 04-012,2173,862,363,1185,3358,1.0,0.6471113758189398,0.35288862418106015,2133,0.25670041691483025,0.10810005955926147,0.6351995235259082
369,Montgomery,2320,Montgomery Precinct 10-003,1721,650,319,599,2320,1.0,0.7418103448275862,0.25818965517241377,1351,0.2801724137931034,0.1375,0.5823275862068965
370,Montgomery,3272,Montgomery Precinct 07-015,2621,1095,346,651,3272,1.0,0.801039119804401,0.19896088019559902,1831,0.33465770171149145,0.10574572127139364,0.559596577017115
371,St. Mary's,2659,St. Mary's Precinct 07-001,2221,388,641,438,2659,1.0,0.8352764197066567,0.16472358029334336,1630,0.14591951861602107,0.2410680707032719,0.613012410680707
372,St. Mary's,2636,St. Mary's Precinct 04-003,2211,335,669,425,2636,1.0,0.8387708649468892,0.16122913505311076,1632,0.1270864946889226,0.253793626707132,0.6191198786039454
373,St. Mary's,2127,St. Mary's Precinct 04-002,1873,202,511,254,2127,1.0,0.8805829807240244,0.11941701927597555,1414,0.09496944052656324,0.2402444757874941,0.6647860836859426
374,St. Mary's,2525,St. Mary's Precinct 03-002,1979,403,506,546,2525,1.0,0.7837623762376238,0.21623762376237624,1616,0.1596039603960396,0.2003960396039604,0.64
375,St. Mary's,2671,St. Mary's Precinct 04-001,2400,316,778,271,2671,1.0,0.8985398727068513,0.10146012729314863,1577,0.1183077499064021,0.291276675402471,0.5904155746911269
376,St. Mary's,3052,St. Mary's Precinct 05-001,2652,408,880,400,3052,1.0,0.8689384010484927,0.1310615989515072,1764,0.13368283093053734,0.28833551769331583,0.5779816513761468
377,St. Mary's,3010,St. Mary's Precinct 05-002,2584,349,730,426,3010,1.0,0.8584717607973422,0.1415282392026578,1931,0.11594684385382059,0.2425249169435216,0.6415282392026578
378,Charles,2571,Charles Precinct 09-002,1957,445,640,614,2571,1.0,0.7611824192921043,0.23881758070789577,1486,0.17308440295604824,0.24893037728510306,0.5779852197588486
379,St. Mary's,2846,St. Mary's Precinct 05-003,2609,230,766,237,2846,1.0,0.9167252283907238,0.08327477160927618,1850,0.08081517919887561,0.2691496837666901,0.6500351370344343
380,St. Mary's,2045,St. Mary's Precinct 03-001,1545,352,500,500,2045,1.0,0.7555012224938875,0.24449877750611246,1193,0.17212713936430318,0.24449877750611246,0.5833740831295844
381,St. Mary's,2258,St. Mary's Precinct 06-004,1826,164,424,432,2258,1.0,0.8086802480070859,0.1913197519929141,1670,0.07263064658990256,0.18777679362267494,0.7395925597874224
382,St. Mary's,2382,St. Mary's Precinct 06-002,2168,213,596,214,2382,1.0,0.910159529806885,0.08984047019311503,1573,0.08942065491183879,0.2502099076406381,0.6603694374475231
383,St. Mary's,2804,St. Mary's Precinct 03-005,2463,466,799,341,2804,1.0,0.8783880171184023,0.12161198288159772,1539,0.16619115549215407,0.28495007132667616,0.5488587731811697
384,St. Mary's,1613,St. Mary's Precinct 06-001,1464,156,346,149,1613,1.0,0.907625542467452,0.09237445753254804,1111,0.09671419714817112,0.21450712957222567,0.6887786732796032
385,Calvert,3560,Calvert Precinct 02-002,2532,458,691,1028,3560,1.0,0.7112359550561798,0.28876404494382024,2411,0.1286516853932584,0.19410112359550563,0.677247191011236
386,Calvert,3011,Calvert Precinct 02-001,2414,492,769,597,3011,1.0,0.8017270009963468,0.19827299900365328,1750,0.16340086350049818,0.2553968781135835,0.5812022583859183
387,Charles,2356,Charles Precinct 09-001,1447,577,466,909,2356,1.0,0.6141765704584041,0.38582342954159593,1313,0.24490662139219016,0.19779286926994907,0.5573005093378608
388,Prince George's,1692,Prince George's Precinct 08-001,980,247,172,712,1692,1.0,0.5791962174940898,0.42080378250591016,1273,0.14598108747044916,0.1016548463356974,0.7523640661938534
389,Prince George's,2531,Prince George's Precinct 11-002,511,928,113,2020,2531,1.0,0.20189648360331885,0.7981035163966812,1490,0.3666534966416436,0.04464638482813117,0.5887001185302252
390,Prince George's,3507,Prince George's Precinct 15-001,574,1314,123,2933,3507,1.0,0.16367265469061876,0.8363273453093812,2070,0.3746792130025663,0.03507271171941831,0.5902480752780154
391,Prince George's,3267,Prince George's Precinct 15-004,469,1094,109,2798,3267,1.0,0.1435567799204163,0.8564432200795837,2064,0.33486378940924394,0.033363942454851546,0.6317722681359045
392,Prince George's,2065,Prince George's Precinct 04-001,1341,388,297,724,2065,1.0,0.6493946731234866,0.3506053268765133,1380,0.18789346246973365,0.14382566585956416,0.6682808716707022
393,Calvert,2367,Calvert Precinct 03-006,2018,437,834,349,2367,1.0,0.8525559780312632,0.1474440219687368,1096,0.1846218842416561,0.3523447401774398,0.46303337558090407
394,Prince George's,1133,Prince George's Precinct 03-001,419,323,90,714,1133,1.0,0.3698146513680494,0.6301853486319505,720,0.2850838481906443,0.0794351279788173,0.6354810238305384
395,Frederick,5452,Frederick Precinct 05-001,4981,458,1038,471,5452,1.0,0.9136096845194424,0.08639031548055759,3956,0.08400586940572267,0.19038884812912693,0.7256052824651504
396,Carroll,1084,Carroll Precinct 10-001,1040,98,369,44,1084,1.0,0.959409594095941,0.04059040590405904,617,0.09040590405904059,0.3404059040590406,0.5691881918819188
397,Carroll,7012,Carroll Precinct 01-001,6558,815,1938,454,7012,1.0,0.9352538505419281,0.06474614945807187,4259,0.11622932116371934,0.27638334284084426,0.6073873359954364
398,Carroll,1424,Carroll Precinct 02-001,1389,200,511,35,1424,1.0,0.9754213483146067,0.02457865168539326,713,0.1404494382022472,0.35884831460674155,0.5007022471910112
399,Carroll,1786,Carroll Precinct 02-002,1731,223,635,55,1786,1.0,0.9692049272116461,0.030795072788353865,928,0.12486002239641657,0.3555431131019037,0.5195968645016797
400,Prince George's,1983,Prince George's Precinct 12-002,167,527,39,1816,1983,1.0,0.08421583459404942,0.9157841654059505,1417,0.2657589510842158,0.019667170953101363,0.7145738779626828
401,Prince George's,4528,Prince George's Precinct 12-009,53,753,18,4475,4528,1.0,0.011704946996466431,0.9882950530035336,3757,0.16629858657243815,0.003975265017667844,0.829726148409894
402,Prince George's,4488,Prince George's Precinct 12-004,126,972,27,4362,4488,1.0,0.02807486631016043,0.9719251336898396,3489,0.21657754010695188,0.006016042780748663,0.7774064171122995
403,Prince George's,4072,Prince George's Precinct 12-006,80,903,33,3992,4072,1.0,0.019646365422396856,0.9803536345776032,3136,0.22175834970530453,0.008104125736738703,0.7701375245579568
404,Prince George's,3288,Prince George's Precinct 12-012,212,755,34,3076,3288,1.0,0.06447688564476886,0.9355231143552312,2499,0.22962287104622872,0.010340632603406326,0.760036496350365
405,Prince George's,2724,Prince George's Precinct 12-016,113,598,27,2611,2724,1.0,0.041483113069016156,0.9585168869309838,2099,0.2195301027900147,0.009911894273127754,0.7705580029368576
406,Prince George's,3144,Prince George's Precinct 12-003,178,809,28,2966,3144,1.0,0.056615776081424936,0.943384223918575,2307,0.25731552162849874,0.008905852417302799,0.7337786259541985
407,Prince George's,1980,Prince George's Precinct 12-007,69,708,44,1911,1980,1.0,0.03484848484848485,0.9651515151515152,1228,0.3575757575757576,0.022222222222222223,0.6202020202020202
408,Prince George's,1110,Prince George's Precinct 12-017,127,177,4,983,1110,1.0,0.11441441441441441,0.8855855855855855,929,0.15945945945945947,0.0036036036036036037,0.8369369369369369
409,Prince George's,3753,Prince George's Precinct 12-013,94,980,31,3659,3753,1.0,0.025046629363176125,0.9749533706368239,2742,0.2611244337863043,0.00826005861977085,0.7306155075939249
410,Prince George's,2131,Prince George's Precinct 06-008,57,629,25,2074,2131,1.0,0.02674800563115908,0.9732519943688409,1477,0.29516658845612387,0.011731581417175035,0.6931018301267011
411,Prince George's,4750,Prince George's Precinct 06-017,139,1032,34,4611,4750,1.0,0.02926315789473684,0.9707368421052631,3684,0.21726315789473685,0.007157894736842105,0.775578947368421
412,Prince George's,2691,Prince George's Precinct 06-009,88,687,28,2603,2691,1.0,0.032701597918989224,0.9672984020810108,1976,0.2552954292084727,0.010405053883314752,0.7342995169082126
413,Prince George's,2205,Prince George's Precinct 06-012,55,660,18,2150,2205,1.0,0.024943310657596373,0.9750566893424036,1527,0.29931972789115646,0.00816326530612245,0.6925170068027211
414,Montgomery,1927,Montgomery Precinct 07-005,1663,676,208,264,1927,1.0,0.8629994810586403,0.13700051894135962,1043,0.35080435910742086,0.10793980280228334,0.5412558380902958
415,Montgomery,2403,Montgomery Precinct 13-039,1605,833,134,798,2403,1.0,0.6679151061173533,0.33208489388264667,1436,0.34665002080732416,0.055763628797336665,0.5975863503953391
416,Montgomery,4752,Montgomery Precinct 13-047,2084,1235,86,2668,4752,1.0,0.4385521885521885,0.5614478114478114,3431,0.2598905723905724,0.0180976430976431,0.7220117845117845
417,Montgomery,2398,Montgomery Precinct 13-004,1617,1018,65,781,2398,1.0,0.6743119266055045,0.3256880733944954,1315,0.4245204336947456,0.027105921601334446,0.5483736447039199
418,Montgomery,3101,Montgomery Precinct 13-008,1299,736,69,1802,3101,1.0,0.41889712995807804,0.581102870041922,2296,0.23734279264753305,0.022250886810706225,0.7404063205417607
419,Montgomery,2029,Montgomery Precinct 13-003,1652,745,218,377,2029,1.0,0.8141941843272548,0.1858058156727452,1066,0.36717594874322323,0.1074420896993593,0.5253819615574175
420,Montgomery,3334,Montgomery Precinct 13-016,768,831,80,2566,3334,1.0,0.23035392921415718,0.7696460707858428,2423,0.249250149970006,0.02399520095980804,0.7267546490701859
421,Montgomery,2788,Montgomery Precinct 13-065,1261,523,34,1527,2788,1.0,0.45229555236728836,0.5477044476327116,2231,0.1875896700143472,0.012195121951219513,0.8002152080344332
422,Montgomery,2551,Montgomery Precinct 13-007,1648,953,119,903,2551,1.0,0.6460211681693454,0.35397883183065465,1479,0.3735789886319091,0.046648373186985496,0.5797726381811055
423,Montgomery,2274,Montgomery Precinct 13-024,1361,850,167,913,2274,1.0,0.5985048372911169,0.401495162708883,1257,0.3737906772207564,0.07343887423043095,0.5527704485488126
424,Baltimore County,2889,Baltimore County Precinct 11-019,2270,417,428,619,2889,1.0,0.7857390100380754,0.21426098996192455,2044,0.14434060228452752,0.14814814814814814,0.7075112495673244
425,Baltimore County,4130,Baltimore County Precinct 14-003,2875,683,450,1255,4130,1.0,0.6961259079903148,0.30387409200968524,2997,0.16537530266343825,0.1089588377723971,0.7256658595641646
426,Baltimore County,1265,Baltimore County Precinct 11-013,891,170,152,374,1265,1.0,0.7043478260869566,0.2956521739130435,943,0.13438735177865613,0.12015810276679842,0.7454545454545455
427,Baltimore County,3157,Baltimore County Precinct 15-010,2444,449,429,713,3157,1.0,0.774152676591701,0.22584732340829902,2279,0.14222363002850807,0.13588850174216027,0.7218878682293316
428,Baltimore County,5523,Baltimore County Precinct 15-005,2822,1032,736,2701,5523,1.0,0.5109541915625566,0.48904580843744344,3755,0.1868549701249321,0.13326090892630815,0.6798841209487597
429,Baltimore County,1411,Baltimore County Precinct 15-009,1311,169,355,100,1411,1.0,0.9291282778171509,0.07087172218284904,887,0.11977321048901489,0.2515946137491141,0.628632175761871
430,Baltimore County,6204,Baltimore County Precinct 15-004,4276,591,295,1928,6204,1.0,0.6892327530625403,0.3107672469374597,5318,0.09526112185686654,0.04754996776273372,0.8571889103803998
431,Baltimore County,3736,Baltimore County Precinct 11-012,3099,511,658,637,3736,1.0,0.8294967880085653,0.1705032119914347,2567,0.13677730192719487,0.17612419700214133,0.6870985010706638
432,Baltimore County,2316,Baltimore County Precinct 11-007,1947,621,872,369,2316,1.0,0.8406735751295337,0.15932642487046633,823,0.26813471502590674,0.3765112262521589,0.3553540587219344
433,Baltimore County,2818,Baltimore County Precinct 11-014,2465,353,531,353,2818,1.0,0.8747338537970192,0.12526614620298085,1934,0.12526614620298085,0.18843151171043293,0.6863023420865862
434,Baltimore County,2037,Baltimore County Precinct 11-006,1892,251,521,145,2037,1.0,0.9288168875797742,0.07118311242022582,1265,0.12322042218949436,0.2557682866961217,0.6210112911143839
435,Baltimore County,3470,Baltimore County Precinct 11-022,2749,535,707,721,3470,1.0,0.7922190201729107,0.20778097982708935,2228,0.15417867435158503,0.2037463976945245,0.6420749279538905
436,Baltimore County,2386,Baltimore County Precinct 11-005,1880,353,546,506,2386,1.0,0.787929589270746,0.21207041072925398,1487,0.1479463537300922,0.22883487007544007,0.6232187761944677
437,Baltimore County,4029,Baltimore County Precinct 11-003,3873,417,1351,156,4029,1.0,0.9612807148175726,0.0387192851824274,2261,0.10349962769918093,0.33531893770166293,0.5611814345991561
438,Baltimore County,2502,Baltimore County Precinct 11-001,2338,448,742,164,2502,1.0,0.9344524380495604,0.06554756195043965,1312,0.17905675459632295,0.2965627498001599,0.5243804956035172
439,Baltimore County,300,Baltimore County Precinct 10-005,276,63,113,24,300,1.0,0.92,0.08,124,0.21,0.37666666666666665,0.41333333333333333
440,Baltimore County,1364,Baltimore County Precinct 10-003,1284,177,361,80,1364,1.0,0.9413489736070382,0.05865102639296188,826,0.12976539589442815,0.26466275659824046,0.6055718475073314
441,Harford,2560,Harford Precinct 04-002,2438,277,850,122,2560,1.0,0.95234375,0.04765625,1433,0.108203125,0.33203125,0.559765625
442,Baltimore County,3090,Baltimore County Precinct 11-002,2978,319,814,112,3090,1.0,0.9637540453074434,0.036245954692556634,1957,0.10323624595469255,0.2634304207119741,0.6333333333333333
443,Harford,2984,Harford Precinct 03-006,2861,390,994,123,2984,1.0,0.9587801608579088,0.04121983914209115,1600,0.1306970509383378,0.3331099195710456,0.5361930294906166
444,Harford,3240,Harford Precinct 04-005,3026,330,888,214,3240,1.0,0.9339506172839506,0.06604938271604938,2022,0.10185185185185185,0.2740740740740741,0.6240740740740741
445,Baltimore County,3678,Baltimore County Precinct 15-007,2778,459,484,900,3678,1.0,0.7553017944535073,0.24469820554649266,2735,0.12479608482871125,0.13159325720500273,0.743610657966286
446,Baltimore County,2060,Baltimore County Precinct 15-025,1956,422,746,104,2060,1.0,0.9495145631067962,0.05048543689320388,892,0.20485436893203884,0.36213592233009706,0.4330097087378641
447,Baltimore County,3091,Baltimore County Precinct 15-008,2496,422,569,595,3091,1.0,0.8075056615981883,0.1924943384018117,2100,0.1365253963118732,0.18408282109349725,0.6793917825946296
448,Baltimore County,2662,Baltimore County Precinct 15-006,2499,279,871,163,2662,1.0,0.9387678437265214,0.06123215627347859,1512,0.1048084147257701,0.32719759579263713,0.5679939894815927
449,Baltimore County,2544,Baltimore County Precinct 11-004,1999,426,597,545,2544,1.0,0.7857704402515723,0.21422955974842767,1521,0.16745283018867924,0.2346698113207547,0.597877358490566
450,Baltimore County,86,Baltimore County Precinct 11-020,73,2,15,13,86,1.0,0.8488372093023255,0.1511627906976744,69,0.023255813953488372,0.1744186046511628,0.8023255813953488
451,Harford,2747,Harford Precinct 01-045,2393,392,669,354,2747,1.0,0.8711321441572625,0.12886785584273752,1686,0.14270112850382236,0.24353840553330908,0.6137604659628686
452,Prince George's,2194,Prince George's Precinct 12-008,175,567,17,2019,2194,1.0,0.07976298997265269,0.9202370100273473,1610,0.25843208751139474,0.007748404740200547,0.7338195077484048
453,Prince George's,2657,Prince George's Precinct 12-015,108,785,38,2549,2657,1.0,0.04064734663153933,0.9593526533684607,1834,0.2954459917199849,0.014301844185171246,0.6902521640948438
454,Charles,3603,Charles Precinct 06-006,1784,891,375,1819,3603,1.0,0.49514293644185403,0.504857063558146,2337,0.2472939217318901,0.10407993338884262,0.6486261448792673
455,Charles,2547,Charles Precinct 06-018,447,1298,112,2100,2547,1.0,0.17550058892815076,0.8244994110718492,1137,0.5096191597958383,0.04397330192383196,0.4464075382803298
456,Charles,2806,Charles Precinct 06-009,1003,806,126,1803,2806,1.0,0.357448325017819,0.642551674982181,1874,0.2872416250890948,0.04490377761938703,0.6678545972915182
457,Charles,2084,Charles Precinct 06-008,812,625,138,1272,2084,1.0,0.3896353166986564,0.6103646833013435,1321,0.29990403071017274,0.06621880998080615,0.6338771593090211
458,Charles,2626,Charles Precinct 06-016,1097,562,170,1529,2626,1.0,0.41774562071591775,0.5822543792840823,1894,0.214013709063214,0.06473724295506474,0.7212490479817213
459,Charles,3458,Charles Precinct 06-015,1025,820,114,2433,3458,1.0,0.2964141122035859,0.7035858877964141,2524,0.2371312897628687,0.03296703296703297,0.7299016772700984
460,Charles,1862,Charles Precinct 06-011,599,755,163,1263,1862,1.0,0.3216970998925886,0.6783029001074113,944,0.4054779806659506,0.08754027926960257,0.5069817400644469
461,Charles,3992,Charles Precinct 06-007,1423,891,179,2569,3992,1.0,0.3564629258517034,0.6435370741482966,2922,0.22319639278557113,0.04483967935871744,0.7319639278557114
462,Charles,2617,Charles Precinct 06-005,575,1328,129,2042,2617,1.0,0.21971723347344288,0.7802827665265571,1160,0.507451280091708,0.049293083683607186,0.4432556362246848
463,Charles,1743,Charles Precinct 06-017,855,509,157,888,1743,1.0,0.4905335628227194,0.5094664371772806,1077,0.29202524383247275,0.09007458405048767,0.6179001721170396
464,Charles,2599,Charles Precinct 06-022,659,788,102,1940,2599,1.0,0.2535590611773759,0.7464409388226241,1709,0.30319353597537513,0.039245863793766836,0.657560600230858
465,Charles,1568,Charles Precinct 06-012,649,496,108,919,1568,1.0,0.4139030612244898,0.5860969387755102,964,0.3163265306122449,0.06887755102040816,0.6147959183673469
466,Charles,2347,Charles Precinct 08-004,1718,1003,459,629,2347,1.0,0.731998295696634,0.268001704303366,885,0.4273540690242863,0.19556881124840222,0.37707711972731145
467,Charles,1345,Charles Precinct 08-005,1032,80,110,313,1345,1.0,0.7672862453531598,0.23271375464684016,1155,0.05947955390334572,0.08178438661710037,0.8587360594795539
468,Charles,2167,Charles Precinct 08-003,1317,536,248,850,2167,1.0,0.6077526534379326,0.3922473465620674,1383,0.24734656206737424,0.11444393170281496,0.6382095062298108
469,Charles,2164,Charles Precinct 08-002,1349,573,378,815,2164,1.0,0.6233826247689463,0.3766173752310536,1213,0.2647874306839187,0.17467652495378927,0.5605360443622921
470,Prince George's,3323,Prince George's Precinct 09-007,221,1252,65,3102,3323,1.0,0.06650616912428528,0.9334938308757147,2006,0.37676798074029494,0.019560637977730964,0.6036713812819742
471,Prince George's,2034,Prince George's Precinct 09-004,273,745,46,1761,2034,1.0,0.13421828908554573,0.8657817109144543,1243,0.3662733529990167,0.02261553588987217,0.6111111111111112
472,Prince George's,3032,Prince George's Precinct 09-005,266,913,48,2766,3032,1.0,0.08773087071240106,0.912269129287599,2071,0.3011213720316623,0.0158311345646438,0.683047493403694
473,Prince George's,3691,Prince George's Precinct 09-001,425,1230,79,3266,3691,1.0,0.11514494716878895,0.884855052831211,2382,0.333243023570848,0.021403413709021945,0.64535356272013
474,Prince George's,2377,Prince George's Precinct 09-010,356,770,61,2021,2377,1.0,0.14976861590239798,0.850231384097602,1546,0.3239377366428271,0.02566259991586033,0.6503996634413126
475,Prince George's,3501,Prince George's Precinct 09-002,398,1207,81,3103,3501,1.0,0.11368180519851472,0.8863181948014853,2213,0.34475864038846044,0.02313624678663239,0.6321051128249072
476,Prince George's,4703,Prince George's Precinct 09-008,452,1598,87,4251,4703,1.0,0.09610886668084201,0.9038911333191579,3018,0.3397831171592601,0.018498830533701893,0.641718052307038
477,Prince George's,2747,Prince George's Precinct 09-006,357,1226,57,2390,2747,1.0,0.12995995631598106,0.8700400436840189,1464,0.446305060065526,0.02074990899162723,0.5329450309428467
478,Prince George's,2862,Prince George's Precinct 11-004,854,1441,167,2008,2862,1.0,0.2983927323549965,0.7016072676450035,1254,0.5034940600978337,0.0583508036338225,0.4381551362683438
479,Prince George's,2840,Prince George's Precinct 11-001,589,913,111,2251,2840,1.0,0.2073943661971831,0.7926056338028169,1816,0.32147887323943664,0.039084507042253525,0.6394366197183099
480,Prince George's,4018,Prince George's Precinct 09-011,519,1059,109,3499,4018,1.0,0.12916874066699852,0.8708312593330015,2850,0.2635639621702339,0.027127924340467895,0.7093081134892981
481,Prince George's,1565,Prince George's Precinct 09-009,577,449,71,988,1565,1.0,0.36869009584664536,0.6313099041533546,1045,0.2869009584664537,0.04536741214057508,0.6677316293929713
482,Prince George's,3439,Prince George's Precinct 11-003,484,1353,108,2955,3439,1.0,0.14073858679848794,0.8592614132015121,1978,0.39342832218668217,0.03140447804594359,0.5751671997673742
483,Prince George's,2108,Prince George's Precinct 15-003,209,748,49,1899,2108,1.0,0.099146110056926,0.900853889943074,1311,0.3548387096774194,0.023244781783681213,0.6219165085388995
484,Prince George's,662,Prince George's Precinct 01-007,394,503,137,268,662,1.0,0.595166163141994,0.40483383685800606,22,0.7598187311178247,0.20694864048338368,0.03323262839879154
485,Prince George's,2108,Prince George's Precinct 06-014,231,611,33,1877,2108,1.0,0.10958254269449716,0.8904174573055028,1464,0.2898481973434535,0.015654648956356737,0.6944971537001897
486,Prince George's,1176,Prince George's Precinct 06-002,134,444,26,1042,1176,1.0,0.11394557823129252,0.8860544217687075,706,0.37755102040816324,0.022108843537414966,0.6003401360544217
487,Prince George's,2560,Prince George's Precinct 06-013,365,822,59,2195,2560,1.0,0.142578125,0.857421875,1679,0.32109375,0.023046875,0.655859375
488,Prince George's,3164,Prince George's Precinct 06-024,123,738,28,3041,3164,1.0,0.0388748419721871,0.9611251580278128,2398,0.23324905183312264,0.008849557522123894,0.7579013906447535
489,Prince George's,3700,Prince George's Precinct 06-015,61,930,20,3639,3700,1.0,0.016486486486486488,0.9835135135135135,2750,0.25135135135135134,0.005405405405405406,0.7432432432432432
490,Prince George's,576,Prince George's Precinct 06-021,41,173,6,535,576,1.0,0.07118055555555555,0.9288194444444444,397,0.3003472222222222,0.010416666666666666,0.6892361111111112
491,Prince George's,4119,Prince George's Precinct 06-004,104,822,27,4015,4119,1.0,0.02524884680747754,0.9747511531925225,3270,0.1995630007283321,0.0065549890750182084,0.7938820101966497
492,Prince George's,4084,Prince George's Precinct 06-022,93,1012,35,3991,4084,1.0,0.02277179236043095,0.9772282076395691,3037,0.24779627815866798,0.008570029382957884,0.7436336924583742
493,Prince George's,3744,Prince George's Precinct 06-006,97,787,29,3647,3744,1.0,0.02590811965811966,0.9740918803418803,2928,0.21020299145299146,0.007745726495726496,0.782051282051282
494,Prince George's,2295,Prince George's Precinct 06-018,268,674,47,2027,2295,1.0,0.11677559912854031,0.8832244008714597,1574,0.29368191721132897,0.020479302832244008,0.6858387799564271
495,Prince George's,4108,Prince George's Precinct 06-007,492,1359,93,3616,4108,1.0,0.11976630963972736,0.8802336903602727,2656,0.33081791626095425,0.02263875365141188,0.6465433300876339
496,Prince George's,1925,Prince George's Precinct 09-003,1159,93,36,766,1925,1.0,0.6020779220779221,0.3979220779220779,1796,0.04831168831168831,0.0187012987012987,0.932987012987013
497,Prince George's,3624,Prince George's Precinct 06-016,134,808,20,3490,3624,1.0,0.0369757174392936,0.9630242825607064,2796,0.2229580573951435,0.005518763796909493,0.7715231788079471
498,Prince George's,1985,Prince George's Precinct 06-005,102,622,20,1883,1985,1.0,0.05138539042821159,0.9486146095717884,1343,0.3133501259445844,0.010075566750629723,0.6765743073047858
499,Prince George's,3207,Prince George's Precinct 06-010,129,759,33,3078,3207,1.0,0.040224508886810104,0.9597754911131899,2415,0.23666978484565013,0.01028999064546305,0.7530402245088869
500,Prince George's,2204,Prince George's Precinct 06-011,132,879,29,2072,2204,1.0,0.05989110707803993,0.9401088929219601,1296,0.3988203266787659,0.013157894736842105,0.588021778584392
501,Prince George's,3824,Prince George's Precinct 06-001,272,1086,35,3552,3824,1.0,0.07112970711297072,0.9288702928870293,2703,0.2839958158995816,0.009152719665271966,0.7068514644351465
502,Prince George's,4367,Prince George's Precinct 06-003,124,1150,35,4243,4367,1.0,0.028394779024501948,0.9716052209754981,3182,0.2633386764369132,0.008014655369819098,0.7286466681932677
503,Prince George's,2231,Prince George's Precinct 18-011,68,571,20,2163,2231,1.0,0.03047960555804572,0.9695203944419543,1640,0.2559390407888839,0.008964589870013447,0.7350963693411027
504,Prince George's,2252,Prince George's Precinct 18-004,81,516,18,2171,2252,1.0,0.03596802841918295,0.9640319715808171,1718,0.2291296625222025,0.007992895204262877,0.7628774422735346
505,Prince George's,3235,Prince George's Precinct 18-001,86,1019,19,3149,3235,1.0,0.026584234930448224,0.9734157650695517,2197,0.3149922720247295,0.005873261205564142,0.6791344667697063
506,Prince George's,1927,Prince George's Precinct 02-007,906,700,170,1021,1927,1.0,0.4701608718214842,0.5298391281785159,1057,0.3632589517384536,0.08822003113648158,0.5485210171250648
507,Prince George's,1859,Prince George's Precinct 18-005,22,496,11,1837,1859,1.0,0.011834319526627219,0.9881656804733728,1352,0.2668101129639591,0.005917159763313609,0.7272727272727273
508,Prince George's,2460,Prince George's Precinct 18-003,23,706,10,2437,2460,1.0,0.00934959349593496,0.990650406504065,1744,0.2869918699186992,0.0040650406504065045,0.7089430894308943
509,Prince George's,158,Prince George's Precinct 18-012,5,24,3,153,158,1.0,0.03164556962025317,0.9683544303797469,131,0.1518987341772152,0.0189873417721519,0.8291139240506329
510,Prince George's,3010,Prince George's Precinct 02-003,624,842,130,2386,3010,1.0,0.20730897009966778,0.7926910299003322,2038,0.27973421926910297,0.04318936877076412,0.6770764119601329
511,Prince George's,1792,Prince George's Precinct 18-009,52,733,25,1740,1792,1.0,0.029017857142857144,0.9709821428571429,1034,0.40904017857142855,0.013950892857142858,0.5770089285714286
512,Prince George's,2682,Prince George's Precinct 06-019,56,705,23,2626,2682,1.0,0.020879940343027592,0.9791200596569725,1954,0.26286353467561524,0.008575689783743476,0.7285607755406414
513,Prince George's,2589,Prince George's Precinct 18-007,40,857,31,2549,2589,1.0,0.01544998068752414,0.9845500193124759,1701,0.3310158362302047,0.01197373503283121,0.657010428736964
514,Prince George's,1021,Prince George's Precinct 18-010,7,280,8,1014,1021,1.0,0.0068560235063663075,0.9931439764936337,733,0.2742409402546523,0.007835455435847209,0.7179236043095005
515,Prince George's,3626,Prince George's Precinct 18-006,28,1024,25,3598,3626,1.0,0.007722007722007722,0.9922779922779923,2577,0.2824048538334253,0.006894649751792609,0.7107004964147822
516,Prince George's,2067,Prince George's Precinct 18-002,31,528,16,2036,2067,1.0,0.014997581035316884,0.9850024189646831,1523,0.25544267053701014,0.0077406869859700045,0.7368166424770198
517,Prince George's,1716,Prince George's Precinct 18-008,12,512,14,1704,1716,1.0,0.006993006993006993,0.993006993006993,1190,0.29836829836829837,0.008158508158508158,0.6934731934731935
518,Prince George's,2019,Prince George's Precinct 13-017,34,600,22,1985,2019,1.0,0.016840019811788013,0.9831599801882119,1397,0.2971768202080238,0.010896483407627538,0.6919266963843487
519,Prince George's,3377,Prince George's Precinct 13-002,56,660,19,3321,3377,1.0,0.01658276576843352,0.9834172342315665,2698,0.19543973941368079,0.005626295528575659,0.7989339650577436
520,Prince George's,3376,Prince George's Precinct 13-016,73,1044,15,3303,3376,1.0,0.021623222748815167,0.9783767772511849,2317,0.30924170616113744,0.004443127962085308,0.6863151658767772
521,Prince George's,1837,Prince George's Precinct 06-023,120,547,27,1717,1837,1.0,0.065323897659227,0.934676102340773,1263,0.29776810016330973,0.014697876973326075,0.6875340228633642
522,Prince George's,2581,Prince George's Precinct 15-006,524,938,81,2057,2581,1.0,0.2030220844633863,0.7969779155366137,1562,0.36342502905850443,0.031383184812088336,0.6051917861294072
523,Prince George's,1908,Prince George's Precinct 15-002,268,959,55,1640,1908,1.0,0.14046121593291405,0.859538784067086,894,0.5026205450733753,0.028825995807127882,0.46855345911949686
524,Prince George's,3547,Prince George's Precinct 06-020,113,1133,43,3434,3547,1.0,0.0318579080913448,0.9681420919086552,2371,0.31942486608401466,0.012122920778122357,0.668452213137863
525,Prince George's,3847,Prince George's Precinct 13-009,155,958,30,3692,3847,1.0,0.04029113595009098,0.9597088640499091,2859,0.2490252144528204,0.007798284377436964,0.7431765011697427
526,Prince George's,3713,Prince George's Precinct 13-007,71,1490,40,3642,3713,1.0,0.019122003770535956,0.980877996229464,2183,0.4012927551844869,0.01077295987072448,0.5879342849447886
527,Prince George's,2328,Prince George's Precinct 13-001,22,551,16,2306,2328,1.0,0.009450171821305841,0.9905498281786942,1761,0.23668384879725085,0.006872852233676976,0.7564432989690721
528,Prince George's,3108,Prince George's Precinct 13-008,39,596,20,3069,3108,1.0,0.012548262548262547,0.9874517374517374,2492,0.19176319176319176,0.006435006435006435,0.8018018018018018
529,Prince George's,2837,Prince George's Precinct 13-014,46,1384,61,2791,2837,1.0,0.016214310891787098,0.9837856891082128,1392,0.4878392668311597,0.02150158618258724,0.49065914698625307
530,Prince George's,2601,Prince George's Precinct 13-006,72,943,36,2529,2601,1.0,0.02768166089965398,0.972318339100346,1622,0.36255286428296807,0.01384083044982699,0.623606305267205
531,Prince George's,2331,Prince George's Precinct 13-004,111,783,33,2220,2331,1.0,0.047619047619047616,0.9523809523809523,1515,0.3359073359073359,0.014157014157014158,0.6499356499356499
532,Prince George's,3707,Prince George's Precinct 13-010,139,1508,50,3568,3707,1.0,0.03749662800107904,0.962503371998921,2149,0.40679794982465606,0.013487995683841382,0.5797140544915026
533,Prince George's,2929,Prince George's Precinct 13-012,55,1126,35,2874,2929,1.0,0.018777739842949812,0.9812222601570502,1768,0.38443154660293616,0.011949470809149881,0.6036189825879139
534,Prince George's,3609,Prince George's Precinct 13-011,78,1360,50,3531,3609,1.0,0.021612635078969242,0.9783873649210307,2199,0.3768356885563868,0.013854253255749516,0.6093100581878637
535,Prince George's,2772,Prince George's Precinct 02-001,146,471,24,2626,2772,1.0,0.05266955266955267,0.9473304473304474,2277,0.1699134199134199,0.008658008658008658,0.8214285714285714
538,Prince George's,5983,Prince George's Precinct 02-008,376,1102,73,5607,5983,1.0,0.06284472672572289,0.9371552732742772,4808,0.18418853418017717,0.012201236837706835,0.803610228982116
539,Prince George's,1018,Prince George's Precinct 16-001,194,236,34,824,1018,1.0,0.1905697445972495,0.8094302554027505,748,0.2318271119842829,0.03339882121807466,0.7347740667976425
540,Prince George's,21,Prince George's Precinct 02-098,3,0,0,18,21,1.0,0.14285714285714285,0.8571428571428571,21,0.0,0.0,1.0
541,Prince George's,2869,Prince George's Precinct 02-005,244,415,50,2625,2869,1.0,0.08504705472289996,0.9149529452771,2404,0.1446497037295225,0.01742767514813524,0.8379226211223423
542,Prince George's,28,Prince George's Precinct 19-005,8,2,0,20,28,1.0,0.2857142857142857,0.7142857142857143,26,0.07142857142857142,0.0,0.9285714285714286
543,Prince George's,3247,Prince George's Precinct 19-004,243,431,38,3004,3247,1.0,0.0748383122882661,0.9251616877117339,2778,0.1327379119186942,0.011703110563597166,0.8555589775177087
544,Prince George's,4769,Prince George's Precinct 19-001,1023,826,149,3746,4769,1.0,0.21451037953449362,0.7854896204655064,3794,0.17320192912560284,0.031243447263577268,0.7955546236108199
545,Prince George's,5173,Prince George's Precinct 21-002,4074,434,115,1099,5173,1.0,0.7875507442489851,0.2124492557510149,4624,0.08389715832205684,0.02223081384109801,0.8938720278368452
546,Prince George's,3965,Prince George's Precinct 21-001,2283,608,171,1682,3965,1.0,0.5757881462799496,0.42421185372005044,3186,0.15334174022698613,0.04312736443883985,0.803530895334174
547,Prince George's,4029,Prince George's Precinct 19-002,566,603,87,3463,4029,1.0,0.14048150905931994,0.8595184909406801,3339,0.1496649292628444,0.021593447505584513,0.8287416232315711
548,Talbot,3288,Talbot Precinct 01-005,2835,286,500,453,3288,1.0,0.8622262773722628,0.13777372262773724,2502,0.08698296836982969,0.15206812652068127,0.7609489051094891
549,Queen Anne's,1965,Queen Anne's Precinct 05-001,1696,244,449,269,1965,1.0,0.8631043256997456,0.13689567430025446,1272,0.12417302798982188,0.22849872773536894,0.6473282442748092
550,Kent,2183,Kent Precinct 05-001,1951,329,475,232,2183,1.0,0.8937242327072835,0.10627576729271644,1379,0.15071003206596426,0.21759047182775995,0.6316994961062757
551,Kent,1510,Kent Precinct 06-001,1162,181,261,348,1510,1.0,0.7695364238410596,0.2304635761589404,1068,0.11986754966887417,0.1728476821192053,0.7072847682119205
552,Kent,1044,Kent Precinct 07-001,813,153,130,231,1044,1.0,0.7787356321839081,0.22126436781609196,761,0.14655172413793102,0.12452107279693486,0.7289272030651341
553,Kent,1669,Kent Precinct 04-002,1050,224,150,619,1669,1.0,0.6291192330736968,0.3708807669263032,1295,0.13421210305572198,0.08987417615338526,0.7759137207908927
554,Kent,1589,Kent Precinct 03-001,1256,272,341,333,1589,1.0,0.790434235368156,0.20956576463184393,976,0.17117684078036502,0.2146003775959723,0.6142227816236627
555,Kent,3343,Kent Precinct 04-001,2785,273,190,558,3343,1.0,0.833084056236913,0.16691594376308705,2880,0.08166317678731679,0.056835177983846845,0.8615016452288363
556,Baltimore City,1090,Baltimore City Precinct 26-028,142,230,13,948,1090,1.0,0.13027522935779817,0.8697247706422019,847,0.21100917431192662,0.011926605504587157,0.7770642201834862
557,Baltimore City,1429,Baltimore City Precinct 26-027,322,309,47,1107,1429,1.0,0.22533240027991602,0.7746675997200839,1073,0.21623512946116166,0.032890132960111965,0.7508747375787264
558,Baltimore City,1467,Baltimore City Precinct 27-007,472,305,32,995,1467,1.0,0.321745057941377,0.678254942058623,1130,0.20790729379686435,0.021813224267211998,0.7702794819359237
559,Baltimore City,985,Baltimore City Precinct 26-030,419,278,35,566,985,1.0,0.42538071065989846,0.5746192893401015,672,0.28223350253807106,0.03553299492385787,0.682233502538071
560,Baltimore County,3508,Baltimore County Precinct 15-022,3315,317,962,193,3508,1.0,0.9449828962371721,0.05501710376282782,2229,0.0903648802736602,0.274230330672748,0.6354047890535918
561,Baltimore County,4160,Baltimore County Precinct 15-021,3797,429,1041,363,4160,1.0,0.9127403846153846,0.08725961538461538,2690,0.103125,0.2502403846153846,0.6466346153846154
562,Baltimore County,4692,Baltimore County Precinct 15-020,4264,459,858,428,4692,1.0,0.9087809036658141,0.09121909633418585,3375,0.09782608695652174,0.18286445012787725,0.719309462915601
563,Baltimore County,2809,Baltimore County Precinct 15-015,2416,265,475,393,2809,1.0,0.8600925596297615,0.13990744037023853,2069,0.09433962264150944,0.16909932360270558,0.736561053755785
564,Baltimore County,1897,Baltimore County Precinct 15-013,1758,205,446,139,1897,1.0,0.926726410121244,0.07327358987875593,1246,0.10806536636794939,0.23510806536636794,0.6568265682656826
565,Baltimore County,2156,Baltimore County Precinct 15-012,1954,238,512,202,2156,1.0,0.9063079777365491,0.09369202226345083,1406,0.11038961038961038,0.23747680890538034,0.6521335807050093
566,Baltimore County,3144,Baltimore County Precinct 15-016,2489,319,432,655,3144,1.0,0.7916666666666666,0.20833333333333334,2393,0.10146310432569974,0.13740458015267176,0.7611323155216285
567,Baltimore County,3506,Baltimore County Precinct 15-017,1421,790,291,2085,3506,1.0,0.40530519110096974,0.5946948088990303,2425,0.2253280091272105,0.08300057045065602,0.6916714204221335
568,Baltimore County,5453,Baltimore County Precinct 15-023,1748,797,140,3705,5453,1.0,0.3205574912891986,0.6794425087108014,4516,0.1461580781221346,0.025673940949935817,0.8281679809279295
569,Baltimore County,975,Baltimore County Precinct 15-024,813,118,151,162,975,1.0,0.8338461538461538,0.16615384615384615,706,0.12102564102564102,0.15487179487179487,0.7241025641025641
570,Baltimore County,2919,Baltimore County Precinct 15-018,2086,365,566,833,2919,1.0,0.7146282973621103,0.2853717026378897,1988,0.12504282288454951,0.19390202124015074,0.6810551558752997
571,Baltimore County,3443,Baltimore County Precinct 15-019,3220,362,905,223,3443,1.0,0.9352309032820215,0.06476909671797851,2176,0.1051408655242521,0.26285216381063026,0.6320069706651177
572,Baltimore County,1739,Baltimore County Precinct 15-026,1696,215,654,43,1739,1.0,0.9752731454859115,0.024726854514088556,870,0.12363427257044278,0.3760782058654399,0.5002875215641173
573,Baltimore County,2441,Baltimore County Precinct 12-012,2188,272,480,253,2441,1.0,0.8963539532978287,0.10364604670217124,1689,0.11142974190905366,0.19664072101597707,0.6919295370749693
574,Baltimore City,502,Baltimore City Precinct 26-001,417,50,41,85,502,1.0,0.8306772908366534,0.1693227091633466,411,0.099601593625498,0.08167330677290836,0.8187250996015937
575,Baltimore City,2426,Baltimore City Precinct 26-002,1008,252,74,1418,2426,1.0,0.4154987633965375,0.5845012366034625,2100,0.10387469084913438,0.030502885408079144,0.8656224237427865
576,Baltimore City,2095,Baltimore City Precinct 26-003,1404,200,152,691,2095,1.0,0.6701670644391408,0.3298329355608592,1743,0.0954653937947494,0.07255369928400955,0.831980906921241
577,Baltimore County,2668,Baltimore County Precinct 12-010,2310,363,390,358,2668,1.0,0.8658170914542729,0.13418290854572715,1915,0.13605697151424287,0.14617691154422788,0.7177661169415293
578,Baltimore County,2639,Baltimore County Precinct 12-008,2315,258,467,324,2639,1.0,0.8772262220538083,0.12277377794619174,1914,0.09776430466085638,0.17696097006441833,0.7252747252747253
579,Baltimore County,3982,Baltimore County Precinct 12-003,3387,398,612,595,3982,1.0,0.8505775991963838,0.14942240080361627,2972,0.09994977398292315,0.15369161225514816,0.7463586137619287
580,Baltimore County,3256,Baltimore County Precinct 12-002,2763,348,408,493,3256,1.0,0.8485872235872236,0.15141277641277642,2500,0.10687960687960688,0.12530712530712532,0.7678132678132679
581,Baltimore City,782,Baltimore City Precinct 26-005,514,99,59,268,782,1.0,0.6572890025575447,0.34271099744245526,624,0.1265984654731458,0.07544757033248081,0.7979539641943734
582,Baltimore City,1623,Baltimore City Precinct 26-004,1098,150,84,525,1623,1.0,0.6765249537892791,0.3234750462107209,1389,0.09242144177449169,0.051756007393715345,0.8558225508317929
583,Baltimore City,1434,Baltimore City Precinct 26-007,799,268,137,635,1434,1.0,0.5571827057182706,0.44281729428172945,1029,0.18688981868898186,0.09553695955369595,0.7175732217573222
584,Baltimore City,1562,Baltimore City Precinct 26-014,1050,115,79,512,1562,1.0,0.6722151088348272,0.32778489116517284,1368,0.0736235595390525,0.05057618437900128,0.8758002560819462
585,Baltimore City,1463,Baltimore City Precinct 26-015,116,362,22,1347,1463,1.0,0.07928913192071087,0.9207108680792891,1079,0.24743677375256323,0.015037593984962405,0.7375256322624744
586,Baltimore City,4697,Baltimore City Precinct 26-029,597,765,57,4100,4697,1.0,0.12710240579093038,0.8728975942090696,3875,0.16286991696827763,0.01213540557802853,0.8249946774536938
587,Baltimore County,2846,Baltimore County Precinct 12-001,2343,255,386,503,2846,1.0,0.8232607167955025,0.17673928320449753,2205,0.08959943780744906,0.13562895291637386,0.774771609276177
588,Baltimore County,4204,Baltimore County Precinct 12-007,3764,491,689,440,4204,1.0,0.8953377735490009,0.10466222645099905,3024,0.11679352997145576,0.16389153187440533,0.7193149381541389
589,Baltimore County,3540,Baltimore County Precinct 12-006,2774,402,418,766,3540,1.0,0.7836158192090396,0.21638418079096045,2720,0.1135593220338983,0.11807909604519774,0.768361581920904
590,Baltimore County,3308,Baltimore County Precinct 12-005,2994,337,607,314,3308,1.0,0.9050785973397824,0.09492140266021766,2364,0.10187424425634825,0.18349455864570738,0.7146311970979444
591,Baltimore County,4898,Baltimore County Precinct 12-004,4398,384,772,500,4898,1.0,0.897917517354022,0.10208248264597795,3742,0.07839934667211107,0.15761535320538997,0.763985300122499
592,Baltimore County,2424,Baltimore County Precinct 15-001,1845,225,218,579,2424,1.0,0.7611386138613861,0.23886138613861385,1981,0.09282178217821782,0.08993399339933994,0.8172442244224423
593,Baltimore County,3263,Baltimore County Precinct 15-002,2829,388,551,434,3263,1.0,0.8669935642047196,0.1330064357952804,2324,0.11890897946674839,0.1688630095004597,0.7122280110327919
594,Baltimore County,1177,Baltimore County Precinct 15-014,1054,124,251,123,1177,1.0,0.8954970263381479,0.10450297366185217,802,0.10535259133389975,0.21325403568394222,0.6813933729821581
595,Anne Arundel,2234,Anne Arundel Precinct 03-013,2120,284,704,114,2234,1.0,0.9489704565801254,0.051029543419874666,1246,0.12712623097582812,0.315129811996419,0.5577439570277529
596,Anne Arundel,2342,Anne Arundel Precinct 03-018,2095,238,683,247,2342,1.0,0.894534585824082,0.10546541417591802,1421,0.10162254483347566,0.29163108454312553,0.6067463706233988
597,Anne Arundel,2290,Anne Arundel Precinct 03-016,2008,275,509,282,2290,1.0,0.8768558951965065,0.12314410480349346,1506,0.12008733624454149,0.22227074235807862,0.6576419213973799
598,Anne Arundel,2081,Anne Arundel Precinct 03-001,1849,291,559,232,2081,1.0,0.8885151369533878,0.1114848630466122,1231,0.13983661701105238,0.26862085535800095,0.5915425276309466
599,Anne Arundel,3428,Anne Arundel Precinct 03-003,2995,315,685,433,3428,1.0,0.8736872812135356,0.1263127187864644,2428,0.09189031505250875,0.19982497082847142,0.7082847141190198
600,Anne Arundel,2683,Anne Arundel Precinct 03-021,2255,390,501,428,2683,1.0,0.8404770778978755,0.1595229221021245,1792,0.1453596720089452,0.18673127096533731,0.6679090570257175
601,Anne Arundel,2353,Anne Arundel Precinct 03-007,2050,362,515,303,2353,1.0,0.8712282192945177,0.12877178070548237,1476,0.15384615384615385,0.21886952826179346,0.6272843178920527
602,Anne Arundel,1767,Anne Arundel Precinct 03-020,1677,199,561,90,1767,1.0,0.9490662139219015,0.050933786078098474,1007,0.11262026032823995,0.3174872665534805,0.5698924731182796
603,Anne Arundel,2826,Anne Arundel Precinct 03-024,2556,341,594,270,2826,1.0,0.9044585987261147,0.09554140127388536,1891,0.12066525123849965,0.21019108280254778,0.6691436659589526
604,Anne Arundel,2071,Anne Arundel Precinct 03-019,1963,235,664,108,2071,1.0,0.9478512795750845,0.0521487204249155,1172,0.11347175277643651,0.32061805890873973,0.5659101883148238
605,Anne Arundel,1896,Anne Arundel Precinct 03-014,1804,202,423,92,1896,1.0,0.9514767932489452,0.04852320675105485,1271,0.10654008438818566,0.2231012658227848,0.6703586497890295
606,Anne Arundel,1673,Anne Arundel Precinct 03-002,1598,182,376,75,1673,1.0,0.9551703526598924,0.04482964734010759,1115,0.1087866108786611,0.22474596533173938,0.6664674237895996
607,Anne Arundel,2247,Anne Arundel Precinct 03-010,2134,263,725,113,2247,1.0,0.94971072541166,0.05028927458834001,1259,0.11704494882064975,0.3226524254561638,0.5603026257231865
608,Anne Arundel,2451,Anne Arundel Precinct 03-011,2354,338,783,97,2451,1.0,0.9604243166054671,0.039575683394532844,1330,0.1379028967768258,0.31946144430844553,0.5426356589147286
609,Anne Arundel,1573,Anne Arundel Precinct 03-015,1519,186,541,54,1573,1.0,0.9656706929434202,0.034329307056579786,846,0.1182453909726637,0.343928798474253,0.5378258105530833
610,Anne Arundel,2235,Anne Arundel Precinct 03-012,2128,235,743,107,2235,1.0,0.9521252796420582,0.04787472035794183,1257,0.10514541387024609,0.33243847874720356,0.5624161073825503
611,Baltimore County,1456,Baltimore County Precinct 12-009,1157,123,140,299,1456,1.0,0.7946428571428571,0.20535714285714285,1193,0.08447802197802198,0.09615384615384616,0.8193681318681318
612,Baltimore County,4122,Baltimore County Precinct 12-011,3270,407,449,852,4122,1.0,0.7933042212518195,0.2066957787481805,3266,0.09873847646773411,0.108927704997574,0.7923338185346919
613,Baltimore County,1905,Baltimore County Precinct 12-013,167,309,13,1738,1905,1.0,0.08766404199475065,0.9123359580052494,1583,0.16220472440944883,0.0068241469816272965,0.8309711286089239
614,Queen Anne's,2329,Queen Anne's Precinct 04-006,2231,290,710,98,2329,1.0,0.9579218548733361,0.0420781451266638,1329,0.12451696006869901,0.30485186775440104,0.5706311721769
615,Queen Anne's,2722,Queen Anne's Precinct 04-001,2538,331,678,184,2722,1.0,0.9324026451138868,0.06759735488611315,1713,0.1216017634092579,0.2490815576781778,0.6293166789125643
616,Anne Arundel,1837,Anne Arundel Precinct 05-014,1658,299,343,179,1837,1.0,0.9025585193249864,0.09744148067501361,1195,0.16276537833424062,0.18671747414262385,0.6505171475231355
617,Anne Arundel,1098,Anne Arundel Precinct 05-034,1013,236,261,85,1098,1.0,0.9225865209471766,0.07741347905282331,601,0.21493624772313297,0.23770491803278687,0.5473588342440802
618,Anne Arundel,1456,Anne Arundel Precinct 05-016,1317,231,267,139,1456,1.0,0.904532967032967,0.09546703296703296,958,0.15865384615384615,0.18337912087912087,0.657967032967033
619,Anne Arundel,1144,Anne Arundel Precinct 05-009,1105,256,285,39,1144,1.0,0.9659090909090909,0.03409090909090909,603,0.22377622377622378,0.2491258741258741,0.5270979020979021
620,Anne Arundel,1735,Anne Arundel Precinct 03-023,1629,268,480,106,1735,1.0,0.9389048991354467,0.06109510086455332,987,0.15446685878962535,0.276657060518732,0.5688760806916426
621,Anne Arundel,999,Anne Arundel Precinct 05-010,929,139,226,70,999,1.0,0.92992992992993,0.07007007007007007,634,0.13913913913913914,0.22622622622622623,0.6346346346346347
622,Anne Arundel,1854,Anne Arundel Precinct 03-022,1472,260,444,382,1854,1.0,0.7939590075512406,0.20604099244875945,1150,0.14023732470334413,0.23948220064724918,0.6202804746494067
623,Anne Arundel,2079,Anne Arundel Precinct 03-017,1958,211,634,121,2079,1.0,0.9417989417989417,0.0582010582010582,1234,0.10149110149110149,0.304954304954305,0.5935545935545935
624,Anne Arundel,1898,Anne Arundel Precinct 05-011,1645,352,455,253,1898,1.0,0.8667017913593256,0.1332982086406744,1091,0.18545837723919917,0.23972602739726026,0.5748155953635405
625,Anne Arundel,2039,Anne Arundel Precinct 05-004,1832,440,476,207,2039,1.0,0.8984796468857283,0.1015203531142717,1123,0.2157920549288867,0.23344776851397744,0.5507601765571358
626,Anne Arundel,1847,Anne Arundel Precinct 05-005,1625,373,373,222,1847,1.0,0.8798050893340552,0.12019491066594477,1101,0.20194910665944776,0.20194910665944776,0.5961017866811045
627,Anne Arundel,1366,Anne Arundel Precinct 05-023,1291,266,268,75,1366,1.0,0.945095168374817,0.05490483162518302,832,0.19472913616398244,0.19619326500732065,0.6090775988286969
628,Anne Arundel,1716,Anne Arundel Precinct 05-003,1503,379,477,213,1716,1.0,0.8758741258741258,0.12412587412587413,860,0.22086247086247085,0.27797202797202797,0.5011655011655012
629,Anne Arundel,2381,Anne Arundel Precinct 05-026,1899,686,619,482,2381,1.0,0.7975640487190256,0.20243595128097439,1076,0.2881142377152457,0.2599748005039899,0.4519109617807644
630,Anne Arundel,2632,Anne Arundel Precinct 05-021,2196,588,641,436,2632,1.0,0.8343465045592705,0.1656534954407295,1403,0.22340425531914893,0.24354103343465044,0.5330547112462006
631,Anne Arundel,1760,Anne Arundel Precinct 06-030,1534,394,340,226,1760,1.0,0.8715909090909091,0.12840909090909092,1026,0.22386363636363638,0.19318181818181818,0.5829545454545455
632,Anne Arundel,1526,Anne Arundel Precinct 06-025,1416,333,381,110,1526,1.0,0.927916120576671,0.07208387942332896,812,0.2182175622542595,0.24967234600262123,0.5321100917431193
633,Anne Arundel,1818,Anne Arundel Precinct 05-020,1541,345,390,277,1818,1.0,0.8476347634763476,0.15236523652365236,1083,0.18976897689768976,0.2145214521452145,0.5957095709570958
634,Anne Arundel,1940,Anne Arundel Precinct 05-028,1748,196,203,192,1940,1.0,0.9010309278350516,0.09896907216494845,1541,0.10103092783505155,0.10463917525773196,0.7943298969072164
635,Anne Arundel,1531,Anne Arundel Precinct 05-027,1364,344,444,167,1531,1.0,0.8909209666884389,0.10907903331156107,743,0.22468974526453298,0.29000653167864143,0.4853037230568256
636,Anne Arundel,1702,Anne Arundel Precinct 05-013,1627,374,510,75,1702,1.0,0.9559341950646298,0.04406580493537015,818,0.21974148061104584,0.299647473560517,0.4806110458284371
637,Anne Arundel,2718,Anne Arundel Precinct 05-018,2265,475,445,453,2718,1.0,0.8333333333333334,0.16666666666666666,1798,0.17476085356880058,0.1637233259749816,0.6615158204562178
638,Anne Arundel,2136,Anne Arundel Precinct 05-022,1936,508,540,200,2136,1.0,0.9063670411985019,0.09363295880149813,1088,0.23782771535580524,0.25280898876404495,0.5093632958801498
639,Anne Arundel,2178,Anne Arundel Precinct 05-001,1856,477,656,322,2178,1.0,0.852157943067034,0.14784205693296604,1045,0.2190082644628099,0.3011937557392103,0.4797979797979798
640,Anne Arundel,2073,Anne Arundel Precinct 05-017,1891,535,569,182,2073,1.0,0.9122045344910757,0.08779546550892427,969,0.25808007718282683,0.2744814278822962,0.467438494934877
641,Anne Arundel,2525,Anne Arundel Precinct 05-002,2062,552,506,463,2525,1.0,0.8166336633663366,0.18336633663366336,1467,0.2186138613861386,0.2003960396039604,0.580990099009901
642,Prince George's,2195,Prince George's Precinct 14-003,1525,498,302,670,2195,1.0,0.6947608200455581,0.3052391799544419,1395,0.22687927107061504,0.13758542141230068,0.6355353075170843
643,Prince George's,3107,Prince George's Precinct 14-009,934,1013,199,2173,3107,1.0,0.30061152236884453,0.6993884776311554,1895,0.326037978757644,0.06404892178950757,0.6099130994528484
644,Prince George's,3658,Prince George's Precinct 14-011,1034,940,263,2624,3658,1.0,0.2826681246582832,0.7173318753417168,2455,0.2569710224166211,0.07189721159103335,0.6711317659923456
645,Prince George's,2812,Prince George's Precinct 14-005,1565,712,291,1247,2812,1.0,0.5565433854907539,0.44345661450924606,1809,0.2532005689900427,0.1034850640113798,0.6433143669985776
646,Prince George's,1482,Prince George's Precinct 07-017,301,428,53,1181,1482,1.0,0.20310391363022942,0.7968960863697706,1001,0.28879892037786775,0.03576248313090418,0.6754385964912281
647,Prince George's,2094,Prince George's Precinct 07-003,1459,514,310,635,2094,1.0,0.6967526265520535,0.3032473734479465,1270,0.2454632282712512,0.14804202483285578,0.606494746895893
648,Prince George's,3594,Prince George's Precinct 07-010,650,1115,135,2944,3594,1.0,0.1808569838619922,0.8191430161380078,2344,0.3102392877017251,0.037562604340567615,0.6521981079577073
649,Prince George's,1540,Prince George's Precinct 07-002,1095,389,236,445,1540,1.0,0.711038961038961,0.288961038961039,915,0.2525974025974026,0.15324675324675324,0.5941558441558441
650,Prince George's,2018,Prince George's Precinct 14-004,1357,508,291,661,2018,1.0,0.6724479682854311,0.32755203171456887,1219,0.25173439048562934,0.1442021803766105,0.6040634291377601
651,Prince George's,2095,Prince George's Precinct 07-004,1404,504,352,691,2095,1.0,0.6701670644391408,0.3298329355608592,1239,0.2405727923627685,0.16801909307875895,0.5914081145584725
652,Prince George's,1545,Prince George's Precinct 14-006,1146,335,250,399,1545,1.0,0.7417475728155339,0.258252427184466,960,0.2168284789644013,0.16181229773462782,0.6213592233009708
653,Prince George's,2933,Prince George's Precinct 07-007,962,866,153,1971,2933,1.0,0.32799181725196047,0.6720081827480395,1914,0.29526082509376067,0.05216501875213092,0.6525741561541084
654,Anne Arundel,1620,Anne Arundel Precinct 07-026,1426,289,337,194,1620,1.0,0.8802469135802469,0.11975308641975309,994,0.17839506172839506,0.2080246913580247,0.6135802469135803
655,Anne Arundel,2128,Anne Arundel Precinct 04-010,1684,93,99,444,2128,1.0,0.7913533834586466,0.20864661654135339,1936,0.043703007518796994,0.046522556390977444,0.9097744360902256
656,Anne Arundel,2733,Anne Arundel Precinct 04-016,2032,479,291,701,2733,1.0,0.743505305525064,0.25649469447493595,1963,0.1752652762532016,0.10647639956092206,0.7182583241858763
657,Anne Arundel,1530,Anne Arundel Precinct 07-014,1357,293,281,173,1530,1.0,0.8869281045751634,0.1130718954248366,956,0.19150326797385622,0.18366013071895426,0.6248366013071895
658,Anne Arundel,2243,Anne Arundel Precinct 07-016,1754,443,268,489,2243,1.0,0.7819884083816317,0.21801159161836825,1532,0.19750334373606776,0.11948283548818546,0.6830138207757468
659,Anne Arundel,1864,Anne Arundel Precinct 07-015,1650,297,319,214,1864,1.0,0.8851931330472103,0.1148068669527897,1248,0.15933476394849785,0.17113733905579398,0.6695278969957081
660,Anne Arundel,2124,Anne Arundel Precinct 07-018,1735,342,308,389,2124,1.0,0.8168549905838042,0.18314500941619585,1474,0.16101694915254236,0.14500941619585686,0.6939736346516008
661,Anne Arundel,3122,Anne Arundel Precinct 04-023,2305,618,477,817,3122,1.0,0.7383087764253684,0.26169122357463165,2027,0.1979500320307495,0.15278667520819988,0.6492632927610507
662,Anne Arundel,2399,Anne Arundel Precinct 04-022,1498,413,221,901,2399,1.0,0.6244268445185494,0.3755731554814506,1765,0.17215506461025426,0.0921217173822426,0.7357232180075032
663,Anne Arundel,1929,Anne Arundel Precinct 04-008,1617,337,433,312,1929,1.0,0.838258164852255,0.16174183514774496,1159,0.17470191809227578,0.22446863659927424,0.60082944530845
664,Anne Arundel,2249,Anne Arundel Precinct 07-008,1808,325,488,441,2249,1.0,0.8039128501556247,0.19608714984437528,1436,0.14450867052023122,0.2169853268119164,0.6385060026678524
665,Anne Arundel,2263,Anne Arundel Precinct 07-007,2076,319,547,187,2263,1.0,0.9173663278833407,0.0826336721166593,1397,0.14096332302253645,0.241714538223597,0.6173221387538665
666,Anne Arundel,1835,Anne Arundel Precinct 07-004,1530,224,409,305,1835,1.0,0.8337874659400545,0.16621253405994552,1202,0.1220708446866485,0.22288828337874658,0.6550408719346049
667,Anne Arundel,2323,Anne Arundel Precinct 07-011,1990,86,208,333,2323,1.0,0.8566508824795523,0.14334911752044768,2029,0.03702109341368919,0.08953938872148084,0.87343951786483
668,Anne Arundel,1203,Anne Arundel Precinct 07-027,977,360,530,226,1203,1.0,0.8121363258520365,0.18786367414796343,313,0.29925187032418954,0.4405652535328346,0.2601828761429759
669,Anne Arundel,2006,Anne Arundel Precinct 07-013,1841,320,526,165,2006,1.0,0.9177467597208375,0.08225324027916252,1160,0.15952143569292124,0.2622133599202393,0.5782652043868395
670,Anne Arundel,2140,Anne Arundel Precinct 07-022,1966,302,506,174,2140,1.0,0.9186915887850468,0.08130841121495327,1332,0.1411214953271028,0.23644859813084113,0.6224299065420561
671,Anne Arundel,2009,Anne Arundel Precinct 07-017,1700,212,221,309,2009,1.0,0.8461921353907417,0.15380786460925833,1576,0.1055251368840219,0.11000497760079642,0.7844698855151817
672,Anne Arundel,1853,Anne Arundel Precinct 07-020,1435,336,219,418,1853,1.0,0.7744198596869941,0.22558014031300594,1298,0.18132757690232057,0.1181867242309768,0.7004856988667026
673,Anne Arundel,2151,Anne Arundel Precinct 07-024,1764,373,393,387,2151,1.0,0.8200836820083682,0.1799163179916318,1385,0.17340771734077173,0.18270571827057183,0.6438865643886564
674,Anne Arundel,2719,Anne Arundel Precinct 04-021,1999,552,477,720,2719,1.0,0.7351967635159985,0.26480323648400145,1690,0.20301581463773447,0.17543214417065098,0.6215520411916146
675,Anne Arundel,1631,Anne Arundel Precinct 06-028,1259,264,357,372,1631,1.0,0.7719190680564071,0.22808093194359289,1010,0.1618638871857756,0.21888412017167383,0.6192519926425506
676,Anne Arundel,2014,Anne Arundel Precinct 04-004,1753,349,575,261,2014,1.0,0.8704071499503475,0.12959285004965243,1090,0.17328699106256207,0.2855014895729891,0.5412115193644489
677,Anne Arundel,1699,Anne Arundel Precinct 07-023,1518,334,540,181,1699,1.0,0.8934667451442024,0.10653325485579752,825,0.19658622719246616,0.31783402001177163,0.4855797527957622
678,Anne Arundel,2203,Anne Arundel Precinct 07-012,2057,237,332,146,2203,1.0,0.9337267362687245,0.06627326373127554,1634,0.10758057194734454,0.15070358601906492,0.7417158420335905
679,Anne Arundel,1374,Anne Arundel Precinct 06-020,1317,240,263,57,1374,1.0,0.9585152838427947,0.04148471615720524,871,0.17467248908296942,0.19141193595342068,0.63391557496361
680,Anne Arundel,2873,Anne Arundel Precinct 07-005,2447,434,536,426,2873,1.0,0.8517229376957883,0.14827706230421162,1903,0.15106160807518274,0.18656456665506438,0.6623738252697529
681,Anne Arundel,2103,Anne Arundel Precinct 06-019,1955,368,455,148,2103,1.0,0.9296243461721351,0.07037565382786495,1280,0.17498811222063718,0.21635758440323347,0.6086543033761294
682,Anne Arundel,1864,Anne Arundel Precinct 06-026,1752,456,545,112,1864,1.0,0.9399141630901288,0.060085836909871244,863,0.2446351931330472,0.29238197424892703,0.46298283261802575
683,Anne Arundel,1098,Anne Arundel Precinct 06-027,991,164,318,107,1098,1.0,0.9025500910746812,0.09744990892531877,616,0.1493624772313297,0.2896174863387978,0.5610200364298725
684,Anne Arundel,2583,Anne Arundel Precinct 04-015,2338,535,689,245,2583,1.0,0.9051490514905149,0.0948509485094851,1359,0.20712349980642664,0.2667440960123887,0.5261324041811847
685,Anne Arundel,3191,Anne Arundel Precinct 06-021,2803,489,584,388,3191,1.0,0.8784080225634597,0.12159197743654027,2118,0.15324349733625822,0.18301472892510184,0.66374177373864
686,Anne Arundel,1255,Anne Arundel Precinct 06-031,1182,257,370,73,1255,1.0,0.9418326693227091,0.05816733067729084,628,0.2047808764940239,0.2948207171314741,0.500398406374502
687,Anne Arundel,3699,Anne Arundel Precinct 04-006,1002,1079,143,2697,3699,1.0,0.2708840227088402,0.7291159772911597,2477,0.29170045958367125,0.03865909705325764,0.669640443363071
688,Howard,1703,Howard Precinct 06-007,920,286,113,783,1703,1.0,0.540223135642983,0.45977686435701703,1304,0.16793893129770993,0.06635349383440986,0.7657075748678802
689,Howard,3903,Howard Precinct 06-029,1974,1210,428,1929,3903,1.0,0.5057647963105304,0.49423520368946966,2265,0.310017934921855,0.10965923648475531,0.5803228285933897
690,Howard,1011,Howard Precinct 06-030,438,319,81,573,1011,1.0,0.4332344213649852,0.5667655786350149,611,0.3155291790306627,0.08011869436201781,0.6043521266073195
691,Howard,2972,Howard Precinct 01-006,1817,431,253,1155,2972,1.0,0.6113728129205922,0.3886271870794078,2288,0.14502018842530282,0.0851278600269179,0.7698519515477793
692,Anne Arundel,5212,Anne Arundel Precinct 01-023,1471,370,125,3741,5212,1.0,0.28223330775134303,0.717766692248657,4717,0.07099002302379125,0.023983115886415964,0.9050268610897928
693,Anne Arundel,5070,Anne Arundel Precinct 01-022,3022,1332,791,2048,5070,1.0,0.5960552268244576,0.4039447731755424,2947,0.26272189349112424,0.15601577909270217,0.5812623274161736
694,Howard,4044,Howard Precinct 01-015,1543,1612,499,2501,4044,1.0,0.3815529179030663,0.6184470820969338,1933,0.39861523244312563,0.12339268051434224,0.47799208704253215
695,Anne Arundel,2020,Anne Arundel Precinct 04-020,1529,429,307,491,2020,1.0,0.7569306930693069,0.24306930693069306,1284,0.21237623762376237,0.15198019801980198,0.6356435643564357
696,Anne Arundel,1510,Anne Arundel Precinct 04-005,1100,304,186,410,1510,1.0,0.7284768211920529,0.271523178807947,1020,0.20132450331125828,0.12317880794701987,0.6754966887417219
697,Anne Arundel,1589,Anne Arundel Precinct 06-024,1066,406,245,523,1589,1.0,0.670862177470107,0.329137822529893,938,0.2555066079295154,0.15418502202643172,0.5903083700440529
698,Anne Arundel,1801,Anne Arundel Precinct 06-010,1437,221,213,364,1801,1.0,0.7978900610771793,0.20210993892282064,1367,0.12270960577456969,0.11826762909494726,0.7590227651304831
699,Anne Arundel,2354,Anne Arundel Precinct 06-003,448,377,70,1906,2354,1.0,0.1903143585386576,0.8096856414613424,1907,0.16015293118096857,0.029736618521665252,0.8101104502973662
700,Anne Arundel,3339,Anne Arundel Precinct 06-022,2543,494,388,796,3339,1.0,0.7616052710392333,0.2383947289607667,2457,0.14794848757112908,0.11620245582509733,0.7358490566037735
701,Anne Arundel,2337,Anne Arundel Precinct 06-014,603,609,151,1734,2337,1.0,0.25802310654685495,0.7419768934531451,1577,0.2605905006418485,0.0646127513906718,0.6747967479674797
702,Anne Arundel,1784,Anne Arundel Precinct 06-004,869,207,53,915,1784,1.0,0.48710762331838564,0.5128923766816144,1524,0.11603139013452915,0.029708520179372196,0.8542600896860987
703,Anne Arundel,1134,Anne Arundel Precinct 06-013,492,286,121,642,1134,1.0,0.43386243386243384,0.5661375661375662,727,0.25220458553791886,0.10670194003527336,0.6410934744268078
704,Anne Arundel,1646,Anne Arundel Precinct 06-002,1480,498,370,166,1646,1.0,0.8991494532199271,0.10085054678007291,778,0.3025516403402187,0.22478736330498178,0.4726609963547995
705,Anne Arundel,1709,Anne Arundel Precinct 06-009,1578,334,322,131,1709,1.0,0.9233469865418373,0.07665301345816267,1053,0.1954359274429491,0.18841427735517846,0.6161497952018724
706,Anne Arundel,1407,Anne Arundel Precinct 06-005,1154,298,228,253,1407,1.0,0.820184790334044,0.17981520966595593,881,0.21179815209665956,0.16204690831556504,0.6261549395877755
707,Anne Arundel,1924,Anne Arundel Precinct 06-006,397,248,64,1527,1924,1.0,0.20634095634095634,0.7936590436590436,1612,0.1288981288981289,0.033264033264033266,0.8378378378378378
708,Anne Arundel,1590,Anne Arundel Precinct 06-023,1409,408,300,181,1590,1.0,0.8861635220125786,0.11383647798742139,882,0.25660377358490566,0.18867924528301888,0.5547169811320755
709,Anne Arundel,2555,Anne Arundel Precinct 06-017,1841,390,242,714,2555,1.0,0.7205479452054795,0.27945205479452057,1923,0.15264187866927592,0.09471624266144814,0.7526418786692759
710,Anne Arundel,1846,Anne Arundel Precinct 06-007,1193,266,110,653,1846,1.0,0.6462621885157096,0.35373781148429034,1470,0.14409534127843987,0.059588299024918745,0.7963163596966414
711,Anne Arundel,2292,Anne Arundel Precinct 06-015,921,298,135,1371,2292,1.0,0.4018324607329843,0.5981675392670157,1859,0.1300174520069808,0.058900523560209424,0.8110820244328097
712,Anne Arundel,1228,Anne Arundel Precinct 06-016,525,271,75,703,1228,1.0,0.42752442996742673,0.5724755700325733,882,0.22068403908794787,0.061074918566775244,0.7182410423452769
713,Anne Arundel,2314,Anne Arundel Precinct 06-001,1951,518,370,363,2314,1.0,0.8431287813310285,0.15687121866897147,1426,0.22385479688850476,0.1598962834917891,0.6162489196197062
714,Anne Arundel,2135,Anne Arundel Precinct 06-012,1373,517,283,762,2135,1.0,0.6430913348946136,0.35690866510538644,1335,0.24215456674473068,0.1325526932084309,0.6252927400468384
715,Anne Arundel,1420,Anne Arundel Precinct 06-008,1092,453,227,328,1420,1.0,0.7690140845070422,0.23098591549295774,740,0.3190140845070423,0.15985915492957747,0.5211267605633803
716,Anne Arundel,2303,Anne Arundel Precinct 06-018,1977,431,289,326,2303,1.0,0.8584455058619193,0.14155449413808077,1583,0.187147199305254,0.12548849326964828,0.6873643074250977
717,Anne Arundel,6313,Anne Arundel Precinct 06-011,4882,272,149,1431,6313,1.0,0.7733248851576113,0.22667511484238873,5892,0.04308569618248059,0.02360209092349121,0.9333122128940282
718,Anne Arundel,1104,Anne Arundel Precinct 06-029,958,253,275,146,1104,1.0,0.8677536231884058,0.1322463768115942,576,0.22916666666666666,0.24909420289855072,0.5217391304347826
719,Prince George's,2532,Prince George's Precinct 05-012,333,955,84,2199,2532,1.0,0.13151658767772512,0.8684834123222749,1493,0.37717219589257506,0.03317535545023697,0.589652448657188
720,Charles,3857,Charles Precinct 01-001,2541,596,430,1316,3857,1.0,0.6588021778584392,0.3411978221415608,2831,0.1545242416385792,0.11148561057816957,0.7339901477832512
721,Charles,3570,Charles Precinct 06-002,2072,954,474,1498,3570,1.0,0.5803921568627451,0.4196078431372549,2142,0.2672268907563025,0.13277310924369748,0.6
722,Charles,1581,Charles Precinct 06-003,476,932,148,1105,1581,1.0,0.3010752688172043,0.6989247311827957,501,0.5895003162555345,0.09361163820366857,0.31688804554079697
723,Charles,1855,Charles Precinct 06-019,983,825,259,872,1855,1.0,0.5299191374663073,0.47008086253369274,771,0.444743935309973,0.13962264150943396,0.415633423180593
724,Charles,2458,Charles Precinct 06-004,796,1181,180,1662,2458,1.0,0.32384052074857606,0.676159479251424,1097,0.4804719283970708,0.07323026851098453,0.44629780309194467
725,Charles,1494,Charles Precinct 06-020,801,416,158,693,1494,1.0,0.536144578313253,0.463855421686747,920,0.2784471218206158,0.10575635876840696,0.6157965194109772
726,Charles,1968,Charles Precinct 06-010,596,1303,182,1372,1968,1.0,0.30284552845528456,0.6971544715447154,483,0.6620934959349594,0.09247967479674797,0.24542682926829268
727,Charles,1478,Charles Precinct 06-021,501,488,143,977,1478,1.0,0.33897158322056836,0.6610284167794317,847,0.3301759133964817,0.09675236806495263,0.5730717185385656
728,Charles,3773,Charles Precinct 06-013,1407,1187,308,2366,3773,1.0,0.37291280148423006,0.62708719851577,2278,0.3146037635833554,0.08163265306122448,0.6037635833554201
729,Prince George's,2131,Prince George's Precinct 05-008,1047,443,153,1084,2131,1.0,0.4913186297512905,0.5086813702487095,1535,0.20788362271234162,0.07179727827311122,0.7203190990145472
730,Prince George's,3225,Prince George's Precinct 05-007,467,1085,120,2758,3225,1.0,0.1448062015503876,0.8551937984496124,2020,0.3364341085271318,0.037209302325581395,0.6263565891472869
731,Prince George's,1984,Prince George's Precinct 05-002,266,587,81,1718,1984,1.0,0.13407258064516128,0.8659274193548387,1316,0.29586693548387094,0.040826612903225805,0.6633064516129032
732,Prince George's,2501,Prince George's Precinct 12-014,295,821,115,2206,2501,1.0,0.11795281887245102,0.882047181127549,1565,0.3282686925229908,0.045981607357057176,0.625749700119952
733,Prince George's,3254,Prince George's Precinct 12-010,477,1149,139,2777,3254,1.0,0.14658881376767055,0.8534111862323295,1966,0.3531038721573448,0.042716656422864166,0.604179471419791
734,Prince George's,3255,Prince George's Precinct 05-005,506,1192,121,2749,3255,1.0,0.1554531490015361,0.8445468509984639,1942,0.36620583717357913,0.03717357910906298,0.5966205837173579
735,Prince George's,1334,Prince George's Precinct 05-010,244,371,63,1090,1334,1.0,0.18290854572713644,0.8170914542728636,900,0.27811094452773616,0.0472263868065967,0.6746626686656672
736,Prince George's,522,Prince George's Precinct 05-009,88,171,25,434,522,1.0,0.1685823754789272,0.8314176245210728,326,0.3275862068965517,0.04789272030651341,0.6245210727969349
737,Prince George's,3343,Prince George's Precinct 05-001,752,1451,163,2591,3343,1.0,0.2249476518097517,0.7750523481902483,1729,0.4340412802871672,0.048758600059826504,0.5172001196530063
738,Prince George's,2929,Prince George's Precinct 05-004,274,879,52,2655,2929,1.0,0.09354728576305907,0.906452714236941,1998,0.300102424035507,0.017753499487879822,0.6821440764766131
739,Prince George's,2112,Prince George's Precinct 05-011,181,731,48,1931,2112,1.0,0.08570075757575757,0.9142992424242424,1333,0.34611742424242425,0.022727272727272728,0.631155303030303
740,Prince George's,2992,Prince George's Precinct 05-006,233,896,79,2759,2992,1.0,0.07787433155080214,0.9221256684491979,2017,0.2994652406417112,0.026403743315508023,0.6741310160427807
741,Prince George's,3474,Prince George's Precinct 12-005,353,870,98,3121,3474,1.0,0.10161197466896948,0.8983880253310305,2506,0.2504317789291883,0.028209556706966035,0.7213586643638457
742,Prince George's,2412,Prince George's Precinct 12-001,299,435,60,2113,2412,1.0,0.12396351575456054,0.8760364842454395,1917,0.18034825870646767,0.024875621890547265,0.7947761194029851
743,Prince George's,4027,Prince George's Precinct 12-011,258,1067,81,3769,4027,1.0,0.06406754407747703,0.9359324559225229,2879,0.2649615098087907,0.02011422895455674,0.7149242612366526
744,Prince George's,2706,Prince George's Precinct 05-003,217,792,68,2489,2706,1.0,0.08019216555801921,0.9198078344419808,1846,0.2926829268292683,0.025129342202512936,0.6821877309682187
745,Dorchester,352,Dorchester Precinct 03-002,175,74,73,177,352,1.0,0.4971590909090909,0.5028409090909091,205,0.21022727272727273,0.20738636363636365,0.5823863636363636
746,Wicomico,723,Wicomico Precinct 01-002,643,127,225,80,723,1.0,0.8893499308437067,0.11065006915629322,371,0.17565698478561548,0.3112033195020747,0.5131396957123098
747,Dorchester,2143,Dorchester Precinct 14-001,1953,166,534,190,2143,1.0,0.9113392440503967,0.08866075594960336,1443,0.07746150256649556,0.2491833877741484,0.6733551096593561
748,Dorchester,1584,Dorchester Precinct 02-001,1461,132,515,123,1584,1.0,0.9223484848484849,0.07765151515151515,937,0.08333333333333333,0.32512626262626265,0.5915404040404041
749,Dorchester,445,Dorchester Precinct 02-002,249,76,117,196,445,1.0,0.5595505617977528,0.4404494382022472,252,0.1707865168539326,0.26292134831460673,0.5662921348314607
750,Dorchester,2140,Dorchester Precinct 15-001,1678,212,506,462,2140,1.0,0.7841121495327102,0.21588785046728973,1422,0.09906542056074766,0.23644859813084113,0.6644859813084112
751,Caroline,3115,Caroline Precinct 04-001,2572,387,822,543,3115,1.0,0.8256821829855537,0.17431781701444624,1906,0.12423756019261638,0.263884430176565,0.6118780096308186
752,Dorchester,1210,Dorchester Precinct 15-003,472,296,155,738,1210,1.0,0.39008264462809916,0.6099173553719008,759,0.24462809917355371,0.128099173553719,0.6272727272727273
753,Dorchester,1557,Dorchester Precinct 01-001,1369,126,421,188,1557,1.0,0.8792549775208734,0.12074502247912652,1010,0.08092485549132948,0.2703917790622993,0.6486833654463712
754,Dorchester,128,Dorchester Precinct 15-002,105,6,34,23,128,1.0,0.8203125,0.1796875,88,0.046875,0.265625,0.6875
755,Dorchester,506,Dorchester Precinct 12-002,213,85,58,293,506,1.0,0.4209486166007905,0.5790513833992095,363,0.16798418972332016,0.11462450592885376,0.717391304347826
756,Dorchester,387,Dorchester Precinct 12-001,270,48,92,117,387,1.0,0.6976744186046512,0.3023255813953488,247,0.12403100775193798,0.23772609819121446,0.6382428940568475
757,Caroline,3507,Caroline Precinct 05-001,2406,446,612,1101,3507,1.0,0.6860564585115483,0.31394354148845166,2449,0.12717422298260622,0.174508126603935,0.6983176504134588
758,Caroline,1652,Caroline Precinct 08-001,1474,151,449,178,1652,1.0,0.8922518159806295,0.10774818401937046,1052,0.09140435835351089,0.2717917675544794,0.6368038740920097
759,Wicomico,1986,Wicomico Precinct 02-001,1571,216,525,415,1986,1.0,0.7910372608257804,0.20896273917421954,1245,0.10876132930513595,0.26435045317220546,0.6268882175226587
760,Wicomico,3096,Wicomico Precinct 16-001,2295,447,518,801,3096,1.0,0.7412790697674418,0.25872093023255816,2131,0.14437984496124032,0.16731266149870802,0.6883074935400517
761,Wicomico,2299,Wicomico Precinct 09-005,1878,267,307,421,2299,1.0,0.8168769030013049,0.18312309699869508,1725,0.11613745106568073,0.13353632013919095,0.7503262287951283
762,Wicomico,2337,Wicomico Precinct 09-003,1743,290,52,594,2337,1.0,0.7458279845956355,0.25417201540436457,1995,0.12409071459135644,0.022250748823277707,0.8536585365853658
763,Wicomico,2879,Wicomico Precinct 09-006,698,469,866,2181,2879,1.0,0.24244529350468913,0.7575547064953109,1544,0.16290378603681835,0.3007988885029524,0.5362973254602292
764,Wicomico,110,Wicomico Precinct 15-002,100,30,78,10,110,1.0,0.9090909090909091,0.09090909090909091,2,0.2727272727272727,0.7090909090909091,0.01818181818181818
765,Wicomico,527,Wicomico Precinct 01-003,431,72,287,96,527,1.0,0.8178368121442126,0.18216318785578747,168,0.1366223908918406,0.5445920303605313,0.3187855787476281
766,Wicomico,584,Wicomico Precinct 10-002,542,12,24,42,584,1.0,0.928082191780822,0.07191780821917808,548,0.02054794520547945,0.0410958904109589,0.9383561643835616
767,Wicomico,435,Wicomico Precinct 10-001,171,154,266,264,435,1.0,0.3931034482758621,0.6068965517241379,15,0.35402298850574715,0.6114942528735632,0.034482758620689655
768,Anne Arundel,1446,Anne Arundel Precinct 05-007,1323,310,384,123,1446,1.0,0.9149377593360996,0.08506224066390042,752,0.2143845089903181,0.26556016597510373,0.5200553250345782
769,Anne Arundel,1348,Anne Arundel Precinct 02-013,1068,291,302,280,1348,1.0,0.7922848664688428,0.20771513353115728,755,0.2158753709198813,0.22403560830860533,0.5600890207715133
770,Anne Arundel,1465,Anne Arundel Precinct 05-024,1398,295,430,67,1465,1.0,0.9542662116040955,0.04573378839590444,740,0.20136518771331058,0.2935153583617747,0.5051194539249146
771,Anne Arundel,918,Anne Arundel Precinct 05-029,841,127,212,77,918,1.0,0.9161220043572985,0.08387799564270153,579,0.1383442265795207,0.23093681917211328,0.630718954248366
772,Anne Arundel,1829,Anne Arundel Precinct 05-025,1691,270,363,138,1829,1.0,0.9245489338436303,0.0754510661563696,1196,0.14762165117550574,0.1984691088026244,0.6539092400218699
773,Anne Arundel,1771,Anne Arundel Precinct 05-008,1550,379,443,221,1771,1.0,0.8752117447769622,0.12478825522303783,949,0.2140033879164314,0.25014116318464147,0.5358554488989271
774,Anne Arundel,512,Anne Arundel Precinct 05-032,276,192,129,236,512,1.0,0.5390625,0.4609375,191,0.375,0.251953125,0.373046875
775,Anne Arundel,1378,Anne Arundel Precinct 05-006,1331,331,347,47,1378,1.0,0.9658925979680697,0.034107402031930335,700,0.24020319303338172,0.25181422351233673,0.5079825834542816
776,Anne Arundel,1402,Anne Arundel Precinct 05-012,1244,270,317,158,1402,1.0,0.8873038516405135,0.11269614835948645,815,0.19258202567760344,0.2261055634807418,0.5813124108416547
777,Anne Arundel,956,Anne Arundel Precinct 05-030,750,154,267,206,956,1.0,0.7845188284518828,0.21548117154811716,535,0.16108786610878661,0.2792887029288703,0.5596234309623431
778,Anne Arundel,1159,Anne Arundel Precinct 03-009,1038,146,325,121,1159,1.0,0.8955996548748921,0.10440034512510785,688,0.12597066436583262,0.2804141501294219,0.5936151855047455
779,Anne Arundel,2203,Anne Arundel Precinct 03-005,1873,434,611,330,2203,1.0,0.8502042669087608,0.14979573309123922,1158,0.1970040853381752,0.277349069450749,0.5256468452110759
780,Anne Arundel,584,Anne Arundel Precinct 05-031,419,72,117,165,584,1.0,0.7174657534246576,0.2825342465753425,395,0.1232876712328767,0.20034246575342465,0.6763698630136986
781,Anne Arundel,2474,Anne Arundel Precinct 02-020,1732,398,404,742,2474,1.0,0.7000808407437349,0.29991915925626517,1672,0.1608730800323363,0.16329830234438156,0.6758286176232822
782,Anne Arundel,1793,Anne Arundel Precinct 02-011,1380,192,255,413,1793,1.0,0.769659788064696,0.23034021193530396,1346,0.10708310094813163,0.14221974344673732,0.7506971556051311
783,Anne Arundel,2031,Anne Arundel Precinct 02-012,1669,151,253,362,2031,1.0,0.8217626784835057,0.17823732151649435,1627,0.07434761201378631,0.12456917774495323,0.8010832102412605
784,Anne Arundel,3219,Anne Arundel Precinct 02-019,1615,427,203,1604,3219,1.0,0.501708605156881,0.49829139484311896,2589,0.13264989127058094,0.06306306306306306,0.804287045666356
785,Anne Arundel,3140,Anne Arundel Precinct 03-008,2252,504,410,888,3140,1.0,0.7171974522292993,0.28280254777070063,2226,0.16050955414012738,0.1305732484076433,0.7089171974522293
786,Anne Arundel,2930,Anne Arundel Precinct 02-010,2396,281,441,534,2930,1.0,0.8177474402730376,0.18225255972696247,2208,0.09590443686006826,0.15051194539249146,0.7535836177474403
787,Anne Arundel,3008,Anne Arundel Precinct 02-022,2642,324,504,366,3008,1.0,0.8783244680851063,0.12167553191489362,2180,0.1077127659574468,0.1675531914893617,0.7247340425531915
788,Anne Arundel,2034,Anne Arundel Precinct 03-025,1099,398,218,935,2034,1.0,0.54031465093412,0.45968534906588004,1418,0.19567354965585054,0.1071779744346116,0.6971484759095379
789,Anne Arundel,3117,Anne Arundel Precinct 03-004,2564,411,657,553,3117,1.0,0.8225858196984279,0.17741418030157202,2049,0.13185755534167468,0.2107795957651588,0.6573628488931665
790,Anne Arundel,3560,Anne Arundel Precinct 03-006,2742,1384,1157,818,3560,1.0,0.7702247191011236,0.22977528089887642,1019,0.3887640449438202,0.325,0.28623595505617977
791,Anne Arundel,1490,Anne Arundel Precinct 01-002,1350,305,471,140,1490,1.0,0.9060402684563759,0.09395973154362416,714,0.20469798657718122,0.31610738255033555,0.4791946308724832
792,Anne Arundel,1231,Anne Arundel Precinct 01-011,1154,228,348,77,1231,1.0,0.9374492282696995,0.06255077173030058,655,0.1852152721364744,0.2826969943135662,0.5320877335499594
793,Anne Arundel,1787,Anne Arundel Precinct 01-007,1593,254,417,194,1787,1.0,0.8914381645215445,0.1085618354784555,1116,0.1421376608841634,0.23335198656966985,0.6245103525461667
794,Anne Arundel,1878,Anne Arundel Precinct 01-001,1569,289,492,309,1878,1.0,0.8354632587859425,0.1645367412140575,1097,0.1538871139510117,0.26198083067092653,0.5841320553780618
795,Anne Arundel,1406,Anne Arundel Precinct 01-010,1312,276,389,94,1406,1.0,0.9331436699857752,0.06685633001422475,741,0.19630156472261737,0.27667140825035563,0.527027027027027
796,Baltimore County,1239,Baltimore County Precinct 13-006,980,160,195,259,1239,1.0,0.7909604519774012,0.20903954802259886,884,0.129136400322841,0.15738498789346247,0.7134786117836965
797,Baltimore County,2979,Baltimore County Precinct 13-007,1367,368,227,1612,2979,1.0,0.4588788183954347,0.5411211816045652,2384,0.12353138637126553,0.07620006713662303,0.8002685464921114
798,Baltimore County,5380,Baltimore County Precinct 13-009,3849,554,541,1531,5380,1.0,0.7154275092936803,0.2845724907063197,4285,0.10297397769516729,0.10055762081784386,0.7964684014869888
799,Anne Arundel,2426,Anne Arundel Precinct 01-008,2132,282,547,294,2426,1.0,0.8788128606760099,0.12118713932399011,1597,0.11624072547403133,0.22547403132728772,0.658285243198681
800,Anne Arundel,2202,Anne Arundel Precinct 01-004,1450,386,250,752,2202,1.0,0.6584922797456857,0.34150772025431425,1566,0.17529518619436876,0.11353315168029064,0.7111716621253406
801,Anne Arundel,2201,Anne Arundel Precinct 01-014,1607,231,350,594,2201,1.0,0.7301226715129486,0.2698773284870513,1620,0.10495229441163108,0.15901862789641072,0.7360290776919582
802,Anne Arundel,4021,Anne Arundel Precinct 01-012,1909,591,164,2112,4021,1.0,0.4747575230042278,0.5252424769957722,3266,0.1469783635911465,0.04078587416065655,0.8122357622481969
803,Anne Arundel,2018,Anne Arundel Precinct 01-015,1685,303,379,333,2018,1.0,0.8349851337958375,0.16501486620416253,1336,0.15014866204162536,0.18780971258671952,0.6620416253716551
804,Baltimore County,2262,Baltimore County Precinct 13-008,1953,244,479,309,2262,1.0,0.863395225464191,0.13660477453580902,1539,0.10786914235190097,0.21175950486295314,0.6803713527851459
805,Baltimore City,3265,Baltimore City Precinct 25-005,822,457,89,2443,3265,1.0,0.2517611026033691,0.748238897396631,2719,0.13996937212863705,0.027258805513016845,0.8327718223583461
806,Anne Arundel,1443,Anne Arundel Precinct 01-013,1092,185,138,351,1443,1.0,0.7567567567567568,0.24324324324324326,1120,0.1282051282051282,0.09563409563409564,0.7761607761607762
807,Baltimore City,2660,Baltimore City Precinct 25-008,74,374,22,2586,2660,1.0,0.027819548872180452,0.9721804511278196,2264,0.1406015037593985,0.008270676691729323,0.8511278195488722
808,Baltimore City,1089,Baltimore City Precinct 25-009,9,238,8,1080,1089,1.0,0.008264462809917356,0.9917355371900827,843,0.21854912764003673,0.0073461891643709825,0.7741046831955923
809,Baltimore City,1595,Baltimore City Precinct 25-010,46,279,10,1549,1595,1.0,0.02884012539184953,0.9711598746081505,1306,0.17492163009404388,0.006269592476489028,0.8188087774294671
810,Baltimore City,3555,Baltimore City Precinct 25-003,2570,480,251,985,3555,1.0,0.7229254571026723,0.2770745428973277,2824,0.1350210970464135,0.07060478199718706,0.7943741209563995
811,Baltimore City,929,Baltimore City Precinct 20-009,527,114,38,402,929,1.0,0.5672766415500539,0.4327233584499462,777,0.12271259418729817,0.04090419806243272,0.8363832077502691
812,Baltimore City,1049,Baltimore City Precinct 20-005,28,224,14,1021,1049,1.0,0.02669208770257388,0.9733079122974261,811,0.21353670162059105,0.01334604385128694,0.773117254528122
813,Baltimore City,3568,Baltimore City Precinct 25-004,2774,309,280,794,3568,1.0,0.7774663677130045,0.22253363228699552,2979,0.08660313901345291,0.07847533632286996,0.8349215246636771
814,Baltimore City,756,Baltimore City Precinct 20-010,333,47,12,423,756,1.0,0.44047619047619047,0.5595238095238095,697,0.062169312169312166,0.015873015873015872,0.921957671957672
815,Baltimore City,2322,Baltimore City Precinct 20-003,54,243,12,2268,2322,1.0,0.023255813953488372,0.9767441860465116,2067,0.10465116279069768,0.00516795865633075,0.8901808785529716
816,Baltimore City,2303,Baltimore City Precinct 20-011,848,189,51,1455,2303,1.0,0.36821537125488496,0.6317846287451151,2063,0.08206686930091185,0.02214502822405558,0.8957881024750326
817,Baltimore City,950,Baltimore City Precinct 20-002,70,117,8,880,950,1.0,0.07368421052631578,0.9263157894736842,825,0.1231578947368421,0.008421052631578947,0.868421052631579
818,Baltimore City,1760,Baltimore City Precinct 16-013,14,312,20,1746,1760,1.0,0.007954545454545454,0.9920454545454546,1428,0.17727272727272728,0.011363636363636364,0.8113636363636364
819,Baltimore City,1950,Baltimore City Precinct 16-012,10,432,23,1940,1950,1.0,0.005128205128205128,0.9948717948717949,1495,0.22153846153846155,0.011794871794871795,0.7666666666666667
820,Baltimore City,240,Baltimore City Precinct 20-004,4,66,3,236,240,1.0,0.016666666666666666,0.9833333333333333,171,0.275,0.0125,0.7125
821,Baltimore City,1495,Baltimore City Precinct 16-008,24,199,9,1471,1495,1.0,0.016053511705685617,0.9839464882943144,1287,0.1331103678929766,0.006020066889632107,0.8608695652173913
822,Baltimore City,901,Baltimore City Precinct 26-031,516,181,64,385,901,1.0,0.5726970033296337,0.42730299667036625,656,0.2008879023307436,0.07103218645948946,0.7280799112097669
823,Baltimore County,2920,Baltimore County Precinct 14-011,1954,450,301,966,2920,1.0,0.6691780821917809,0.3308219178082192,2169,0.1541095890410959,0.10308219178082192,0.7428082191780822
824,Baltimore County,2766,Baltimore County Precinct 14-007,2061,502,430,705,2766,1.0,0.745119305856833,0.25488069414316705,1834,0.18148951554591466,0.1554591467823572,0.6630513376717281
825,Baltimore County,3521,Baltimore County Precinct 14-008,1352,952,263,2169,3521,1.0,0.38398182334564046,0.6160181766543595,2306,0.27037773359840955,0.07469468900880431,0.6549275773927862
826,Baltimore City,2719,Baltimore City Precinct 27-008,1192,668,156,1527,2719,1.0,0.4383964692901802,0.5616035307098198,1895,0.24567855829349025,0.05737403457153365,0.696947407134976
827,Baltimore City,2670,Baltimore City Precinct 27-011,1688,679,319,982,2670,1.0,0.6322097378277154,0.36779026217228467,1672,0.2543071161048689,0.1194756554307116,0.6262172284644195
828,Baltimore City,842,Baltimore City Precinct 27-010,645,205,117,197,842,1.0,0.7660332541567696,0.2339667458432304,520,0.24346793349168647,0.13895486935866982,0.6175771971496437
829,Baltimore County,4086,Baltimore County Precinct 09-022,3162,818,580,924,4086,1.0,0.7738619676945668,0.2261380323054332,2688,0.20019579050416056,0.14194811551639747,0.657856093979442
830,Baltimore County,2181,Baltimore County Precinct 14-012,1973,406,501,208,2181,1.0,0.9046309032553874,0.09536909674461257,1274,0.18615314076111875,0.2297111416781293,0.584135717560752
831,Baltimore County,723,Baltimore County Precinct 14-014,485,118,86,238,723,1.0,0.6708160442600276,0.32918395573997233,519,0.1632088520055325,0.11894882434301521,0.7178423236514523
832,Baltimore County,3444,Baltimore County Precinct 14-006,2936,644,656,508,3444,1.0,0.8524970963995354,0.14750290360046459,2144,0.18699186991869918,0.19047619047619047,0.6225319396051103
833,Baltimore County,2262,Baltimore County Precinct 14-001,2044,437,550,218,2262,1.0,0.9036251105216623,0.09637488947833775,1275,0.1931918656056587,0.24314765694076038,0.5636604774535809
834,Baltimore County,2561,Baltimore County Precinct 14-010,1869,484,367,692,2561,1.0,0.7297930495900039,0.2702069504099961,1710,0.18898867629832097,0.14330339711050372,0.6677079265911753
835,Baltimore County,4471,Baltimore County Precinct 14-009,1738,986,345,2733,4471,1.0,0.38872735405949455,0.6112726459405055,3140,0.22053231939163498,0.07716394542607918,0.7023037351822858
836,Baltimore County,1191,Baltimore County Precinct 14-005,540,141,54,651,1191,1.0,0.4534005037783375,0.5465994962216625,996,0.11838790931989925,0.04534005037783375,0.836272040302267
837,Baltimore County,2619,Baltimore County Precinct 11-016,1527,371,202,1092,2619,1.0,0.5830469644902635,0.41695303550973656,2046,0.14165712103856434,0.07712867506681939,0.7812142038946163
838,Baltimore County,4063,Baltimore County Precinct 14-002,2593,613,530,1470,4063,1.0,0.6381983755845434,0.36180162441545655,2920,0.15087373861678563,0.13044548363278366,0.7186807777504307
839,Baltimore County,3933,Baltimore County Precinct 11-011,2948,573,595,985,3933,1.0,0.7495550470378846,0.25044495296211544,2765,0.14569031273836766,0.1512840071192474,0.703025680142385
840,Baltimore County,3413,Baltimore County Precinct 09-023,2320,651,474,1093,3413,1.0,0.6797538822150601,0.32024611778493994,2288,0.19074128332845006,0.13888075007324935,0.6703779665983006
841,Baltimore County,2956,Baltimore County Precinct 09-025,2214,551,504,742,2956,1.0,0.7489851150202977,0.2510148849797023,1901,0.18640054127198918,0.17050067658998647,0.6430987821380244
842,Baltimore County,2895,Baltimore County Precinct 11-009,2192,557,509,703,2895,1.0,0.7571675302245251,0.24283246977547496,1829,0.1924006908462867,0.17582037996545768,0.6317789291882556
843,Baltimore County,3895,Baltimore County Precinct 09-024,3019,780,735,876,3895,1.0,0.7750962772785622,0.22490372272143774,2380,0.20025673940949937,0.18870346598202825,0.6110397946084724
844,Baltimore County,3694,Baltimore County Precinct 11-015,3631,513,546,63,3694,1.0,0.9829453167298322,0.01705468327016784,2635,0.1388738494856524,0.14780725500812128,0.7133188955062263
845,Baltimore County,731,Baltimore County Precinct 11-021,560,126,107,171,731,1.0,0.7660738714090287,0.23392612859097128,498,0.17236662106703146,0.146374829001368,0.6812585499316005
846,Baltimore County,2824,Baltimore County Precinct 11-008,2388,338,510,436,2824,1.0,0.8456090651558074,0.15439093484419264,1976,0.11968838526912182,0.18059490084985835,0.6997167138810199
847,Baltimore County,3720,Baltimore County Precinct 11-010,2780,555,475,940,3720,1.0,0.7473118279569892,0.25268817204301075,2690,0.14919354838709678,0.12768817204301075,0.7231182795698925
848,Baltimore County,1942,Baltimore County Precinct 11-018,1553,124,161,389,1942,1.0,0.7996910401647785,0.20030895983522143,1657,0.06385169927909372,0.08290422245108137,0.853244078269825
849,Baltimore County,3460,Baltimore County Precinct 11-017,2820,549,718,640,3460,1.0,0.815028901734104,0.18497109826589594,2193,0.15867052023121386,0.20751445086705203,0.6338150289017341
850,Baltimore County,2630,Baltimore County Precinct 15-003,2325,231,468,305,2630,1.0,0.8840304182509505,0.11596958174904944,1931,0.08783269961977186,0.1779467680608365,0.7342205323193917
851,Baltimore County,3634,Baltimore County Precinct 14-013,1814,512,269,1820,3634,1.0,0.4991744634012108,0.5008255365987893,2853,0.14089157952669235,0.07402311502476609,0.7850853054485416
852,Baltimore County,3333,Baltimore County Precinct 15-011,2680,454,438,653,3333,1.0,0.804080408040804,0.19591959195919592,2441,0.13621362136213622,0.13141314131413143,0.7323732373237324
853,Baltimore County,343,Baltimore County Precinct 14-004,274,105,76,69,343,1.0,0.7988338192419825,0.20116618075801748,162,0.30612244897959184,0.22157434402332363,0.47230320699708456
854,Dorchester,232,Dorchester Precinct 04-001,207,22,56,25,232,1.0,0.8922413793103449,0.10775862068965517,154,0.09482758620689655,0.2413793103448276,0.6637931034482759
855,Dorchester,427,Dorchester Precinct 16-001,400,44,169,27,427,1.0,0.936768149882904,0.06323185011709602,214,0.10304449648711944,0.3957845433255269,0.5011709601873536
856,Dorchester,271,Dorchester Precinct 05-001,247,20,78,24,271,1.0,0.9114391143911439,0.08856088560885608,173,0.07380073800738007,0.2878228782287823,0.6383763837638377
857,Dorchester,544,Dorchester Precinct 09-001,469,70,182,75,544,1.0,0.8621323529411765,0.13786764705882354,292,0.12867647058823528,0.33455882352941174,0.5367647058823529
858,Dorchester,182,Dorchester Precinct 13-001,166,12,88,16,182,1.0,0.9120879120879121,0.08791208791208792,82,0.06593406593406594,0.4835164835164835,0.45054945054945056
859,Dorchester,801,Dorchester Precinct 08-001,769,99,273,32,801,1.0,0.9600499375780275,0.039950062421972535,429,0.12359550561797752,0.3408239700374532,0.5355805243445693
860,Talbot,724,Talbot Precinct 02-002,701,94,168,23,724,1.0,0.9682320441988951,0.031767955801104975,462,0.1298342541436464,0.23204419889502761,0.638121546961326
861,Talbot,2603,Talbot Precinct 02-001,2274,361,412,329,2603,1.0,0.8736073761044948,0.12639262389550518,1830,0.1386861313868613,0.15827890895121013,0.7030349596619285
862,Talbot,1245,Talbot Precinct 02-003,1065,192,281,180,1245,1.0,0.8554216867469879,0.14457831325301204,772,0.15421686746987953,0.22570281124497993,0.6200803212851406
863,Dorchester,834,Dorchester Precinct 07-003,668,125,203,166,834,1.0,0.8009592326139089,0.19904076738609114,506,0.1498800959232614,0.2434052757793765,0.6067146282973621
864,Dorchester,3660,Dorchester Precinct 07-002,756,726,95,2904,3660,1.0,0.20655737704918034,0.7934426229508197,2839,0.19836065573770492,0.025956284153005466,0.7756830601092897
865,Dorchester,2964,Dorchester Precinct 07-006,2484,327,526,480,2964,1.0,0.8380566801619433,0.16194331983805668,2111,0.11032388663967611,0.1774628879892038,0.7122132253711201
866,Dorchester,2345,Dorchester Precinct 07-001,1564,304,314,781,2345,1.0,0.6669509594882729,0.33304904051172707,1727,0.129637526652452,0.13390191897654585,0.7364605543710021
867,Dorchester,768,Dorchester Precinct 07-004,446,118,76,322,768,1.0,0.5807291666666666,0.4192708333333333,574,0.15364583333333334,0.09895833333333333,0.7473958333333334
868,Dorchester,197,Dorchester Precinct 07-007,79,78,14,118,197,1.0,0.4010152284263959,0.5989847715736041,105,0.39593908629441626,0.07106598984771574,0.5329949238578681
869,Dorchester,351,Dorchester Precinct 07-005,167,55,27,184,351,1.0,0.4757834757834758,0.5242165242165242,269,0.15669515669515668,0.07692307692307693,0.7663817663817664
870,Talbot,2495,Talbot Precinct 03-001,1972,327,547,523,2495,1.0,0.790380761523046,0.2096192384769539,1621,0.131062124248497,0.21923847695390783,0.6496993987975952
871,Talbot,1083,Talbot Precinct 03-003,997,206,261,86,1083,1.0,0.9205909510618652,0.07940904893813482,616,0.1902123730378578,0.2409972299168975,0.5687903970452447
872,Talbot,4545,Talbot Precinct 01-001,3472,455,475,1073,4545,1.0,0.7639163916391639,0.23608360836083608,3615,0.1001100110011001,0.10451045104510451,0.7953795379537953
873,Talbot,3290,Talbot Precinct 01-003,2061,446,359,1229,3290,1.0,0.6264437689969605,0.37355623100303953,2485,0.13556231003039515,0.10911854103343466,0.7553191489361702
874,Talbot,5989,Talbot Precinct 01-002,4606,616,579,1383,5989,1.0,0.7690766405075973,0.23092335949240275,4794,0.10285523459676073,0.09667724160961763,0.8004675237936216
875,Somerset,1960,Somerset Precinct 07-001,1282,287,365,678,1960,1.0,0.6540816326530612,0.34591836734693876,1308,0.14642857142857144,0.18622448979591838,0.6673469387755102
876,Baltimore City,1038,Baltimore City Precinct 12-011,130,271,14,908,1038,1.0,0.1252408477842004,0.8747591522157996,753,0.2610789980732177,0.01348747591522158,0.7254335260115607
877,Baltimore City,1718,Baltimore City Precinct 12-008,988,576,48,730,1718,1.0,0.5750873108265425,0.42491268917345754,1094,0.3352735739231665,0.027939464493597205,0.6367869615832363
878,Baltimore City,1916,Baltimore City Precinct 12-010,382,398,21,1534,1916,1.0,0.19937369519832984,0.8006263048016702,1497,0.20772442588726514,0.010960334029227558,0.7813152400835073
879,Anne Arundel,3468,Anne Arundel Precinct 01-018,2157,494,281,1311,3468,1.0,0.6219723183391004,0.3780276816608997,2693,0.14244521337946944,0.08102652825836217,0.7765282583621684
880,Anne Arundel,1823,Anne Arundel Precinct 01-017,1402,215,191,421,1823,1.0,0.7690619857377948,0.23093801426220514,1417,0.117937465715853,0.1047723532638508,0.7772901810202962
881,Anne Arundel,2523,Anne Arundel Precinct 01-016,1828,323,290,695,2523,1.0,0.724534284581847,0.275465715418153,1910,0.1280221957986524,0.11494252873563218,0.7570352754657154
882,Baltimore City,1139,Baltimore City Precinct 25-011,672,108,71,467,1139,1.0,0.5899912203687445,0.4100087796312555,960,0.09482001755926252,0.06233538191395961,0.8428446005267779
883,Baltimore City,2273,Baltimore City Precinct 25-012,1279,208,102,994,2273,1.0,0.5626924769027717,0.4373075230972283,1963,0.09150901891772988,0.04487461504619446,0.8636163660360757
884,Baltimore City,1483,Baltimore City Precinct 25-014,468,197,39,1015,1483,1.0,0.3155765340525961,0.6844234659474039,1247,0.13283884018880648,0.026298044504383007,0.8408631153068106
885,Baltimore City,1262,Baltimore City Precinct 25-013,750,103,54,512,1262,1.0,0.5942947702060222,0.40570522979397783,1105,0.08161648177496038,0.042789223454833596,0.875594294770206
886,Baltimore City,1628,Baltimore City Precinct 25-015,701,182,44,927,1628,1.0,0.4305896805896806,0.5694103194103194,1402,0.11179361179361179,0.02702702702702703,0.8611793611793612
887,Baltimore City,2415,Baltimore City Precinct 25-016,1616,226,106,799,2415,1.0,0.6691511387163561,0.3308488612836439,2083,0.09358178053830228,0.04389233954451346,0.8625258799171842
888,Baltimore City,2673,Baltimore City Precinct 24-004,2448,768,353,225,2673,1.0,0.9158249158249159,0.08417508417508418,1552,0.287317620650954,0.13206135428357652,0.5806210250654695
889,Baltimore City,878,Baltimore City Precinct 24-002,775,272,127,103,878,1.0,0.8826879271070615,0.11731207289293849,479,0.3097949886104784,0.14464692482915717,0.5455580865603644
890,Baltimore City,722,Baltimore City Precinct 24-001,632,226,108,90,722,1.0,0.8753462603878116,0.12465373961218837,388,0.31301939058171746,0.14958448753462603,0.5373961218836565
891,Baltimore City,1728,Baltimore City Precinct 24-003,1531,541,258,197,1728,1.0,0.8859953703703703,0.11400462962962964,929,0.3130787037037037,0.14930555555555555,0.5376157407407407
892,Baltimore City,1994,Baltimore City Precinct 03-003,1421,429,185,573,1994,1.0,0.7126379137412236,0.28736208625877635,1380,0.21514543630892677,0.09277833500501505,0.6920762286860582
893,Baltimore City,3017,Baltimore City Precinct 24-005,2786,1112,621,231,3017,1.0,0.9234338747099768,0.0765661252900232,1284,0.3685780576731853,0.20583360954590654,0.4255883327809082
894,Baltimore City,2635,Baltimore City Precinct 02-003,2167,689,227,468,2635,1.0,0.8223908918406072,0.1776091081593928,1719,0.26148007590132827,0.08614800759013283,0.6523719165085389
895,Baltimore City,2074,Baltimore City Precinct 02-002,1402,505,127,672,2074,1.0,0.6759884281581485,0.3240115718418515,1442,0.24349083895853424,0.06123432979749277,0.695274831243973
896,Baltimore City,2117,Baltimore City Precinct 01-002,1706,598,133,411,2117,1.0,0.8058573452999528,0.19414265470004724,1386,0.28247520075578647,0.06282475200755787,0.6547000472366556
897,Baltimore City,1947,Baltimore City Precinct 01-003,1710,436,188,237,1947,1.0,0.8782742681047766,0.12172573189522343,1323,0.2239342578325629,0.09655880842321521,0.6795069337442219
898,Baltimore City,2617,Baltimore City Precinct 05-001,202,250,15,2415,2617,1.0,0.07718761941153993,0.92281238058846,2352,0.09552923194497516,0.00573175391669851,0.8987390141383264
899,Baltimore City,658,Baltimore City Precinct 10-004,17,146,6,641,658,1.0,0.025835866261398176,0.9741641337386018,506,0.22188449848024316,0.00911854103343465,0.7689969604863222
900,Baltimore City,5665,Baltimore City Precinct 10-003,789,82,5,4876,5665,1.0,0.13927625772285968,0.8607237422771403,5578,0.014474845542806708,0.00088261253309797,0.9846425419240953
901,Baltimore City,836,Baltimore City Precinct 03-002,231,135,18,605,836,1.0,0.27631578947368424,0.7236842105263158,683,0.16148325358851676,0.0215311004784689,0.8169856459330144
902,Calvert,2365,Calvert Precinct 01-004,1979,387,720,386,2365,1.0,0.8367864693446089,0.16321353065539113,1258,0.16363636363636364,0.3044397463002114,0.531923890063425
903,Calvert,2363,Calvert Precinct 02-004,1630,472,637,733,2363,1.0,0.6898011002962336,0.3101988997037664,1254,0.19974608548455353,0.2695725772323318,0.5306813372831147
904,Calvert,2969,Calvert Precinct 01-003,2481,392,635,488,2969,1.0,0.8356348939036713,0.16436510609632873,1942,0.13203098686426407,0.21387672617042774,0.6540922869653082
905,Calvert,3541,Calvert Precinct 01-006,2855,542,683,686,3541,1.0,0.806269415419373,0.19373058458062695,2316,0.1530641061846936,0.19288336628071168,0.6540525275345948
906,Calvert,2965,Calvert Precinct 02-005,2571,438,827,394,2965,1.0,0.8671163575042159,0.13288364249578416,1700,0.14772344013490726,0.278920741989882,0.5733558178752108
907,Calvert,3099,Calvert Precinct 03-002,2465,524,588,634,3099,1.0,0.7954178767344304,0.20458212326556954,1987,0.1690868021942562,0.18973862536302033,0.6411745724427235
908,Calvert,2398,Calvert Precinct 03-001,2042,446,570,356,2398,1.0,0.8515429524603837,0.14845704753961636,1382,0.1859883236030025,0.237698081734779,0.5763135946622185
909,Anne Arundel,2629,Anne Arundel Precinct 07-002,2349,487,644,280,2629,1.0,0.893495625713199,0.10650437428680107,1498,0.18524153670597185,0.24496006085964245,0.5697984024343857
910,Talbot,757,Talbot Precinct 05-002,734,132,230,23,757,1.0,0.9696169088507266,0.03038309114927345,395,0.17437252311756934,0.3038309114927345,0.5217965653896962
911,Talbot,886,Talbot Precinct 05-001,809,194,169,77,886,1.0,0.9130925507900677,0.08690744920993228,523,0.21896162528216703,0.19074492099322798,0.590293453724605
912,Dorchester,373,Dorchester Precinct 06-001,350,41,120,23,373,1.0,0.938337801608579,0.06166219839142091,212,0.10991957104557641,0.32171581769436997,0.5683646112600537
913,Baltimore City,2765,Baltimore City Precinct 07-004,124,376,23,2641,2765,1.0,0.04484629294755877,0.9551537070524412,2366,0.1359855334538879,0.008318264014466547,0.8556962025316456
914,Baltimore City,3497,Baltimore City Precinct 26-010,1389,431,144,2108,3497,1.0,0.3971975979410924,0.6028024020589077,2922,0.12324849871318273,0.04117815270231627,0.835573348584501
915,Baltimore City,923,Baltimore City Precinct 26-012,85,113,9,838,923,1.0,0.09209100758396534,0.9079089924160346,801,0.12242686890574214,0.009750812567713976,0.8678223185265439
916,Baltimore City,3245,Baltimore City Precinct 08-010,18,699,40,3227,3245,1.0,0.005546995377503852,0.9944530046224962,2506,0.21540832049306627,0.012326656394453005,0.7722650231124807
917,Baltimore City,577,Baltimore City Precinct 08-011,13,142,5,564,577,1.0,0.022530329289428077,0.9774696707105719,430,0.24610051993067592,0.008665511265164644,0.7452339688041595
918,Baltimore City,1998,Baltimore City Precinct 08-003,70,365,28,1928,1998,1.0,0.035035035035035036,0.964964964964965,1605,0.18268268268268267,0.014014014014014014,0.8033033033033034
919,Baltimore City,1675,Baltimore City Precinct 26-019,143,442,18,1532,1675,1.0,0.0853731343283582,0.9146268656716418,1215,0.2638805970149254,0.010746268656716417,0.7253731343283583
920,Baltimore City,783,Baltimore City Precinct 26-020,50,193,10,733,783,1.0,0.06385696040868455,0.9361430395913155,580,0.24648786717752236,0.01277139208173691,0.7407407407407407
921,Baltimore City,1709,Baltimore City Precinct 26-011,785,123,58,924,1709,1.0,0.4593329432416618,0.5406670567583383,1528,0.07197191339964892,0.03393797542422469,0.8940901111761264
922,Baltimore City,1355,Baltimore City Precinct 26-013,1074,128,123,281,1355,1.0,0.792619926199262,0.207380073800738,1104,0.09446494464944649,0.0907749077490775,0.814760147601476
923,Baltimore City,339,Baltimore City Precinct 26-017,33,157,10,306,339,1.0,0.09734513274336283,0.9026548672566371,172,0.4631268436578171,0.029498525073746312,0.5073746312684366
924,Baltimore City,2928,Baltimore City Precinct 26-018,256,745,26,2672,2928,1.0,0.08743169398907104,0.912568306010929,2157,0.25443989071038253,0.008879781420765027,0.7366803278688525
925,Baltimore City,1249,Baltimore City Precinct 26-016,74,321,15,1175,1249,1.0,0.059247397918334666,0.9407526020816653,913,0.2570056044835869,0.01200960768614892,0.7309847878302642
926,Howard,2116,Howard Precinct 04-004,1753,364,701,363,2116,1.0,0.8284499054820416,0.1715500945179584,1051,0.1720226843100189,0.33128544423440454,0.4966918714555766
927,Carroll,6623,Carroll Precinct 14-002,6214,815,1935,409,6623,1.0,0.9382455080779103,0.061754491922089684,3873,0.12305601691076551,0.2921636720519402,0.5847803110372943
928,Carroll,3192,Carroll Precinct 05-001,2872,639,879,320,3192,1.0,0.899749373433584,0.10025062656641603,1674,0.20018796992481203,0.27537593984962405,0.5244360902255639
929,Carroll,647,Carroll Precinct 05-006,626,142,164,21,647,1.0,0.9675425038639877,0.03245749613601236,341,0.21947449768160743,0.2534775888717156,0.527047913446677
930,Howard,2206,Howard Precinct 03-002,1871,488,760,335,2206,1.0,0.8481414324569356,0.15185856754306437,958,0.22121486854034453,0.3445149592021759,0.4342701722574796
931,Carroll,2786,Carroll Precinct 14-001,2611,486,884,175,2786,1.0,0.9371859296482412,0.06281407035175879,1416,0.17444364680545585,0.3173007896625987,0.5082555635319455
932,Carroll,2559,Carroll Precinct 05-005,2276,564,743,283,2559,1.0,0.889409925752247,0.11059007424775302,1252,0.22039859320046892,0.2903477921062915,0.4892536146932395
933,Carroll,2727,Carroll Precinct 09-001,2601,455,1167,126,2727,1.0,0.9537953795379538,0.0462046204620462,1105,0.16685001833516686,0.42794279427942794,0.40520718738540523
934,Carroll,5574,Carroll Precinct 07-007,5011,845,1370,563,5574,1.0,0.8989953354861858,0.10100466451381414,3359,0.1515966989594546,0.24578399712952997,0.6026193039110155
935,Carroll,1903,Carroll Precinct 07-008,1759,242,602,144,1903,1.0,0.9243300052548608,0.07566999474513926,1059,0.12716763005780346,0.3163426169206516,0.5564897530215449
936,Carroll,960,Carroll Precinct 07-005,945,213,246,15,960,1.0,0.984375,0.015625,501,0.221875,0.25625,0.521875
937,Carroll,2365,Carroll Precinct 04-002,2282,317,788,83,2365,1.0,0.9649048625792812,0.03509513742071882,1260,0.13403805496828752,0.3331923890063425,0.53276955602537
938,Carroll,2537,Carroll Precinct 07-006,2326,326,597,211,2537,1.0,0.9168309026409145,0.08316909735908554,1614,0.12849822625147814,0.23531730390224675,0.6361844698462751
939,Carroll,3647,Carroll Precinct 07-003,3100,442,560,547,3647,1.0,0.8500137098985467,0.14998629010145326,2645,0.12119550315327667,0.15355086372360843,0.7252536331231149
940,Carroll,2385,Carroll Precinct 07-001,2135,279,401,250,2385,1.0,0.8951781970649895,0.10482180293501048,1705,0.1169811320754717,0.1681341719077568,0.7148846960167715
941,Carroll,7644,Carroll Precinct 05-004,6509,1418,2193,1135,7644,1.0,0.8515175300889587,0.14848246991104133,4033,0.18550497121925694,0.2868916797488226,0.5276033490319204
942,Howard,3762,Howard Precinct 03-005,2617,632,644,1145,3762,1.0,0.6956406166932483,0.3043593833067517,2486,0.16799574694311536,0.17118553960659225,0.6608187134502924
943,Carroll,4313,Carroll Precinct 05-002,3922,875,1493,391,4313,1.0,0.9093438441919778,0.09065615580802226,1945,0.202875028982147,0.3461627637375377,0.45096220728031533
944,St. Mary's,2003,St. Mary's Precinct 01-002,1697,276,504,306,2003,1.0,0.8472291562656016,0.1527708437343984,1223,0.13779331003494757,0.25162256615077383,0.6105841238142786
945,St. Mary's,3822,St. Mary's Precinct 01-001,3130,454,639,692,3822,1.0,0.8189429618001046,0.18105703819989535,2729,0.11878597592883307,0.16718995290423863,0.7140240711669283
946,Somerset,179,Somerset Precinct 10-001,171,27,36,8,179,1.0,0.9553072625698324,0.0446927374301676,116,0.15083798882681565,0.2011173184357542,0.6480446927374302
947,Dorchester,308,Dorchester Precinct 10-001,300,23,60,8,308,1.0,0.974025974025974,0.025974025974025976,225,0.07467532467532467,0.19480519480519481,0.7305194805194806
948,St. Mary's,3575,St. Mary's Precinct 08-003,2427,590,592,1148,3575,1.0,0.6788811188811189,0.3211188811188811,2393,0.16503496503496504,0.1655944055944056,0.6693706293706294
949,St. Mary's,2881,St. Mary's Precinct 08-005,2361,358,534,520,2881,1.0,0.8195071155848663,0.18049288441513364,1989,0.12426240888580355,0.1853523082263103,0.6903852828878861
950,St. Mary's,402,St. Mary's Precinct 08-008,339,125,118,63,402,1.0,0.8432835820895522,0.15671641791044777,159,0.31094527363184077,0.2935323383084577,0.39552238805970147
951,St. Mary's,1160,St. Mary's Precinct 08-010,735,182,138,425,1160,1.0,0.6336206896551724,0.36637931034482757,840,0.15689655172413794,0.11896551724137931,0.7241379310344828
952,St. Mary's,1548,St. Mary's Precinct 08-002,1377,250,400,171,1548,1.0,0.8895348837209303,0.11046511627906977,898,0.16149870801033592,0.25839793281653745,0.5801033591731266
953,St. Mary's,2841,St. Mary's Precinct 06-003,2593,332,861,248,2841,1.0,0.9127067933826117,0.08729320661738825,1648,0.11686026047166491,0.30306230200633577,0.5800774375219993
954,St. Mary's,2052,St. Mary's Precinct 08-006,1617,250,393,435,2052,1.0,0.7880116959064327,0.21198830409356725,1409,0.12183235867446393,0.1915204678362573,0.6866471734892787
955,Calvert,2874,Calvert Precinct 01-001,2444,617,693,430,2874,1.0,0.8503827418232429,0.14961725817675714,1564,0.21468336812804453,0.24112734864300625,0.5441892832289492
956,Calvert,2535,Calvert Precinct 01-007,2065,557,768,470,2535,1.0,0.814595660749507,0.1854043392504931,1210,0.21972386587771203,0.3029585798816568,0.47731755424063116
957,Calvert,3483,Calvert Precinct 01-005,2710,558,758,773,3483,1.0,0.7780648865920183,0.22193511340798164,2167,0.16020671834625322,0.21762848119437267,0.6221648004593741
958,Calvert,3411,Calvert Precinct 01-002,2504,551,542,907,3411,1.0,0.7340955731457051,0.26590442685429494,2318,0.16153620639108765,0.15889768396364704,0.6795661096452653
959,St. Mary's,2376,St. Mary's Precinct 02-002,2085,398,649,291,2376,1.0,0.8775252525252525,0.12247474747474747,1329,0.1675084175084175,0.27314814814814814,0.5593434343434344
960,St. Mary's,2833,St. Mary's Precinct 02-001,2361,463,826,472,2833,1.0,0.8333921637839746,0.1666078362160254,1544,0.1634309918813978,0.2915637133780445,0.5450052947405577
961,St. Mary's,3761,St. Mary's Precinct 08-009,1768,658,306,1993,3761,1.0,0.47008774262164316,0.5299122573783568,2797,0.1749534698218559,0.08136134006913055,0.7436851901090136
962,St. Mary's,2579,St. Mary's Precinct 08-007,1260,553,342,1319,2579,1.0,0.48856145792943,0.5114385420705699,1684,0.21442419542458316,0.1326095385808453,0.6529662659945715
963,St. Mary's,3761,St. Mary's Precinct 08-001,2189,534,376,1572,3761,1.0,0.5820260568997607,0.4179739431002393,2851,0.14198351502260037,0.0999734113267748,0.7580430736506248
964,St. Mary's,5431,St. Mary's Precinct 08-004,3460,888,905,1971,5431,1.0,0.6370834100533972,0.36291658994660286,3638,0.16350580003682563,0.16663597864113422,0.6698582213220401
965,Baltimore County,3555,Baltimore County Precinct 08-011,2068,347,275,1487,3555,1.0,0.5817158931082982,0.4182841068917018,2933,0.09760900140646976,0.07735583684950774,0.8250351617440225
966,Baltimore County,2505,Baltimore County Precinct 08-006,1379,962,258,1126,2505,1.0,0.550499001996008,0.449500998003992,1285,0.3840319361277445,0.1029940119760479,0.5129740518962076
967,Baltimore County,1757,Baltimore County Precinct 08-003,1549,396,363,208,1757,1.0,0.8816163915765509,0.11838360842344905,998,0.22538417757541263,0.20660216277746157,0.5680136596471258
968,Baltimore County,2017,Baltimore County Precinct 08-022,1757,464,406,260,2017,1.0,0.8710956866633615,0.12890431333663857,1147,0.2300446207238473,0.20128904313336637,0.5686663361427863
969,Baltimore County,2489,Baltimore County Precinct 08-001,2208,478,664,281,2489,1.0,0.8871032543190036,0.11289674568099639,1347,0.19204499799116112,0.26677380474085977,0.5411811972679791
970,Baltimore County,1888,Baltimore County Precinct 08-025,1659,314,370,229,1888,1.0,0.878707627118644,0.12129237288135593,1204,0.1663135593220339,0.19597457627118645,0.6377118644067796
971,Baltimore County,2437,Baltimore County Precinct 08-004,2117,542,624,320,2437,1.0,0.8686910135412392,0.13130898645876077,1271,0.22240459581452607,0.2560525235945835,0.5215428805908905
972,Baltimore County,1477,Baltimore County Precinct 10-002,1372,253,368,105,1477,1.0,0.9289099526066351,0.07109004739336493,856,0.17129316181448884,0.24915368991198375,0.5795531482735274
973,Baltimore County,1876,Baltimore County Precinct 10-004,1797,264,504,79,1876,1.0,0.9578891257995735,0.04211087420042644,1108,0.14072494669509594,0.26865671641791045,0.5906183368869936
974,Baltimore County,3018,Baltimore County Precinct 10-001,2857,460,796,161,3018,1.0,0.9466534128561962,0.053346587143803845,1762,0.15241882041086813,0.2637508283631544,0.5838303512259775
975,Baltimore County,3508,Baltimore County Precinct 05-001,3315,533,1101,193,3508,1.0,0.9449828962371721,0.05501710376282782,1874,0.15193842645381983,0.3138540478905359,0.5342075256556442
976,Baltimore County,1975,Baltimore County Precinct 06-001,1875,329,687,100,1975,1.0,0.9493670886075949,0.05063291139240506,959,0.16658227848101265,0.3478481012658228,0.4855696202531646
977,Baltimore County,2338,Baltimore County Precinct 06-002,2220,345,842,118,2338,1.0,0.9495295124037639,0.0504704875962361,1151,0.14756201881950384,0.360136869118905,0.4923011120615911
978,Baltimore County,2472,Baltimore County Precinct 07-003,2274,434,805,198,2472,1.0,0.9199029126213593,0.08009708737864078,1233,0.1755663430420712,0.3256472491909385,0.4987864077669903
979,Baltimore County,1071,Baltimore County Precinct 07-002,1032,210,438,39,1071,1.0,0.9635854341736695,0.036414565826330535,423,0.19607843137254902,0.40896358543417366,0.3949579831932773
980,Baltimore County,3153,Baltimore County Precinct 07-001,2987,496,1106,166,3153,1.0,0.9473517285125278,0.05264827148747225,1551,0.1573104979384713,0.35077703774183316,0.49191246431969554
981,St. Mary's,210,St. Mary's Precinct 09-001,181,43,59,29,210,1.0,0.861904761904762,0.1380952380952381,108,0.20476190476190476,0.28095238095238095,0.5142857142857142
982,Baltimore City,2683,Baltimore City Precinct 26-024,242,466,16,2441,2683,1.0,0.09019754006708908,0.9098024599329109,2201,0.17368617219530377,0.005963473723443906,0.8203503540812523
983,Baltimore City,2299,Baltimore City Precinct 26-025,146,333,21,2153,2299,1.0,0.06350587211831231,0.9364941278816877,1945,0.1448455850369726,0.009134406263592866,0.8460200086994345
984,Baltimore City,1812,Baltimore City Precinct 26-026,482,410,56,1330,1812,1.0,0.26600441501103755,0.7339955849889624,1346,0.22626931567328917,0.03090507726269316,0.7428256070640177
985,Baltimore City,2585,Baltimore City Precinct 27-005,1273,708,137,1312,2585,1.0,0.49245647969052225,0.5075435203094778,1740,0.27388781431334625,0.05299806576402321,0.6731141199226306
986,Baltimore City,3355,Baltimore City Precinct 27-006,959,794,92,2396,3355,1.0,0.28584202682563337,0.7141579731743666,2469,0.23666169895678094,0.027421758569299553,0.7359165424739196
987,Baltimore City,780,Baltimore City Precinct 27-019,33,176,8,747,780,1.0,0.04230769230769231,0.9576923076923077,596,0.22564102564102564,0.010256410256410256,0.764102564102564
988,Baltimore City,2289,Baltimore City Precinct 27-015,400,565,52,1889,2289,1.0,0.17474879860200962,0.8252512013979904,1672,0.24683267802533856,0.022717343818261248,0.7304499781564002
989,Baltimore County,3836,Baltimore County Precinct 09-020,464,918,73,3372,3836,1.0,0.12095933263816476,0.8790406673618353,2845,0.23931178310740356,0.019030239833159542,0.7416579770594369
990,Baltimore County,2342,Baltimore County Precinct 09-028,897,577,102,1445,2342,1.0,0.38300597779675494,0.6169940222032451,1663,0.24637062339880444,0.04355251921434671,0.7100768573868489
991,Baltimore County,2528,Baltimore County Precinct 09-019,1774,651,305,754,2528,1.0,0.7017405063291139,0.29825949367088606,1572,0.2575158227848101,0.1206487341772152,0.6218354430379747
992,Baltimore City,2647,Baltimore City Precinct 27-014,1453,730,225,1194,2647,1.0,0.5489233094068757,0.4510766905931243,1692,0.2757839063090291,0.08500188893086513,0.6392142047601058
993,Baltimore City,3409,Baltimore City Precinct 27-013,915,668,127,2494,3409,1.0,0.26840715752420063,0.7315928424757994,2614,0.19595189205045468,0.03725432678204752,0.7667937811674977
994,Baltimore City,1492,Baltimore City Precinct 27-009,843,468,127,649,1492,1.0,0.5650134048257373,0.43498659517426275,897,0.3136729222520107,0.08512064343163539,0.6012064343163539
995,Baltimore City,762,Baltimore City Precinct 27-012,550,159,88,212,762,1.0,0.7217847769028871,0.2782152230971129,515,0.20866141732283464,0.11548556430446194,0.6758530183727034
996,Baltimore County,3661,Baltimore County Precinct 09-021,3095,722,723,566,3661,1.0,0.8453974323955203,0.15460256760447966,2216,0.19721387599016663,0.1974870254028954,0.605299098606938
997,Baltimore County,2909,Baltimore County Precinct 09-029,2172,66,3,737,2909,1.0,0.7466483327603988,0.25335166723960123,2840,0.022688209006531453,0.0010312822275696115,0.9762805087658989
998,Baltimore County,2194,Baltimore County Precinct 09-012,1804,531,311,390,2194,1.0,0.8222424794895169,0.17775752051048313,1352,0.24202370100273474,0.14175022789425706,0.6162260711030082
999,Baltimore County,2160,Baltimore County Precinct 09-007,1829,528,582,331,2160,1.0,0.8467592592592592,0.15324074074074073,1050,0.24444444444444444,0.26944444444444443,0.4861111111111111
1000,Baltimore County,2993,Baltimore County Precinct 09-011,2118,610,271,875,2993,1.0,0.707651186100902,0.2923488138990979,2112,0.20380888740394254,0.09054460407617775,0.7056465085198798
1001,Baltimore County,5056,Baltimore County Precinct 09-010,3865,1120,546,1191,5056,1.0,0.7644382911392406,0.2355617088607595,3390,0.22151898734177214,0.10799050632911393,0.6704905063291139
1002,Baltimore County,1644,Baltimore County Precinct 08-015,1440,424,440,204,1644,1.0,0.8759124087591241,0.12408759124087591,780,0.25790754257907544,0.26763990267639903,0.4744525547445255
1003,Baltimore County,1925,Baltimore County Precinct 08-014,1650,317,373,275,1925,1.0,0.8571428571428571,0.14285714285714285,1235,0.16467532467532467,0.19376623376623375,0.6415584415584416
1004,Baltimore County,2163,Baltimore County Precinct 08-012,1905,588,605,258,2163,1.0,0.8807212205270458,0.11927877947295423,970,0.27184466019417475,0.279704114655571,0.44845122515025426
1005,Baltimore County,5466,Baltimore County Precinct 08-005,3011,119,159,2455,5466,1.0,0.5508598609586535,0.44914013904134653,5188,0.02177094767654592,0.029088913282107574,0.9491401390413465
1006,Baltimore County,1075,Baltimore County Precinct 09-016,915,274,237,160,1075,1.0,0.8511627906976744,0.14883720930232558,564,0.25488372093023254,0.22046511627906976,0.5246511627906977
1007,Baltimore County,1627,Baltimore County Precinct 09-017,1118,423,193,509,1627,1.0,0.6871542716656422,0.3128457283343577,1011,0.2599877074370006,0.11862323294406883,0.6213890596189305
1008,Baltimore County,26,Baltimore County Precinct 09-027,20,3,3,6,26,1.0,0.7692307692307693,0.23076923076923078,20,0.11538461538461539,0.11538461538461539,0.7692307692307693
1009,Baltimore County,2576,Baltimore County Precinct 09-018,1975,634,325,601,2576,1.0,0.7666925465838509,0.23330745341614906,1617,0.24611801242236025,0.12616459627329193,0.6277173913043478
1010,Baltimore County,1631,Baltimore County Precinct 09-009,1412,460,511,219,1631,1.0,0.8657265481299816,0.1342734518700184,660,0.2820355610055181,0.3133047210300429,0.404659717964439
1011,Baltimore County,1132,Baltimore County Precinct 09-026,975,330,277,157,1132,1.0,0.8613074204946997,0.13869257950530034,525,0.2915194346289753,0.24469964664310953,0.4637809187279152
1012,Baltimore County,1592,Baltimore County Precinct 09-008,1465,418,503,127,1592,1.0,0.9202261306532663,0.07977386934673367,671,0.26256281407035176,0.31595477386934673,0.4214824120603015
1013,Baltimore County,2194,Baltimore County Precinct 08-007,1336,536,317,858,2194,1.0,0.6089334548769371,0.3910665451230629,1341,0.24430264357338194,0.14448495897903374,0.6112123974475843
1014,Baltimore City,751,Baltimore City Precinct 27-037,547,186,72,204,751,1.0,0.7283621837549934,0.27163781624500666,493,0.24766977363515313,0.09587217043941411,0.6564580559254327
1015,Baltimore City,1727,Baltimore City Precinct 27-038,993,371,56,734,1727,1.0,0.57498552403011,0.42501447596989,1300,0.21482339316734222,0.03242617255356109,0.7527504342790967
1016,Baltimore City,1669,Baltimore City Precinct 27-042,1261,586,194,408,1669,1.0,0.7555422408627921,0.2444577591372079,889,0.35110844817255843,0.11623726782504494,0.5326542840023967
1017,Baltimore City,1155,Baltimore City Precinct 27-044,1034,539,116,121,1155,1.0,0.8952380952380953,0.10476190476190476,500,0.4666666666666667,0.10043290043290043,0.4329004329004329
1018,Baltimore City,1487,Baltimore City Precinct 27-040,1289,543,212,198,1487,1.0,0.8668459986550101,0.13315400134498992,732,0.36516476126429054,0.1425689307330195,0.49226630800269
1019,Baltimore City,742,Baltimore City Precinct 27-039,645,328,105,97,742,1.0,0.8692722371967655,0.1307277628032345,309,0.4420485175202156,0.14150943396226415,0.4164420485175202
1020,Baltimore City,1929,Baltimore City Precinct 27-041,1446,624,190,483,1929,1.0,0.749611197511664,0.25038880248833595,1115,0.3234836702954899,0.09849663037843442,0.5780196993260757
1021,Baltimore County,3216,Baltimore County Precinct 09-003,2807,1002,489,409,3216,1.0,0.8728233830845771,0.1271766169154229,1725,0.31156716417910446,0.15205223880597016,0.5363805970149254
1022,Baltimore County,3358,Baltimore County Precinct 03-008,2894,786,420,464,3358,1.0,0.8618225134008338,0.13817748659916618,2152,0.23406789755807028,0.12507444907683143,0.6408576533650983
1023,Baltimore County,2600,Baltimore County Precinct 09-001,2400,691,533,200,2600,1.0,0.9230769230769231,0.07692307692307693,1376,0.26576923076923076,0.205,0.5292307692307693
1024,Baltimore County,2246,Baltimore County Precinct 08-017,2079,607,662,167,2246,1.0,0.9256455921638468,0.07435440783615316,977,0.27025823686553874,0.2947462154942119,0.43499554764024934
1025,Baltimore County,879,Baltimore County Precinct 08-018,784,227,278,95,879,1.0,0.8919226393629124,0.1080773606370876,374,0.2582480091012514,0.3162684869169511,0.4254835039817975
1026,Baltimore County,2530,Baltimore County Precinct 08-019,2247,483,639,283,2530,1.0,0.8881422924901186,0.11185770750988143,1408,0.19090909090909092,0.2525691699604743,0.5565217391304348
1027,Baltimore County,2751,Baltimore County Precinct 08-009,2153,624,752,598,2751,1.0,0.7826245001817521,0.2173754998182479,1375,0.2268266085059978,0.2733551435841512,0.49981824790985097
1028,Baltimore County,2173,Baltimore County Precinct 08-010,1965,504,557,208,2173,1.0,0.9042797975149562,0.09572020248504372,1112,0.23193741371375978,0.2563276576161988,0.5117349286700414
1029,Baltimore County,1707,Baltimore County Precinct 08-020,1487,313,297,220,1707,1.0,0.8711189220855302,0.12888107791446984,1097,0.1833626244874048,0.17398945518453426,0.642647920328061
1030,Baltimore County,1541,Baltimore County Precinct 09-002,1463,417,465,78,1541,1.0,0.9493835171966256,0.050616482803374434,659,0.27060350421804025,0.3017521090201168,0.42764438676184297
1031,Baltimore County,4116,Baltimore County Precinct 09-004,3440,614,358,676,4116,1.0,0.8357628765792031,0.16423712342079688,3144,0.1491739552964043,0.08697764820213799,0.7638483965014577
1032,Baltimore County,3650,Baltimore County Precinct 09-005,3293,885,590,357,3650,1.0,0.9021917808219178,0.09780821917808219,2175,0.24246575342465754,0.16164383561643836,0.5958904109589042
1033,Baltimore County,6430,Baltimore County Precinct 09-006,4497,309,156,1933,6430,1.0,0.6993779160186625,0.3006220839813375,5965,0.04805598755832037,0.024261275272161743,0.9276827371695179
1034,Baltimore County,621,Baltimore County Precinct 08-016,526,286,210,95,621,1.0,0.8470209339774557,0.1529790660225443,125,0.4605475040257649,0.33816425120772947,0.20128824476650564
1035,Baltimore County,2667,Baltimore County Precinct 08-013,2348,618,602,319,2667,1.0,0.880389951256093,0.11961004874390702,1447,0.23172103487064116,0.22572178477690288,0.5425571803524559
1036,Baltimore City,1338,Baltimore City Precinct 09-010,254,338,16,1084,1338,1.0,0.1898355754857997,0.8101644245142003,984,0.2526158445440957,0.01195814648729447,0.7354260089686099
1037,Baltimore City,1402,Baltimore City Precinct 09-003,246,416,24,1156,1402,1.0,0.1754636233951498,0.8245363766048502,962,0.2967189728958631,0.017118402282453638,0.6861626248216833
1038,Baltimore City,1166,Baltimore City Precinct 09-002,133,248,21,1033,1166,1.0,0.11406518010291596,0.885934819897084,897,0.21269296740994853,0.018010291595197257,0.7692967409948542
1039,Baltimore City,1002,Baltimore City Precinct 09-009,76,219,17,926,1002,1.0,0.07584830339321358,0.9241516966067864,766,0.218562874251497,0.016966067864271458,0.7644710578842315
1040,Baltimore City,1958,Baltimore City Precinct 09-004,484,625,48,1474,1958,1.0,0.24719101123595505,0.7528089887640449,1285,0.3192032686414709,0.024514811031664963,0.6562819203268642
1041,Baltimore City,1717,Baltimore City Precinct 09-005,367,427,37,1350,1717,1.0,0.21374490390215492,0.786255096097845,1253,0.24868957483983692,0.021549213744903904,0.7297612114152592
1042,Baltimore City,782,Baltimore City Precinct 09-001,41,147,7,741,782,1.0,0.052429667519181586,0.9475703324808185,628,0.18797953964194372,0.008951406649616368,0.80306905370844
1043,Baltimore City,970,Baltimore City Precinct 27-036,32,211,12,938,970,1.0,0.032989690721649485,0.9670103092783505,747,0.2175257731958763,0.012371134020618556,0.7701030927835052
1044,Baltimore City,3261,Baltimore City Precinct 27-035,98,476,26,3163,3261,1.0,0.03005213124808341,0.9699478687519166,2759,0.145967494633548,0.007973014412756822,0.8460594909536951
1045,Baltimore City,1481,Baltimore City Precinct 27-026,265,204,15,1216,1481,1.0,0.17893315327481432,0.8210668467251857,1262,0.137744767049291,0.01012829169480081,0.8521269412559082
1046,Baltimore City,1722,Baltimore City Precinct 27-027,33,342,10,1689,1722,1.0,0.01916376306620209,0.980836236933798,1370,0.1986062717770035,0.005807200929152149,0.7955865272938444
1047,Baltimore City,1372,Baltimore City Precinct 27-028,32,285,14,1340,1372,1.0,0.023323615160349854,0.9766763848396501,1073,0.20772594752186588,0.01020408163265306,0.782069970845481
1048,Baltimore City,858,Baltimore City Precinct 27-029,10,194,20,848,858,1.0,0.011655011655011656,0.9883449883449883,644,0.2261072261072261,0.023310023310023312,0.7505827505827506
1049,Baltimore City,1643,Baltimore City Precinct 09-008,18,240,6,1625,1643,1.0,0.010955569080949483,0.9890444309190505,1397,0.14607425441265978,0.0036518563603164943,0.8502738892270237
1050,Baltimore City,1933,Baltimore City Precinct 09-006,142,597,31,1791,1933,1.0,0.0734609415416451,0.9265390584583549,1305,0.3088463528194516,0.01603724780134506,0.6751163993792033
1051,Baltimore City,1819,Baltimore City Precinct 09-007,152,488,23,1667,1819,1.0,0.08356239692138538,0.9164376030786147,1308,0.2682792743265531,0.012644310060472787,0.7190764156129742
1052,Baltimore City,1296,Baltimore City Precinct 27-025,35,339,16,1261,1296,1.0,0.02700617283950617,0.9729938271604939,941,0.26157407407407407,0.012345679012345678,0.7260802469135802
1053,Baltimore City,1047,Baltimore City Precinct 27-024,138,141,6,909,1047,1.0,0.1318051575931232,0.8681948424068768,900,0.1346704871060172,0.0057306590257879654,0.8595988538681948
1054,Baltimore City,588,Baltimore City Precinct 27-023,30,215,15,558,588,1.0,0.05102040816326531,0.9489795918367347,358,0.3656462585034014,0.025510204081632654,0.608843537414966
1055,Baltimore City,1632,Baltimore City Precinct 27-034,121,404,24,1511,1632,1.0,0.0741421568627451,0.9258578431372549,1204,0.24754901960784315,0.014705882352941176,0.7377450980392157
1056,Baltimore City,2316,Baltimore City Precinct 27-033,564,630,59,1752,2316,1.0,0.24352331606217617,0.7564766839378239,1627,0.27202072538860106,0.02547495682210708,0.7025043177892919
1057,Baltimore City,2778,Baltimore City Precinct 27-032,1010,747,79,1768,2778,1.0,0.36357091432685384,0.6364290856731462,1952,0.2688984881209503,0.02843772498200144,0.7026637868970482
1058,Baltimore County,2581,Baltimore County Precinct 09-014,1807,880,252,774,2581,1.0,0.7001162340178225,0.2998837659821775,1449,0.3409531189461449,0.0976365749709415,0.5614103060829136
1059,Baltimore County,2145,Baltimore County Precinct 09-013,2025,827,440,120,2145,1.0,0.9440559440559441,0.055944055944055944,878,0.38554778554778557,0.20512820512820512,0.4093240093240093
1060,Baltimore City,1703,Baltimore City Precinct 27-030,58,351,16,1645,1703,1.0,0.03405754550792719,0.9659424544920728,1336,0.20610687022900764,0.009395184967704051,0.7844979448032883
1061,Baltimore City,2334,Baltimore City Precinct 27-031,141,605,38,2193,2334,1.0,0.060411311053984576,0.9395886889460154,1691,0.2592116538131962,0.016281062553556127,0.7245072836332477
1062,Baltimore City,2547,Baltimore City Precinct 27-022,207,699,33,2340,2547,1.0,0.0812720848056537,0.9187279151943463,1815,0.2744405182567727,0.012956419316843345,0.7126030624263839
1063,Baltimore City,2765,Baltimore City Precinct 27-021,234,686,35,2531,2765,1.0,0.08462929475587704,0.915370705244123,2044,0.2481012658227848,0.012658227848101266,0.739240506329114
1064,Baltimore City,2623,Baltimore City Precinct 27-020,377,606,38,2246,2623,1.0,0.14372855508959206,0.856271444910408,1979,0.2310331681280976,0.014487228364468167,0.7544796035074343
1065,Baltimore County,3415,Baltimore County Precinct 09-015,1933,782,264,1482,3415,1.0,0.5660322108345535,0.43396778916544654,2369,0.22898975109809663,0.07730600292825769,0.6937042459736457
1066,Baltimore City,1108,Baltimore City Precinct 08-001,657,29,1,451,1108,1.0,0.5929602888086642,0.40703971119133575,1078,0.026173285198555957,0.0009025270758122744,0.9729241877256317
1067,Baltimore City,1540,Baltimore City Precinct 08-002,183,353,27,1357,1540,1.0,0.11883116883116883,0.8811688311688312,1160,0.2292207792207792,0.01753246753246753,0.7532467532467533
1068,Baltimore City,2756,Baltimore City Precinct 26-021,263,724,39,2493,2756,1.0,0.09542815674891146,0.9045718432510885,1993,0.262699564586357,0.014150943396226415,0.7231494920174165
1069,Baltimore City,813,Baltimore City Precinct 26-022,102,206,12,711,813,1.0,0.12546125461254612,0.8745387453874539,595,0.25338253382533826,0.014760147601476014,0.7318573185731857
1070,Baltimore City,586,Baltimore City Precinct 27-002,406,281,60,180,586,1.0,0.6928327645051194,0.30716723549488056,245,0.47952218430034127,0.10238907849829351,0.4180887372013652
1071,Baltimore City,2370,Baltimore City Precinct 27-001,734,562,88,1636,2370,1.0,0.309704641350211,0.6902953586497891,1720,0.2371308016877637,0.03713080168776371,0.7257383966244726
1072,Baltimore City,3583,Baltimore City Precinct 27-018,801,513,71,2782,3583,1.0,0.22355567959810216,0.7764443204018978,2999,0.1431761094055261,0.01981579681830868,0.8370080937761653
1073,Baltimore City,1263,Baltimore City Precinct 27-017,466,383,50,797,1263,1.0,0.36896278701504354,0.6310372129849564,830,0.30324623911322246,0.0395882818685669,0.6571654790182107
1074,Baltimore City,642,Baltimore City Precinct 27-003,342,213,33,300,642,1.0,0.5327102803738317,0.4672897196261682,396,0.3317757009345794,0.0514018691588785,0.616822429906542
1075,Baltimore City,676,Baltimore City Precinct 27-004,338,189,40,338,676,1.0,0.5,0.5,447,0.27958579881656803,0.05917159763313609,0.6612426035502958
1076,Baltimore City,796,Baltimore City Precinct 27-016,371,223,37,425,796,1.0,0.46608040201005024,0.5339195979899497,536,0.28015075376884424,0.04648241206030151,0.6733668341708543
1077,Baltimore City,1296,Baltimore City Precinct 26-023,120,289,16,1176,1296,1.0,0.09259259259259259,0.9074074074074074,991,0.22299382716049382,0.012345679012345678,0.7646604938271605
1078,Baltimore City,1224,Baltimore City Precinct 15-022,11,290,20,1213,1224,1.0,0.008986928104575163,0.9910130718954249,914,0.2369281045751634,0.016339869281045753,0.7467320261437909
1079,Baltimore City,2136,Baltimore City Precinct 15-024,9,346,11,2127,2136,1.0,0.004213483146067416,0.9957865168539326,1779,0.16198501872659177,0.005149812734082397,0.8328651685393258
1080,Baltimore City,964,Baltimore City Precinct 27-055,16,147,11,948,964,1.0,0.016597510373443983,0.983402489626556,806,0.1524896265560166,0.011410788381742738,0.8360995850622407
1081,Baltimore City,951,Baltimore City Precinct 15-025,20,115,9,931,951,1.0,0.02103049421661409,0.9789695057833859,827,0.12092534174553102,0.00946372239747634,0.8696109358569927
1082,Baltimore City,614,Baltimore City Precinct 27-054,17,119,4,597,614,1.0,0.02768729641693811,0.9723127035830619,491,0.19381107491856678,0.006514657980456026,0.7996742671009772
1083,Baltimore City,804,Baltimore City Precinct 27-058,10,109,8,794,804,1.0,0.012437810945273632,0.9875621890547264,687,0.13557213930348258,0.009950248756218905,0.8544776119402985
1084,Baltimore City,1983,Baltimore City Precinct 27-053,65,330,18,1918,1983,1.0,0.03277861825516894,0.9672213817448311,1635,0.1664145234493192,0.009077155824508321,0.8245083207261724
1085,Baltimore City,3199,Baltimore City Precinct 27-052,85,518,20,3114,3199,1.0,0.026570803376055017,0.973429196623945,2661,0.16192560175054704,0.006251953735542357,0.8318224445139106
1086,Baltimore City,2203,Baltimore City Precinct 15-023,61,358,13,2142,2203,1.0,0.027689514298683614,0.9723104857013164,1832,0.1625056740807989,0.005901044030866999,0.831593281888334
1087,Baltimore City,1066,Baltimore City Precinct 13-005,806,324,68,260,1066,1.0,0.7560975609756098,0.24390243902439024,674,0.30393996247654786,0.06378986866791744,0.6322701688555347
1088,Baltimore City,1038,Baltimore City Precinct 27-048,156,279,25,882,1038,1.0,0.15028901734104047,0.8497109826589595,734,0.26878612716763006,0.024084778420038536,0.7071290944123314
1089,Baltimore City,827,Baltimore City Precinct 27-043,692,315,70,135,827,1.0,0.8367593712212817,0.16324062877871826,442,0.3808948004836759,0.08464328899637243,0.5344619105199516
1090,Baltimore City,1140,Baltimore City Precinct 27-050,691,479,40,449,1140,1.0,0.606140350877193,0.393859649122807,621,0.4201754385964912,0.03508771929824561,0.5447368421052632
1091,Baltimore City,390,Baltimore City Precinct 27-051,146,63,5,244,390,1.0,0.37435897435897436,0.6256410256410256,322,0.16153846153846155,0.01282051282051282,0.8256410256410256
1092,Baltimore City,2674,Baltimore City Precinct 27-049,2164,900,222,510,2674,1.0,0.8092744951383695,0.1907255048616305,1552,0.3365744203440538,0.08302169035153328,0.5804038893044129
1093,Baltimore County,4060,Baltimore County Precinct 03-009,2908,1036,459,1152,4060,1.0,0.716256157635468,0.28374384236453204,2565,0.25517241379310346,0.11305418719211822,0.6317733990147784
1094,Baltimore City,777,Baltimore City Precinct 13-006,30,179,12,747,777,1.0,0.03861003861003861,0.9613899613899614,586,0.23037323037323038,0.015444015444015444,0.7541827541827542
1095,Baltimore City,1244,Baltimore City Precinct 13-004,1098,399,151,146,1244,1.0,0.882636655948553,0.11736334405144695,694,0.3207395498392283,0.12138263665594855,0.5578778135048231
1096,Baltimore City,2273,Baltimore City Precinct 13-003,1980,789,175,293,2273,1.0,0.8710954685437747,0.12890453145622524,1309,0.3471183457985042,0.07699076110866696,0.5758908930928288
1097,Baltimore City,2199,Baltimore City Precinct 13-011,1953,824,136,246,2199,1.0,0.888130968622101,0.11186903137789904,1239,0.3747157798999545,0.06184629376989541,0.5634379263301501
1098,Baltimore City,1290,Baltimore City Precinct 13-012,1174,728,135,116,1290,1.0,0.9100775193798449,0.08992248062015504,427,0.5643410852713179,0.10465116279069768,0.3310077519379845
1099,Baltimore City,2558,Baltimore City Precinct 13-001,1793,501,60,765,2558,1.0,0.700938232994527,0.29906176700547304,1997,0.19585613760750586,0.023455824863174355,0.7806880375293198
1100,Baltimore City,1628,Baltimore City Precinct 27-047,1104,394,91,524,1628,1.0,0.6781326781326781,0.32186732186732187,1143,0.24201474201474202,0.055896805896805894,0.702088452088452
1101,Baltimore City,1385,Baltimore City Precinct 13-002,1103,453,90,282,1385,1.0,0.7963898916967509,0.2036101083032491,842,0.3270758122743682,0.06498194945848375,0.607942238267148
1102,Baltimore City,802,Baltimore City Precinct 27-046,669,364,76,133,802,1.0,0.8341645885286783,0.1658354114713217,362,0.4538653366583541,0.09476309226932668,0.4513715710723192
1103,Baltimore City,4732,Baltimore City Precinct 27-045,3995,703,144,737,4732,1.0,0.8442519019442096,0.15574809805579037,3885,0.1485629754860524,0.030431107354184278,0.8210059171597633
1104,Baltimore City,1486,Baltimore City Precinct 12-003,862,379,40,624,1486,1.0,0.5800807537012113,0.4199192462987887,1067,0.2550471063257066,0.026917900403768506,0.7180349932705249
1105,Baltimore City,1587,Baltimore City Precinct 12-006,1031,356,27,556,1587,1.0,0.649653434152489,0.350346565847511,1204,0.22432262129804661,0.017013232514177693,0.7586641461877757
1106,Baltimore City,1914,Baltimore City Precinct 12-005,1218,455,29,696,1914,1.0,0.6363636363636364,0.36363636363636365,1430,0.23772204806687566,0.015151515151515152,0.7471264367816092
1107,Baltimore City,3814,Baltimore City Precinct 12-004,2068,433,35,1746,3814,1.0,0.5422128998426848,0.45778710015731516,3346,0.11352910330361825,0.009176717357105402,0.8772941793392763
1108,Baltimore City,2306,Baltimore City Precinct 12-002,1529,79,29,777,2306,1.0,0.663052905464007,0.3369470945359931,2198,0.034258456201214225,0.012575888985255855,0.9531656548135299
1109,Baltimore City,2090,Baltimore City Precinct 12-001,1535,999,183,555,2090,1.0,0.7344497607655502,0.26555023923444976,908,0.4779904306220096,0.08755980861244018,0.43444976076555025
1110,Montgomery,1766,Montgomery Precinct 07-028,1362,622,199,404,1766,1.0,0.7712344280860702,0.2287655719139298,945,0.3522083805209513,0.11268403171007928,0.5351075877689694
1111,Montgomery,3027,Montgomery Precinct 10-012,1945,762,308,1082,3027,1.0,0.6425503799141064,0.35744962008589365,1957,0.25173439048562934,0.10175090849025438,0.6465147010241162
1112,Montgomery,1301,Montgomery Precinct 04-032,978,411,150,323,1301,1.0,0.7517294388931591,0.2482705611068409,740,0.3159108378170638,0.11529592621060722,0.568793235972329
1113,Montgomery,2349,Montgomery Precinct 10-011,1333,549,139,1016,2349,1.0,0.56747552149851,0.43252447850149,1661,0.23371647509578544,0.05917411664538101,0.7071094082588335
1114,Montgomery,1957,Montgomery Precinct 04-013,1683,839,283,274,1957,1.0,0.8599897802759325,0.14001021972406746,835,0.428717424629535,0.14460909555442003,0.426673479816045
1115,Montgomery,2330,Montgomery Precinct 07-018,2050,1062,215,280,2330,1.0,0.8798283261802575,0.12017167381974249,1053,0.455793991416309,0.09227467811158799,0.451931330472103
1116,Montgomery,2454,Montgomery Precinct 07-024,2091,861,285,363,2454,1.0,0.8520782396088019,0.14792176039119803,1308,0.3508557457212714,0.11613691931540342,0.5330073349633252
1117,Montgomery,1711,Montgomery Precinct 07-027,1486,641,220,225,1711,1.0,0.8684979544126242,0.1315020455873758,850,0.37463471654003505,0.12857977790765635,0.4967855055523086
1118,Montgomery,3393,Montgomery Precinct 07-013,2701,1038,396,692,3393,1.0,0.7960506926024168,0.20394930739758327,1959,0.3059239610963749,0.11671087533156499,0.5773651635720601
1119,Montgomery,2602,Montgomery Precinct 07-012,2240,940,229,362,2602,1.0,0.8608762490392006,0.13912375096079937,1433,0.361260568793236,0.08800922367409685,0.5507302075326672
1120,Montgomery,4520,Montgomery Precinct 07-004,3440,1278,301,1080,4520,1.0,0.7610619469026548,0.23893805309734514,2941,0.2827433628318584,0.0665929203539823,0.6506637168141592
1121,Montgomery,1823,Montgomery Precinct 07-007,1553,736,148,270,1823,1.0,0.8518924849149753,0.14810751508502468,939,0.40373011519473395,0.0811848601206802,0.5150850246845858
1122,Montgomery,3525,Montgomery Precinct 07-011,2810,1055,183,715,3525,1.0,0.7971631205673759,0.2028368794326241,2287,0.29929078014184396,0.05191489361702128,0.6487943262411348
1123,Montgomery,5321,Montgomery Precinct 07-026,3875,1243,226,1446,5321,1.0,0.7282465701935726,0.27175342980642736,3852,0.23360270625822213,0.04247321931967675,0.7239240744221012
1124,Montgomery,2181,Montgomery Precinct 07-001,1599,528,138,582,2181,1.0,0.7331499312242091,0.2668500687757909,1515,0.24209078404401652,0.06327372764786796,0.6946354883081155
1125,Montgomery,1793,Montgomery Precinct 07-002,1663,708,241,130,1793,1.0,0.9274958170663692,0.07250418293363078,844,0.39486893474623536,0.13441160066926938,0.47071946458449526
1126,Montgomery,2058,Montgomery Precinct 07-006,1844,544,173,214,2058,1.0,0.8960155490767736,0.10398445092322643,1341,0.26433430515063167,0.08406219630709427,0.6516034985422741
1127,Montgomery,1085,Montgomery Precinct 07-021,993,422,159,92,1085,1.0,0.9152073732718894,0.0847926267281106,504,0.38894009216589864,0.14654377880184333,0.4645161290322581
1128,Montgomery,2548,Montgomery Precinct 07-020,1786,842,277,762,2548,1.0,0.7009419152276295,0.2990580847723705,1429,0.3304552590266876,0.108712715855573,0.5608320251177394
1129,Montgomery,2356,Montgomery Precinct 07-025,1718,868,261,638,2356,1.0,0.7292020373514432,0.2707979626485569,1227,0.3684210526315789,0.11078098471986418,0.5207979626485568
1130,Montgomery,3378,Montgomery Precinct 07-010,2587,1040,247,791,3378,1.0,0.7658377738306691,0.23416222616933097,2091,0.30787448194197753,0.07312018946121966,0.6190053285968028
1131,Montgomery,1339,Montgomery Precinct 07-031,1068,491,116,271,1339,1.0,0.7976101568334578,0.20238984316654218,732,0.36669156086631816,0.08663181478715459,0.5466766243465273
1132,Montgomery,3359,Montgomery Precinct 04-018,2439,868,314,920,3359,1.0,0.7261089610002978,0.2738910389997023,2177,0.2584102411431974,0.09348020244120274,0.6481095564155999
1133,Montgomery,2203,Montgomery Precinct 04-028,1437,423,90,766,2203,1.0,0.6522923286427599,0.3477076713572401,1690,0.1920108942351339,0.04085338175215615,0.7671357240127099
1134,Montgomery,3906,Montgomery Precinct 04-031,2703,918,208,1203,3906,1.0,0.6920122887864824,0.30798771121351765,2780,0.2350230414746544,0.05325140809011777,0.7117255504352279
1135,Montgomery,3257,Montgomery Precinct 04-010,2452,841,281,805,3257,1.0,0.7528400368437212,0.24715996315627878,2135,0.2582130795210316,0.08627571384709856,0.6555112066318698
1136,Montgomery,2490,Montgomery Precinct 04-017,1774,835,202,716,2490,1.0,0.7124497991967872,0.28755020080321286,1453,0.3353413654618474,0.08112449799196787,0.5835341365461847
1137,Montgomery,3550,Montgomery Precinct 04-008,2235,1417,303,1315,3550,1.0,0.6295774647887324,0.3704225352112676,1830,0.3991549295774648,0.08535211267605634,0.5154929577464789
1138,Baltimore County,2293,Baltimore County Precinct 02-005,122,742,39,2171,2293,1.0,0.053205407762756216,0.9467945922372438,1512,0.3235935455734845,0.0170082860880942,0.6593981683384212
1139,Baltimore County,2631,Baltimore County Precinct 02-009,196,629,44,2435,2631,1.0,0.07449638920562524,0.9255036107943747,1958,0.23907259597111363,0.016723679209426075,0.7442037248194603
1140,Baltimore County,3860,Baltimore County Precinct 02-014,432,1058,54,3428,3860,1.0,0.11191709844559586,0.8880829015544042,2748,0.27409326424870467,0.013989637305699482,0.7119170984455958
1141,Baltimore County,578,Baltimore County Precinct 02-025,458,316,89,120,578,1.0,0.7923875432525952,0.20761245674740483,173,0.5467128027681661,0.15397923875432526,0.29930795847750863
1142,Baltimore County,398,Baltimore County Precinct 02-028,16,87,1,382,398,1.0,0.04020100502512563,0.9597989949748744,310,0.2185929648241206,0.002512562814070352,0.7788944723618091
1143,Baltimore County,2934,Baltimore County Precinct 02-007,310,742,36,2624,2934,1.0,0.1056578050443081,0.8943421949556919,2156,0.25289706884798907,0.012269938650306749,0.7348329925017042
1144,Baltimore County,532,Baltimore County Precinct 02-023,170,149,42,362,532,1.0,0.31954887218045114,0.6804511278195489,341,0.2800751879699248,0.07894736842105263,0.6409774436090225
1145,Baltimore County,2750,Baltimore County Precinct 02-008,424,889,78,2326,2750,1.0,0.15418181818181817,0.8458181818181818,1783,0.32327272727272727,0.028363636363636365,0.6483636363636364
1146,Baltimore County,1761,Baltimore County Precinct 03-014,1271,257,269,490,1761,1.0,0.7217490062464509,0.2782509937535491,1235,0.1459398069278819,0.15275411697898922,0.7013060760931289
1147,Baltimore County,3988,Baltimore County Precinct 02-029,1361,759,104,2627,3988,1.0,0.34127382146439317,0.6587261785356068,3125,0.19032096288866598,0.026078234704112337,0.7836008024072216
1148,Baltimore County,2503,Baltimore County Precinct 02-026,1337,619,113,1166,2503,1.0,0.5341590091889732,0.46584099081102676,1771,0.24730323611666,0.04514582500998801,0.707550938873352
1149,Baltimore County,4357,Baltimore County Precinct 04-001,2178,795,226,2179,4357,1.0,0.4998852421390865,0.5001147578609135,3336,0.1824649988524214,0.0518705531328896,0.765664448014689
1150,Baltimore County,4438,Baltimore County Precinct 02-015,1185,1223,109,3253,4438,1.0,0.26701216764308244,0.7329878323569176,3106,0.27557458314556105,0.024560612888688597,0.6998648039657503
1151,Baltimore County,4253,Baltimore County Precinct 04-002,1859,808,267,2394,4253,1.0,0.4371032212555843,0.5628967787444157,3178,0.18998354102986129,0.06277921467199624,0.7472372442981425
1152,Baltimore County,6218,Baltimore County Precinct 04-014,2105,683,99,4113,6218,1.0,0.3385332904470891,0.6614667095529109,5436,0.10984239305242843,0.015921518173045997,0.8742360887745255
1153,Baltimore County,2859,Baltimore County Precinct 03-012,1558,611,146,1301,2859,1.0,0.5449457852395942,0.45505421476040575,2102,0.2137110877929346,0.05106680657572578,0.7352221056313396
1154,Baltimore County,3010,Baltimore County Precinct 04-003,2691,593,429,319,3010,1.0,0.8940199335548172,0.10598006644518272,1988,0.19700996677740865,0.1425249169435216,0.6604651162790698
1155,Baltimore County,3867,Baltimore County Precinct 02-002,159,715,42,3708,3867,1.0,0.041117145073700546,0.9588828549262994,3110,0.18489785363330746,0.010861132660977503,0.804241013705715
1156,Baltimore County,3676,Baltimore County Precinct 02-004,165,823,49,3511,3676,1.0,0.04488574537540805,0.955114254624592,2804,0.22388465723612622,0.013329706202393906,0.7627856365614799
1157,Baltimore County,1730,Baltimore County Precinct 02-001,101,533,28,1629,1730,1.0,0.05838150289017341,0.9416184971098266,1169,0.30809248554913293,0.016184971098265895,0.6757225433526012
1158,Baltimore County,3654,Baltimore County Precinct 03-001,569,1019,117,3085,3654,1.0,0.15571975916803504,0.844280240831965,2518,0.2788724685276409,0.03201970443349754,0.6891078270388615
1159,Baltimore County,1886,Baltimore County Precinct 03-004,949,579,157,937,1886,1.0,0.5031813361611877,0.4968186638388123,1150,0.30699893955461294,0.08324496288441145,0.6097560975609756
1160,Baltimore County,2455,Baltimore County Precinct 03-003,535,849,87,1920,2455,1.0,0.21792260692464357,0.7820773930753564,1519,0.34582484725050916,0.03543788187372709,0.6187372708757638
1161,Baltimore County,3558,Baltimore County Precinct 03-005,2386,717,204,1172,3558,1.0,0.670601461495222,0.32939853850477796,2637,0.2015177065767285,0.05733558178752108,0.7411467116357504
1162,Baltimore County,2978,Baltimore County Precinct 03-002,1405,723,128,1573,2978,1.0,0.4717931497649429,0.5282068502350571,2127,0.2427803895231699,0.042981867024848894,0.7142377434519812
1163,Baltimore City,2988,Baltimore City Precinct 28-006,115,614,34,2873,2988,1.0,0.03848728246318608,0.9615127175368139,2340,0.20548862115127176,0.011378848728246318,0.7831325301204819
1164,Baltimore City,1374,Baltimore City Precinct 28-007,38,269,13,1336,1374,1.0,0.027656477438136828,0.9723435225618632,1092,0.1957787481804949,0.009461426491994178,0.7947598253275109
1165,Baltimore City,1808,Baltimore City Precinct 28-005,29,402,29,1779,1808,1.0,0.016039823008849558,0.9839601769911505,1377,0.22234513274336284,0.016039823008849558,0.7616150442477876
1166,Baltimore City,2470,Baltimore City Precinct 28-002,50,491,26,2420,2470,1.0,0.020242914979757085,0.979757085020243,1953,0.19878542510121458,0.010526315789473684,0.7906882591093117
1167,Baltimore City,882,Baltimore City Precinct 28-004,11,163,16,871,882,1.0,0.012471655328798186,0.9875283446712018,703,0.18480725623582767,0.018140589569160998,0.7970521541950113
1168,Baltimore City,1074,Baltimore City Precinct 15-002,22,207,7,1052,1074,1.0,0.020484171322160148,0.9795158286778398,860,0.19273743016759776,0.006517690875232775,0.8007448789571695
1169,Baltimore City,2856,Baltimore City Precinct 15-009,38,597,29,2818,2856,1.0,0.01330532212885154,0.9866946778711485,2230,0.20903361344537816,0.01015406162464986,0.780812324929972
1170,Carroll,2549,Carroll Precinct 05-003,2418,466,859,131,2549,1.0,0.9486072969792075,0.05139270302079247,1224,0.18281679089839153,0.3369948999607689,0.48018830914083954
1171,Baltimore County,1541,Baltimore County Precinct 02-019,893,263,288,648,1541,1.0,0.5794938351719663,0.42050616482803377,990,0.17066839714471121,0.18689162881245944,0.6424399740428294
1172,Baltimore County,1285,Baltimore County Precinct 02-018,223,422,86,1062,1285,1.0,0.1735408560311284,0.8264591439688715,777,0.3284046692607004,0.0669260700389105,0.6046692607003891
1173,Baltimore County,37,Baltimore County Precinct 02-022,11,21,4,26,37,1.0,0.2972972972972973,0.7027027027027027,12,0.5675675675675675,0.10810810810810811,0.32432432432432434
1174,Baltimore County,823,Baltimore County Precinct 02-020,304,274,63,519,823,1.0,0.36938031591737547,0.6306196840826246,486,0.33292831105710813,0.07654921020656136,0.5905224787363305
1175,Baltimore County,4946,Baltimore County Precinct 02-012,664,1031,107,4282,4946,1.0,0.13424989890820865,0.8657501010917914,3808,0.20845127375657097,0.02163364334816013,0.7699150828952689
1176,Baltimore County,2695,Baltimore County Precinct 02-024,283,840,53,2412,2695,1.0,0.10500927643784787,0.8949907235621521,1802,0.3116883116883117,0.019666048237476808,0.6686456400742115
1177,Baltimore County,1072,Baltimore County Precinct 02-021,779,234,285,293,1072,1.0,0.726679104477612,0.2733208955223881,553,0.21828358208955223,0.2658582089552239,0.5158582089552238
1178,Baltimore County,2206,Baltimore County Precinct 02-027,459,696,73,1747,2206,1.0,0.20806890299184044,0.7919310970081596,1437,0.3155031731640979,0.03309156844968268,0.6514052583862194
1179,Baltimore County,2794,Baltimore County Precinct 04-012,1642,1006,375,1152,2794,1.0,0.5876879026485325,0.41231209735146745,1413,0.3600572655690766,0.13421617752326415,0.5057265569076592
1180,Baltimore County,3497,Baltimore County Precinct 04-006,2072,547,272,1425,3497,1.0,0.5925078638833285,0.40749213611667146,2678,0.1564197883900486,0.07778095510437517,0.7657992565055762
1181,Carroll,6184,Carroll Precinct 04-001,5840,817,1805,344,6184,1.0,0.944372574385511,0.055627425614489,3562,0.1321151358344114,0.291882276843467,0.5760025873221216
1182,Carroll,4802,Carroll Precinct 08-001,4594,556,1552,208,4802,1.0,0.9566847147022074,0.043315285297792584,2694,0.11578508954602248,0.3231986672219908,0.5610162432319866
1183,Baltimore County,4554,Baltimore County Precinct 04-007,2661,849,488,1893,4554,1.0,0.5843214756258235,0.4156785243741766,3217,0.18642951251646903,0.10715854194115064,0.7064119455423803
1184,Baltimore County,2479,Baltimore County Precinct 04-010,1427,437,198,1052,2479,1.0,0.5756353368293666,0.4243646631706333,1844,0.1762807583703106,0.07987091569181122,0.7438483259378782
1185,Baltimore County,4026,Baltimore County Precinct 04-008,3005,629,519,1021,4026,1.0,0.7463984103328366,0.25360158966716345,2878,0.15623447590660705,0.12891207153502235,0.7148534525583706
1186,Baltimore County,1997,Baltimore County Precinct 04-009,1790,332,523,207,1997,1.0,0.8963445167751627,0.10365548322483725,1142,0.16624937406109164,0.26189283925888834,0.5718577866800201
1187,Carroll,7419,Carroll Precinct 07-004,6548,877,1412,871,7419,1.0,0.8825987329828818,0.11740126701711821,5130,0.11821000134789054,0.19032214584175766,0.6914678528103518
1188,Carroll,4295,Carroll Precinct 03-001,4156,365,1286,139,4295,1.0,0.9676367869615833,0.032363213038416765,2644,0.08498253783469151,0.29941792782305005,0.6155995343422584
1189,Carroll,3836,Carroll Precinct 07-002,3328,418,868,508,3836,1.0,0.867570385818561,0.132429614181439,2550,0.10896767466110532,0.22627737226277372,0.664754953076121
1190,Carroll,5993,Carroll Precinct 06-001,5728,625,1918,265,5993,1.0,0.9557817453695978,0.04421825463040214,3450,0.10428833639245787,0.3200400467211747,0.5756716168863675
1191,Carroll,3510,Carroll Precinct 08-002,3268,434,1111,242,3510,1.0,0.931054131054131,0.06894586894586895,1965,0.12364672364672365,0.31652421652421653,0.5598290598290598
1192,Carroll,2717,Carroll Precinct 08-003,2574,403,854,143,2717,1.0,0.9473684210526315,0.05263157894736842,1460,0.14832535885167464,0.31431726168568275,0.5373573794626426
1193,Carroll,4591,Carroll Precinct 06-002,4324,574,1620,267,4591,1.0,0.9418427357874102,0.05815726421258985,2397,0.12502722718362014,0.3528642997168373,0.5221084730995426
1194,Baltimore County,5767,Baltimore County Precinct 02-011,1008,1187,162,4759,5767,1.0,0.17478758453268597,0.825212415467314,4418,0.2058262528177562,0.02809086179989596,0.7660828853823478
1195,Baltimore County,4341,Baltimore County Precinct 02-010,384,1116,75,3957,4341,1.0,0.0884588804422944,0.9115411195577056,3150,0.2570836212854181,0.017277125086385625,0.7256392536281963
1196,Baltimore County,3194,Baltimore County Precinct 02-017,337,878,62,2857,3194,1.0,0.10551033187226048,0.8944896681277396,2254,0.2748904195366312,0.019411396368190358,0.7056981840951785
1197,Baltimore County,1512,Baltimore County Precinct 02-016,259,445,49,1253,1512,1.0,0.1712962962962963,0.8287037037037037,1018,0.2943121693121693,0.032407407407407406,0.6732804232804233
1198,Baltimore County,3573,Baltimore County Precinct 02-013,562,944,96,3011,3573,1.0,0.15729079205149735,0.8427092079485027,2533,0.26420375034984606,0.02686817800167926,0.7089280716484747
1199,Baltimore County,3132,Baltimore County Precinct 02-003,421,666,77,2711,3132,1.0,0.13441890166028098,0.8655810983397191,2389,0.21264367816091953,0.02458492975734355,0.7627713920817369
1200,Baltimore County,3378,Baltimore County Precinct 02-006,350,946,80,3028,3378,1.0,0.10361160449970397,0.896388395500296,2352,0.28004736530491414,0.023682652457075192,0.6962699822380106
1201,Baltimore City,1822,Baltimore City Precinct 03-001,235,306,23,1587,1822,1.0,0.12897914379802414,0.8710208562019759,1493,0.16794731064763996,0.012623490669593854,0.8194291986827662
1202,Baltimore City,356,Baltimore City Precinct 05-002,41,25,2,315,356,1.0,0.1151685393258427,0.8848314606741573,329,0.0702247191011236,0.0056179775280898875,0.9241573033707865
1203,Baltimore City,1273,Baltimore City Precinct 10-002,8,332,10,1265,1273,1.0,0.006284367635506678,0.9937156323644933,931,0.2608012568735271,0.007855459544383346,0.7313432835820896
1204,Baltimore City,987,Baltimore City Precinct 10-001,13,321,20,974,987,1.0,0.013171225937183385,0.9868287740628167,646,0.3252279635258359,0.020263424518743668,0.6545086119554204
1205,Baltimore City,1789,Baltimore City Precinct 09-015,22,361,22,1767,1789,1.0,0.012297372833985467,0.9877026271660145,1406,0.20178870877585242,0.012297372833985467,0.7859139183901621
1206,Baltimore City,1316,Baltimore City Precinct 12-007,363,524,24,953,1316,1.0,0.27583586626139817,0.7241641337386018,768,0.3981762917933131,0.0182370820668693,0.5835866261398176
1207,Baltimore City,1357,Baltimore City Precinct 09-014,18,360,13,1339,1357,1.0,0.013264554163596167,0.9867354458364038,984,0.26529108327192336,0.009579955784819455,0.7251289609432572
1208,Baltimore City,364,Baltimore City Precinct 09-011,6,43,1,358,364,1.0,0.016483516483516484,0.9835164835164835,320,0.11813186813186813,0.0027472527472527475,0.8791208791208791
1209,Baltimore City,917,Baltimore City Precinct 09-013,12,107,6,905,917,1.0,0.013086150490730643,0.9869138495092693,804,0.11668484187568157,0.006543075245365322,0.8767720828789531
1210,Baltimore City,1609,Baltimore City Precinct 09-012,36,334,16,1573,1609,1.0,0.022374145431945307,0.9776258545680547,1259,0.20758234928527036,0.009944064636420136,0.7824735860783095
1211,Baltimore City,1368,Baltimore City Precinct 02-001,706,327,64,662,1368,1.0,0.5160818713450293,0.48391812865497075,977,0.23903508771929824,0.04678362573099415,0.7141812865497076
1212,Baltimore City,1117,Baltimore City Precinct 06-004,528,367,32,589,1117,1.0,0.4726947179946285,0.5273052820053715,718,0.3285586392121755,0.02864816472694718,0.6427931960608774
1213,Baltimore City,475,Baltimore City Precinct 06-003,44,116,4,431,475,1.0,0.09263157894736843,0.9073684210526316,355,0.24421052631578946,0.008421052631578947,0.7473684210526316
1214,Baltimore City,1050,Baltimore City Precinct 07-001,14,248,18,1036,1050,1.0,0.013333333333333334,0.9866666666666667,784,0.2361904761904762,0.017142857142857144,0.7466666666666667
1215,Baltimore City,441,Baltimore City Precinct 08-007,11,335,13,430,441,1.0,0.024943310657596373,0.9750566893424036,93,0.7596371882086168,0.02947845804988662,0.2108843537414966
1216,Baltimore City,250,Baltimore City Precinct 07-002,11,50,3,239,250,1.0,0.044,0.956,197,0.2,0.012,0.788
1217,Baltimore City,819,Baltimore City Precinct 06-002,107,165,11,712,819,1.0,0.13064713064713065,0.8693528693528694,643,0.20146520146520147,0.013431013431013432,0.7851037851037851
1218,Baltimore City,2445,Baltimore City Precinct 07-003,84,453,22,2361,2445,1.0,0.0343558282208589,0.9656441717791411,1970,0.18527607361963191,0.00899795501022495,0.8057259713701431
1219,Baltimore City,986,Baltimore City Precinct 08-008,30,374,82,956,986,1.0,0.030425963488843813,0.9695740365111561,530,0.3793103448275862,0.08316430020283976,0.537525354969574
1220,Baltimore City,1928,Baltimore City Precinct 08-006,31,533,37,1897,1928,1.0,0.016078838174273857,0.9839211618257261,1358,0.27645228215767637,0.019190871369294607,0.7043568464730291
1221,Baltimore City,1774,Baltimore City Precinct 08-005,22,349,23,1752,1774,1.0,0.012401352874859075,0.9875986471251409,1402,0.19673055242390078,0.012965050732807215,0.790304396843292
1222,Baltimore City,1071,Baltimore City Precinct 08-009,21,22,1,1050,1071,1.0,0.0196078431372549,0.9803921568627451,1048,0.02054154995331466,0.0009337068160597573,0.9785247432306255
1223,Baltimore City,473,Baltimore City Precinct 08-004,8,77,7,465,473,1.0,0.016913319238900635,0.9830866807610994,389,0.16279069767441862,0.014799154334038054,0.8224101479915433
1224,Baltimore City,951,Baltimore City Precinct 26-008,818,371,209,133,951,1.0,0.8601472134595163,0.1398527865404837,371,0.3901156677181914,0.21976866456361724,0.3901156677181914
1225,Baltimore City,2859,Baltimore City Precinct 01-004,2482,551,308,377,2859,1.0,0.8681357117873383,0.13186428821266177,2000,0.19272472892619796,0.10772997551591465,0.6995452955578874
1226,Baltimore City,3180,Baltimore City Precinct 01-005,2843,805,446,337,3180,1.0,0.8940251572327044,0.1059748427672956,1929,0.2531446540880503,0.14025157232704402,0.6066037735849057
1227,Baltimore City,3113,Baltimore City Precinct 26-009,2667,582,319,446,3113,1.0,0.856729842595567,0.14327015740443302,2212,0.18695791840668166,0.10247349823321555,0.7105685833601028
1228,Baltimore City,1478,Baltimore City Precinct 26-006,963,143,76,515,1478,1.0,0.6515561569688768,0.34844384303112313,1259,0.09675236806495263,0.05142083897158322,0.8518267929634641
1229,Baltimore City,1558,Baltimore City Precinct 01-001,1017,368,129,541,1558,1.0,0.6527599486521181,0.3472400513478819,1061,0.2362002567394095,0.08279845956354301,0.6810012836970475
1230,Baltimore City,3120,Baltimore City Precinct 06-005,1381,722,118,1739,3120,1.0,0.4426282051282051,0.5573717948717949,2280,0.23141025641025642,0.03782051282051282,0.7307692307692307
1231,Baltimore City,1744,Baltimore City Precinct 06-001,198,298,19,1546,1744,1.0,0.11353211009174312,0.8864678899082569,1427,0.17087155963302753,0.010894495412844037,0.8182339449541285
1232,Baltimore City,1555,Baltimore City Precinct 23-001,1384,388,174,171,1555,1.0,0.890032154340836,0.10996784565916398,993,0.24951768488745982,0.11189710610932475,0.6385852090032155
1233,Baltimore City,1449,Baltimore City Precinct 22-002,1253,513,178,196,1449,1.0,0.8647342995169082,0.13526570048309178,758,0.35403726708074534,0.12284334023464458,0.52311939268461
1234,Baltimore City,1095,Baltimore City Precinct 22-001,797,316,111,298,1095,1.0,0.7278538812785388,0.27214611872146116,668,0.28858447488584477,0.10136986301369863,0.6100456621004566
1235,Baltimore City,1382,Baltimore City Precinct 19-001,24,315,24,1358,1382,1.0,0.017366136034732273,0.9826338639652678,1043,0.22793053545586106,0.017366136034732273,0.7547033285094067
1236,Baltimore City,1137,Baltimore City Precinct 16-003,9,159,9,1128,1137,1.0,0.0079155672823219,0.9920844327176781,969,0.13984168865435356,0.0079155672823219,0.8522427440633246
1237,Baltimore City,1737,Baltimore City Precinct 16-002,27,235,15,1710,1737,1.0,0.015544041450777202,0.9844559585492227,1487,0.13529073114565343,0.008635578583765112,0.8560736902705814
1238,Baltimore City,985,Baltimore City Precinct 16-001,18,165,7,967,985,1.0,0.018274111675126905,0.9817258883248731,813,0.16751269035532995,0.007106598984771574,0.8253807106598985
1239,Baltimore City,1226,Baltimore City Precinct 18-001,14,184,10,1212,1226,1.0,0.011419249592169658,0.9885807504078303,1032,0.1500815660685155,0.008156606851549755,0.8417618270799347
1240,Baltimore City,1367,Baltimore City Precinct 17-002,16,534,28,1351,1367,1.0,0.011704462326261888,0.9882955376737381,805,0.39063643013899046,0.020482809070958303,0.5888807607900512
1241,Baltimore City,1008,Baltimore City Precinct 14-003,24,185,8,984,1008,1.0,0.023809523809523808,0.9761904761904762,815,0.18353174603174602,0.007936507936507936,0.808531746031746
1242,Baltimore City,1794,Baltimore City Precinct 15-019,31,24,3,1763,1794,1.0,0.017279821627647716,0.9827201783723523,1767,0.013377926421404682,0.0016722408026755853,0.9849498327759197
1243,Baltimore City,529,Baltimore City Precinct 14-005,4,102,7,525,529,1.0,0.007561436672967864,0.9924385633270322,420,0.19281663516068054,0.013232514177693762,0.7939508506616257
1244,Baltimore City,1897,Baltimore City Precinct 13-008,110,523,26,1787,1897,1.0,0.05798629414865577,0.9420137058513443,1348,0.275698471270427,0.013705851344227728,0.7105956773853452
1245,Baltimore City,1483,Baltimore City Precinct 13-007,15,352,14,1468,1483,1.0,0.010114632501685773,0.9898853674983142,1117,0.23735670937289277,0.009440323668240054,0.7532029669588671
1246,Baltimore City,2314,Baltimore City Precinct 14-004,223,676,32,2091,2314,1.0,0.09636992221261884,0.9036300777873811,1606,0.29213483146067415,0.013828867761452032,0.6940363007778738
1247,Baltimore City,1277,Baltimore City Precinct 13-009,88,302,15,1189,1277,1.0,0.06891151135473766,0.9310884886452623,960,0.2364917776037588,0.011746280344557557,0.7517619420516837
1248,Baltimore City,1887,Baltimore City Precinct 13-010,272,461,31,1615,1887,1.0,0.14414414414414414,0.8558558558558559,1395,0.24430312665606782,0.016428192898781134,0.739268680445151
1249,Baltimore City,588,Baltimore City Precinct 04-003,33,147,7,555,588,1.0,0.05612244897959184,0.9438775510204082,434,0.25,0.011904761904761904,0.7380952380952381
1250,Baltimore City,2521,Baltimore City Precinct 04-002,1231,639,81,1290,2521,1.0,0.48829829432764776,0.5117017056723523,1801,0.25347084490281635,0.032130107100357,0.7143990479968266
1251,Baltimore City,1979,Baltimore City Precinct 17-001,162,38,3,1817,1979,1.0,0.08185952501263265,0.9181404749873674,1938,0.019201616978271854,0.0015159171298635675,0.9792824658918646
1252,Baltimore City,1028,Baltimore City Precinct 11-004,115,15,0,913,1028,1.0,0.11186770428015565,0.8881322957198443,1013,0.014591439688715954,0.0,0.9854085603112841
1253,Baltimore City,1704,Baltimore City Precinct 11-003,892,561,50,812,1704,1.0,0.5234741784037559,0.4765258215962441,1093,0.32922535211267606,0.029342723004694836,0.6414319248826291
1254,Baltimore City,2097,Baltimore City Precinct 04-001,924,325,50,1173,2097,1.0,0.4406294706723891,0.5593705293276109,1722,0.15498330948974726,0.023843586075345733,0.821173104434907
1255,Baltimore City,2967,Baltimore City Precinct 11-006,1600,786,84,1367,2967,1.0,0.5392652510953826,0.46073474890461746,2097,0.2649140546006067,0.028311425682507583,0.7067745197168858
1256,Baltimore City,870,Baltimore City Precinct 11-005,547,410,30,323,870,1.0,0.628735632183908,0.37126436781609196,430,0.47126436781609193,0.034482758620689655,0.4942528735632184
1257,Baltimore City,645,Baltimore City Precinct 11-002,302,172,16,343,645,1.0,0.4682170542635659,0.5317829457364341,457,0.26666666666666666,0.024806201550387597,0.7085271317829457
1258,Baltimore City,1818,Baltimore City Precinct 11-007,1109,580,59,709,1818,1.0,0.61001100110011,0.38998899889988997,1179,0.31903190319031904,0.032453245324532455,0.6485148514851485
1259,Baltimore City,1899,Baltimore City Precinct 11-001,1177,577,63,722,1899,1.0,0.6197998946814113,0.3802001053185887,1259,0.30384412848867826,0.03317535545023697,0.6629805160610848
1260,Baltimore City,1670,Baltimore City Precinct 14-002,830,255,24,840,1670,1.0,0.49700598802395207,0.5029940119760479,1391,0.15269461077844312,0.01437125748502994,0.832934131736527
1261,Baltimore City,1524,Baltimore City Precinct 14-001,930,375,24,594,1524,1.0,0.610236220472441,0.38976377952755903,1125,0.24606299212598426,0.015748031496062992,0.7381889763779528
1262,Baltimore City,2304,Baltimore City Precinct 12-009,1078,566,72,1226,2304,1.0,0.4678819444444444,0.5321180555555556,1666,0.2456597222222222,0.03125,0.7230902777777778
1263,Baltimore City,1485,Baltimore City Precinct 12-012,447,540,20,1038,1485,1.0,0.301010101010101,0.6989898989898989,925,0.36363636363636365,0.013468013468013467,0.622895622895623
1264,Montgomery,3965,Montgomery Precinct 07-008,2981,972,195,984,3965,1.0,0.7518284993694829,0.24817150063051702,2798,0.24514501891551072,0.04918032786885246,0.7056746532156368
1265,Montgomery,2847,Montgomery Precinct 07-009,2231,860,200,616,2847,1.0,0.7836318932209343,0.21636810677906568,1787,0.3020723568668774,0.07024938531787847,0.6276782578152441
1266,Montgomery,1400,Montgomery Precinct 07-032,1222,352,192,178,1400,1.0,0.8728571428571429,0.12714285714285714,856,0.25142857142857145,0.13714285714285715,0.6114285714285714
1267,Montgomery,1964,Montgomery Precinct 07-016,1563,697,216,401,1964,1.0,0.7958248472505092,0.20417515274949083,1051,0.354887983706721,0.109979633401222,0.535132382892057
1268,Montgomery,3443,Montgomery Precinct 04-004,2536,769,177,907,3443,1.0,0.7365669474295672,0.26343305257043276,2497,0.2233517281440604,0.051408655242521056,0.7252396166134185
1269,Montgomery,5607,Montgomery Precinct 04-015,2542,488,101,3065,5607,1.0,0.45336186909220616,0.5466381309077938,5018,0.08703406456215446,0.018013197788478687,0.8949527376493669
1270,Montgomery,4958,Montgomery Precinct 13-025,1182,960,211,3776,4958,1.0,0.23840258168616377,0.7615974183138362,3787,0.1936264622831787,0.04255748285599032,0.7638160548608309
1271,Montgomery,2485,Montgomery Precinct 13-034,1903,854,265,582,2485,1.0,0.7657947686116701,0.23420523138833,1366,0.3436619718309859,0.10663983903420524,0.5496981891348088
1272,Montgomery,2625,Montgomery Precinct 13-040,1669,824,234,956,2625,1.0,0.6358095238095238,0.3641904761904762,1567,0.3139047619047619,0.08914285714285715,0.5969523809523809
1273,Montgomery,1874,Montgomery Precinct 06-009,1464,631,536,410,1874,1.0,0.7812166488794023,0.21878335112059766,707,0.33671291355389543,0.28601921024546423,0.37726787620064034
1274,Montgomery,2092,Montgomery Precinct 06-001,1647,530,425,445,2092,1.0,0.7872848948374761,0.2127151051625239,1137,0.25334608030592737,0.2031548757170172,0.5434990439770554
1275,Montgomery,4802,Montgomery Precinct 06-011,1585,950,416,3217,4802,1.0,0.33007080383173676,0.6699291961682632,3436,0.19783423573511036,0.08663057059558517,0.7155351936693044
1276,Montgomery,3610,Montgomery Precinct 06-007,1633,958,414,1977,3610,1.0,0.4523545706371191,0.5476454293628809,2238,0.26537396121883655,0.1146814404432133,0.6199445983379501
1277,Montgomery,4116,Montgomery Precinct 06-010,1639,904,246,2477,4116,1.0,0.39820213799805637,0.6017978620019436,2966,0.2196307094266278,0.0597667638483965,0.7206025267249757
1278,Montgomery,4374,Montgomery Precinct 02-004,2221,1181,366,2153,4374,1.0,0.5077732053040696,0.4922267946959305,2827,0.2700045724737083,0.08367626886145405,0.6463191586648377
1279,Montgomery,3017,Montgomery Precinct 06-006,1327,847,362,1690,3017,1.0,0.4398409015578389,0.560159098442161,1808,0.28074245939675174,0.11998674179648658,0.5992707988067617
1280,Montgomery,2009,Montgomery Precinct 06-005,1479,1036,552,530,2009,1.0,0.7361871577899453,0.26381284221005474,421,0.5156794425087108,0.2747635639621702,0.20955699352911897
1281,Montgomery,1603,Montgomery Precinct 06-014,922,363,155,681,1603,1.0,0.5751715533374921,0.4248284466625078,1085,0.2264504054897068,0.09669369931378664,0.6768558951965066
1282,Montgomery,1874,Montgomery Precinct 06-013,1179,562,220,695,1874,1.0,0.6291355389541089,0.37086446104589116,1092,0.29989327641408753,0.11739594450373532,0.5827107790821772
1283,Montgomery,2208,Montgomery Precinct 06-004,1418,777,269,790,2208,1.0,0.6422101449275363,0.35778985507246375,1162,0.35190217391304346,0.12182971014492754,0.5262681159420289
1284,Montgomery,3777,Montgomery Precinct 09-027,2856,1044,427,921,3777,1.0,0.756155679110405,0.24384432088959493,2306,0.2764098490865767,0.11305268731797723,0.6105374635954461
1285,Montgomery,2727,Montgomery Precinct 04-020,1503,1161,606,1224,2727,1.0,0.5511551155115512,0.44884488448844884,960,0.42574257425742573,0.2222222222222222,0.35203520352035206
1286,Montgomery,3226,Montgomery Precinct 04-024,1681,757,326,1545,3226,1.0,0.5210787352758834,0.47892126472411656,2143,0.23465592064476132,0.10105393676379418,0.6642901425914445
1287,Montgomery,3648,Montgomery Precinct 06-008,1578,555,241,2070,3648,1.0,0.43256578947368424,0.5674342105263158,2852,0.15213815789473684,0.06606359649122807,0.7817982456140351
1288,Montgomery,4395,Montgomery Precinct 09-035,3188,1246,500,1207,4395,1.0,0.7253697383390216,0.27463026166097837,2649,0.28350398179749714,0.11376564277588168,0.6027303754266211
1289,Baltimore City,1691,Baltimore City Precinct 16-009,6,351,9,1685,1691,1.0,0.0035481963335304554,0.9964518036664696,1331,0.20756948551153165,0.005322294500295683,0.7871082199881727
1290,Baltimore City,1025,Baltimore City Precinct 16-010,10,197,3,1015,1025,1.0,0.00975609756097561,0.9902439024390244,825,0.19219512195121952,0.002926829268292683,0.8048780487804879
1291,Baltimore City,936,Baltimore City Precinct 16-011,6,171,2,930,936,1.0,0.00641025641025641,0.9935897435897436,763,0.18269230769230768,0.002136752136752137,0.8151709401709402
1292,Baltimore City,365,Baltimore City Precinct 15-012,13,51,3,352,365,1.0,0.03561643835616438,0.9643835616438357,311,0.13972602739726028,0.00821917808219178,0.852054794520548
1293,Baltimore City,1645,Baltimore City Precinct 15-007,21,374,11,1624,1645,1.0,0.01276595744680851,0.9872340425531915,1260,0.22735562310030394,0.006686930091185411,0.7659574468085106
1294,Baltimore City,754,Baltimore City Precinct 15-013,5,154,10,749,754,1.0,0.006631299734748011,0.993368700265252,590,0.20424403183023873,0.013262599469496022,0.7824933687002652
1295,Baltimore City,813,Baltimore City Precinct 15-015,5,147,4,808,813,1.0,0.006150061500615006,0.993849938499385,662,0.18081180811808117,0.004920049200492005,0.8142681426814268
1296,Baltimore City,1295,Baltimore City Precinct 15-014,10,362,16,1285,1295,1.0,0.007722007722007722,0.9922779922779923,917,0.27953667953667954,0.012355212355212355,0.7081081081081081
1297,Baltimore City,1699,Baltimore City Precinct 15-006,17,502,19,1682,1699,1.0,0.010005885815185403,0.9899941141848146,1178,0.29546792230723956,0.011183048852266038,0.6933490288404944
1298,Baltimore City,964,Baltimore City Precinct 16-007,6,327,16,958,964,1.0,0.006224066390041493,0.9937759336099585,621,0.3392116182572614,0.016597510373443983,0.6441908713692946
1299,Baltimore City,1884,Baltimore City Precinct 16-006,7,380,22,1877,1884,1.0,0.0037154989384288748,0.9962845010615711,1482,0.20169851380042464,0.01167728237791932,0.7866242038216561
1300,Baltimore City,1791,Baltimore City Precinct 20-001,30,343,20,1761,1791,1.0,0.01675041876046901,0.983249581239531,1428,0.19151312116136238,0.011166945840312675,0.7973199329983249
1301,Baltimore City,764,Baltimore City Precinct 16-004,12,110,9,752,764,1.0,0.015706806282722512,0.9842931937172775,645,0.14397905759162305,0.011780104712041885,0.8442408376963351
1302,Baltimore City,2126,Baltimore City Precinct 16-005,27,366,15,2099,2126,1.0,0.012699905926622766,0.9873000940733773,1745,0.17215428033866415,0.0070555032925682035,0.8207902163687676
1303,Baltimore City,1404,Baltimore City Precinct 15-018,4,559,23,1400,1404,1.0,0.002849002849002849,0.9971509971509972,822,0.39814814814814814,0.01638176638176638,0.5854700854700855
1304,Baltimore City,1040,Baltimore City Precinct 15-016,9,182,10,1031,1040,1.0,0.008653846153846154,0.9913461538461539,848,0.175,0.009615384615384616,0.8153846153846154
1305,Baltimore City,2987,Baltimore City Precinct 15-020,37,556,25,2950,2987,1.0,0.012387010378305993,0.987612989621694,2406,0.18613993973886844,0.008369601606963508,0.805490458654168
1306,Baltimore City,1237,Baltimore City Precinct 15-021,14,245,8,1223,1237,1.0,0.01131770412287793,0.9886822958771221,984,0.19805982215036377,0.0064672594987873885,0.7954729183508489
1307,Baltimore City,1807,Baltimore City Precinct 15-017,23,405,20,1784,1807,1.0,0.012728278915329275,0.9872717210846708,1382,0.2241283895960155,0.011068068622025456,0.7648035417819591
1308,Baltimore City,1062,Baltimore City Precinct 25-006,24,262,10,1038,1062,1.0,0.022598870056497175,0.9774011299435028,790,0.24670433145009416,0.009416195856873822,0.743879472693032
1309,Baltimore City,596,Baltimore City Precinct 25-007,133,128,14,463,596,1.0,0.2231543624161074,0.7768456375838926,454,0.21476510067114093,0.02348993288590604,0.761744966442953
1310,Baltimore City,2234,Baltimore City Precinct 21-003,992,459,89,1242,2234,1.0,0.4440465532676813,0.5559534467323187,1686,0.20546105640107432,0.03983885407341092,0.7547000895255148
1311,Baltimore City,3343,Baltimore City Precinct 19-002,1090,340,54,2253,3343,1.0,0.3260544421178582,0.6739455578821418,2949,0.1017050553395154,0.01615315584804068,0.8821417888124439
1312,Baltimore City,489,Baltimore City Precinct 21-004,246,169,25,243,489,1.0,0.5030674846625767,0.49693251533742333,295,0.3456032719836401,0.05112474437627812,0.6032719836400818
1313,Baltimore City,1952,Baltimore City Precinct 18-002,558,328,39,1394,1952,1.0,0.2858606557377049,0.7141393442622951,1585,0.1680327868852459,0.019979508196721313,0.8119877049180327
1314,Baltimore City,1673,Baltimore City Precinct 21-002,672,447,59,1001,1673,1.0,0.401673640167364,0.5983263598326359,1167,0.26718469814704127,0.035265989240884636,0.6975493126120741
1315,Baltimore City,2033,Baltimore City Precinct 23-003,1802,547,285,231,2033,1.0,0.8863748155435317,0.11362518445646827,1201,0.2690605017215937,0.14018691588785046,0.5907525823905558
1316,Baltimore City,1153,Baltimore City Precinct 21-001,755,244,51,398,1153,1.0,0.6548135299219427,0.34518647007805725,858,0.21162185602775369,0.04423243712055507,0.7441457068516912
1317,Baltimore City,1038,Baltimore City Precinct 23-002,584,358,97,454,1038,1.0,0.5626204238921002,0.4373795761078998,583,0.3448940269749518,0.09344894026974952,0.5616570327552987
1318,Baltimore City,2506,Baltimore City Precinct 20-007,148,451,33,2358,2506,1.0,0.05905826017557861,0.9409417398244214,2022,0.1799680766161213,0.013168395849960097,0.8068635275339185
1319,Baltimore City,2106,Baltimore City Precinct 28-010,255,478,56,1851,2106,1.0,0.12108262108262108,0.8789173789173789,1572,0.22697056030389365,0.026590693257359924,0.7464387464387464
1320,Baltimore City,458,Baltimore City Precinct 28-012,55,303,53,403,458,1.0,0.12008733624454149,0.8799126637554585,102,0.6615720524017468,0.11572052401746726,0.22270742358078602
1321,Baltimore City,2423,Baltimore City Precinct 28-009,274,502,27,2149,2423,1.0,0.1130829550144449,0.8869170449855551,1894,0.2071811803549319,0.011143210895583986,0.7816756087494842
1322,Baltimore City,1962,Baltimore City Precinct 28-011,173,462,37,1789,1962,1.0,0.08817533129459736,0.9118246687054027,1463,0.23547400611620795,0.018858307849133536,0.7456676860346585
1323,Baltimore City,3079,Baltimore City Precinct 20-006,15,626,19,3064,3079,1.0,0.004871711594673595,0.9951282884053264,2434,0.20331276388437805,0.006170834686586554,0.7905164014290355
1324,Baltimore City,3001,Baltimore City Precinct 16-014,29,588,19,2972,3001,1.0,0.009663445518160613,0.9903365544818394,2394,0.19593468843718762,0.006331222925691436,0.7977340886371209
1325,Baltimore City,1740,Baltimore City Precinct 28-008,83,360,15,1657,1740,1.0,0.04770114942528736,0.9522988505747126,1365,0.20689655172413793,0.008620689655172414,0.7844827586206896
1326,Baltimore City,1451,Baltimore City Precinct 15-011,43,319,11,1408,1451,1.0,0.029634734665747762,0.9703652653342523,1121,0.21984838042729152,0.007580978635423846,0.7725706409372847
1327,Baltimore City,1492,Baltimore City Precinct 15-010,39,382,15,1453,1492,1.0,0.02613941018766756,0.9738605898123325,1095,0.25603217158176944,0.010053619302949061,0.7339142091152815
1328,Anne Arundel,1793,Anne Arundel Precinct 04-013,1507,254,417,286,1793,1.0,0.8404907975460123,0.15950920245398773,1122,0.14166201896263245,0.23257110987172336,0.6257668711656442
1329,Anne Arundel,2683,Anne Arundel Precinct 02-021,2136,486,755,547,2683,1.0,0.7961237420797614,0.20387625792023853,1442,0.18114051434960865,0.2814014163250093,0.537458069325382
1330,Anne Arundel,1317,Anne Arundel Precinct 05-015,1236,206,237,81,1317,1.0,0.9384965831435079,0.06150341685649203,874,0.15641609719058466,0.17995444191343962,0.6636294608959757
1331,Anne Arundel,1928,Anne Arundel Precinct 02-018,1261,391,264,667,1928,1.0,0.654045643153527,0.345954356846473,1273,0.20280082987551867,0.13692946058091288,0.6602697095435685
1332,Anne Arundel,2386,Anne Arundel Precinct 02-015,1415,512,296,971,2386,1.0,0.5930427493713327,0.4069572506286672,1578,0.2145850796311819,0.12405699916177704,0.6613579212070411
1333,Anne Arundel,1151,Anne Arundel Precinct 05-033,988,262,485,163,1151,1.0,0.8583840139009556,0.1416159860990443,404,0.22762814943527368,0.42137271937445697,0.3509991311902693
1334,Anne Arundel,2500,Anne Arundel Precinct 02-004,1644,438,369,856,2500,1.0,0.6576,0.3424,1693,0.1752,0.1476,0.6772
1335,Anne Arundel,2846,Anne Arundel Precinct 02-009,1587,487,280,1259,2846,1.0,0.5576247364722418,0.44237526352775824,2079,0.17111735769501055,0.09838369641602249,0.730498945888967
1336,Anne Arundel,2844,Anne Arundel Precinct 02-007,2016,516,416,828,2844,1.0,0.7088607594936709,0.2911392405063291,1912,0.18143459915611815,0.14627285513361463,0.6722925457102672
1337,Anne Arundel,2177,Anne Arundel Precinct 01-009,1913,236,458,264,2177,1.0,0.8787322002756086,0.12126779972439136,1483,0.10840606338998622,0.21038125861276988,0.6812126779972439
1338,Anne Arundel,2304,Anne Arundel Precinct 02-003,1599,311,365,705,2304,1.0,0.6940104166666666,0.3059895833333333,1628,0.1349826388888889,0.1584201388888889,0.7065972222222222
1339,Anne Arundel,3752,Anne Arundel Precinct 02-017,1881,500,170,1871,3752,1.0,0.5013326226012793,0.4986673773987207,3082,0.13326226012793177,0.0453091684434968,0.8214285714285714
1340,Anne Arundel,4380,Anne Arundel Precinct 02-014,1844,637,198,2536,4380,1.0,0.42100456621004567,0.5789954337899543,3545,0.1454337899543379,0.045205479452054796,0.8093607305936074
1341,Anne Arundel,1399,Anne Arundel Precinct 02-002,1086,303,277,313,1399,1.0,0.7762687634024303,0.2237312365975697,819,0.21658327376697642,0.19799857040743388,0.5854181558255898
1342,Anne Arundel,3009,Anne Arundel Precinct 02-005,1892,418,309,1117,3009,1.0,0.6287803256895979,0.37121967431040215,2282,0.13891658358258557,0.10269192422731804,0.7583914921900964
1343,Anne Arundel,2023,Anne Arundel Precinct 02-006,1608,240,279,415,2023,1.0,0.7948591201186357,0.2051408798813643,1504,0.11863568956994562,0.13791398912506178,0.7434503213049926
1344,Anne Arundel,2540,Anne Arundel Precinct 01-003,2035,246,395,505,2540,1.0,0.8011811023622047,0.19881889763779528,1899,0.09685039370078741,0.15551181102362205,0.7476377952755906
1345,Anne Arundel,1582,Anne Arundel Precinct 02-016,1282,179,254,300,1582,1.0,0.8103666245259166,0.18963337547408343,1149,0.11314791403286978,0.16055625790139064,0.7262958280657396
1346,Anne Arundel,2689,Anne Arundel Precinct 02-008,2286,341,477,403,2689,1.0,0.8501301599107475,0.1498698400892525,1871,0.1268129416139829,0.17738936407586464,0.6957976943101525
1347,Anne Arundel,1929,Anne Arundel Precinct 04-014,1789,325,439,140,1929,1.0,0.9274235355106273,0.07257646448937273,1165,0.168481078278901,0.22757905650596164,0.6039398652151374
1348,Anne Arundel,1584,Anne Arundel Precinct 05-019,1501,276,361,83,1584,1.0,0.94760101010101,0.052398989898989896,947,0.17424242424242425,0.22790404040404041,0.5978535353535354
1349,Howard,2057,Howard Precinct 02-008,1283,547,431,774,2057,1.0,0.6237238697131745,0.3762761302868255,1079,0.2659212445308702,0.20952843947496355,0.5245503159941662
1350,Baltimore County,4946,Baltimore County Precinct 01-017,607,1176,109,4339,4946,1.0,0.12272543469470279,0.8772745653052972,3661,0.23776789324706835,0.0220380105135463,0.7401940962393854
1351,Baltimore County,3184,Baltimore County Precinct 01-012,2973,704,654,211,3184,1.0,0.9337311557788944,0.06626884422110553,1826,0.22110552763819097,0.20540201005025124,0.5734924623115578
1352,Baltimore County,2703,Baltimore County Precinct 01-011,2226,616,591,477,2703,1.0,0.8235294117647058,0.17647058823529413,1496,0.22789493155752868,0.21864594894561598,0.5534591194968553
1353,Baltimore County,2485,Baltimore County Precinct 01-013,2365,726,503,120,2485,1.0,0.9517102615694165,0.0482897384305835,1256,0.2921529175050302,0.20241448692152916,0.5054325955734407
1354,Baltimore County,3127,Baltimore County Precinct 01-010,2439,745,488,688,3127,1.0,0.7799808122801407,0.2200191877198593,1894,0.23824752158618484,0.1560601215222258,0.6056923568915894
1355,Baltimore County,3549,Baltimore County Precinct 01-003,1415,862,248,2134,3549,1.0,0.3987038602423218,0.6012961397576783,2439,0.24288531980839673,0.06987883910960833,0.687235841081995
1356,Baltimore County,3716,Baltimore County Precinct 01-004,1339,926,292,2377,3716,1.0,0.36033369214208827,0.6396663078579118,2498,0.24919268030139935,0.07857911733046287,0.6722282023681377
1357,Baltimore County,2265,Baltimore County Precinct 01-002,437,532,61,1828,2265,1.0,0.19293598233995585,0.8070640176600441,1672,0.23487858719646798,0.026931567328918323,0.7381898454746136
1358,Howard,2252,Howard Precinct 01-008,1565,473,332,687,2252,1.0,0.6949378330373002,0.30506216696269983,1447,0.2100355239786856,0.14742451154529307,0.6425399644760214
1359,Howard,1598,Howard Precinct 01-013,988,563,392,610,1598,1.0,0.6182728410513142,0.38172715894868586,643,0.3523153942428035,0.2453066332916145,0.402377972465582
1360,Howard,2627,Howard Precinct 01-001,2032,731,653,595,2627,1.0,0.7735059002664636,0.22649409973353635,1243,0.2782641796726304,0.24857251617815,0.47316330414921964
1361,Baltimore County,5998,Baltimore County Precinct 01-014,3956,456,483,2042,5998,1.0,0.6595531843947983,0.34044681560520174,5059,0.07602534178059353,0.08052684228076025,0.8434478159386463
1362,Baltimore County,2893,Baltimore County Precinct 13-004,2610,396,594,283,2893,1.0,0.9021776702385067,0.09782232976149326,1903,0.13688212927756654,0.20532319391634982,0.6577946768060836
1363,Baltimore County,3240,Baltimore County Precinct 13-003,2835,401,500,405,3240,1.0,0.875,0.125,2339,0.12376543209876543,0.15432098765432098,0.7219135802469135
1364,Baltimore County,2641,Baltimore County Precinct 13-002,2319,287,385,322,2641,1.0,0.8780764861794774,0.12192351382052254,1969,0.10867095797046573,0.14577811435062477,0.7455509276789095
1365,Baltimore County,2840,Baltimore County Precinct 13-005,2397,400,569,443,2840,1.0,0.8440140845070423,0.15598591549295773,1871,0.14084507042253522,0.20035211267605635,0.6588028169014084
1366,Baltimore County,3604,Baltimore County Precinct 01-009,1703,646,276,1901,3604,1.0,0.47253052164261933,0.5274694783573807,2682,0.1792452830188679,0.07658157602663707,0.744173140954495
1367,Baltimore County,3870,Baltimore County Precinct 01-015,2674,684,441,1196,3870,1.0,0.6909560723514212,0.3090439276485788,2745,0.17674418604651163,0.11395348837209303,0.7093023255813954
1368,Baltimore County,2349,Baltimore County Precinct 01-007,1200,563,193,1149,2349,1.0,0.5108556832694764,0.4891443167305236,1593,0.23967645806726268,0.08216262239250745,0.6781609195402298
1369,Baltimore County,4333,Baltimore County Precinct 01-008,3296,906,452,1037,4333,1.0,0.7606738979921532,0.23932610200784676,2975,0.2090930071543965,0.10431571659358412,0.6865912762520194
1370,Baltimore County,4435,Baltimore County Precinct 01-005,1415,969,217,3020,4435,1.0,0.31905298759864714,0.6809470124013529,3249,0.21848928974069898,0.04892897406989853,0.7325817361894025
1371,Baltimore County,4619,Baltimore County Precinct 01-001,871,1005,90,3748,4619,1.0,0.1885689543191167,0.8114310456808833,3524,0.21757956267590386,0.019484736956051095,0.762935700368045
1372,Baltimore County,4031,Baltimore County Precinct 01-006,733,1252,113,3298,4031,1.0,0.18184073430910444,0.8181592656908956,2666,0.3105929049863557,0.028032746216819646,0.6613743487968247
1373,Baltimore County,4012,Baltimore County Precinct 13-001,2036,416,303,1976,4012,1.0,0.5074775672981057,0.49252243270189433,3293,0.1036889332003988,0.0755234297108674,0.8207876370887338
1374,Baltimore County,2661,Baltimore County Precinct 01-016,2481,540,430,180,2661,1.0,0.9323562570462233,0.06764374295377677,1691,0.20293122886133033,0.16159338594513342,0.6354753851935363
1375,Baltimore City,2932,Baltimore City Precinct 28-015,976,489,82,1956,2932,1.0,0.3328785811732606,0.6671214188267395,2361,0.16678035470668487,0.02796725784447476,0.8052523874488404
1376,Baltimore City,2794,Baltimore City Precinct 25-001,329,707,49,2465,2794,1.0,0.11775232641374374,0.8822476735862562,2038,0.253042233357194,0.017537580529706515,0.7294201861130994
1377,Baltimore City,742,Baltimore City Precinct 28-014,55,156,11,687,742,1.0,0.07412398921832884,0.9258760107816711,575,0.21024258760107817,0.014824797843665768,0.7749326145552561
1378,Baltimore City,2138,Baltimore City Precinct 25-002,205,439,39,1933,2138,1.0,0.09588400374181479,0.9041159962581852,1660,0.20533208606173994,0.01824134705332086,0.7764265668849392
1379,Baltimore City,1494,Baltimore City Precinct 28-013,105,300,14,1389,1494,1.0,0.07028112449799197,0.929718875502008,1180,0.20080321285140562,0.009370816599732263,0.7898259705488622
1380,Baltimore City,714,Baltimore City Precinct 20-008,104,128,10,610,714,1.0,0.14565826330532214,0.8543417366946778,576,0.1792717086834734,0.014005602240896359,0.8067226890756303
1381,Montgomery,3114,Montgomery Precinct 09-033,1608,605,180,1506,3114,1.0,0.5163776493256262,0.4836223506743738,2329,0.19428387925497753,0.057803468208092484,0.74791265253693
1382,Montgomery,5213,Montgomery Precinct 09-006,2366,1552,427,2847,5213,1.0,0.4538653366583541,0.5461346633416458,3234,0.29771724534816807,0.08191060809514675,0.6203721465566852
1383,Montgomery,2473,Montgomery Precinct 06-003,1678,685,348,795,2473,1.0,0.6785281035179943,0.32147189648200564,1440,0.2769915082895269,0.1407197735543874,0.5822887181560857
1384,Montgomery,6411,Montgomery Precinct 09-008,2167,1008,251,4244,6411,1.0,0.3380127905163001,0.6619872094836999,5152,0.15722976134768366,0.039151458430822024,0.8036187802214944
1385,Montgomery,3028,Montgomery Precinct 09-029,1472,784,233,1556,3028,1.0,0.4861294583883752,0.5138705416116248,2011,0.25891677675033026,0.07694848084544254,0.6641347424042272
1386,Montgomery,4029,Montgomery Precinct 09-018,1196,694,181,2833,4029,1.0,0.2968478530652767,0.7031521469347233,3154,0.1722511789525937,0.044924298833457436,0.7828245222139488
1387,Montgomery,4242,Montgomery Precinct 09-034,1276,840,186,2966,4242,1.0,0.3008015087223008,0.6991984912776992,3216,0.19801980198019803,0.04384724186704385,0.7581329561527581
1388,Montgomery,3583,Montgomery Precinct 09-013,2194,945,354,1389,3583,1.0,0.6123360312587217,0.38766396874127823,2284,0.2637454646943902,0.09879988836170807,0.6374546469439017
1389,Montgomery,3560,Montgomery Precinct 09-003,1141,568,171,2419,3560,1.0,0.3205056179775281,0.6794943820224719,2821,0.15955056179775282,0.048033707865168536,0.7924157303370787
1390,Montgomery,2530,Montgomery Precinct 09-024,734,537,173,1796,2530,1.0,0.2901185770750988,0.7098814229249012,1820,0.21225296442687747,0.0683794466403162,0.7193675889328063
1391,Montgomery,5966,Montgomery Precinct 09-016,1159,568,103,4807,5966,1.0,0.1942675159235669,0.8057324840764332,5295,0.09520616828695944,0.017264498826684547,0.887529332886356
1392,Montgomery,3092,Montgomery Precinct 09-030,1208,791,263,1884,3092,1.0,0.3906856403622251,0.6093143596377749,2038,0.25582147477360934,0.08505821474773609,0.6591203104786546
1393,Montgomery,2943,Montgomery Precinct 09-011,1407,716,277,1536,2943,1.0,0.4780835881753313,0.5219164118246687,1950,0.2432891607203534,0.09412164458036018,0.6625891946992865
1394,Montgomery,3185,Montgomery Precinct 09-012,1599,820,289,1586,3185,1.0,0.5020408163265306,0.49795918367346936,2076,0.25745682888540034,0.09073783359497645,0.6518053375196232
1395,Montgomery,3625,Montgomery Precinct 02-005,2174,889,346,1451,3625,1.0,0.5997241379310345,0.40027586206896554,2390,0.24524137931034481,0.09544827586206897,0.6593103448275862
1396,Montgomery,3808,Montgomery Precinct 02-008,1638,997,491,2170,3808,1.0,0.43014705882352944,0.5698529411764706,2320,0.2618172268907563,0.12893907563025211,0.6092436974789915
1397,Frederick,2241,Frederick Precinct 07-003,2023,423,616,218,2241,1.0,0.9027219991075413,0.09727800089245872,1202,0.18875502008032127,0.2748772869254797,0.5363676929941991
1398,Montgomery,407,Montgomery Precinct 02-007,369,15,14,38,407,1.0,0.9066339066339066,0.09336609336609336,378,0.036855036855036855,0.0343980343980344,0.9287469287469288
1399,Montgomery,4880,Montgomery Precinct 02-001,1835,1126,427,3045,4880,1.0,0.3760245901639344,0.6239754098360656,3327,0.23073770491803278,0.0875,0.6817622950819672
1400,Montgomery,4636,Montgomery Precinct 02-011,1893,1421,565,2743,4636,1.0,0.40832614322691974,0.5916738567730803,2650,0.30651423641069886,0.12187230371009491,0.5716134598792062
1401,Montgomery,2216,Montgomery Precinct 02-006,1328,1230,503,888,2216,1.0,0.5992779783393501,0.4007220216606498,483,0.5550541516245487,0.226985559566787,0.21796028880866425
1402,Montgomery,2500,Montgomery Precinct 09-025,933,657,252,1567,2500,1.0,0.3732,0.6268,1591,0.2628,0.1008,0.6364
1403,Montgomery,2308,Montgomery Precinct 12-004,1876,465,427,432,2308,1.0,0.8128249566724437,0.18717504332755633,1416,0.20147313691507798,0.18500866551126516,0.6135181975736569
1404,Montgomery,3657,Montgomery Precinct 12-005,2314,619,457,1343,3657,1.0,0.6327590921520372,0.3672409078479628,2581,0.1692644243915778,0.1249658189773038,0.7057697566311184
1405,Montgomery,2594,Montgomery Precinct 12-002,2223,426,544,371,2594,1.0,0.8569776407093292,0.14302235929067078,1624,0.16422513492675406,0.20971472629144178,0.6260601387818041
1406,Montgomery,2048,Montgomery Precinct 04-026,1442,648,223,606,2048,1.0,0.7041015625,0.2958984375,1177,0.31640625,0.10888671875,0.57470703125
1407,Montgomery,2523,Montgomery Precinct 04-023,1989,57,40,534,2523,1.0,0.7883472057074911,0.2116527942925089,2426,0.022592152199762187,0.015854141894569955,0.9615537059056679
1408,Montgomery,2581,Montgomery Precinct 04-021,1825,805,296,756,2581,1.0,0.7070902750871755,0.29290972491282447,1480,0.31189461449050754,0.11468423091824874,0.5734211545912437
1409,Howard,1452,Howard Precinct 02-005,1077,316,228,375,1452,1.0,0.7417355371900827,0.25826446280991733,908,0.21763085399449036,0.15702479338842976,0.6253443526170799
1410,Howard,2087,Howard Precinct 02-015,1499,363,289,588,2087,1.0,0.7182558696693819,0.2817441303306181,1435,0.17393387637757546,0.13847628174413032,0.6875898418782942
1411,Howard,2065,Howard Precinct 02-018,1679,487,376,386,2065,1.0,0.8130750605326876,0.18692493946731234,1202,0.2358353510895884,0.1820823244552058,0.5820823244552058
1412,Howard,2274,Howard Precinct 02-011,1600,383,296,674,2274,1.0,0.7036059806508356,0.2963940193491645,1595,0.16842568161829374,0.13016710642040458,0.7014072119613016
1413,Howard,1532,Howard Precinct 02-019,1154,359,329,378,1532,1.0,0.7532637075718016,0.24673629242819844,844,0.23433420365535249,0.21475195822454307,0.5509138381201044
1414,Howard,327,Howard Precinct 02-021,278,71,51,49,327,1.0,0.8501529051987767,0.14984709480122324,205,0.21712538226299694,0.1559633027522936,0.6269113149847095
1415,Howard,2492,Howard Precinct 02-012,1768,415,368,724,2492,1.0,0.709470304975923,0.29052969502407705,1709,0.16653290529695025,0.1476725521669342,0.6857945425361156
1416,Howard,1902,Howard Precinct 02-006,1286,369,251,616,1902,1.0,0.676130389064143,0.323869610935857,1282,0.19400630914826497,0.13196635120925343,0.6740273396424816
1417,Howard,4633,Howard Precinct 02-009,1730,569,221,2903,4633,1.0,0.37340815886034967,0.6265918411396504,3843,0.12281459097776819,0.04770127347291172,0.8294841355493201
1418,Howard,1313,Howard Precinct 02-024,1031,301,237,282,1313,1.0,0.7852246763137852,0.21477532368621477,775,0.22924600152322924,0.1805026656511805,0.5902513328255903
1419,Howard,1532,Howard Precinct 02-007,1267,353,346,265,1532,1.0,0.827023498694517,0.17297650130548303,833,0.2304177545691906,0.2258485639686684,0.543733681462141
1420,Prince George's,6329,Prince George's Precinct 15-005,503,2096,113,5826,6329,1.0,0.07947543055775004,0.9205245694422499,4120,0.3311739611313004,0.0178543213777848,0.6509717174909149
1421,Prince George's,2130,Prince George's Precinct 03-004,136,802,40,1994,2130,1.0,0.06384976525821597,0.936150234741784,1288,0.37652582159624415,0.018779342723004695,0.6046948356807512
1422,Prince George's,2572,Prince George's Precinct 03-005,235,654,29,2337,2572,1.0,0.09136858475894245,0.9086314152410575,1889,0.25427682737169516,0.011275272161741835,0.7344479004665629
1423,Prince George's,3005,Prince George's Precinct 03-003,330,1704,98,2675,3005,1.0,0.10981697171381032,0.8901830282861897,1203,0.5670549084858569,0.032612312811980036,0.40033277870216305
1424,Prince George's,2643,Prince George's Precinct 07-012,84,978,25,2559,2643,1.0,0.03178206583427923,0.9682179341657208,1640,0.37003405221339386,0.009458948164964056,0.620506999621642
1425,Prince George's,1936,Prince George's Precinct 13-013,57,586,34,1879,1936,1.0,0.029442148760330578,0.9705578512396694,1316,0.30268595041322316,0.01756198347107438,0.6797520661157025
1426,Prince George's,2052,Prince George's Precinct 07-013,142,723,54,1910,2052,1.0,0.06920077972709551,0.9307992202729045,1275,0.35233918128654973,0.02631578947368421,0.6213450292397661
1427,Prince George's,2806,Prince George's Precinct 03-006,90,1111,43,2716,2806,1.0,0.03207412687099073,0.9679258731290092,1652,0.3959372772630078,0.015324305060584463,0.5887384176764077
1428,Prince George's,2583,Prince George's Precinct 07-015,80,1405,64,2503,2583,1.0,0.03097173828881146,0.9690282617111885,1114,0.5439411536972513,0.024777390631049168,0.43128145567169957
1429,Prince George's,3410,Prince George's Precinct 07-011,119,1209,50,3291,3410,1.0,0.034897360703812316,0.9651026392961877,2151,0.35454545454545455,0.01466275659824047,0.6307917888563049
1430,Prince George's,3276,Prince George's Precinct 07-009,309,1176,83,2967,3276,1.0,0.09432234432234432,0.9056776556776557,2017,0.358974358974359,0.025335775335775336,0.6156898656898657
1431,Prince George's,3105,Prince George's Precinct 03-002,469,1040,89,2636,3105,1.0,0.15104669887278582,0.8489533011272141,1976,0.33494363929146537,0.028663446054750404,0.6363929146537842
1432,Prince George's,2246,Prince George's Precinct 07-006,744,704,150,1502,2246,1.0,0.3312555654496883,0.6687444345503116,1392,0.3134461264470169,0.06678539626001781,0.6197684772929652
1433,Prince George's,2272,Prince George's Precinct 07-008,707,656,96,1565,2272,1.0,0.31117957746478875,0.6888204225352113,1520,0.2887323943661972,0.04225352112676056,0.6690140845070423
1434,Prince George's,1809,Prince George's Precinct 07-014,794,530,155,1015,1809,1.0,0.4389165284687673,0.5610834715312327,1124,0.29297954671089,0.08568269762299613,0.6213377556661138
1435,Prince George's,5609,Prince George's Precinct 07-001,1105,2232,243,4504,5609,1.0,0.19700481369228026,0.8029951863077197,3134,0.3979318951684792,0.04332323052237475,0.558744874309146
1436,Prince George's,2447,Prince George's Precinct 14-007,635,805,106,1812,2447,1.0,0.2595014303228443,0.7404985696771557,1536,0.3289742541888026,0.04331834899877401,0.6277073968124234
1437,Prince George's,2578,Prince George's Precinct 14-001,1082,800,174,1496,2578,1.0,0.4197051978277735,0.5802948021722265,1604,0.3103180760279286,0.06749418153607448,0.622187742435997
1438,Prince George's,1468,Prince George's Precinct 07-016,687,334,114,781,1468,1.0,0.46798365122615804,0.532016348773842,1020,0.22752043596730245,0.0776566757493188,0.6948228882833788
1439,Prince George's,1951,Prince George's Precinct 14-010,641,584,119,1310,1951,1.0,0.3285494618144541,0.6714505381855459,1248,0.2993336750384418,0.06099436186570989,0.6396719630958483
1440,Prince George's,2627,Prince George's Precinct 07-005,1543,572,325,1084,2627,1.0,0.5873620098972212,0.41263799010277885,1730,0.21773886562618958,0.12371526456033498,0.6585458698134754
1441,Montgomery,1933,Montgomery Precinct 13-031,950,728,132,983,1933,1.0,0.49146404552509054,0.5085359544749095,1073,0.3766166580444904,0.06828763579927574,0.5550957061562338
1442,Montgomery,1911,Montgomery Precinct 13-059,1023,628,148,888,1911,1.0,0.5353218210361067,0.46467817896389324,1135,0.3286237571951858,0.07744636316064887,0.5939298796441653
1443,Montgomery,3612,Montgomery Precinct 13-027,1645,920,178,1967,3612,1.0,0.45542635658914726,0.5445736434108527,2514,0.2547065337763012,0.04928017718715393,0.6960132890365448
1444,Montgomery,4634,Montgomery Precinct 13-030,871,815,146,3763,4634,1.0,0.18795856711264566,0.8120414328873543,3673,0.17587397496763055,0.03150625809236081,0.7926197669400087
1445,Montgomery,4064,Montgomery Precinct 13-029,1148,834,159,2916,4064,1.0,0.2824803149606299,0.71751968503937,3071,0.20521653543307086,0.039124015748031496,0.7556594488188977
1446,Montgomery,1911,Montgomery Precinct 13-053,1016,649,141,895,1911,1.0,0.531658817373103,0.4683411826268969,1121,0.3396127681841968,0.07378335949764521,0.586603872318158
1447,Montgomery,4095,Montgomery Precinct 13-032,1317,1063,141,2778,4095,1.0,0.32161172161172163,0.6783882783882784,2891,0.2595848595848596,0.034432234432234435,0.705982905982906
1448,Montgomery,4453,Montgomery Precinct 13-044,1126,873,190,3327,4453,1.0,0.2528632382663373,0.7471367617336627,3390,0.1960476083539187,0.042667864361104875,0.7612845272849764
1449,Montgomery,2314,Montgomery Precinct 13-010,1108,625,46,1206,2314,1.0,0.4788245462402766,0.5211754537597234,1643,0.27009507346586,0.019878997407087293,0.7100259291270528
1450,Montgomery,3425,Montgomery Precinct 13-005,1473,1055,108,1952,3425,1.0,0.4300729927007299,0.56992700729927,2262,0.30802919708029197,0.031532846715328466,0.6604379562043796
1451,Montgomery,2283,Montgomery Precinct 13-019,1401,876,201,882,2283,1.0,0.6136662286465178,0.38633377135348224,1206,0.38370565045992117,0.08804204993429698,0.5282522996057819
1452,Montgomery,2350,Montgomery Precinct 13-050,1442,660,79,908,2350,1.0,0.6136170212765958,0.38638297872340427,1611,0.28085106382978725,0.03361702127659574,0.685531914893617
1453,Montgomery,3765,Montgomery Precinct 13-013,1279,833,85,2486,3765,1.0,0.3397078353253652,0.6602921646746348,2847,0.22124833997343957,0.02257636122177955,0.7561752988047808
1454,Montgomery,2381,Montgomery Precinct 13-023,1843,979,289,538,2381,1.0,0.7740445191096178,0.2259554808903822,1113,0.41117177656446874,0.12137757244855103,0.46745065098698024
1455,Montgomery,1565,Montgomery Precinct 13-042,700,572,100,865,1565,1.0,0.4472843450479233,0.5527156549520766,893,0.36549520766773164,0.06389776357827476,0.5706070287539936
1456,Montgomery,1679,Montgomery Precinct 13-057,841,320,84,838,1679,1.0,0.5008933889219773,0.4991066110780226,1275,0.19058963668850507,0.05002977963073258,0.7593805836807623
1457,Montgomery,2284,Montgomery Precinct 13-063,625,332,98,1659,2284,1.0,0.2736427320490368,0.7263572679509632,1854,0.14535901926444833,0.042907180385288964,0.8117338003502627
1458,Montgomery,3381,Montgomery Precinct 13-011,1574,1096,203,1807,3381,1.0,0.4655427388346643,0.5344572611653357,2082,0.32416444838805086,0.060041407867494824,0.6157941437444543
1459,Montgomery,2099,Montgomery Precinct 13-033,1120,608,232,979,2099,1.0,0.533587422582182,0.466412577417818,1259,0.2896617436874702,0.11052882324916627,0.5998094330633635
1460,Montgomery,1827,Montgomery Precinct 13-020,1491,607,293,336,1827,1.0,0.8160919540229885,0.1839080459770115,927,0.3322386425834702,0.16037219485495346,0.5073891625615764
1461,Prince George's,5205,Prince George's Precinct 17-007,218,1018,45,4987,5205,1.0,0.04188280499519693,0.9581171950048031,4142,0.19558117195004804,0.008645533141210375,0.7957732949087416
1462,Prince George's,3271,Prince George's Precinct 17-006,182,401,33,3089,3271,1.0,0.05564047691837359,0.9443595230816264,2837,0.12259247936410883,0.010088657902782024,0.8673188627331091
1463,Montgomery,2481,Montgomery Precinct 13-006,1675,986,44,806,2481,1.0,0.675130995566304,0.3248690044336961,1451,0.3974203950020153,0.0177347843611447,0.58484482063684
1464,Prince George's,6128,Prince George's Precinct 17-011,159,900,56,5969,6128,1.0,0.025946475195822456,0.9740535248041775,5172,0.1468668407310705,0.009138381201044387,0.8439947780678851
1465,Prince George's,1828,Prince George's Precinct 17-005,235,460,29,1593,1828,1.0,0.12855579868708972,0.8714442013129103,1339,0.25164113785557984,0.01586433260393873,0.7324945295404814
1466,Prince George's,11788,Prince George's Precinct 17-003,289,632,44,11499,11788,1.0,0.024516457414319646,0.9754835425856804,11112,0.05361384458771632,0.0037326094333220224,0.9426535459789617
1467,Prince George's,2108,Prince George's Precinct 20-004,210,662,56,1898,2108,1.0,0.09962049335863378,0.9003795066413662,1390,0.31404174573055027,0.026565464895635674,0.6593927893738141
1468,Prince George's,4017,Prince George's Precinct 13-015,398,1114,70,3619,4017,1.0,0.0990789146128952,0.9009210853871048,2833,0.2773213841175006,0.017425939756036842,0.7052526761264626
1469,Prince George's,2880,Prince George's Precinct 20-008,292,947,65,2588,2880,1.0,0.10138888888888889,0.8986111111111111,1868,0.32881944444444444,0.022569444444444444,0.6486111111111111
1470,Prince George's,4069,Prince George's Precinct 14-002,436,1060,79,3633,4069,1.0,0.10715163430818384,0.8928483656918161,2930,0.2605062668960433,0.01941508970262964,0.7200786434013271
1471,Prince George's,1627,Prince George's Precinct 20-009,352,653,67,1275,1627,1.0,0.21634910878918254,0.7836508912108174,907,0.4013521819299324,0.041180086047940996,0.5574677320221266
1472,Prince George's,3117,Prince George's Precinct 21-013,555,945,69,2562,3117,1.0,0.17805582290664101,0.821944177093359,2103,0.30317613089509143,0.02213666987487969,0.6746871992300288
1473,Prince George's,2475,Prince George's Precinct 10-011,490,574,77,1985,2475,1.0,0.19797979797979798,0.802020202020202,1824,0.2319191919191919,0.03111111111111111,0.7369696969696969
1474,Prince George's,3268,Prince George's Precinct 14-008,577,499,48,2691,3268,1.0,0.17656058751529988,0.8234394124847001,2721,0.15269277845777235,0.014687882496940025,0.8326193390452876
1475,Prince George's,1816,Prince George's Precinct 10-010,503,498,81,1313,1816,1.0,0.27698237885462557,0.7230176211453745,1237,0.27422907488986786,0.04460352422907489,0.6811674008810573
1476,Montgomery,2828,Montgomery Precinct 13-028,772,578,107,2056,2828,1.0,0.272984441301273,0.727015558698727,2143,0.2043847241867044,0.03783592644978784,0.7577793493635078
1477,Montgomery,2804,Montgomery Precinct 13-001,1219,617,184,1585,2804,1.0,0.4347360912981455,0.5652639087018545,2003,0.22004279600570614,0.06562054208273894,0.7143366619115549
1478,Montgomery,3327,Montgomery Precinct 13-055,474,504,58,2853,3327,1.0,0.1424706943192065,0.8575293056807936,2765,0.151487826871055,0.01743312293357379,0.8310790501953712
1479,Montgomery,4237,Montgomery Precinct 13-054,3592,1241,473,645,4237,1.0,0.8477696483360868,0.15223035166391313,2523,0.29289591692235073,0.11163559122020297,0.5954684918574463
1480,Montgomery,2942,Montgomery Precinct 13-069,2441,636,261,501,2942,1.0,0.8297076818490823,0.17029231815091775,2045,0.21617946974847044,0.08871515975526853,0.6951053704962611
1481,Montgomery,2381,Montgomery Precinct 13-061,1119,1257,366,1262,2381,1.0,0.46997060058798823,0.5300293994120118,758,0.5279294414111718,0.15371692566148676,0.3183536329273415
1482,Montgomery,1528,Montgomery Precinct 05-022,892,430,125,636,1528,1.0,0.5837696335078534,0.4162303664921466,973,0.281413612565445,0.08180628272251309,0.6367801047120419
1483,Montgomery,3868,Montgomery Precinct 05-009,1730,1146,393,2138,3868,1.0,0.44725956566701136,0.5527404343329886,2329,0.29627714581178904,0.1016028955532575,0.6021199586349535
1484,Montgomery,3207,Montgomery Precinct 05-016,1526,985,304,1681,3207,1.0,0.4758341128780792,0.5241658871219208,1918,0.3071406298721547,0.094792641097599,0.5980667290302464
1485,Montgomery,2145,Montgomery Precinct 08-010,1308,535,210,837,2145,1.0,0.6097902097902098,0.3902097902097902,1400,0.2494172494172494,0.0979020979020979,0.6526806526806527
1486,Montgomery,2954,Montgomery Precinct 08-011,1813,809,294,1141,2954,1.0,0.6137440758293838,0.3862559241706161,1851,0.2738659444820582,0.0995260663507109,0.6266079891672309
1487,Montgomery,3717,Montgomery Precinct 08-002,2746,1010,568,971,3717,1.0,0.7387678235135863,0.2612321764864138,2139,0.2717245090126446,0.1528114070486952,0.5754640839386602
1488,Montgomery,3819,Montgomery Precinct 08-006,2643,929,656,1176,3819,1.0,0.6920659858601729,0.3079340141398272,2234,0.2432573972244043,0.17177271537051583,0.5849698874050798
1489,Montgomery,3868,Montgomery Precinct 05-011,1493,803,161,2375,3868,1.0,0.3859875904860393,0.6140124095139607,2904,0.2076008273009307,0.041623578076525336,0.750775594622544
1490,Montgomery,2076,Montgomery Precinct 05-008,519,912,211,1557,2076,1.0,0.25,0.75,953,0.4393063583815029,0.10163776493256262,0.4590558766859345
1491,Montgomery,3479,Montgomery Precinct 05-015,1827,754,333,1652,3479,1.0,0.5251509054325956,0.47484909456740443,2392,0.21672894509916643,0.09571716010347801,0.6875538947973555
1492,Montgomery,3713,Montgomery Precinct 05-001,1392,925,279,2321,3713,1.0,0.37489900350121197,0.625100996498788,2509,0.24912469701050363,0.07514139509830325,0.6757339078911931
1493,Montgomery,3773,Montgomery Precinct 05-017,1397,846,198,2376,3773,1.0,0.37026239067055394,0.6297376093294461,2729,0.22422475483699975,0.052478134110787174,0.7232971110522131
1494,Montgomery,3392,Montgomery Precinct 05-019,1731,660,285,1661,3392,1.0,0.5103183962264151,0.4896816037735849,2447,0.1945754716981132,0.08402122641509434,0.7214033018867925
1495,Montgomery,1722,Montgomery Precinct 05-018,1069,352,243,653,1722,1.0,0.6207897793263647,0.3792102206736353,1127,0.20441347270615565,0.14111498257839722,0.6544715447154471
1496,Howard,2112,Howard Precinct 05-011,1724,583,551,388,2112,1.0,0.8162878787878788,0.18371212121212122,978,0.2760416666666667,0.2608901515151515,0.4630681818181818
1497,Howard,1558,Howard Precinct 05-020,1249,519,454,309,1558,1.0,0.8016688061617459,0.19833119383825418,585,0.3331193838254172,0.2913992297817715,0.3754813863928113
1498,Howard,1752,Howard Precinct 04-006,1451,427,723,301,1752,1.0,0.8281963470319634,0.17180365296803654,602,0.2437214611872146,0.4126712328767123,0.3436073059360731
1499,Howard,1427,Howard Precinct 04-002,1273,356,543,154,1427,1.0,0.8920812894183602,0.1079187105816398,528,0.24947442186405044,0.3805185704274702,0.37000700770847933
1500,Howard,2228,Howard Precinct 05-019,1846,520,669,382,2228,1.0,0.8285457809694794,0.17145421903052063,1039,0.2333931777378815,0.3002692998204668,0.4663375224416517
1501,Howard,2504,Howard Precinct 05-001,1817,692,694,687,2504,1.0,0.7256389776357828,0.2743610223642173,1118,0.2763578274760383,0.2771565495207668,0.4464856230031949
1502,Howard,1727,Howard Precinct 03-006,1346,361,430,381,1727,1.0,0.7793862188766647,0.22061378112333527,936,0.20903300521134915,0.24898668210770122,0.5419803126809496
1503,Prince George's,4719,Prince George's Precinct 01-001,1090,1012,241,3629,4719,1.0,0.23098114007204917,0.7690188599279508,3466,0.21445221445221446,0.05107014197923289,0.7344776435685526
1504,Montgomery,4171,Montgomery Precinct 05-002,955,952,94,3216,4171,1.0,0.22896187964516904,0.771038120354831,3125,0.22824262766722608,0.022536561975545433,0.7492208103572284
1505,Montgomery,5053,Montgomery Precinct 05-021,610,972,90,4443,5053,1.0,0.12072036414011478,0.8792796358598852,3991,0.19236097367900257,0.017811201266574313,0.7898278250544231
1506,Prince George's,3119,Prince George's Precinct 01-004,1032,686,190,2087,3119,1.0,0.3308752805386342,0.6691247194613659,2243,0.21994228919525488,0.060916960564283425,0.7191407502404616
1507,Prince George's,3959,Prince George's Precinct 10-013,1179,1171,208,2780,3959,1.0,0.2978024753725688,0.7021975246274311,2580,0.2957817630714827,0.052538519828239455,0.6516797171002778
1508,Prince George's,3293,Prince George's Precinct 10-005,2310,863,479,983,3293,1.0,0.7014880048587914,0.29851199514120863,1951,0.2620710598238688,0.14546006680838142,0.5924688733677498
1509,Howard,2158,Howard Precinct 05-006,1511,1119,685,647,2158,1.0,0.7001853568118629,0.29981464318813716,354,0.5185356811862836,0.31742354031510656,0.16404077849860982
1510,Howard,2369,Howard Precinct 06-028,1575,751,545,794,2369,1.0,0.6648374841705361,0.33516251582946394,1073,0.31701139721401433,0.23005487547488393,0.4529337273111017
1511,Howard,1568,Howard Precinct 06-032,1213,407,331,355,1568,1.0,0.7735969387755102,0.2264030612244898,830,0.25956632653061223,0.2110969387755102,0.5293367346938775
1512,Howard,1414,Howard Precinct 06-003,1102,432,246,312,1414,1.0,0.7793493635077794,0.22065063649222066,736,0.3055162659123055,0.173974540311174,0.5205091937765205
1513,Howard,2320,Howard Precinct 05-005,1501,670,511,819,2320,1.0,0.6469827586206897,0.35301724137931034,1139,0.28879310344827586,0.22025862068965518,0.49094827586206896
1514,Howard,1265,Howard Precinct 05-013,838,312,143,427,1265,1.0,0.6624505928853754,0.3375494071146245,810,0.2466403162055336,0.11304347826086956,0.6403162055335968
1515,Prince George's,3641,Prince George's Precinct 10-006,792,1104,168,2849,3641,1.0,0.2175226586102719,0.7824773413897281,2369,0.3032134029112881,0.046141170008239495,0.6506454270804723
1516,Prince George's,5674,Prince George's Precinct 10-012,1116,1382,176,4558,5674,1.0,0.19668664081776524,0.8033133591822348,4116,0.24356714839619317,0.031018681706027493,0.7254141698977793
1517,Prince George's,2589,Prince George's Precinct 10-008,672,470,113,1917,2589,1.0,0.25955967555040554,0.7404403244495944,2006,0.18153727307840864,0.043646195442255696,0.7748165314793356
1518,Prince George's,2312,Prince George's Precinct 10-007,684,558,102,1628,2312,1.0,0.2958477508650519,0.7041522491349481,1652,0.24134948096885814,0.04411764705882353,0.7145328719723183
1519,Montgomery,2978,Montgomery Precinct 04-016,1734,1051,449,1244,2978,1.0,0.5822699798522498,0.4177300201477502,1478,0.3529214237743452,0.15077233042310276,0.49630624580255206
1520,Montgomery,3619,Montgomery Precinct 09-031,2072,771,223,1547,3619,1.0,0.5725338491295938,0.4274661508704062,2625,0.21304227687206412,0.06161923183199779,0.7253384912959381
1521,Montgomery,2298,Montgomery Precinct 04-025,1598,606,238,700,2298,1.0,0.6953872932985204,0.30461270670147955,1454,0.26370757180156656,0.10356832027850305,0.6327241079199304
1522,Montgomery,3285,Montgomery Precinct 04-002,2202,897,293,1083,3285,1.0,0.6703196347031963,0.32968036529680367,2095,0.2730593607305936,0.08919330289193303,0.6377473363774734
1523,Montgomery,4300,Montgomery Precinct 04-005,1924,755,289,2376,4300,1.0,0.4474418604651163,0.5525581395348838,3256,0.1755813953488372,0.0672093023255814,0.7572093023255814
1524,Montgomery,4790,Montgomery Precinct 04-030,2487,708,228,2303,4790,1.0,0.5192066805845511,0.48079331941544884,3854,0.1478079331941545,0.04759916492693111,0.8045929018789144
1525,Montgomery,4662,Montgomery Precinct 04-003,3043,1155,327,1619,4662,1.0,0.6527241527241527,0.34727584727584726,3180,0.24774774774774774,0.07014157014157014,0.6821106821106822
1526,Montgomery,5108,Montgomery Precinct 04-001,2098,1033,257,3010,5108,1.0,0.4107282693813626,0.5892717306186375,3818,0.20223179326546595,0.050313234142521535,0.7474549725920125
1527,Montgomery,2330,Montgomery Precinct 04-019,1228,429,188,1102,2330,1.0,0.527038626609442,0.47296137339055794,1713,0.18412017167381975,0.08068669527896996,0.7351931330472103
1528,Montgomery,4373,Montgomery Precinct 09-002,1270,980,298,3103,4373,1.0,0.2904184770180654,0.7095815229819346,3095,0.22410244683283786,0.0681454379144752,0.707752115252687
1529,Montgomery,2013,Montgomery Precinct 09-010,999,229,55,1014,2013,1.0,0.496274217585693,0.503725782414307,1729,0.1137605563835072,0.0273224043715847,0.8589170392449081
1530,Montgomery,2692,Montgomery Precinct 09-020,900,547,186,1792,2692,1.0,0.3343239227340267,0.6656760772659732,1959,0.20319465081723626,0.06909361069836553,0.7277117384843982
1531,Montgomery,6198,Montgomery Precinct 09-007,1690,842,154,4508,6198,1.0,0.27266860277508875,0.7273313972249112,5202,0.13585027428202645,0.02484672474991933,0.8393030009680542
1532,Montgomery,2732,Montgomery Precinct 09-021,1219,571,293,1513,2732,1.0,0.44619326500732065,0.5538067349926794,1868,0.20900439238653,0.10724743777452415,0.6837481698389458
1533,Montgomery,3032,Montgomery Precinct 01-003,1503,1044,387,1529,3032,1.0,0.495712401055409,0.5042875989445911,1601,0.34432717678100266,0.12763852242744064,0.5280343007915568
1534,Montgomery,2208,Montgomery Precinct 09-036,721,592,210,1487,2208,1.0,0.32653985507246375,0.6734601449275363,1406,0.26811594202898553,0.09510869565217392,0.6367753623188406
1535,Montgomery,2513,Montgomery Precinct 09-014,1479,793,303,1034,2513,1.0,0.5885395941106247,0.41146040588937527,1417,0.3155590927178671,0.12057302029446876,0.5638678869876641
1536,Montgomery,2630,Montgomery Precinct 09-037,879,608,206,1751,2630,1.0,0.33422053231939164,0.6657794676806084,1816,0.2311787072243346,0.07832699619771863,0.6904942965779468
1537,Montgomery,3688,Montgomery Precinct 09-004,1261,808,266,2427,3688,1.0,0.34191973969631234,0.6580802603036876,2614,0.21908893709327548,0.07212581344902386,0.7087852494577006
1538,Montgomery,2392,Montgomery Precinct 01-004,896,650,223,1496,2392,1.0,0.3745819397993311,0.6254180602006689,1519,0.2717391304347826,0.09322742474916387,0.6350334448160535
1539,Montgomery,1813,Montgomery Precinct 01-006,1015,464,264,798,1813,1.0,0.5598455598455598,0.44015444015444016,1085,0.25592939878654164,0.1456150027578599,0.5984555984555985
1540,Montgomery,2859,Montgomery Precinct 01-005,1725,630,517,1134,2859,1.0,0.6033578174186779,0.39664218258132217,1712,0.2203567681007345,0.1808324589017139,0.5988107729975516
1541,Prince George's,4015,Prince George's Precinct 17-001,867,1182,79,3148,4015,1.0,0.21594022415940226,0.7840597758405977,2754,0.29439601494396017,0.019676214196762142,0.6859277708592777
1542,Prince George's,4299,Prince George's Precinct 17-004,184,691,54,4115,4299,1.0,0.04280065131425913,0.9571993486857409,3554,0.16073505466387533,0.01256106071179344,0.8267038846243312
1543,Prince George's,4706,Prince George's Precinct 16-004,679,893,111,4027,4706,1.0,0.14428389290267743,0.8557161070973226,3702,0.1897577560560986,0.02358691032724182,0.7866553336166596
1544,Prince George's,2240,Prince George's Precinct 17-002,384,640,76,1856,2240,1.0,0.17142857142857143,0.8285714285714286,1524,0.2857142857142857,0.033928571428571426,0.6803571428571429
1545,Prince George's,2034,Prince George's Precinct 02-002,261,509,57,1773,2034,1.0,0.12831858407079647,0.8716814159292036,1468,0.2502458210422812,0.028023598820058997,0.7217305801376598
1547,Prince George's,951,Prince George's Precinct 16-002,359,284,63,592,951,1.0,0.3774973711882229,0.6225026288117771,604,0.29863301787592006,0.06624605678233439,0.6351209253417456
1548,Prince George's,4706,Prince George's Precinct 16-003,1856,1476,267,2850,4706,1.0,0.3943901402464938,0.6056098597535061,2963,0.3136421589460264,0.05673608159796005,0.6296217594560136
1549,Prince George's,154,Prince George's Precinct 16-005,43,42,11,111,154,1.0,0.2792207792207792,0.7207792207792207,101,0.2727272727272727,0.07142857142857142,0.6558441558441559
1550,Prince George's,6797,Prince George's Precinct 17-010,330,1093,69,6467,6797,1.0,0.048550831249080474,0.9514491687509196,5635,0.16080623804619684,0.010151537442989553,0.8290422245108136
1551,Prince George's,5527,Prince George's Precinct 17-008,1048,883,87,4479,5527,1.0,0.1896146191423919,0.8103853808576081,4557,0.15976117242627103,0.01574090826850009,0.8244979193052289
1552,Prince George's,3704,Prince George's Precinct 17-009,589,527,54,3115,3704,1.0,0.1590172786177106,0.8409827213822895,3123,0.14227861771058314,0.014578833693304536,0.8431425485961123
1553,Prince George's,1964,Prince George's Precinct 19-003,1471,774,133,493,1964,1.0,0.7489816700610998,0.2510183299389002,1057,0.3940936863543788,0.06771894093686355,0.5381873727087576
1554,Prince George's,465,Prince George's Precinct 21-012,342,214,60,123,465,1.0,0.7354838709677419,0.2645161290322581,191,0.46021505376344085,0.12903225806451613,0.410752688172043
1555,Prince George's,10748,Prince George's Precinct 21-017,6779,322,40,3969,10748,1.0,0.6307219947897283,0.36927800521027165,10386,0.02995906215109788,0.003721622627465575,0.9663193152214365
1556,Montgomery,3296,Montgomery Precinct 13-018,1232,859,84,2064,3296,1.0,0.3737864077669903,0.6262135922330098,2353,0.26061893203883496,0.025485436893203883,0.7138956310679612
1557,Montgomery,6272,Montgomery Precinct 13-022,1086,995,65,5186,6272,1.0,0.17315051020408162,0.8268494897959183,5212,0.15864158163265307,0.010363520408163265,0.8309948979591837
1558,Montgomery,2160,Montgomery Precinct 05-003,883,1276,244,1277,2160,1.0,0.40879629629629627,0.5912037037037037,640,0.5907407407407408,0.11296296296296296,0.2962962962962963
1559,Prince George's,5990,Prince George's Precinct 17-012,431,714,64,5559,5990,1.0,0.07195325542570952,0.9280467445742905,5212,0.11919866444073456,0.010684474123539232,0.8701168614357262
1560,Montgomery,5829,Montgomery Precinct 05-014,601,563,90,5228,5829,1.0,0.10310516383599246,0.8968948361640076,5176,0.09658603534053868,0.01544004117344313,0.8879739234860182
1561,Montgomery,3086,Montgomery Precinct 05-010,859,626,111,2227,3086,1.0,0.2783538561244329,0.721646143875567,2349,0.20285158781594298,0.03596889176928062,0.7611795204147764
1562,Montgomery,2340,Montgomery Precinct 05-005,1093,719,150,1247,2340,1.0,0.4670940170940171,0.5329059829059829,1471,0.3072649572649573,0.0641025641025641,0.6286324786324786
1563,Montgomery,4504,Montgomery Precinct 05-006,1382,1047,252,3122,4504,1.0,0.30683836589698044,0.6931616341030196,3205,0.23246003552397868,0.05595026642984014,0.7115896980461812
1565,Prince George's,2857,Prince George's Precinct 21-005,441,521,88,2416,2857,1.0,0.1543577178858943,0.8456422821141057,2248,0.1823591179558978,0.03080154007700385,0.7868393419670984
1566,Prince George's,2323,Prince George's Precinct 21-015,1101,361,91,1222,2323,1.0,0.47395609126130006,0.5260439087387,1871,0.15540249677141627,0.03917348256564787,0.8054240206629358
1567,Prince George's,1633,Prince George's Precinct 21-014,475,489,98,1158,1633,1.0,0.2908756889161053,0.7091243110838946,1046,0.2994488671157379,0.06001224739742805,0.640538885486834
1568,Prince George's,5119,Prince George's Precinct 01-003,746,1003,105,4373,5119,1.0,0.14573158820082047,0.8542684117991796,4011,0.1959367063879664,0.020511818714592695,0.7835514748974409
1569,Montgomery,1247,Montgomery Precinct 05-004,492,723,173,755,1247,1.0,0.3945469125902165,0.6054530874097834,351,0.5797914995990376,0.13873295910184444,0.2814755412991179
1570,Howard,1476,Howard Precinct 05-023,899,327,104,577,1476,1.0,0.6090785907859079,0.39092140921409213,1045,0.22154471544715448,0.07046070460704607,0.7079945799457995
1571,Howard,2674,Howard Precinct 05-009,883,491,153,1791,2674,1.0,0.33021690351533284,0.6697830964846672,2030,0.18362004487658937,0.05721765145848916,0.7591623036649214
1572,Howard,837,Howard Precinct 05-002,604,240,92,233,837,1.0,0.7216248506571087,0.27837514934289126,505,0.2867383512544803,0.10991636798088411,0.6033452807646356
1573,Howard,70,Howard Precinct 02-022,57,11,7,13,70,1.0,0.8142857142857143,0.18571428571428572,52,0.15714285714285714,0.1,0.7428571428571429
1574,Howard,2055,Howard Precinct 03-003,1577,388,443,478,2055,1.0,0.767396593673966,0.23260340632603407,1224,0.18880778588807787,0.21557177615571776,0.5956204379562043
1575,Howard,1663,Howard Precinct 03-001,1335,304,357,328,1663,1.0,0.8027660853878533,0.19723391461214673,1002,0.18280216476247746,0.21467227901383043,0.6025255562236921
1576,Howard,228,Howard Precinct 03-004,180,50,52,48,228,1.0,0.7894736842105263,0.21052631578947367,126,0.21929824561403508,0.22807017543859648,0.5526315789473685
1577,Howard,2119,Howard Precinct 02-017,1305,441,318,814,2119,1.0,0.6158565361019349,0.38414346389806514,1360,0.20811703633789524,0.1500707881075979,0.6418121755545069
1578,Howard,2614,Howard Precinct 05-015,1651,792,265,963,2614,1.0,0.6315990818668707,0.3684009181331293,1557,0.3029839326702372,0.10137719969395563,0.5956388676358072
1579,Howard,2031,Howard Precinct 05-008,1199,523,112,832,2031,1.0,0.5903495814869523,0.4096504185130478,1396,0.2575086164451009,0.055145248645987195,0.6873461349089118
1580,Howard,2609,Howard Precinct 05-004,1301,853,225,1308,2609,1.0,0.49865848984285166,0.5013415101571483,1531,0.32694518972786507,0.08623993867382139,0.5868148715983136
1581,Howard,802,Howard Precinct 06-012,491,248,94,311,802,1.0,0.6122194513715711,0.3877805486284289,460,0.3092269326683292,0.1172069825436409,0.57356608478803
1582,Howard,2061,Howard Precinct 06-008,763,504,115,1298,2061,1.0,0.37020863658418246,0.6297913634158175,1442,0.2445414847161572,0.05579815623483746,0.6996603590490054
1583,Howard,2606,Howard Precinct 06-017,1064,774,143,1542,2606,1.0,0.40828856485034537,0.5917114351496546,1689,0.29700690713737526,0.05487336914811972,0.648119723714505
1584,Howard,2144,Howard Precinct 06-009,765,636,133,1379,2144,1.0,0.3568097014925373,0.6431902985074627,1375,0.2966417910447761,0.06203358208955224,0.6413246268656716
1585,Howard,850,Howard Precinct 05-014,658,173,115,192,850,1.0,0.7741176470588236,0.22588235294117648,562,0.20352941176470588,0.13529411764705881,0.6611764705882353
1586,Howard,1183,Howard Precinct 02-010,877,333,192,306,1183,1.0,0.7413355874894336,0.2586644125105664,658,0.28148774302620455,0.16229923922231615,0.5562130177514792
1587,Howard,3236,Howard Precinct 05-003,1699,823,212,1537,3236,1.0,0.5250309023485785,0.47496909765142153,2201,0.2543263288009889,0.06551297898640297,0.6801606922126081
1588,Howard,2420,Howard Precinct 05-016,1314,533,170,1106,2420,1.0,0.5429752066115703,0.4570247933884298,1717,0.22024793388429753,0.07024793388429752,0.709504132231405
1589,Howard,993,Howard Precinct 02-014,745,261,105,248,993,1.0,0.7502517623363545,0.2497482376636455,627,0.2628398791540785,0.10574018126888217,0.6314199395770392
1590,Howard,1506,Howard Precinct 06-005,939,467,176,567,1506,1.0,0.6235059760956175,0.37649402390438247,863,0.3100929614873838,0.11686586985391766,0.5730411686586986
1591,Howard,1730,Howard Precinct 06-031,773,490,114,957,1730,1.0,0.44682080924855494,0.5531791907514451,1126,0.2832369942196532,0.06589595375722543,0.6508670520231213
1592,Howard,1628,Howard Precinct 06-010,1035,529,207,593,1628,1.0,0.6357493857493858,0.3642506142506142,892,0.3249385749385749,0.12714987714987716,0.547911547911548
1593,Howard,1514,Howard Precinct 06-011,851,578,212,663,1514,1.0,0.5620871862615587,0.4379128137384412,724,0.3817701453104359,0.14002642007926025,0.47820343461030385
1594,Howard,1798,Howard Precinct 06-021,607,379,58,1191,1798,1.0,0.3375973303670745,0.6624026696329255,1361,0.21078976640711902,0.03225806451612903,0.756952169076752
1595,Howard,1657,Howard Precinct 06-014,910,529,167,747,1657,1.0,0.5491852745926373,0.4508147254073627,961,0.3192516596258298,0.1007845503922752,0.579963789981895
1596,Howard,2698,Howard Precinct 06-016,1280,721,203,1418,2698,1.0,0.4744255003706449,0.5255744996293551,1774,0.26723498888065234,0.07524091919940697,0.6575240919199407
1597,Howard,1142,Howard Precinct 06-006,821,438,155,321,1142,1.0,0.7189141856392294,0.28108581436077057,549,0.38353765323992994,0.13572679509632224,0.4807355516637478
1598,Howard,1146,Howard Precinct 02-020,847,223,118,299,1146,1.0,0.7390924956369983,0.26090750436300175,805,0.19458987783595114,0.10296684118673648,0.7024432809773123
1599,Howard,965,Howard Precinct 02-013,738,209,120,227,965,1.0,0.7647668393782383,0.23523316062176167,636,0.21658031088082902,0.12435233160621761,0.6590673575129534
1600,Howard,2258,Howard Precinct 02-004,994,499,200,1264,2258,1.0,0.4402125775022144,0.5597874224977857,1559,0.22099202834366696,0.08857395925597875,0.6904340124003543
1601,Howard,2706,Howard Precinct 02-003,2051,647,486,655,2706,1.0,0.7579453067257945,0.24205469327420548,1573,0.23909830007390984,0.17960088691796008,0.5813008130081301
1602,Anne Arundel,6637,Anne Arundel Precinct 04-007,3576,596,206,3061,6637,1.0,0.5387976495404551,0.461202350459545,5835,0.0897996082567425,0.031038119632364018,0.8791622721108935
1603,Anne Arundel,2138,Anne Arundel Precinct 04-019,624,610,83,1514,2138,1.0,0.29186155285313375,0.7081384471468662,1445,0.2853133769878391,0.03882132834424696,0.6758652946679139
1604,Anne Arundel,1672,Anne Arundel Precinct 04-011,1012,382,236,660,1672,1.0,0.6052631578947368,0.39473684210526316,1054,0.2284688995215311,0.14114832535885166,0.6303827751196173
1605,Anne Arundel,1787,Anne Arundel Precinct 04-012,1244,302,263,543,1787,1.0,0.6961387800783436,0.30386121992165643,1222,0.1689983212087297,0.14717403469501958,0.6838276440962507
1606,Anne Arundel,1872,Anne Arundel Precinct 04-003,1469,332,416,403,1872,1.0,0.7847222222222222,0.2152777777777778,1124,0.17735042735042736,0.2222222222222222,0.6004273504273504
1607,Anne Arundel,2203,Anne Arundel Precinct 04-002,1531,580,370,672,2203,1.0,0.6949614162505674,0.3050385837494326,1253,0.2632773490694508,0.16795279164775306,0.5687698592827962
1608,Anne Arundel,3982,Anne Arundel Precinct 04-024,1617,846,195,2365,3982,1.0,0.40607734806629836,0.5939226519337016,2941,0.21245605223505776,0.048970366649924664,0.7385735811150176
1609,Anne Arundel,2792,Anne Arundel Precinct 04-018,453,1343,434,2339,2792,1.0,0.16224928366762179,0.8377507163323782,1015,0.4810171919770774,0.15544412607449856,0.3635386819484241
1610,Anne Arundel,2335,Anne Arundel Precinct 02-023,1669,507,493,666,2335,1.0,0.7147751605995717,0.28522483940042825,1335,0.2171306209850107,0.21113490364025697,0.5717344753747323
1611,Anne Arundel,2103,Anne Arundel Precinct 02-024,1550,342,359,553,2103,1.0,0.7370423204945317,0.2629576795054684,1402,0.16262482168330955,0.17070851165002376,0.6666666666666666
1612,Anne Arundel,2435,Anne Arundel Precinct 01-020,1182,459,282,1253,2435,1.0,0.4854209445585216,0.5145790554414784,1694,0.18850102669404517,0.11581108829568788,0.6956878850102669
1613,Anne Arundel,2219,Anne Arundel Precinct 01-021,618,597,143,1601,2219,1.0,0.2785038305543037,0.7214961694456963,1479,0.2690401081568274,0.0644434429923389,0.6665164488508337
1614,Anne Arundel,2392,Anne Arundel Precinct 01-019,966,562,249,1426,2392,1.0,0.40384615384615385,0.5961538461538461,1581,0.23494983277591974,0.10409698996655518,0.6609531772575251
1615,Anne Arundel,1877,Anne Arundel Precinct 01-005,1116,383,236,761,1877,1.0,0.5945657964837506,0.4054342035162493,1258,0.20404901438465636,0.12573255194459243,0.6702184336707512
1616,Anne Arundel,1391,Anne Arundel Precinct 01-024,699,336,171,692,1391,1.0,0.5025161754133717,0.4974838245866283,884,0.2415528396836808,0.12293314162473042,0.6355140186915887
1617,Anne Arundel,1706,Anne Arundel Precinct 02-001,1287,291,318,419,1706,1.0,0.7543962485345839,0.2456037514654162,1097,0.17057444314185227,0.18640093786635403,0.6430246189917936
1618,Anne Arundel,2031,Anne Arundel Precinct 01-006,1005,579,261,1026,2031,1.0,0.4948301329394387,0.5051698670605613,1191,0.28508124076809455,0.12850812407680945,0.5864106351550961
1619,Howard,1701,Howard Precinct 01-010,1139,388,213,562,1701,1.0,0.6696061140505585,0.3303938859494415,1100,0.22810111699000588,0.12522045855379188,0.6466784244562023
1620,Howard,366,Howard Precinct 01-007,217,157,100,149,366,1.0,0.592896174863388,0.40710382513661203,109,0.42896174863387976,0.273224043715847,0.2978142076502732
1621,Howard,2763,Howard Precinct 01-003,1793,593,297,970,2763,1.0,0.6489323199420919,0.35106768005790806,1873,0.2146217879116902,0.10749185667752444,0.6778863554107853
1622,Howard,403,Howard Precinct 01-012,328,225,177,75,403,1.3094462540716612,0.8138957816377171,0.18610421836228289,1,0.5583126550868487,0.4392059553349876,0.0024813895781637717
1623,Howard,595,Howard Precinct 01-005,437,169,137,158,595,1.0,0.7344537815126051,0.26554621848739496,289,0.28403361344537814,0.23025210084033612,0.4857142857142857
1624,Howard,1106,Howard Precinct 02-025,895,314,258,211,1106,1.0,0.8092224231464737,0.19077757685352623,534,0.28390596745027125,0.2332730560578662,0.48282097649186256
1625,Howard,2449,Howard Precinct 02-016,1747,588,385,702,2449,1.0,0.7133523887300939,0.28664761126990607,1476,0.24009799918334013,0.15720702327480604,0.6026949775418539
1626,Howard,1747,Howard Precinct 01-009,1011,500,248,736,1747,1.0,0.5787063537492845,0.4212936462507155,999,0.28620492272467085,0.14195764167143674,0.5718374356038924
1627,Howard,1552,Howard Precinct 01-014,1128,421,395,424,1552,1.0,0.7268041237113402,0.27319587628865977,736,0.2712628865979381,0.2545103092783505,0.4742268041237113
1628,Howard,2886,Howard Precinct 01-002,1980,357,377,906,2886,1.0,0.6860706860706861,0.31392931392931395,2152,0.12370062370062371,0.13063063063063063,0.7456687456687456
1629,Howard,2586,Howard Precinct 01-004,1819,799,684,767,2586,1.0,0.7034029389017789,0.2965970610982212,1103,0.30897138437741684,0.26450116009280744,0.4265274555297757
1630,Howard,1159,Howard Precinct 01-011,906,233,194,253,1159,1.0,0.7817083692838654,0.2182916307161346,732,0.20103537532355478,0.16738567730802417,0.631578947368421
1631,Howard,2733,Howard Precinct 02-002,1860,625,460,873,2733,1.0,0.6805708013172338,0.3194291986827662,1648,0.2286864251738017,0.16831320892791804,0.6030003658982803
1632,Howard,2180,Howard Precinct 02-001,1181,475,257,999,2180,1.0,0.541743119266055,0.45825688073394494,1448,0.21788990825688073,0.11788990825688074,0.6642201834862386
1633,Howard,2500,Howard Precinct 02-023,936,360,120,1564,2500,1.0,0.3744,0.6256,2020,0.144,0.048,0.808
1634,Prince George's,2446,Prince George's Precinct 21-007,1279,659,242,1167,2446,1.0,0.5228945216680294,0.4771054783319706,1545,0.26941946034341785,0.09893704006541292,0.6316434995911693
1635,Prince George's,3916,Prince George's Precinct 02-009,227,934,56,3689,3916,1.0,0.057967313585291114,0.9420326864147089,2926,0.23850868232890704,0.014300306435137897,0.7471910112359551
1636,Prince George's,3022,Prince George's Precinct 02-010,285,551,42,2737,3022,1.0,0.0943084050297816,0.9056915949702184,2429,0.18232958305757777,0.013898080741230973,0.8037723362011913
1637,Prince George's,3459,Prince George's Precinct 02-006,329,909,74,3130,3459,1.0,0.09511419485400405,0.9048858051459959,2476,0.26279271465741544,0.02139346631974559,0.715813819022839
1638,Prince George's,2119,Prince George's Precinct 02-004,309,529,79,1810,2119,1.0,0.1458235016517225,0.8541764983482775,1511,0.24964605946201038,0.03728173666823974,0.7130722038697499
1639,Prince George's,3067,Prince George's Precinct 20-007,21,669,18,3046,3067,1.0,0.006847081838930551,0.9931529181610694,2380,0.218128464297359,0.0058689272905119005,0.7760026084121291
1640,Prince George's,2332,Prince George's Precinct 20-012,113,485,24,2219,2332,1.0,0.04845626072041166,0.9515437392795884,1823,0.20797598627787306,0.010291595197255575,0.7817324185248714
1641,Prince George's,1239,Prince George's Precinct 21-009,565,328,65,674,1239,1.0,0.45601291364003227,0.5439870863599677,846,0.26472962066182404,0.052461662631154156,0.6828087167070218
1642,Prince George's,2546,Prince George's Precinct 20-005,461,598,67,2085,2546,1.0,0.18106834249803613,0.8189316575019638,1881,0.23487824037706206,0.02631578947368421,0.7388059701492538
1643,Prince George's,2412,Prince George's Precinct 20-006,332,566,61,2080,2412,1.0,0.13764510779436154,0.8623548922056384,1785,0.23466003316749584,0.02529021558872305,0.7400497512437811
1644,Prince George's,1798,Prince George's Precinct 21-016,304,558,56,1494,1798,1.0,0.16907675194660735,0.8309232480533927,1184,0.3103448275862069,0.03114571746384872,0.6585094549499444
1645,Prince George's,3234,Prince George's Precinct 21-004,1237,604,136,1997,3234,1.0,0.38249845392702536,0.6175015460729747,2494,0.18676561533704392,0.042053184910327765,0.7711811997526283
1646,Prince George's,2721,Prince George's Precinct 21-010,1330,608,189,1391,2721,1.0,0.48879088570378537,0.5112091142962146,1924,0.22344726203601617,0.06945975744211687,0.707092980521867
1647,Prince George's,850,Prince George's Precinct 01-008,369,189,35,481,850,1.0,0.43411764705882355,0.5658823529411765,626,0.2223529411764706,0.041176470588235294,0.7364705882352941
1649,Prince George's,2859,Prince George's Precinct 01-005,1391,724,274,1468,2859,1.0,0.48653375306051067,0.5134662469394893,1861,0.25323539699195524,0.09583770549143057,0.6509268975166143
1650,Prince George's,4986,Prince George's Precinct 21-008,194,1021,51,4792,4986,1.0,0.03890894504612916,0.9610910549538708,3914,0.20477336542318492,0.01022864019253911,0.784997994384276
1652,Prince George's,3492,Prince George's Precinct 21-003,1976,1197,159,1516,3492,1.0,0.565864833906071,0.434135166093929,2136,0.3427835051546392,0.04553264604810996,0.6116838487972509
1653,Prince George's,2659,Prince George's Precinct 21-006,1934,901,207,725,2659,1.0,0.7273411056788266,0.27265889432117335,1551,0.33884919142534786,0.07784881534411432,0.5833019932305378
1654,Prince George's,2024,Prince George's Precinct 01-002,921,417,132,1103,2024,1.0,0.4550395256916996,0.5449604743083004,1475,0.20602766798418973,0.06521739130434782,0.7287549407114624
1655,Prince George's,1731,Prince George's Precinct 01-006,330,559,65,1401,1731,1.0,0.19064124783362218,0.8093587521663779,1107,0.3229347198151358,0.03755054881571346,0.6395147313691508
1656,Prince George's,2436,Prince George's Precinct 13-003,24,749,37,2412,2436,1.0,0.009852216748768473,0.9901477832512315,1650,0.3074712643678161,0.015188834154351396,0.6773399014778325
1657,Prince George's,1716,Prince George's Precinct 20-002,186,377,42,1530,1716,1.0,0.10839160839160839,0.8916083916083916,1297,0.2196969696969697,0.024475524475524476,0.7558275058275058
1658,Prince George's,957,Prince George's Precinct 20-013,19,163,17,938,957,1.0,0.019853709508881923,0.9801462904911181,777,0.1703239289446186,0.017763845350052248,0.8119122257053292
1659,Prince George's,1875,Prince George's Precinct 20-003,26,682,24,1849,1875,1.0,0.013866666666666666,0.9861333333333333,1169,0.36373333333333335,0.0128,0.6234666666666666
1660,Prince George's,2857,Prince George's Precinct 20-011,168,742,32,2689,2857,1.0,0.05880294014700735,0.9411970598529926,2083,0.25971298564928247,0.0112005600280014,0.7290864543227161
1661,Prince George's,3387,Prince George's Precinct 20-001,567,810,92,2820,3387,1.0,0.16740478299379982,0.8325952170062002,2485,0.2391496899911426,0.02716268083850015,0.7336876291703572
1662,Prince George's,3358,Prince George's Precinct 21-018,545,842,62,2813,3358,1.0,0.16229898749255509,0.8377010125074449,2454,0.25074449076831445,0.01846337105419893,0.7307921381774866
1663,Prince George's,3792,Prince George's Precinct 21-011,512,827,88,3280,3792,1.0,0.1350210970464135,0.8649789029535865,2877,0.21809071729957805,0.023206751054852322,0.7587025316455697
1664,Prince George's,2484,Prince George's Precinct 20-010,566,549,83,1918,2484,1.0,0.2278582930756844,0.7721417069243156,1852,0.2210144927536232,0.03341384863123994,0.7455716586151369
1665,Prince George's,3859,Prince George's Precinct 13-005,536,1402,80,3323,3859,1.0,0.1388960870691889,0.8611039129308111,2377,0.36330655610261725,0.020730759264058048,0.6159626846333247
1666,Prince George's,3469,Prince George's Precinct 10-001,531,712,51,2938,3469,1.0,0.15307004900547708,0.846929950994523,2706,0.20524646872297492,0.014701643124819834,0.7800518881522053
1667,Prince George's,4592,Prince George's Precinct 10-002,1524,1058,210,3068,4592,1.0,0.3318815331010453,0.6681184668989547,3324,0.2304006968641115,0.04573170731707317,0.7238675958188153
1668,Prince George's,3148,Prince George's Precinct 10-004,732,904,85,2416,3148,1.0,0.23252858958068615,0.7674714104193139,2159,0.28716645489199494,0.027001270648030495,0.6858322744599746
1669,Howard,2070,Howard Precinct 06-024,1087,684,258,983,2070,1.0,0.5251207729468599,0.4748792270531401,1128,0.33043478260869563,0.1246376811594203,0.5449275362318841
1670,Prince George's,2617,Prince George's Precinct 10-003,1178,488,162,1439,2617,1.0,0.45013374092472297,0.5498662590752771,1967,0.1864730607565915,0.061902942300343905,0.7516239969430646
1671,Howard,2038,Howard Precinct 06-015,813,598,188,1225,2038,1.0,0.3989205103042198,0.6010794896957802,1252,0.2934249263984298,0.09224730127576054,0.6143277723258096
1672,Prince George's,4448,Prince George's Precinct 10-009,845,656,96,3603,4448,1.0,0.18997302158273383,0.8100269784172662,3696,0.1474820143884892,0.02158273381294964,0.8309352517985612
1673,Anne Arundel,3177,Anne Arundel Precinct 04-017,1534,550,190,1643,3177,1.0,0.4828454516839786,0.5171545483160214,2437,0.17311929493232608,0.05980484734025811,0.7670758577274158
1674,Anne Arundel,2642,Anne Arundel Precinct 04-001,1022,624,182,1620,2642,1.0,0.38682816048448143,0.6131718395155186,1836,0.23618470855412566,0.06888720666161999,0.6949280847842544
1675,Howard,2652,Howard Precinct 06-034,914,635,125,1738,2652,1.0,0.34464555052790347,0.6553544494720965,1892,0.23944193061840122,0.0471342383107089,0.7134238310708899
1676,Howard,3014,Howard Precinct 06-002,1196,945,268,1818,3014,1.0,0.39681486396814863,0.6031851360318513,1801,0.31353682813536826,0.08891838088918382,0.5975447909754479
1677,Anne Arundel,2646,Anne Arundel Precinct 04-009,961,1084,217,1685,2646,1.0,0.36318972033257746,0.6368102796674225,1345,0.40967498110355255,0.082010582010582,0.5083144368858654
1678,Howard,2624,Howard Precinct 06-035,1067,1218,388,1557,2624,1.0,0.4066310975609756,0.5933689024390244,1018,0.4641768292682927,0.14786585365853658,0.3879573170731707
1679,Howard,734,Howard Precinct 06-023,589,224,150,145,734,1.0,0.8024523160762943,0.19754768392370572,360,0.30517711171662126,0.20435967302452315,0.4904632152588556
1680,Howard,732,Howard Precinct 06-025,584,226,176,148,732,1.0,0.7978142076502732,0.20218579234972678,330,0.3087431693989071,0.24043715846994534,0.45081967213114754
1681,Howard,1711,Howard Precinct 06-018,1218,529,232,493,1711,1.0,0.711864406779661,0.288135593220339,950,0.30917592051431914,0.13559322033898305,0.5552308591466978
1682,Howard,2583,Howard Precinct 06-026,1654,816,267,929,2583,1.0,0.6403406891211769,0.3596593108788231,1500,0.3159117305458769,0.10336817653890824,0.5807200929152149
1683,Howard,2014,Howard Precinct 06-004,1661,679,394,353,2014,1.0,0.8247269116186693,0.17527308838133068,941,0.3371400198609732,0.19563058589870905,0.4672293942403178
1684,Howard,2046,Howard Precinct 06-027,920,683,237,1126,2046,1.0,0.4496578690127077,0.5503421309872922,1126,0.333822091886608,0.1158357771260997,0.5503421309872922
1685,Howard,2202,Howard Precinct 06-001,1204,490,279,998,2202,1.0,0.5467756584922797,0.45322434150772023,1433,0.22252497729336967,0.12670299727520437,0.650772025431426
1686,Howard,2052,Howard Precinct 06-033,1179,522,258,873,2052,1.0,0.5745614035087719,0.42543859649122806,1272,0.2543859649122807,0.12573099415204678,0.6198830409356725
1687,Howard,2183,Howard Precinct 06-020,1321,603,194,862,2183,1.0,0.6051305542830967,0.39486944571690336,1386,0.27622537792029317,0.08886852954649564,0.6349060925332112
1688,Howard,1571,Howard Precinct 06-013,1066,395,171,505,1571,1.0,0.6785486950986632,0.3214513049013367,1005,0.25143220878421385,0.10884786760025461,0.6397199236155315
1689,Howard,1813,Howard Precinct 06-022,1127,524,143,686,1813,1.0,0.6216216216216216,0.3783783783783784,1146,0.28902371759514617,0.07887479316050745,0.6321014892443464
1690,Howard,2296,Howard Precinct 06-019,970,755,138,1326,2296,1.0,0.42247386759581884,0.5775261324041812,1403,0.3288327526132404,0.06010452961672474,0.6110627177700348
1691,Howard,2941,Howard Precinct 05-022,1846,926,499,1095,2941,1.0,0.6276776606596396,0.3723223393403604,1516,0.314858891533492,0.16967018021081265,0.5154709282556953
1692,Howard,2781,Howard Precinct 05-010,1666,753,461,1115,2781,1.0,0.5990650845019777,0.4009349154980223,1567,0.2707659115426106,0.16576770945702984,0.5634663790003596
1693,Howard,2429,Howard Precinct 05-021,1336,584,149,1093,2429,1.0,0.5500205846027172,0.4499794153972828,1696,0.24042815973651707,0.061342116097159324,0.6982297241663236
1694,Howard,1794,Howard Precinct 05-017,1247,408,174,547,1794,1.0,0.6950947603121517,0.3049052396878484,1212,0.22742474916387959,0.09698996655518395,0.6755852842809364
1695,Howard,1525,Howard Precinct 05-018,826,392,91,699,1525,1.0,0.5416393442622951,0.4583606557377049,1042,0.25704918032786883,0.05967213114754098,0.6832786885245902
1696,Howard,1777,Howard Precinct 05-007,997,449,122,780,1777,1.0,0.5610579628587508,0.4389420371412493,1206,0.25267304445694994,0.0686550365785031,0.678671918964547
1697,Howard,1870,Howard Precinct 05-012,1022,521,166,848,1870,1.0,0.546524064171123,0.453475935828877,1183,0.2786096256684492,0.08877005347593583,0.6326203208556149
1698,Baltimore City,1766,Baltimore City Precinct 15-001,42,365,19,1724,1766,1.0,0.02378255945639864,0.9762174405436014,1382,0.20668176670441676,0.010758776896942242,0.782559456398641
1699,Baltimore City,571,Baltimore City Precinct 28-003,5,135,5,566,571,1.0,0.008756567425569177,0.9912434325744308,431,0.23642732049036777,0.008756567425569177,0.7548161120840631
1700,Baltimore City,1228,Baltimore City Precinct 27-061,324,120,42,904,1228,1.0,0.26384364820846906,0.7361563517915309,1066,0.09771986970684039,0.03420195439739414,0.8680781758957655
1701,Baltimore City,1238,Baltimore City Precinct 27-056,13,182,9,1225,1238,1.0,0.01050080775444265,0.9894991922455574,1047,0.1470113085621971,0.007269789983844911,0.845718901453958
1702,Baltimore City,2460,Baltimore City Precinct 27-057,36,326,12,2424,2460,1.0,0.014634146341463415,0.9853658536585366,2122,0.13252032520325202,0.004878048780487805,0.8626016260162601
1703,Baltimore City,1163,Baltimore City Precinct 27-059,32,160,3,1131,1163,1.0,0.027515047291487533,0.9724849527085124,1000,0.13757523645743766,0.0025795356835769563,0.8598452278589854
1704,Baltimore City,1669,Baltimore City Precinct 28-001,105,326,25,1564,1669,1.0,0.06291192330736968,0.9370880766926303,1318,0.19532654284002396,0.014979029358897543,0.7896944278010785
1705,Baltimore City,3062,Baltimore City Precinct 27-067,1028,423,173,2034,3062,1.0,0.3357282821685173,0.6642717178314826,2466,0.1381450032658393,0.05649902024820379,0.8053559764859569
1706,Baltimore City,2688,Baltimore City Precinct 27-062,1151,195,189,1537,2688,1.0,0.42819940476190477,0.5718005952380952,2304,0.07254464285714286,0.0703125,0.8571428571428571
1707,Baltimore City,2392,Baltimore City Precinct 27-066,1756,232,361,636,2392,1.0,0.7341137123745819,0.26588628762541805,1799,0.09698996655518395,0.15091973244147158,0.7520903010033445
1708,Baltimore County,2385,Baltimore County Precinct 03-006,2216,540,401,169,2385,1.0,0.929140461215933,0.07085953878406709,1444,0.22641509433962265,0.1681341719077568,0.6054507337526206
1709,Baltimore City,1675,Baltimore City Precinct 27-063,770,294,176,905,1675,1.0,0.4597014925373134,0.5402985074626866,1205,0.1755223880597015,0.10507462686567164,0.7194029850746269
1710,Baltimore City,3698,Baltimore City Precinct 27-065,2866,413,408,832,3698,1.0,0.775013520822066,0.22498647917793402,2877,0.11168199026500811,0.11032990805840995,0.777988101676582
1711,Baltimore City,997,Baltimore City Precinct 27-060,171,271,66,826,997,1.0,0.1715145436308927,0.8284854563691073,660,0.27181544633901705,0.06619859578736209,0.6619859578736209
1712,Baltimore City,1689,Baltimore City Precinct 27-064,1206,261,307,483,1689,1.0,0.7140319715808171,0.28596802841918295,1121,0.15452930728241562,0.1817643576080521,0.6637063351095323
1713,Baltimore County,3977,Baltimore County Precinct 03-007,3337,679,976,640,3977,1.0,0.8390746794065879,0.1609253205934121,2322,0.17073170731707318,0.2454111139049535,0.5838571787779734
1714,Baltimore County,3393,Baltimore County Precinct 03-011,2447,700,297,946,3393,1.0,0.7211906867079281,0.2788093132920719,2396,0.206307102858827,0.08753315649867374,0.7061597406424993
1715,Baltimore County,2089,Baltimore County Precinct 03-013,1842,446,327,247,2089,1.0,0.8817616084250838,0.11823839157491622,1316,0.2134992819530876,0.1565342269028243,0.6299664911440881
1716,Baltimore County,2964,Baltimore County Precinct 03-010,2695,847,379,269,2964,1.0,0.9092442645074224,0.0907557354925776,1738,0.2857624831309042,0.12786774628879893,0.5863697705802969
1717,Baltimore County,1906,Baltimore County Precinct 08-008,1709,294,404,197,1906,1.0,0.8966421825813221,0.10335781741867786,1208,0.15424973767051417,0.21196222455403987,0.633788037775446
1718,Baltimore County,2959,Baltimore County Precinct 04-005,2071,549,282,888,2959,1.0,0.6998986143967557,0.30010138560324434,2128,0.18553565393714092,0.09530246704967894,0.7191618790131802
1719,Baltimore County,3908,Baltimore County Precinct 04-004,2966,901,455,942,3908,1.0,0.7589559877175026,0.24104401228249744,2552,0.2305527123848516,0.11642784032753327,0.6530194472876152
1720,Baltimore County,533,Baltimore County Precinct 04-013,478,159,161,55,533,1.0,0.8968105065666041,0.10318949343339587,213,0.29831144465290804,0.30206378986866794,0.399624765478424
1721,Baltimore County,433,Baltimore County Precinct 04-011,383,92,111,50,433,1.0,0.8845265588914549,0.11547344110854503,230,0.21247113163972287,0.25635103926096997,0.5311778290993071
1722,Baltimore County,685,Baltimore County Precinct 08-023,608,153,174,77,685,1.0,0.8875912408759125,0.11240875912408758,358,0.22335766423357664,0.25401459854014596,0.5226277372262774
1723,Baltimore County,510,Baltimore County Precinct 08-021,438,103,152,72,510,1.0,0.8588235294117647,0.1411764705882353,255,0.2019607843137255,0.2980392156862745,0.5
1724,Baltimore County,994,Baltimore County Precinct 08-024,886,184,321,108,994,1.0,0.8913480885311871,0.10865191146881288,489,0.1851106639839034,0.32293762575452717,0.4919517102615694
1725,Baltimore County,3725,Baltimore County Precinct 08-002,3308,563,887,417,3725,1.0,0.8880536912751678,0.11194630872483222,2275,0.15114093959731545,0.23812080536912753,0.610738255033557
1726,Baltimore City,818,Baltimore City Precinct 15-008,13,214,10,805,818,1.0,0.01589242053789731,0.9841075794621027,594,0.2616136919315403,0.012224938875305624,0.726161369193154
1727,Baltimore City,2394,Baltimore City Precinct 15-003,33,632,31,2361,2394,1.0,0.013784461152882205,0.9862155388471178,1731,0.26399331662489556,0.012949039264828738,0.7230576441102757
1728,Baltimore City,1024,Baltimore City Precinct 15-004,8,237,9,1016,1024,1.0,0.0078125,0.9921875,778,0.2314453125,0.0087890625,0.759765625
1729,Baltimore City,1372,Baltimore City Precinct 15-005,11,379,19,1361,1372,1.0,0.008017492711370262,0.9919825072886297,974,0.2762390670553936,0.013848396501457727,0.7099125364431487
1730,Somerset,739,Somerset Precinct 12-001,638,74,184,101,739,1.0,0.8633288227334236,0.13667117726657646,481,0.10013531799729364,0.2489851150202977,0.6508795669824087
1731,Somerset,404,Somerset Precinct 08-002,370,43,146,34,404,1.0,0.9158415841584159,0.08415841584158416,215,0.10643564356435643,0.3613861386138614,0.5321782178217822
1732,Somerset,1465,Somerset Precinct 08-001,1201,123,423,264,1465,1.0,0.8197952218430035,0.1802047781569966,919,0.08395904436860069,0.2887372013651877,0.6273037542662117
1733,Somerset,71,Somerset Precinct 10-002,70,1,4,1,71,1.0,0.9859154929577465,0.014084507042253521,66,0.014084507042253521,0.056338028169014086,0.9295774647887324
1734,Somerset,396,Somerset Precinct 14-001,370,37,130,26,396,1.0,0.9343434343434344,0.06565656565656566,229,0.09343434343434344,0.3282828282828283,0.5782828282828283
1735,Somerset,301,Somerset Precinct 09-001,242,24,97,59,301,1.0,0.8039867109634552,0.19601328903654486,180,0.07973421926910298,0.3222591362126246,0.5980066445182725
1736,Somerset,487,Somerset Precinct 06-001,372,66,99,115,487,1.0,0.7638603696098563,0.23613963039014374,322,0.13552361396303902,0.2032854209445585,0.6611909650924025
1737,Somerset,139,Somerset Precinct 11-001,113,5,43,26,139,1.0,0.8129496402877698,0.18705035971223022,91,0.03597122302158273,0.30935251798561153,0.6546762589928058
1738,Harford,2157,Harford Precinct 01-002,1667,298,535,490,2157,1.0,0.7728326379230412,0.22716736207695873,1324,0.13815484469170144,0.2480296708391284,0.6138154844691701
1739,Harford,2040,Harford Precinct 01-041,1629,440,433,411,2040,1.0,0.7985294117647059,0.20147058823529412,1167,0.21568627450980393,0.2122549019607843,0.5720588235294117
1740,Harford,3676,Harford Precinct 01-001,1714,667,226,1962,3676,1.0,0.4662676822633297,0.5337323177366703,2783,0.18144722524483134,0.06147986942328618,0.7570729053318824
1741,Harford,3478,Harford Precinct 01-004,2572,535,645,906,3478,1.0,0.7395054629097182,0.26049453709028175,2298,0.15382403680276022,0.18545140885566416,0.6607245543415756
1742,Harford,3873,Harford Precinct 01-006,1543,587,167,2330,3873,1.0,0.3983991737671056,0.6016008262328943,3119,0.15156209656596953,0.043119029176349084,0.8053188742576813
1743,Harford,2164,Harford Precinct 03-007,1998,357,881,166,2164,1.0,0.9232902033271719,0.0767097966728281,926,0.16497227356746766,0.40711645101663585,0.42791127541589646
1744,Harford,2054,Harford Precinct 03-014,1919,258,560,135,2054,1.0,0.9342745861733204,0.06572541382667965,1236,0.12560856864654332,0.2726387536514119,0.6017526777020448
1745,Harford,3462,Harford Precinct 03-003,3325,411,1283,137,3462,1.0,0.9604274985557482,0.039572501444251874,1768,0.11871750433275563,0.3705950317735413,0.510687463893703
1746,Harford,2794,Harford Precinct 03-008,2645,435,833,149,2794,1.0,0.9466714387974231,0.05332856120257695,1526,0.1556907659269864,0.29813886900501074,0.5461703650680029
1747,Harford,3241,Harford Precinct 03-009,2986,466,1036,255,3241,1.0,0.9213205800678803,0.07867941993211972,1739,0.1437827830916384,0.31965442764578833,0.5365627892625733
1748,Harford,3003,Harford Precinct 03-013,2807,447,883,196,3003,1.0,0.9347319347319347,0.06526806526806526,1673,0.14885114885114886,0.294039294039294,0.5571095571095571
1749,Harford,3352,Harford Precinct 03-010,2942,389,576,410,3352,1.0,0.8776849642004774,0.12231503579952267,2387,0.11605011933174224,0.1718377088305489,0.7121121718377088
1750,Harford,2607,Harford Precinct 03-024,2426,268,664,181,2607,1.0,0.9305715381664749,0.06942846183352512,1675,0.10280015343306483,0.25469888761028003,0.6425009589566552
1751,Harford,2554,Harford Precinct 03-015,2121,292,551,433,2554,1.0,0.8304620203602192,0.16953797963978073,1711,0.11433046202036022,0.2157400156617071,0.6699295223179327
1752,Harford,2186,Harford Precinct 01-007,1978,188,460,208,2186,1.0,0.9048490393412626,0.09515096065873742,1538,0.08600182982616651,0.21043000914913082,0.7035681610247027
1753,Harford,3096,Harford Precinct 01-015,2442,519,581,654,3096,1.0,0.7887596899224806,0.21124031007751937,1996,0.16763565891472867,0.18766149870801033,0.6447028423772609
1754,Harford,2678,Harford Precinct 01-009,2194,403,556,484,2678,1.0,0.8192681105302465,0.18073188946975355,1719,0.15048543689320387,0.20761762509335324,0.6418969380134428
1755,Harford,3303,Harford Precinct 01-008,2689,652,848,614,3303,1.0,0.8141083863154708,0.18589161368452922,1803,0.197396306388132,0.2567363003330306,0.5458673932788374
1756,Harford,2527,Harford Precinct 03-016,2247,301,516,280,2527,1.0,0.889196675900277,0.11080332409972299,1710,0.11911357340720222,0.20419469726948952,0.6766917293233082
1757,Harford,1005,Harford Precinct 01-021,871,136,231,134,1005,1.0,0.8666666666666667,0.13333333333333333,638,0.13532338308457711,0.2298507462686567,0.6348258706467662
1758,Harford,3462,Harford Precinct 01-013,2644,451,556,818,3462,1.0,0.7637203928365107,0.2362796071634893,2455,0.13027151935297515,0.1606008087810514,0.7091276718659735
1759,Harford,2938,Harford Precinct 01-011,2628,444,784,310,2938,1.0,0.8944860449285228,0.10551395507147719,1710,0.15112321307011573,0.2668481960517359,0.5820285908781484
1760,Harford,2684,Harford Precinct 01-012,2311,469,776,373,2684,1.0,0.8610283159463488,0.13897168405365126,1439,0.1747391952309985,0.28912071535022354,0.536140089418778
1761,Harford,3797,Harford Precinct 01-014,3420,540,987,377,3797,1.0,0.9007110877008164,0.09928891229918356,2270,0.1422175401632868,0.25994205952067423,0.597840400316039
1762,Harford,2630,Harford Precinct 03-012,2339,322,504,291,2630,1.0,0.8893536121673004,0.11064638783269962,1804,0.12243346007604562,0.19163498098859316,0.6859315589353612
1763,Harford,1993,Harford Precinct 03-011,1840,303,489,153,1993,1.0,0.9232313095835424,0.0767686904164576,1201,0.15203211239337683,0.24535875564475665,0.6026091319618665
1764,Harford,2372,Harford Precinct 03-017,2236,330,641,136,2372,1.0,0.9426644182124789,0.05733558178752108,1401,0.1391231028667791,0.2702360876897133,0.5906408094435076
1765,Harford,2779,Harford Precinct 03-018,2379,465,645,400,2779,1.0,0.8560633321338611,0.1439366678661389,1669,0.16732637639438647,0.23209787693414896,0.6005757466714645
1766,Harford,2558,Harford Precinct 03-019,2363,394,851,195,2558,1.0,0.9237685691946833,0.07623143080531665,1313,0.15402658326817825,0.3326817826426896,0.5132916340891321
1767,Harford,2823,Harford Precinct 03-021,2432,439,827,391,2823,1.0,0.8614948636202622,0.13850513637973788,1557,0.1555083244775062,0.29295076160113354,0.5515409139213603
1768,Worcester,2575,Worcester Precinct 03-002,2428,198,480,147,2575,1.0,0.9429126213592233,0.0570873786407767,1897,0.07689320388349515,0.18640776699029127,0.7366990291262135
1769,Worcester,6559,Worcester Precinct 07-001,5942,783,1477,617,6559,1.0,0.9059307821314224,0.09406921786857753,4299,0.11937795395639579,0.22518676627534684,0.6554352797682573
1770,Carroll,7060,Carroll Precinct 13-001,6426,1267,2352,634,7060,1.0,0.9101983002832861,0.08980169971671388,3441,0.1794617563739377,0.33314447592067986,0.48739376770538245
1771,Montgomery,5066,Montgomery Precinct 02-002,2200,1044,412,2866,5066,1.0,0.43426766679826295,0.5657323332017371,3610,0.20607974733517567,0.0813264903276747,0.7125937623371497
1772,Montgomery,4594,Montgomery Precinct 02-003,1819,927,230,2775,4594,1.0,0.3959512407488028,0.6040487592511972,3437,0.20178493687418372,0.0500653025685677,0.7481497605572486
1773,Montgomery,4893,Montgomery Precinct 04-014,2595,1039,283,2298,4893,1.0,0.530349478847333,0.4696505211526671,3571,0.2123441651338647,0.05783772736562436,0.7298181075005109
1774,Montgomery,8267,Montgomery Precinct 05-013,1288,1199,71,6979,8267,1.0,0.15580016934801016,0.8441998306519899,6997,0.14503447441635417,0.00858836337244466,0.8463771622112012
1775,Montgomery,5042,Montgomery Precinct 05-023,1026,1263,173,4016,5042,1.0,0.203490678302261,0.796509321697739,3606,0.2504958349861166,0.03431178103927013,0.7151923839746133
1776,Montgomery,7187,Montgomery Precinct 05-012,3273,1398,303,3914,7187,1.0,0.45540559343258663,0.5445944065674134,5486,0.1945178795046612,0.04215945457075275,0.7633226659245861
1777,Montgomery,4205,Montgomery Precinct 06-002,2503,763,474,1702,4205,1.0,0.595243757431629,0.404756242568371,2968,0.18145065398335314,0.11272294887039239,0.7058263971462545
1778,Montgomery,4050,Montgomery Precinct 07-019,3278,1480,413,772,4050,1.0,0.8093827160493827,0.19061728395061728,2157,0.3654320987654321,0.1019753086419753,0.5325925925925926
1779,Montgomery,3999,Montgomery Precinct 07-023,3100,1212,410,899,3999,1.0,0.7751937984496124,0.2248062015503876,2377,0.30307576894223553,0.10252563140785197,0.5943985996499125
1780,Montgomery,3316,Montgomery Precinct 09-005,1609,729,263,1707,3316,1.0,0.4852231604342581,0.5147768395657418,2324,0.2198431845597105,0.0793124246079614,0.7008443908323281
1781,Montgomery,5404,Montgomery Precinct 09-009,1874,1112,248,3530,5404,1.0,0.34678016284233903,0.653219837157661,4044,0.20577350111028866,0.0458919319022946,0.7483345669874167
1782,Montgomery,4358,Montgomery Precinct 09-022,1537,1027,317,2821,4358,1.0,0.3526847177604406,0.6473152822395595,3014,0.2356585589720055,0.07273978889398806,0.6916016521340064
1783,Montgomery,5285,Montgomery Precinct 13-021,1585,1212,77,3700,5285,1.0,0.29990539262062443,0.7000946073793756,3996,0.2293282876064333,0.01456953642384106,0.7561021759697256
1784,Montgomery,5580,Montgomery Precinct 13-015,1569,1287,183,4011,5580,1.0,0.28118279569892474,0.7188172043010753,4110,0.2306451612903226,0.032795698924731186,0.7365591397849462
1785,Montgomery,4493,Montgomery Precinct 13-058,2208,1207,254,2285,4493,1.0,0.4914311150678834,0.5085688849321166,3032,0.2686401068328511,0.05653238370799021,0.6748275094591587
1786,Montgomery,3906,Montgomery Precinct 13-038,3422,1277,666,484,3906,1.0,0.8760880696364567,0.12391193036354327,1963,0.32693292370711724,0.17050691244239632,0.5025601638504864
1787,Montgomery,5201,Montgomery Precinct 13-002,1770,1439,339,3431,5201,1.0,0.34031916939050183,0.6596808306094982,3423,0.2766775620073063,0.06517977312055374,0.65814266487214
1788,Montgomery,4646,Montgomery Precinct 13-056,1538,804,215,3108,4646,1.0,0.3310374515712441,0.6689625484287559,3627,0.1730520878174774,0.04627636676711149,0.7806715454154111
1789,Montgomery,5489,Montgomery Precinct 13-049,1754,398,82,3735,5489,1.0,0.31954818728365825,0.6804518127163418,5009,0.07250865367097832,0.014938968846784478,0.9125523774822372
1790,Montgomery,2651,Montgomery Precinct 13-014,1982,852,161,669,2651,1.0,0.7476423990946812,0.2523576009053187,1638,0.32138815541305166,0.060731799321010936,0.6178800452659374
1791,Montgomery,6281,Montgomery Precinct 09-015,2477,1681,369,3804,6281,1.0,0.39436395478427,0.60563604521573,4231,0.26763254258875974,0.05874860690972775,0.6736188505015125
1792,Montgomery,7135,Montgomery Precinct 09-028,2268,564,172,4867,7135,1.0,0.3178696566222845,0.6821303433777155,6399,0.0790469516468115,0.024106517168885774,0.8968465311843027
1793,Montgomery,5420,Montgomery Precinct 09-026,1771,1563,353,3649,5420,1.0,0.3267527675276753,0.6732472324723248,3504,0.2883763837638376,0.06512915129151292,0.6464944649446495
1794,Carroll,4768,Carroll Precinct 04-003,4514,615,1482,254,4768,1.0,0.9467281879194631,0.05327181208053691,2671,0.12898489932885907,0.3108221476510067,0.5601929530201343
1795,Frederick,4416,Frederick Precinct 02-005,3731,1131,554,685,4416,1.0,0.8448822463768116,0.15511775362318841,2731,0.2561141304347826,0.12545289855072464,0.6184329710144928
1796,Frederick,6484,Frederick Precinct 02-004,2621,1144,491,3863,6484,1.0,0.4042257865515114,0.5957742134484886,4849,0.17643429981492906,0.0757248611967921,0.7478408389882788
1797,Montgomery,3644,Montgomery Precinct 08-007,2562,777,570,1082,3644,1.0,0.7030735455543359,0.2969264544456641,2297,0.2132272228320527,0.15642151481888036,0.6303512623490669
1798,Montgomery,4038,Montgomery Precinct 13-068,1615,1416,82,2423,4038,1.0,0.39995047052996535,0.6000495294700346,2540,0.35066864784546803,0.02030708271421496,0.629024269440317
1799,Queen Anne's,3460,Queen Anne's Precinct 02-001,2950,425,892,510,3460,1.0,0.8526011560693642,0.14739884393063585,2143,0.12283236994219653,0.25780346820809247,0.619364161849711
1800,Queen Anne's,6268,Queen Anne's Precinct 03-002,5455,639,1308,813,6268,1.0,0.870293554562859,0.12970644543714102,4321,0.10194639438417358,0.20867900446713467,0.6893746011486918
1801,Queen Anne's,5103,Queen Anne's Precinct 04-002,4556,524,992,547,5103,1.0,0.8928081520674114,0.10719184793258868,3587,0.10268469527728787,0.19439545365471292,0.7029198510679993
1802,Queen Anne's,3757,Queen Anne's Precinct 04-003,3516,418,1019,241,3757,1.0,0.9358530742613788,0.06414692573862124,2320,0.11125898323130157,0.2712270428533404,0.617513973915358
1803,Queen Anne's,4917,Queen Anne's Precinct 05-002,4108,553,1093,809,4917,1.0,0.8354687817775066,0.1645312182224934,3271,0.11246695139312589,0.22229001423632297,0.6652430343705511
1804,Washington,1117,Washington Precinct 24-001,918,56,141,199,1117,1.0,0.8218442256042973,0.17815577439570277,920,0.050134288272157566,0.12623097582811102,0.8236347358997315
1805,Washington,5439,Washington Precinct 17-001,4429,497,466,1010,5439,1.0,0.8143041000183857,0.18569589998161426,4476,0.09137709137709138,0.08567751424894282,0.8229453943739659
1806,Wicomico,619,Wicomico Precinct 01-001,507,14,37,112,619,1.0,0.8190630048465266,0.18093699515347333,568,0.022617124394184167,0.05977382875605816,0.9176090468497576
1807,Wicomico,1374,Wicomico Precinct 07-001,1108,185,393,266,1374,1.0,0.8064046579330422,0.19359534206695778,796,0.1346433770014556,0.28602620087336245,0.5793304221251819
1808,Worcester,2745,Worcester Precinct 01-002,2016,109,258,729,2745,1.0,0.7344262295081967,0.26557377049180325,2378,0.03970856102003643,0.09398907103825137,0.8663023679417122
