,COUNTY,VAP,NAME,WVAP,SEN16D,SEN16R,OVAP,TOT_VOTES,factor,WVAP_pct,OVAP_pct,SEN16None,SEN16D_pct,SEN16R_pct,SEN16None_pct
0,Somerset,404,Somerset Precinct 02-001,324,33,98,80,404,1.0,0.801980198019802,0.19801980198019803,273,0.08168316831683169,0.24257425742574257,0.6757425742574258
1,Somerset,726,Somerset Precinct 05-001,591,97,259,135,726,1.0,0.8140495867768595,0.1859504132231405,370,0.13360881542699724,0.35674931129476584,0.509641873278237
2,Somerset,1165,Somerset Precinct 03-001,861,172,371,304,1165,1.0,0.7390557939914163,0.2609442060085837,622,0.14763948497854076,0.3184549356223176,0.5339055793991416
3,Somerset,217,Somerset Precinct 13-003,159,33,64,58,217,1.0,0.7327188940092166,0.2672811059907834,120,0.15207373271889402,0.29493087557603687,0.5529953917050692
4,Somerset,3664,Somerset Precinct 13-002,1072,56,72,2592,3664,1.0,0.2925764192139738,0.7074235807860262,3536,0.015283842794759825,0.019650655021834062,0.9650655021834061
5,Somerset,151,Somerset Precinct 13-001,122,12,53,29,151,1.0,0.8079470198675497,0.19205298013245034,86,0.07947019867549669,0.3509933774834437,0.5695364238410596
6,Somerset,2355,Somerset Precinct 01-002,1257,324,269,1098,2355,1.0,0.5337579617834395,0.4662420382165605,1762,0.1375796178343949,0.11422505307855627,0.7481953290870488
7,Somerset,186,Somerset Precinct 01-003,56,94,36,130,186,1.0,0.3010752688172043,0.6989247311827957,56,0.5053763440860215,0.1935483870967742,0.3010752688172043
8,Somerset,1267,Somerset Precinct 15-002,234,256,80,1033,1267,1.0,0.18468823993685873,0.8153117600631413,931,0.20205209155485399,0.06314127861089187,0.7348066298342542
9,Somerset,1039,Somerset Precinct 01-001,633,118,136,406,1039,1.0,0.6092396535129933,0.39076034648700675,785,0.11357074109720885,0.13089509143407121,0.7555341674687199
10,Somerset,3771,Somerset Precinct 15-001,692,161,121,3079,3771,1.0,0.18350570140546274,0.8164942985945373,3489,0.042694245558207375,0.032086979581012996,0.9252187748607796
11,Worcester,2315,Worcester Precinct 01-001,1155,1003,1212,1160,2315,1.0,0.49892008639308855,0.5010799136069114,100,0.43326133909287257,0.5235421166306695,0.04319654427645788
12,Somerset,919,Somerset Precinct 04-001,711,96,245,208,919,1.0,0.7736670293797606,0.22633297062023938,578,0.1044613710554951,0.26659412404787813,0.6289445048966268
13,Dorchester,70,Dorchester Precinct 18-001,65,6,18,5,70,1.0,0.9285714285714286,0.07142857142857142,46,0.08571428571428572,0.2571428571428571,0.6571428571428571
14,Dorchester,49,Dorchester Precinct 11-001,44,7,21,5,49,1.0,0.8979591836734694,0.10204081632653061,21,0.14285714285714285,0.42857142857142855,0.42857142857142855
15,Dorchester,145,Dorchester Precinct 13-002,79,37,33,66,145,1.0,0.5448275862068965,0.45517241379310347,75,0.25517241379310346,0.22758620689655173,0.5172413793103449
16,Dorchester,206,Dorchester Precinct 17-001,169,39,65,37,206,1.0,0.8203883495145631,0.1796116504854369,102,0.18932038834951456,0.3155339805825243,0.49514563106796117
17,Dorchester,63,Dorchester Precinct 14-002,39,15,18,24,63,1.0,0.6190476190476191,0.38095238095238093,30,0.23809523809523808,0.2857142857142857,0.47619047619047616
18,Wicomico,1349,Wicomico Precinct 17-001,1025,313,402,324,1349,1.0,0.759822090437361,0.24017790956263899,634,0.23202372127501852,0.29799851742031136,0.4699777613046701
19,Dorchester,308,Dorchester Precinct 03-001,274,62,99,34,308,1.0,0.8896103896103896,0.11038961038961038,147,0.2012987012987013,0.32142857142857145,0.4772727272727273
20,Cecil,4593,Cecil Precinct 05-003,4361,561,1542,232,4593,1.0,0.9494883518397561,0.05051164816024385,2490,0.12214239059438275,0.3357282821685173,0.5421293272371
21,Kent,1682,Kent Precinct 01-002,1494,293,536,188,1682,1.0,0.8882282996432818,0.1117717003567182,853,0.17419738406658739,0.31866825208085614,0.5071343638525565
22,Cecil,2280,Cecil Precinct 02-001,2088,306,670,192,2280,1.0,0.9157894736842105,0.08421052631578947,1304,0.13421052631578947,0.29385964912280704,0.5719298245614035
23,Cecil,2076,Cecil Precinct 02-002,1934,293,532,142,2076,1.0,0.9315992292870906,0.06840077071290944,1251,0.14113680154142583,0.25626204238921,0.6026011560693642
24,Cecil,4897,Cecil Precinct 05-002,4539,886,2028,358,4897,1.0,0.9268940167449459,0.07310598325505412,1983,0.18092709822340208,0.414131100673882,0.40494180110271594
25,Cecil,3665,Cecil Precinct 09-001,3546,367,1314,119,3665,1.0,0.9675306957708049,0.03246930422919509,1984,0.10013642564802183,0.35852660300136424,0.5413369713506139
26,Cecil,2554,Cecil Precinct 05-004,2220,329,435,334,2554,1.0,0.8692247454972593,0.1307752545027408,1790,0.1288175411119812,0.17032106499608457,0.7008613938919342
27,Cecil,4984,Cecil Precinct 05-001,4641,380,834,343,4984,1.0,0.9311797752808989,0.06882022471910113,3770,0.07624398073836276,0.1673354735152488,0.7564205457463884
28,Cecil,7016,Cecil Precinct 03-002,6111,834,1402,905,7016,1.0,0.8710091220068416,0.1289908779931585,4780,0.11887115165336375,0.1998289623717218,0.6812998859749145
29,Cecil,6045,Cecil Precinct 03-003,4995,583,822,1050,6045,1.0,0.826302729528536,0.17369727047146402,4640,0.09644334160463193,0.1359801488833747,0.7675765095119934
30,Cecil,4668,Cecil Precinct 04-001,4445,653,1164,223,4668,1.0,0.9522279348757497,0.04777206512425022,2851,0.13988860325621252,0.2493573264781491,0.6107540702656384
31,Cecil,6876,Cecil Precinct 03-001,5322,914,1047,1554,6876,1.0,0.7739965095986039,0.22600349040139617,4915,0.1329261198371146,0.15226876090750435,0.714805119255381
32,Cecil,1863,Cecil Precinct 04-002,1152,437,359,711,1863,1.0,0.6183574879227053,0.38164251207729466,1067,0.2345679012345679,0.19269994632313472,0.5727321524422974
33,Worcester,1273,Worcester Precinct 04-001,1046,381,891,227,1273,2.134228187919463,0.821681068342498,0.17831893165750196,1,0.2992930086410055,0.6999214454045561,0.0007855459544383347
34,Worcester,2209,Worcester Precinct 02-001,1098,167,103,1111,2209,1.0,0.49705749207786326,0.5029425079221367,1939,0.0755998189225894,0.046627433227704844,0.8777727478497057
35,Worcester,2685,Worcester Precinct 04-002,2330,82,234,355,2685,1.0,0.8677839851024208,0.13221601489757914,2369,0.030540037243947857,0.08715083798882682,0.8823091247672253
36,Worcester,1275,Worcester Precinct 02-002,1000,822,452,275,1275,1.7843137254901962,0.7843137254901961,0.21568627450980393,1,0.6447058823529411,0.3545098039215686,0.000784313725490196
37,Wicomico,2459,Wicomico Precinct 15-001,1971,322,762,488,2459,1.0,0.8015453436356242,0.19845465636437576,1375,0.13094753965026434,0.3098820658804392,0.5591703944692965
38,Wicomico,2235,Wicomico Precinct 16-002,1532,463,506,703,2235,1.0,0.6854586129753915,0.3145413870246085,1266,0.20715883668903803,0.22639821029082774,0.5664429530201343
39,Wicomico,2655,Wicomico Precinct 08-004,2377,352,525,278,2655,1.0,0.8952919020715631,0.10470809792843691,1778,0.13258003766478343,0.1977401129943503,0.6696798493408663
40,Wicomico,1417,Wicomico Precinct 08-003,1099,56,92,318,1417,1.0,0.7755822159491884,0.2244177840508116,1269,0.03952011291460833,0.06492589978828511,0.8955539872971066
41,Wicomico,3627,Wicomico Precinct 13-003,2905,720,780,722,3627,1.0,0.8009374138406397,0.19906258615936034,2127,0.19851116625310175,0.21505376344086022,0.586435070306038
42,Wicomico,5667,Wicomico Precinct 13-001,4424,152,81,1243,5667,1.0,0.7806599611787541,0.2193400388212458,5434,0.026821951649902948,0.014293276866066702,0.9588847714840304
43,Wicomico,559,Wicomico Precinct 09-004,373,299,259,186,559,2.232,0.667262969588551,0.33273703041144903,1,0.5348837209302325,0.46332737030411447,0.0017889087656529517
44,Wicomico,3486,Wicomico Precinct 09-002,433,482,19,3053,3486,1.0,0.12421113023522662,0.8757888697647733,2985,0.13826735513482502,0.005450372920252439,0.8562822719449226
45,Wicomico,4914,Wicomico Precinct 13-002,2595,563,270,2319,4914,1.0,0.5280830280830281,0.4719169719169719,4081,0.11457061457061457,0.054945054945054944,0.8304843304843305
46,Wicomico,1069,Wicomico Precinct 08-002,955,272,796,114,1069,1.1337579617834395,0.8933582787652011,0.10664172123479888,1,0.25444340505144997,0.744621141253508,0.0009354536950420954
47,Wicomico,4839,Wicomico Precinct 05-002,2095,104,115,2744,4839,1.0,0.43294069022525317,0.5670593097747468,4620,0.02149204381070469,0.023765240752221535,0.9547427154370738
48,Wicomico,1862,Wicomico Precinct 09-001,1151,585,108,711,1862,1.0,0.6181525241675617,0.3818474758324382,1169,0.3141783029001074,0.05800214822771214,0.6278195488721805
49,Wicomico,1802,Wicomico Precinct 08-001,1508,140,391,294,1802,1.0,0.8368479467258602,0.16315205327413984,1271,0.07769145394006659,0.2169811320754717,0.7053274139844617
50,Wicomico,4054,Wicomico Precinct 05-004,3069,504,907,985,4054,1.0,0.7570300937345831,0.24296990626541687,2643,0.12432165762210162,0.22372964972866305,0.6519486926492353
51,Wicomico,2944,Wicomico Precinct 05-003,2205,869,628,739,2944,1.0,0.7489809782608695,0.25101902173913043,1447,0.2951766304347826,0.21331521739130435,0.491508152173913
52,Wicomico,1613,Wicomico Precinct 05-005,1432,530,944,181,1613,1.0,0.8877867327960323,0.11221326720396776,139,0.328580285182889,0.5852448853068816,0.08617482951022938
53,Wicomico,1425,Wicomico Precinct 11-002,736,597,827,689,1425,2.775828460038986,0.5164912280701754,0.48350877192982455,1,0.4189473684210526,0.5803508771929825,0.0007017543859649122
54,Wicomico,3288,Wicomico Precinct 11-001,2372,77,20,916,3288,1.0,0.7214111922141119,0.27858880778588807,3191,0.023418491484184914,0.006082725060827251,0.9704987834549879
55,Wicomico,3390,Wicomico Precinct 05-006,2762,230,405,628,3390,1.0,0.8147492625368732,0.18525073746312684,2755,0.06784660766961652,0.11946902654867257,0.8126843657817109
56,Anne Arundel,2236,Anne Arundel Precinct 07-025,1913,376,647,323,2236,1.0,0.8555456171735242,0.14445438282647585,1213,0.16815742397137745,0.2893559928443649,0.5424865831842576
57,Anne Arundel,1839,Anne Arundel Precinct 07-003,1501,412,384,338,1839,1.0,0.8162044589450789,0.18379554105492116,1043,0.2240348015225666,0.20880913539967375,0.5671560630777597
58,Anne Arundel,2418,Anne Arundel Precinct 07-010,2221,337,670,197,2418,1.0,0.9185277088502894,0.08147229114971051,1411,0.1393713813068652,0.2770885028949545,0.5835401157981803
59,Anne Arundel,2785,Anne Arundel Precinct 07-019,2513,166,338,272,2785,1.0,0.9023339317773789,0.09766606822262118,2281,0.05960502692998205,0.12136445242369838,0.8190305206463195
60,Anne Arundel,2923,Anne Arundel Precinct 07-006,2723,366,832,200,2923,1.0,0.9315771467670202,0.06842285323297982,1725,0.12521382141635307,0.28463906944919604,0.5901471091344509
61,Wicomico,1426,Wicomico Precinct 05-007,1279,151,455,147,1426,1.0,0.896914446002805,0.10308555399719495,820,0.105890603085554,0.3190743338008415,0.5750350631136045
62,Wicomico,662,Wicomico Precinct 06-001,619,61,304,43,662,1.0,0.9350453172205438,0.0649546827794562,297,0.09214501510574018,0.459214501510574,0.4486404833836858
63,Wicomico,2682,Wicomico Precinct 04-001,2441,275,958,241,2682,1.0,0.9101416853094706,0.08985831469052946,1449,0.10253542132736763,0.35719612229679343,0.540268456375839
64,Wicomico,1593,Wicomico Precinct 14-001,1453,195,555,140,1593,1.0,0.9121155053358443,0.08788449466415568,843,0.1224105461393597,0.3483992467043315,0.5291902071563088
65,Worcester,1868,Worcester Precinct 04-003,1543,297,584,325,1868,1.0,0.826017130620985,0.173982869379015,987,0.15899357601713063,0.31263383297644537,0.528372591006424
66,Worcester,2502,Worcester Precinct 02-003,1154,174,248,1348,2502,1.0,0.4612310151878497,0.5387689848121503,2080,0.06954436450839328,0.0991207034372502,0.8313349320543565
67,Worcester,2723,Worcester Precinct 03-003,2418,168,255,305,2723,1.0,0.8879911861917004,0.11200881380829968,2300,0.061696658097686374,0.09364671318398825,0.8446566287183254
68,Worcester,1802,Worcester Precinct 06-002,1664,83,309,138,1802,1.0,0.9234184239733629,0.07658157602663707,1410,0.04605993340732519,0.17147613762486127,0.7824639289678136
69,Worcester,2430,Worcester Precinct 05-002,2271,433,838,159,2430,1.0,0.9345679012345679,0.0654320987654321,1159,0.17818930041152264,0.3448559670781893,0.4769547325102881
70,Worcester,4184,Worcester Precinct 05-001,3965,387,851,219,4184,1.0,0.9476577437858509,0.05234225621414914,2946,0.09249521988527724,0.20339388145315487,0.7041108986615678
71,Worcester,1964,Worcester Precinct 03-001,1858,340,1031,106,1964,1.0,0.9460285132382892,0.0539714867617108,593,0.17311608961303462,0.524949083503055,0.3019348268839104
72,Worcester,2243,Worcester Precinct 06-001,2142,409,980,101,2243,1.0,0.9549710209540794,0.04502897904592064,854,0.18234507356219348,0.43691484618814086,0.3807400802496656
73,Worcester,1917,Worcester Precinct 06-003,1754,253,753,163,1917,1.0,0.9149713093375065,0.08502869066249348,911,0.13197704747000522,0.39280125195618154,0.47522170057381324
74,Montgomery,3490,Montgomery Precinct 04-007,1550,726,269,1940,3490,1.0,0.44412607449856734,0.5558739255014327,2495,0.20802292263610314,0.07707736389684813,0.7148997134670487
75,Montgomery,2962,Montgomery Precinct 04-006,1536,749,264,1426,2962,1.0,0.5185685347738015,0.4814314652261985,1949,0.2528696826468602,0.08912896691424713,0.6580013504388926
76,Montgomery,1587,Montgomery Precinct 04-027,360,360,102,1227,1587,1.0,0.22684310018903592,0.7731568998109641,1125,0.22684310018903592,0.06427221172022685,0.7088846880907372
77,Montgomery,1951,Montgomery Precinct 04-009,995,553,171,956,1951,1.0,0.5099948744233727,0.4900051255766274,1227,0.283444387493593,0.08764736032803691,0.6289082521783701
78,Montgomery,3199,Montgomery Precinct 13-051,2034,1014,397,1165,3199,1.0,0.6358236949046577,0.36417630509534227,1788,0.3169740543919975,0.12410128165051579,0.5589246639574867
79,Montgomery,1806,Montgomery Precinct 04-034,1249,529,345,557,1806,1.0,0.6915836101882613,0.30841638981173863,932,0.2929125138427464,0.19102990033222592,0.5160575858250277
80,Montgomery,2832,Montgomery Precinct 13-043,911,674,189,1921,2832,1.0,0.321680790960452,0.678319209039548,1969,0.2379943502824859,0.06673728813559322,0.695268361581921
81,Montgomery,2301,Montgomery Precinct 13-045,911,609,214,1390,2301,1.0,0.3959148196436332,0.6040851803563668,1478,0.2646675358539765,0.09300304215558453,0.642329421990439
82,Montgomery,4265,Montgomery Precinct 13-036,1040,846,200,3225,4265,1.0,0.24384525205158264,0.7561547479484173,3219,0.19835873388042205,0.04689331770222743,0.7547479484173505
83,Montgomery,3162,Montgomery Precinct 13-037,1002,606,180,2160,3162,1.0,0.31688804554079697,0.683111954459203,2376,0.19165085388994307,0.056925996204933584,0.7514231499051234
84,Montgomery,3854,Montgomery Precinct 13-035,962,875,200,2892,3854,1.0,0.24961079398028022,0.7503892060197198,2779,0.22703684483653347,0.05189413596263622,0.7210690192008303
85,Montgomery,5497,Montgomery Precinct 13-064,833,975,100,4664,5497,1.0,0.15153720211024194,0.8484627978897581,4422,0.17736947425868654,0.01819174094960888,0.8044387847917046
86,Montgomery,2249,Montgomery Precinct 13-052,1568,596,342,681,2249,1.0,0.6971987550022232,0.3028012449977768,1311,0.2650066696309471,0.15206758559359715,0.5829257447754558
87,Montgomery,2706,Montgomery Precinct 08-003,2131,816,551,575,2706,1.0,0.7875092387287509,0.21249076127124908,1339,0.30155210643015523,0.20362158167036215,0.4948263118994826
88,Montgomery,2330,Montgomery Precinct 13-046,1386,592,359,944,2330,1.0,0.5948497854077254,0.4051502145922747,1379,0.25407725321888414,0.15407725321888413,0.5918454935622317
89,Montgomery,1337,Montgomery Precinct 08-004,1020,368,316,317,1337,1.0,0.762902019446522,0.23709798055347794,653,0.275243081525804,0.23635003739715782,0.48840688107703817
90,Montgomery,2775,Montgomery Precinct 08-008,1990,762,558,785,2775,1.0,0.7171171171171171,0.2828828828828829,1455,0.2745945945945946,0.20108108108108108,0.5243243243243243
91,Montgomery,3472,Montgomery Precinct 08-009,2306,1053,602,1166,3472,1.0,0.6641705069124424,0.3358294930875576,1817,0.30328341013824883,0.17338709677419356,0.5233294930875576
92,Montgomery,3315,Montgomery Precinct 08-001,2336,1043,627,979,3315,1.0,0.7046757164404224,0.2953242835595777,1645,0.31463046757164403,0.18914027149321266,0.4962292609351433
93,Montgomery,2576,Montgomery Precinct 08-012,1661,822,508,915,2576,1.0,0.6447981366459627,0.35520186335403725,1246,0.3190993788819876,0.1972049689440994,0.483695652173913
94,Montgomery,2565,Montgomery Precinct 08-005,2188,766,696,377,2565,1.0,0.8530214424951267,0.1469785575048733,1103,0.298635477582846,0.27134502923976606,0.4300194931773879
95,Montgomery,3510,Montgomery Precinct 01-002,2324,444,498,1186,3510,1.0,0.6621082621082621,0.3378917378917379,2568,0.1264957264957265,0.14188034188034188,0.7316239316239316
96,Montgomery,3657,Montgomery Precinct 12-003,2956,681,863,701,3657,1.0,0.8083128247197157,0.1916871752802844,2113,0.18621821164889255,0.2359857806945584,0.577796007656549
97,Montgomery,2213,Montgomery Precinct 12-001,1875,314,535,338,2213,1.0,0.8472661545413466,0.1527338454586534,1364,0.14188883868052418,0.24175327609579755,0.6163578852236783
98,Montgomery,2541,Montgomery Precinct 01-001,2052,457,653,489,2541,1.0,0.807556080283353,0.19244391971664698,1431,0.1798504525777253,0.2569854388036206,0.5631641086186541
99,Howard,1720,Howard Precinct 04-003,1518,334,753,202,1720,1.0,0.8825581395348837,0.11744186046511627,633,0.1941860465116279,0.4377906976744186,0.3680232558139535
100,Frederick,3630,Frederick Precinct 14-001,3427,748,1400,203,3630,1.0,0.9440771349862259,0.0559228650137741,1482,0.20606060606060606,0.3856749311294766,0.40826446280991735
101,Frederick,2062,Frederick Precinct 03-001,1930,324,569,132,2062,1.0,0.9359844810863239,0.06401551891367604,1169,0.1571290009699321,0.27594568380213386,0.566925315227934
102,Frederick,4117,Frederick Precinct 23-001,3207,976,1136,910,4117,1.0,0.7789652659703667,0.22103473402963322,2005,0.23706582462958464,0.27592907456886084,0.4870051008015545
103,Frederick,674,Frederick Precinct 24-003,646,145,143,28,674,1.0,0.9584569732937686,0.04154302670623145,386,0.21513353115727002,0.21216617210682492,0.5727002967359051
104,Frederick,2134,Frederick Precinct 03-003,1924,400,661,210,2134,1.0,0.901593252108716,0.09840674789128398,1073,0.18744142455482662,0.309746954076851,0.5028116213683224
105,Frederick,1667,Frederick Precinct 24-001,1533,397,539,134,1667,1.0,0.9196160767846431,0.08038392321535692,731,0.23815236952609478,0.3233353329334133,0.4385122975404919
106,Frederick,3265,Frederick Precinct 02-015,2683,785,758,582,3265,1.0,0.8217457886676875,0.1782542113323124,1722,0.24042879019908117,0.2321592649310873,0.5274119448698316
107,Frederick,3578,Frederick Precinct 26-001,3149,789,1067,429,3578,1.0,0.8801006148686417,0.1198993851313583,1722,0.22051425377305758,0.2982112912241476,0.48127445500279487
108,Washington,2005,Washington Precinct 07-002,1820,325,769,185,2005,1.0,0.9077306733167082,0.09226932668329177,911,0.16209476309226933,0.3835411471321696,0.4543640897755611
109,Washington,2584,Washington Precinct 07-001,2474,338,983,110,2584,1.0,0.9574303405572755,0.04256965944272446,1263,0.13080495356037153,0.38041795665634676,0.4887770897832817
110,Washington,883,Washington Precinct 14-001,858,139,356,25,883,1.0,0.9716874292185731,0.028312570781426953,388,0.15741789354473387,0.4031710079275198,0.43941109852774635
111,Washington,1184,Washington Precinct 14-002,1120,142,354,64,1184,1.0,0.9459459459459459,0.05405405405405406,688,0.11993243243243243,0.2989864864864865,0.581081081081081
112,Frederick,1799,Frederick Precinct 10-001,1737,180,635,62,1799,1.0,0.9655364091161757,0.03446359088382435,984,0.1000555864369094,0.3529738743746526,0.5469705391884381
113,Frederick,2997,Frederick Precinct 15-001,2874,370,881,123,2997,1.0,0.958958958958959,0.04104104104104104,1746,0.12345679012345678,0.2939606272939606,0.5825825825825826
114,Frederick,3794,Frederick Precinct 15-002,3627,436,1021,167,3794,1.0,0.955983131259884,0.04401686874011597,2337,0.11491829204006326,0.2691091196626252,0.6159725882973115
115,Frederick,1007,Frederick Precinct 04-001,964,129,323,43,1007,1.0,0.9572989076464746,0.04270109235352532,555,0.12810327706057598,0.32075471698113206,0.551142005958292
116,Frederick,4025,Frederick Precinct 07-002,2268,1011,936,1757,4025,1.0,0.5634782608695652,0.4365217391304348,2078,0.2511801242236025,0.2325465838509317,0.5162732919254659
117,Frederick,2425,Frederick Precinct 09-001,2177,645,1052,248,2425,1.0,0.8977319587628866,0.1022680412371134,728,0.26597938144329897,0.43381443298969075,0.3002061855670103
118,Frederick,2868,Frederick Precinct 09-006,2447,685,849,421,2868,1.0,0.8532078103207811,0.14679218967921898,1334,0.2388423988842399,0.29602510460251047,0.46513249651324967
119,Frederick,3752,Frederick Precinct 13-001,3415,915,1330,337,3752,1.0,0.910181236673774,0.08981876332622601,1507,0.24386993603411514,0.35447761194029853,0.40165245202558636
120,Frederick,3625,Frederick Precinct 09-007,3267,890,1407,358,3625,1.0,0.9012413793103449,0.09875862068965517,1328,0.24551724137931036,0.38813793103448274,0.3663448275862069
121,Frederick,3137,Frederick Precinct 09-004,2926,587,1174,211,3137,1.0,0.932738284985655,0.06726171501434491,1376,0.18712145361810648,0.37424290723621295,0.4386356391456806
122,Frederick,3312,Frederick Precinct 09-002,3071,583,1201,241,3312,1.0,0.9272342995169082,0.07276570048309179,1528,0.17602657004830918,0.3626207729468599,0.4613526570048309
123,Frederick,1427,Frederick Precinct 09-005,1331,304,470,96,1427,1.0,0.9327259985984583,0.0672740014015417,653,0.2130343377715487,0.3293622985283812,0.4576033637000701
124,Frederick,3254,Frederick Precinct 26-002,2717,662,954,537,3254,1.0,0.8349723417332514,0.16502765826674862,1638,0.2034419176398279,0.2931776275353411,0.503380454824831
125,Frederick,2580,Frederick Precinct 11-001,2415,341,936,165,2580,1.0,0.936046511627907,0.06395348837209303,1303,0.13217054263565892,0.3627906976744186,0.5050387596899225
126,Frederick,1877,Frederick Precinct 08-001,1780,308,801,97,1877,1.0,0.94832179009057,0.051678209909429944,768,0.16409163558870538,0.4267448055407565,0.40916355887053807
127,Frederick,1703,Frederick Precinct 17-001,1646,244,695,57,1703,1.0,0.9665296535525543,0.03347034644744568,764,0.1432765707574868,0.40810334703464474,0.4486200822078685
128,Frederick,4393,Frederick Precinct 18-001,3975,986,1835,418,4393,1.0,0.9048486228090143,0.09515137719098565,1572,0.2244479854313681,0.4177099931709538,0.3578420213976781
129,Howard,1498,Howard Precinct 04-001,1349,311,581,149,1498,1.0,0.9005340453938585,0.09946595460614152,606,0.2076101468624833,0.3878504672897196,0.4045393858477971
130,Frederick,2489,Frederick Precinct 18-002,2395,403,1059,94,2489,1.0,0.9622338288469264,0.03776617115307352,1027,0.16191241462434713,0.42547207713941343,0.41261550823623944
131,Howard,1440,Howard Precinct 04-005,1280,264,725,160,1440,1.0,0.8888888888888888,0.1111111111111111,451,0.18333333333333332,0.5034722222222222,0.31319444444444444
132,Carroll,2986,Carroll Precinct 09-002,2814,267,777,172,2986,1.0,0.942397856664434,0.05760214333556597,1942,0.08941728064300067,0.26021433355659745,0.6503683858004019
133,Frederick,1309,Frederick Precinct 19-001,1228,197,617,81,1309,1.0,0.9381207028265852,0.061879297173414824,495,0.15049656226126815,0.47135217723453016,0.37815126050420167
134,Carroll,1186,Carroll Precinct 12-001,1086,181,422,100,1186,1.0,0.9156829679595279,0.08431703204047218,583,0.15261382799325462,0.35581787521079256,0.49156829679595276
135,Carroll,2833,Carroll Precinct 11-001,2645,371,1181,188,2833,1.0,0.9336392516766678,0.06636074832333215,1281,0.13095658312742675,0.416872573243911,0.4521708436286622
136,Frederick,1991,Frederick Precinct 24-002,1555,384,524,436,1991,1.0,0.7810145655449523,0.21898543445504773,1083,0.1928679055750879,0.263184329482672,0.5439477649422401
137,Frederick,3176,Frederick Precinct 03-002,3012,517,979,164,3176,1.0,0.9483627204030227,0.05163727959697733,1680,0.16278337531486145,0.3082493702770781,0.5289672544080605
138,Frederick,3128,Frederick Precinct 16-001,2963,601,1167,165,3128,1.0,0.9472506393861893,0.05274936061381074,1360,0.19213554987212275,0.37308184143222506,0.43478260869565216
139,Frederick,1661,Frederick Precinct 06-001,1618,228,730,43,1661,1.0,0.9741119807344973,0.02588801926550271,703,0.13726670680313063,0.4394942805538832,0.42323901264298613
140,Frederick,2498,Frederick Precinct 21-001,2294,424,767,204,2498,1.0,0.9183346677341874,0.08166533226581266,1307,0.16973578863090472,0.30704563650920735,0.5232185748598879
141,Frederick,1672,Frederick Precinct 02-014,1157,438,343,515,1672,1.0,0.6919856459330144,0.30801435406698563,891,0.2619617224880383,0.20514354066985646,0.5328947368421053
142,Frederick,2944,Frederick Precinct 02-006,2149,708,637,795,2944,1.0,0.7299592391304348,0.27004076086956524,1599,0.24048913043478262,0.21637228260869565,0.5431385869565217
143,Frederick,2897,Frederick Precinct 01-002,1883,954,737,1014,2897,1.0,0.64998274076631,0.35001725923369004,1206,0.32930617880566104,0.25440110459095616,0.4162927166033828
144,Frederick,2912,Frederick Precinct 02-016,1692,599,341,1220,2912,1.0,0.5810439560439561,0.41895604395604397,1972,0.20570054945054944,0.11710164835164835,0.6771978021978022
146,Frederick,92,Frederick Precinct 23-002,90,8,12,2,92,1.0,0.9782608695652174,0.021739130434782608,72,0.08695652173913043,0.13043478260869565,0.782608695652174
147,Frederick,2535,Frederick Precinct 02-017,1087,571,215,1448,2535,1.0,0.4287968441814596,0.5712031558185404,1749,0.2252465483234714,0.08481262327416174,0.6899408284023668
148,Frederick,5267,Frederick Precinct 02-008,2880,779,582,2387,5267,1.0,0.5468008353901652,0.45319916460983484,3906,0.1479020315169926,0.11049933548509588,0.7415986329979115
149,Frederick,4053,Frederick Precinct 02-013,2109,805,432,1944,4053,1.0,0.5203552923760177,0.47964470762398226,2816,0.19861830742659758,0.10658771280532939,0.694793979768073
150,Frederick,3697,Frederick Precinct 02-001,2254,936,411,1443,3697,1.0,0.6096835271842034,0.39031647281579657,2350,0.25317825263727345,0.11117121990803354,0.635650527454693
151,Frederick,1499,Frederick Precinct 02-002,1162,316,179,337,1499,1.0,0.7751834556370913,0.2248165443629086,1004,0.21080720480320214,0.11941294196130754,0.6697798532354903
152,Frederick,3655,Frederick Precinct 02-011,2395,598,320,1260,3655,1.0,0.655266757865937,0.3447332421340629,2737,0.16361149110807113,0.08755129958960328,0.7488372093023256
153,Frederick,1931,Frederick Precinct 07-004,1435,420,436,496,1931,1.0,0.7431382703262558,0.25686172967374415,1075,0.21750388399792853,0.22578974624546866,0.5567063697566028
154,Frederick,1452,Frederick Precinct 09-003,1268,278,467,184,1452,1.0,0.8732782369146006,0.12672176308539945,707,0.19146005509641872,0.3216253443526171,0.4869146005509642
155,Frederick,3429,Frederick Precinct 02-003,2866,831,454,563,3429,1.0,0.8358121901428988,0.16418780985710119,2144,0.24234470691163604,0.13240011665208515,0.6252551764362788
156,Frederick,3603,Frederick Precinct 02-007,2732,898,609,871,3603,1.0,0.7582570080488482,0.24174299195115181,2096,0.24923674715514849,0.16902581182348042,0.581737441021371
157,Frederick,1560,Frederick Precinct 02-018,1056,446,429,504,1560,1.0,0.676923076923077,0.3230769230769231,685,0.2858974358974359,0.275,0.4391025641025641
158,Frederick,1203,Frederick Precinct 09-008,1049,327,335,154,1203,1.0,0.8719866999168745,0.12801330008312553,541,0.2718204488778055,0.27847049044056527,0.44970906068162925
159,Frederick,584,Frederick Precinct 13-002,482,32,56,102,584,1.0,0.8253424657534246,0.17465753424657535,496,0.0547945205479452,0.0958904109589041,0.8493150684931506
160,Frederick,1787,Frederick Precinct 21-002,1398,479,461,389,1787,1.0,0.7823167319529939,0.21768326804700616,847,0.268047006155568,0.25797425853385564,0.4739787353105764
161,Frederick,3099,Frederick Precinct 21-003,2373,775,823,726,3099,1.0,0.7657308809293321,0.23426911907066797,1501,0.250080671184253,0.26556953856082605,0.4843497902549209
162,Frederick,4379,Frederick Precinct 02-010,2919,1029,740,1460,4379,1.0,0.6665905457867093,0.3334094542132907,2610,0.2349851564284083,0.16898835350536653,0.5960264900662252
163,Frederick,2457,Frederick Precinct 20-001,2341,320,782,116,2457,1.0,0.9527879527879528,0.04721204721204721,1355,0.13024013024013023,0.3182743182743183,0.5514855514855515
164,Washington,1945,Washington Precinct 08-000,1896,353,692,49,1945,1.0,0.9748071979434447,0.02519280205655527,900,0.1814910025706941,0.3557840616966581,0.46272493573264784
165,Frederick,2373,Frederick Precinct 12-001,2028,603,848,345,2373,1.0,0.854614412136536,0.14538558786346398,922,0.25410872313527183,0.3573535608933839,0.3885377159713443
166,Frederick,1222,Frederick Precinct 22-001,1156,237,436,66,1222,1.0,0.9459901800327333,0.054009819967266774,549,0.1939443535188216,0.3567921440261866,0.4492635024549918
167,Washington,1846,Washington Precinct 19-000,1762,322,747,84,1846,1.0,0.9544962080173348,0.04550379198266522,777,0.1744312026002167,0.40465872156013,0.4209100758396533
168,Washington,2585,Washington Precinct 06-002,2446,514,874,139,2585,1.0,0.9462282398452612,0.053771760154738876,1197,0.1988394584139265,0.3381044487427466,0.4630560928433269
169,Washington,2120,Washington Precinct 06-001,2021,367,795,99,2120,1.0,0.9533018867924529,0.046698113207547166,958,0.1731132075471698,0.375,0.4518867924528302
170,Washington,2992,Washington Precinct 16-000,2783,421,996,209,2992,1.0,0.9301470588235294,0.06985294117647059,1575,0.14070855614973263,0.33288770053475936,0.526403743315508
171,Washington,3446,Washington Precinct 02-000,3270,458,982,176,3446,1.0,0.9489262913522926,0.05107370864770749,2006,0.13290771909460244,0.2849680789320952,0.5821242019733024
172,Washington,3981,Washington Precinct 23-000,3821,366,1297,160,3981,1.0,0.9598090931926652,0.04019090680733484,2318,0.09193669932177845,0.32579753830695807,0.5822657623712635
173,Washington,2569,Washington Precinct 26-003,2433,415,811,136,2569,1.0,0.9470611132736473,0.05293888672635266,1343,0.16154145581938498,0.3156870377578824,0.5227715064227326
174,Washington,3543,Washington Precinct 26-001,3247,531,947,296,3543,1.0,0.9164549816539656,0.08354501834603444,2065,0.14987298899237933,0.2672876093705899,0.5828394016370307
175,Washington,2281,Washington Precinct 26-002,2020,375,597,261,2281,1.0,0.8855765015344147,0.11442349846558526,1309,0.16440157825515125,0.2617273125822008,0.5738711091626479
176,Washington,2361,Washington Precinct 10-002,1969,524,799,392,2361,1.0,0.833968657348581,0.1660313426514189,1038,0.22193985599322322,0.33841592545531557,0.43964421855146124
177,Washington,1736,Washington Precinct 03-004,1327,270,164,409,1736,1.0,0.7644009216589862,0.23559907834101382,1302,0.15552995391705068,0.0944700460829493,0.75
178,Washington,2009,Washington Precinct 03-003,1620,314,323,389,2009,1.0,0.8063713290194127,0.19362867098058736,1372,0.1562966650074664,0.1607765057242409,0.6829268292682927
179,Washington,1404,Washington Precinct 03-002,1228,264,220,176,1404,1.0,0.8746438746438746,0.12535612535612536,920,0.18803418803418803,0.15669515669515668,0.6552706552706553
180,Washington,2964,Washington Precinct 13-001,2854,299,1023,110,2964,1.0,0.9628879892037787,0.037112010796221326,1642,0.10087719298245613,0.3451417004048583,0.5539811066126855
181,Washington,2396,Washington Precinct 25-004,1777,440,419,619,2396,1.0,0.741652754590985,0.25834724540901505,1537,0.18363939899833054,0.17487479131886477,0.6414858096828047
182,Washington,2917,Washington Precinct 25-002,2460,482,413,457,2917,1.0,0.8433321906067878,0.1566678093932122,2022,0.1652382584847446,0.1415838189921152,0.6931779225231403
183,Washington,1556,Washington Precinct 13-002,1358,258,503,198,1556,1.0,0.8727506426735219,0.12724935732647816,795,0.16580976863753213,0.3232647814910026,0.5109254498714653
184,Washington,947,Washington Precinct 10-004,919,150,248,28,947,1.0,0.9704329461457233,0.029567053854276663,549,0.1583949313621964,0.26187961985216474,0.5797254487856388
185,Washington,4870,Washington Precinct 10-001,3171,447,751,1699,4870,1.0,0.651129363449692,0.34887063655030803,3672,0.09178644763860369,0.1542094455852156,0.7540041067761807
186,Washington,1255,Washington Precinct 03-001,1023,199,120,232,1255,1.0,0.8151394422310757,0.1848605577689243,936,0.15856573705179283,0.09561752988047809,0.7458167330677291
187,Washington,1160,Washington Precinct 25-001,490,234,61,670,1160,1.0,0.4224137931034483,0.5775862068965517,865,0.20172413793103447,0.052586206896551725,0.7456896551724138
188,Washington,2628,Washington Precinct 22-001,1978,376,231,650,2628,1.0,0.7526636225266362,0.24733637747336376,2021,0.1430745814307458,0.08789954337899543,0.7690258751902588
189,Washington,2275,Washington Precinct 22-002,1694,407,391,581,2275,1.0,0.7446153846153846,0.2553846153846154,1477,0.1789010989010989,0.17186813186813188,0.6492307692307693
190,Washington,1661,Washington Precinct 10-003,1445,276,444,216,1661,1.0,0.8699578567128236,0.1300421432871764,941,0.16616496086694763,0.267308850090307,0.5665261890427453
191,Washington,2430,Washington Precinct 21-002,1997,414,467,433,2430,1.0,0.8218106995884774,0.17818930041152264,1549,0.17037037037037037,0.19218106995884773,0.6374485596707818
192,Washington,1170,Washington Precinct 21-003,1051,281,259,119,1170,1.0,0.8982905982905983,0.10170940170940171,630,0.24017094017094018,0.22136752136752136,0.5384615384615384
193,Washington,2431,Washington Precinct 27-001,2230,406,750,201,2431,1.0,0.9173179761415056,0.08268202385849445,1275,0.16700946112710818,0.30851501439736734,0.5244755244755245
194,Washington,2591,Washington Precinct 21-001,2125,508,539,466,2591,1.0,0.8201466615206484,0.17985333847935162,1544,0.19606329602470088,0.20802778849864917,0.5959089154766499
195,Washington,3190,Washington Precinct 27-002,2627,535,833,563,3190,1.0,0.8235109717868339,0.17648902821316614,1822,0.1677115987460815,0.261128526645768,0.5711598746081504
196,Washington,2782,Washington Precinct 18-002,2491,462,756,291,2782,1.0,0.8953989935298347,0.10460100647016535,1564,0.16606757728253055,0.2717469446441409,0.5621854780733285
197,Washington,3320,Washington Precinct 18-003,2539,576,586,781,3320,1.0,0.7647590361445783,0.23524096385542168,2158,0.17349397590361446,0.17650602409638555,0.65
198,Washington,2141,Washington Precinct 18-001,2034,308,785,107,2141,1.0,0.9500233535730966,0.04997664642690332,1048,0.14385801027557216,0.3666510976179355,0.48949089210649227
199,Washington,2206,Washington Precinct 09-000,2147,292,782,59,2206,1.0,0.9732547597461468,0.02674524025385313,1132,0.13236627379873073,0.35448776065276516,0.5131459655485041
200,Charles,2592,Charles Precinct 03-001,1691,514,688,901,2592,1.0,0.652391975308642,0.34760802469135804,1390,0.19830246913580246,0.2654320987654321,0.5362654320987654
201,Charles,1606,Charles Precinct 02-001,1303,230,500,303,1606,1.0,0.811332503113325,0.18866749688667497,876,0.1432129514321295,0.31133250311332505,0.5454545454545454
202,Charles,3125,Charles Precinct 10-001,1544,728,575,1581,3125,1.0,0.49408,0.50592,1822,0.23296,0.184,0.58304
203,Charles,2755,Charles Precinct 07-002,1062,979,308,1693,2755,1.0,0.385480943738657,0.6145190562613431,1468,0.35535390199637024,0.1117967332123412,0.5328493647912885
204,Charles,3366,Charles Precinct 07-003,1393,1044,406,1973,3366,1.0,0.4138443256090315,0.5861556743909685,1916,0.31016042780748665,0.12061794414735591,0.5692216280451574
205,Charles,1655,Charles Precinct 07-001,1311,222,302,344,1655,1.0,0.7921450151057402,0.20785498489425983,1131,0.13413897280966766,0.1824773413897281,0.6833836858006043
206,Charles,2514,Charles Precinct 07-004,947,941,260,1567,2514,1.0,0.37669053301511535,0.6233094669848847,1313,0.3743038981702466,0.10342084327764518,0.5222752585521082
207,St. Mary's,1701,St. Mary's Precinct 03-004,1508,224,537,193,1701,1.0,0.8865373309817755,0.11346266901822458,940,0.13168724279835392,0.31569664902998235,0.5526161081716637
208,St. Mary's,2001,St. Mary's Precinct 03-003,1791,235,616,210,2001,1.0,0.8950524737631185,0.10494752623688156,1150,0.11744127936031984,0.3078460769615192,0.5747126436781609
209,Charles,2440,Charles Precinct 01-002,1878,321,708,562,2440,1.0,0.769672131147541,0.230327868852459,1411,0.13155737704918033,0.2901639344262295,0.5782786885245902
210,Charles,1733,Charles Precinct 04-002,1449,227,585,284,1733,1.0,0.8361223312175419,0.16387766878245816,921,0.1309867282169648,0.33756491633006347,0.5314483554529718
211,Charles,2359,Charles Precinct 01-003,1637,446,622,722,2359,1.0,0.6939381093683764,0.3060618906316236,1291,0.1890631623569309,0.26367104705383637,0.5472657905892327
212,Charles,2485,Charles Precinct 01-004,1976,325,591,509,2485,1.0,0.7951710261569417,0.20482897384305834,1569,0.13078470824949698,0.23782696177062373,0.6313883299798793
213,Charles,3599,Charles Precinct 05-001,2920,545,949,679,3599,1.0,0.81133648235621,0.18866351764378994,2105,0.1514309530425118,0.2636843567657683,0.58488469019172
214,Charles,2563,Charles Precinct 04-001,2230,349,847,333,2563,1.0,0.870074131876707,0.12992586812329301,1367,0.13616855247756535,0.33047210300429186,0.5333593445181428
215,Charles,2392,Charles Precinct 08-001,1757,662,1012,635,2392,1.0,0.7345317725752508,0.2654682274247492,718,0.27675585284280935,0.4230769230769231,0.3001672240802676
216,Charles,2371,Charles Precinct 06-001,1797,429,593,574,2371,1.0,0.7579080556727119,0.24209194432728806,1349,0.1809363137916491,0.25010544074230284,0.5689582454660481
217,Charles,3623,Charles Precinct 06-014,1425,952,370,2198,3623,1.0,0.3933204526635385,0.6066795473364615,2301,0.2627656638145184,0.10212531051614684,0.6351090256693348
218,Allegany,1719,Allegany Precinct 29-002,1637,314,568,82,1719,1.0,0.9522978475858057,0.0477021524141943,837,0.18266433973240256,0.33042466550319954,0.4869109947643979
219,Allegany,3235,Allegany Precinct 06-006,1942,221,482,1293,3235,1.0,0.6003091190108192,0.3996908809891808,2532,0.06831530139103555,0.14899536321483772,0.7826893353941268
220,Allegany,1207,Allegany Precinct 06-005,1034,195,279,173,1207,1.0,0.8566694283347142,0.14333057166528584,733,0.1615575807787904,0.2311516155758078,0.6072908036454018
221,Allegany,800,Allegany Precinct 06-003,740,122,127,60,800,1.0,0.925,0.075,551,0.1525,0.15875,0.68875
222,Allegany,1902,Allegany Precinct 29-001,1833,295,667,69,1902,1.0,0.9637223974763407,0.03627760252365931,940,0.15509989484752892,0.35068349106203994,0.4942166140904311
223,Allegany,1522,Allegany Precinct 06-001,1409,240,258,113,1522,1.0,0.9257555847568988,0.07424441524310119,1024,0.15768725361366623,0.16951379763469118,0.6727989487516426
224,Allegany,1679,Allegany Precinct 20-000,1648,184,554,31,1679,1.0,0.9815366289458011,0.01846337105419893,941,0.1095890410958904,0.3299583085169744,0.5604526503871352
225,Allegany,928,Allegany Precinct 04-005,911,140,201,17,928,1.0,0.9816810344827587,0.018318965517241378,587,0.15086206896551724,0.2165948275862069,0.6325431034482759
226,Allegany,1457,Allegany Precinct 04-003,1352,199,234,105,1457,1.0,0.9279341111873713,0.0720658888126287,1024,0.13658201784488674,0.16060398078242966,0.7028140013726836
227,Allegany,1118,Allegany Precinct 04-002,951,115,125,167,1118,1.0,0.8506261180679785,0.14937388193202147,878,0.10286225402504472,0.11180679785330948,0.7853309481216458
228,Allegany,1603,Allegany Precinct 04-008,1511,227,320,92,1603,1.0,0.9426076107298814,0.05739238927011853,1056,0.14160948222083594,0.19962570180910794,0.6587648159700561
229,Allegany,1425,Allegany Precinct 04-004,1355,239,368,70,1425,1.0,0.9508771929824561,0.04912280701754386,818,0.16771929824561405,0.2582456140350877,0.5740350877192982
230,Allegany,856,Allegany Precinct 14-000,766,115,76,90,856,1.0,0.8948598130841121,0.10514018691588785,665,0.13434579439252337,0.08878504672897196,0.7768691588785047
231,Allegany,1491,Allegany Precinct 05-004,1387,191,278,104,1491,1.0,0.9302481556002683,0.06975184439973173,1022,0.12810194500335345,0.18645204560697518,0.6854460093896714
232,Allegany,2358,Allegany Precinct 23-000,2120,316,504,238,2358,1.0,0.899067005937235,0.10093299406276506,1538,0.13401187446988974,0.21374045801526717,0.6522476675148431
233,Allegany,624,Allegany Precinct 05-006,619,83,175,5,624,1.0,0.9919871794871795,0.008012820512820512,366,0.1330128205128205,0.28044871794871795,0.5865384615384616
234,Allegany,2552,Allegany Precinct 22-001,2173,254,399,379,2552,1.0,0.8514890282131662,0.14851097178683387,1899,0.09952978056426333,0.15634796238244514,0.7441222570532915
235,Allegany,3185,Allegany Precinct 16-000,1973,201,579,1212,3185,1.0,0.6194662480376766,0.38053375196232336,2405,0.0631083202511774,0.18178963893249608,0.7551020408163265
236,Allegany,1346,Allegany Precinct 34-000,1324,219,502,22,1346,1.0,0.9836552748885586,0.01634472511144131,625,0.16270430906389302,0.37295690936106984,0.46433878157503716
237,Allegany,956,Allegany Precinct 21-000,934,105,362,22,956,1.0,0.9769874476987448,0.02301255230125523,489,0.1098326359832636,0.3786610878661088,0.5115062761506276
238,Allegany,944,Allegany Precinct 02-000,924,86,331,20,944,1.0,0.9788135593220338,0.0211864406779661,527,0.09110169491525423,0.350635593220339,0.5582627118644068
239,Allegany,852,Allegany Precinct 03-000,839,77,321,13,852,1.0,0.9847417840375586,0.015258215962441314,454,0.0903755868544601,0.3767605633802817,0.5328638497652582
240,Allegany,746,Allegany Precinct 01-000,734,62,304,12,746,1.0,0.9839142091152815,0.0160857908847185,380,0.08310991957104558,0.4075067024128686,0.5093833780160858
241,Washington,2643,Washington Precinct 05-000,2584,241,1017,59,2643,1.0,0.9776768823306848,0.022323117669315173,1385,0.0911842603102535,0.3847900113507378,0.5240257283390087
242,Frederick,3605,Frederick Precinct 25-001,3213,765,904,392,3605,1.0,0.8912621359223301,0.1087378640776699,1936,0.21220527045769763,0.2507628294036061,0.5370319001386963
243,Washington,1589,Washington Precinct 15-000,1563,135,600,26,1589,1.0,0.9836375078665828,0.016362492133417242,854,0.08495909376966645,0.3775959723096287,0.5374449339207048
244,Washington,2398,Washington Precinct 04-000,2339,238,948,59,2398,1.0,0.9753961634695579,0.024603836530442035,1212,0.09924937447873228,0.39532944120100083,0.5054211843202668
245,Washington,563,Washington Precinct 11-002,546,101,163,17,563,1.0,0.9698046181172292,0.03019538188277087,299,0.17939609236234458,0.2895204262877442,0.5310834813499112
246,Washington,2586,Washington Precinct 01-000,2492,429,955,94,2586,1.0,0.9636504253673627,0.03634957463263728,1202,0.16589327146171692,0.36929621036349575,0.4648105181747873
247,Washington,1721,Washington Precinct 20-000,1673,200,641,48,1721,1.0,0.9721092388146426,0.02789076118535735,880,0.11621150493898896,0.3724578733294596,0.5113306217315514
248,Washington,6302,Washington Precinct 12-000,3018,282,768,3284,6302,1.0,0.4788955887019994,0.5211044112980007,5252,0.04474769914312916,0.12186607426213901,0.8333862265947318
249,Washington,929,Washington Precinct 11-001,892,197,309,37,929,1.0,0.9601722282023681,0.03982777179763186,423,0.21205597416576966,0.3326157158234661,0.45532831001076424
250,Garrett,746,Garrett Precinct 08-002,735,24,258,11,746,1.0,0.985254691689008,0.014745308310991957,464,0.032171581769437,0.34584450402144773,0.6219839142091153
251,Garrett,572,Garrett Precinct 08-001,565,32,204,7,572,1.0,0.9877622377622378,0.012237762237762238,336,0.055944055944055944,0.35664335664335667,0.5874125874125874
252,Garrett,1056,Garrett Precinct 14-002,1037,55,386,19,1056,1.0,0.9820075757575758,0.017992424242424244,615,0.052083333333333336,0.36553030303030304,0.5823863636363636
253,Garrett,1898,Garrett Precinct 07-000,1852,80,424,46,1898,1.0,0.9757639620653319,0.02423603793466807,1394,0.04214963119072708,0.22339304531085352,0.7344573234984194
254,Garrett,2642,Garrett Precinct 16-000,2604,127,692,38,2642,1.0,0.9856169568508706,0.014383043149129448,1823,0.04806964420893263,0.2619227857683573,0.6900075700227101
255,Garrett,1535,Garrett Precinct 10-000,1521,96,477,14,1535,1.0,0.9908794788273616,0.009120521172638436,962,0.06254071661237785,0.31074918566775245,0.6267100977198697
256,Garrett,2412,Garrett Precinct 14-001,2373,107,562,39,2412,1.0,0.9838308457711443,0.01616915422885572,1743,0.044361525704809286,0.2330016583747927,0.722636815920398
257,Garrett,1811,Garrett Precinct 06-000,1677,151,481,134,1811,1.0,0.9260077305356157,0.07399226946438432,1179,0.08337934842628382,0.26559911651021534,0.6510215350635008
258,Garrett,562,Garrett Precinct 13-000,558,49,165,4,562,1.0,0.9928825622775801,0.0071174377224199285,348,0.08718861209964412,0.29359430604982206,0.6192170818505338
259,Garrett,1486,Garrett Precinct 01-000,1470,114,524,16,1486,1.0,0.9892328398384926,0.010767160161507403,848,0.07671601615074024,0.35262449528936746,0.5706594885598923
260,Garrett,1547,Garrett Precinct 02-000,1514,149,534,33,1547,1.0,0.9786683904330963,0.021331609566903685,864,0.09631544925662573,0.3451842275371687,0.5585003232062056
261,Garrett,1443,Garrett Precinct 05-000,1420,132,588,23,1443,1.0,0.9840609840609841,0.01593901593901594,723,0.09147609147609148,0.4074844074844075,0.501039501039501
262,Garrett,725,Garrett Precinct 12-000,708,38,278,17,725,1.0,0.976551724137931,0.023448275862068966,409,0.05241379310344828,0.383448275862069,0.5641379310344827
263,Garrett,655,Garrett Precinct 04-000,637,36,256,18,655,1.0,0.9725190839694656,0.02748091603053435,363,0.0549618320610687,0.39083969465648855,0.5541984732824428
264,Garrett,140,Garrett Precinct 11-000,136,7,55,4,140,1.0,0.9714285714285714,0.02857142857142857,78,0.05,0.39285714285714285,0.5571428571428572
265,Allegany,2806,Allegany Precinct 08-000,2755,299,876,51,2806,1.0,0.9818246614397719,0.018175338560228082,1631,0.10655737704918032,0.3121881682109765,0.5812544547398432
266,Allegany,1114,Allegany Precinct 09-000,1103,98,368,11,1114,1.0,0.9901256732495511,0.009874326750448833,648,0.08797127468581688,0.3303411131059246,0.5816876122082585
267,Allegany,1650,Allegany Precinct 10-000,1628,134,548,22,1650,1.0,0.9866666666666667,0.013333333333333334,968,0.08121212121212121,0.3321212121212121,0.5866666666666667
268,Allegany,1273,Allegany Precinct 31-000,1251,117,440,22,1273,1.0,0.9827179890023566,0.01728201099764336,716,0.09190887666928516,0.34564021995286726,0.5624509033778476
269,Garrett,627,Garrett Precinct 03-002,615,39,200,12,627,1.0,0.9808612440191388,0.019138755980861243,388,0.06220095693779904,0.3189792663476874,0.6188197767145136
270,Garrett,2171,Garrett Precinct 03-001,2136,127,661,35,2171,1.0,0.9838783970520497,0.016121602947950252,1383,0.05849838783970521,0.30446798710271766,0.6370336250575771
271,Garrett,421,Garrett Precinct 15-000,419,53,158,2,421,1.0,0.995249406175772,0.004750593824228029,210,0.12589073634204276,0.3752969121140142,0.498812351543943
272,Garrett,988,Garrett Precinct 09-000,964,127,398,24,988,1.0,0.9757085020242915,0.024291497975708502,463,0.12854251012145748,0.402834008097166,0.4686234817813765
273,Allegany,1685,Allegany Precinct 18-000,1660,158,620,25,1685,1.0,0.9851632047477745,0.01483679525222552,907,0.09376854599406528,0.36795252225519287,0.5382789317507418
274,Allegany,4960,Allegany Precinct 26-000,3677,367,515,1283,4960,1.0,0.7413306451612903,0.2586693548387097,4078,0.07399193548387097,0.10383064516129033,0.8221774193548387
275,Allegany,1016,Allegany Precinct 11-000,971,227,263,45,1016,1.0,0.9557086614173228,0.04429133858267716,526,0.2234251968503937,0.2588582677165354,0.5177165354330708
276,Allegany,2829,Allegany Precinct 12-000,2623,402,613,206,2829,1.0,0.9271827500883705,0.07281724991162955,1814,0.1420996818663839,0.21668434075645104,0.6412159773771651
277,Allegany,1572,Allegany Precinct 24-000,1544,175,489,28,1572,1.0,0.9821882951653944,0.017811704834605598,908,0.11132315521628498,0.3110687022900763,0.5776081424936387
278,Allegany,1653,Allegany Precinct 07-002,1584,247,643,69,1653,1.0,0.9582577132486388,0.041742286751361164,763,0.14942528735632185,0.38898971566848156,0.4615849969751966
279,Allegany,1346,Allegany Precinct 29-003,1304,232,421,42,1346,1.0,0.9687964338781575,0.031203566121842496,693,0.1723625557206538,0.312778603268945,0.5148588410104011
280,Allegany,1884,Allegany Precinct 13-000,1845,212,607,39,1884,1.0,0.9792993630573248,0.020700636942675158,1065,0.11252653927813164,0.3221868365180467,0.5652866242038217
281,Allegany,3275,Allegany Precinct 07-001,2017,252,541,1258,3275,1.0,0.6158778625954199,0.3841221374045802,2482,0.07694656488549619,0.16519083969465648,0.7578625954198474
282,Harford,3035,Harford Precinct 03-023,2597,401,881,438,3035,1.0,0.8556836902800659,0.1443163097199341,1753,0.13212520593080726,0.2902800658978583,0.5775947281713344
283,Harford,3016,Harford Precinct 03-022,2720,384,1078,296,3016,1.0,0.9018567639257294,0.09814323607427056,1554,0.1273209549071618,0.3574270557029178,0.5152519893899205
284,Harford,3085,Harford Precinct 04-001,2968,177,1008,117,3085,1.0,0.9620745542949757,0.03792544570502431,1900,0.05737439222042139,0.326742301458671,0.6158833063209076
285,Harford,2129,Harford Precinct 04-006,2056,117,642,73,2129,1.0,0.9657116016909347,0.03428839830906529,1370,0.05495537811178957,0.3015500234852043,0.6434945984030062
286,Harford,2731,Harford Precinct 04-003,2662,257,1180,69,2731,1.0,0.9747345294763823,0.025265470523617724,1294,0.0941047235444892,0.43207616257781034,0.4738191138777005
287,Harford,2632,Harford Precinct 04-004,2493,202,929,139,2632,1.0,0.9471884498480243,0.05281155015197568,1501,0.07674772036474165,0.35296352583586627,0.5702887537993921
288,Harford,4062,Harford Precinct 03-005,3803,432,1692,259,4062,1.0,0.9362383062530774,0.0637616937469227,1938,0.10635155096011817,0.41654357459379615,0.4771048744460857
289,Harford,2376,Harford Precinct 05-002,2261,249,965,115,2376,1.0,0.9515993265993266,0.0484006734006734,1162,0.10479797979797979,0.40614478114478114,0.4890572390572391
290,Harford,1712,Harford Precinct 03-004,1595,185,785,117,1712,1.0,0.9316588785046729,0.0683411214953271,742,0.1080607476635514,0.45852803738317754,0.433411214953271
291,Harford,2679,Harford Precinct 05-003,2566,244,1131,113,2679,1.0,0.9578200821201941,0.0421799178798059,1304,0.09107876073161628,0.4221724524076148,0.48674878686076894
292,Harford,1922,Harford Precinct 01-003,1115,301,230,807,1922,1.0,0.5801248699271592,0.4198751300728408,1391,0.15660770031217483,0.11966701352757544,0.7237252861602498
293,Harford,2731,Harford Precinct 01-005,1671,381,326,1060,2731,1.0,0.6118637861589161,0.3881362138410839,2024,0.13950933723910655,0.11937019406810692,0.7411204686927865
294,Harford,3854,Harford Precinct 01-010,2529,633,831,1325,3854,1.0,0.656201349247535,0.34379865075246496,2390,0.16424494032174364,0.21562013492475351,0.6201349247535028
295,Harford,3035,Harford Precinct 01-019,1562,581,288,1473,3035,1.0,0.514662273476112,0.48533772652388796,2166,0.1914332784184514,0.09489291598023064,0.713673805601318
296,Harford,1603,Harford Precinct 02-019,986,90,70,617,1603,1.0,0.6150966936993137,0.3849033063006862,1443,0.056144728633811605,0.043668122270742356,0.9001871490954461
297,Harford,2076,Harford Precinct 01-018,1562,373,539,514,2076,1.0,0.7524084778420038,0.24759152215799615,1164,0.17967244701348747,0.2596339113680154,0.5606936416184971
298,Harford,1794,Harford Precinct 01-017,1518,280,597,276,1794,1.0,0.8461538461538461,0.15384615384615385,917,0.15607580824972128,0.33277591973244147,0.5111482720178372
299,Harford,3477,Harford Precinct 01-016,2382,669,695,1095,3477,1.0,0.6850733390854185,0.31492666091458155,2113,0.19240724762726488,0.19988495829738281,0.6077077940753524
300,Harford,3030,Harford Precinct 01-020,1753,749,613,1277,3030,1.0,0.5785478547854785,0.42145214521452146,1668,0.24719471947194718,0.2023102310231023,0.5504950495049505
301,Harford,2453,Harford Precinct 03-020,2282,240,913,171,2453,1.0,0.9302894415002039,0.06971055849979617,1300,0.09783938035059112,0.3721973094170404,0.5299633102323685
302,Harford,2703,Harford Precinct 03-002,2479,281,984,224,2703,1.0,0.9171291157972623,0.0828708842027377,1438,0.10395856455789863,0.36403995560488345,0.5320014798372179
303,Harford,1877,Harford Precinct 02-003,1397,339,382,480,1877,1.0,0.7442727757059137,0.2557272242940863,1156,0.18060735215769846,0.2035162493340437,0.6158763985082578
304,Harford,327,Harford Precinct 02-001,263,119,130,64,327,1.0,0.8042813455657493,0.19571865443425077,78,0.363914373088685,0.39755351681957185,0.23853211009174313
305,Harford,2551,Harford Precinct 02-015,1517,565,392,1034,2551,1.0,0.5946687573500588,0.4053312426499412,1594,0.22148177185417484,0.15366522932183457,0.6248529988239906
306,Harford,3443,Harford Precinct 02-010,1918,658,420,1525,3443,1.0,0.5570723206505954,0.4429276793494046,2365,0.19111240197502177,0.12198663955852454,0.6869009584664537
307,Harford,2679,Harford Precinct 02-014,1630,588,258,1049,2679,1.0,0.6084359835759612,0.3915640164240388,1833,0.21948488241881298,0.09630459126539753,0.6842105263157895
308,Harford,2411,Harford Precinct 02-011,1702,386,518,709,2411,1.0,0.705931148900871,0.294068851099129,1507,0.16009954375777685,0.2148486105350477,0.6250518457071754
309,Harford,264,Harford Precinct 02-004,242,23,50,22,264,1.0,0.9166666666666666,0.08333333333333333,191,0.08712121212121213,0.1893939393939394,0.7234848484848485
310,Harford,3615,Harford Precinct 02-002,3332,466,1287,283,3615,1.0,0.9217150760719225,0.07828492392807745,1862,0.12890733056708162,0.35601659751037346,0.5150760719225449
311,Kent,703,Kent Precinct 03-002,547,129,165,156,703,1.0,0.7780938833570412,0.22190611664295876,409,0.18349928876244664,0.23470839260312945,0.5817923186344239
312,Harford,295,Harford Precinct 02-005,242,22,42,53,295,1.0,0.8203389830508474,0.17966101694915254,231,0.07457627118644068,0.1423728813559322,0.7830508474576271
313,Harford,137,Harford Precinct 06-005,57,66,54,80,137,1.0,0.41605839416058393,0.583941605839416,17,0.48175182481751827,0.39416058394160586,0.12408759124087591
314,Harford,794,Harford Precinct 06-007,641,58,103,153,794,1.0,0.8073047858942065,0.19269521410579346,633,0.07304785894206549,0.1297229219143577,0.7972292191435768
315,Harford,3367,Harford Precinct 06-006,2576,601,902,791,3367,1.0,0.7650727650727651,0.23492723492723494,1864,0.1784971784971785,0.2678942678942679,0.5536085536085537
316,Harford,2179,Harford Precinct 06-003,1655,457,510,524,2179,1.0,0.7595227168425883,0.24047728315741165,1212,0.20972923359339146,0.23405231757687012,0.5562184488297384
317,Harford,2603,Harford Precinct 06-001,1942,482,424,661,2603,1.0,0.746062235881675,0.253937764118325,1697,0.18517095658855168,0.1628889742604687,0.6519400691509797
318,Harford,340,Harford Precinct 06-004,310,32,47,30,340,1.0,0.9117647058823529,0.08823529411764706,261,0.09411764705882353,0.13823529411764707,0.7676470588235295
319,Harford,1986,Harford Precinct 06-002,1564,440,616,422,1986,1.0,0.7875125881168177,0.21248741188318226,930,0.2215508559919436,0.31017119838872104,0.46827794561933533
320,Harford,1712,Harford Precinct 05-004,1537,195,616,175,1712,1.0,0.8977803738317757,0.1022196261682243,901,0.11390186915887851,0.3598130841121495,0.5262850467289719
321,Harford,2884,Harford Precinct 05-001,2747,314,1174,137,2884,1.0,0.95249653259362,0.04750346740638003,1396,0.108876560332871,0.4070735090152566,0.4840499306518724
322,Cecil,3106,Cecil Precinct 08-001,2998,325,1195,108,3106,1.0,0.9652285898261429,0.03477141017385705,1586,0.10463618802318093,0.3847392144236961,0.510624597553123
323,Cecil,2976,Cecil Precinct 07-001,2676,394,1150,300,2976,1.0,0.8991935483870968,0.10080645161290322,1432,0.13239247311827956,0.3864247311827957,0.48118279569892475
324,Cecil,2543,Cecil Precinct 06-002,2437,378,1259,106,2543,1.0,0.9583169484860401,0.04168305151395989,906,0.1486433346441211,0.49508454581203304,0.35627211954384586
325,Cecil,1360,Cecil Precinct 07-003,1200,118,229,160,1360,1.0,0.8823529411764706,0.11764705882352941,1013,0.08676470588235294,0.16838235294117648,0.7448529411764706
326,Cecil,4824,Cecil Precinct 07-002,4018,683,1213,806,4824,1.0,0.8329187396351575,0.16708126036484244,2928,0.14158374792703152,0.25145107794361526,0.6069651741293532
327,Cecil,5437,Cecil Precinct 06-001,5216,544,1811,221,5437,1.0,0.9593525841456686,0.04064741585433143,3082,0.10005517748758506,0.33308810005517747,0.5668567224572374
328,Talbot,3502,Talbot Precinct 04-001,3079,320,1002,423,3502,1.0,0.8792118789263278,0.12078812107367219,2180,0.09137635636778983,0.28612221587664194,0.6225014277555683
329,Caroline,1679,Caroline Precinct 06-001,1505,190,468,174,1679,1.0,0.8963668850506253,0.10363311494937463,1021,0.11316259678379988,0.27873734365693864,0.6081000595592615
330,Queen Anne's,1487,Queen Anne's Precinct 06-001,1354,124,473,133,1487,1.0,0.9105581708137189,0.0894418291862811,890,0.08338937457969066,0.3180901143241426,0.5985205110961668
331,Caroline,5431,Caroline Precinct 03-001,4422,547,1049,1009,5431,1.0,0.8142146934266249,0.18578530657337508,3835,0.10071809979745903,0.19315043270116,0.706131467501381
332,Caroline,2698,Caroline Precinct 07-001,2113,407,842,585,2698,1.0,0.7831727205337287,0.2168272794662713,1449,0.1508524833209785,0.31208302446256486,0.5370644922164566
333,Caroline,4170,Caroline Precinct 02-001,3650,422,1167,520,4170,1.0,0.8752997601918465,0.12470023980815348,2581,0.10119904076738609,0.2798561151079137,0.6189448441247002
334,Kent,1602,Kent Precinct 02-001,1238,207,444,364,1602,1.0,0.7727840199750312,0.2272159800249688,951,0.12921348314606743,0.27715355805243447,0.5936329588014981
335,Queen Anne's,2401,Queen Anne's Precinct 07-001,2007,376,579,394,2401,1.0,0.8359017076218243,0.16409829237817575,1446,0.15660141607663475,0.24114952103290296,0.6022490628904623
336,Queen Anne's,2015,Queen Anne's Precinct 01-001,1735,209,645,280,2015,1.0,0.8610421836228288,0.13895781637717122,1161,0.10372208436724566,0.3200992555831266,0.5761786600496278
337,Caroline,2467,Caroline Precinct 01-001,1711,151,553,756,2467,1.0,0.6935549250101337,0.30644507498986623,1763,0.061207944872314554,0.22415889744629106,0.7146331576813945
338,Kent,1324,Kent Precinct 01-001,1011,215,376,313,1324,1.0,0.763595166163142,0.236404833836858,733,0.1623867069486405,0.283987915407855,0.5536253776435045
339,Cecil,3990,Cecil Precinct 01-001,3666,524,1116,324,3990,1.0,0.9187969924812031,0.081203007518797,2350,0.13132832080200502,0.2796992481203007,0.5889724310776943
340,Anne Arundel,3247,Anne Arundel Precinct 07-009,2512,410,499,735,3247,1.0,0.7736372035725285,0.2263627964274715,2338,0.12627040344933785,0.15368032029565754,0.7200492762550046
341,Calvert,2692,Calvert Precinct 02-003,2313,394,749,379,2692,1.0,0.8592124814264487,0.14078751857355126,1549,0.14635958395245172,0.27823179791976227,0.575408618127786
342,Calvert,2653,Calvert Precinct 02-006,2176,423,678,477,2653,1.0,0.8202035431586883,0.17979645684131174,1552,0.159442140972484,0.2555597436863928,0.5849981153411232
343,Calvert,3474,Calvert Precinct 02-008,2865,432,751,609,3474,1.0,0.8246977547495682,0.17530224525043178,2291,0.12435233160621761,0.21617731721358666,0.6594703511801957
344,Calvert,3228,Calvert Precinct 03-003,2225,475,692,1003,3228,1.0,0.6892812887236679,0.3107187112763321,2061,0.14714993804213136,0.21437422552664187,0.6384758364312267
345,Calvert,1651,Calvert Precinct 02-007,1552,377,777,99,1651,1.0,0.9400363416111448,0.05996365838885524,497,0.2283464566929134,0.47062386432465175,0.3010296789824349
346,Calvert,2880,Calvert Precinct 03-005,2457,568,776,423,2880,1.0,0.853125,0.146875,1536,0.19722222222222222,0.26944444444444443,0.5333333333333333
347,Calvert,2230,Calvert Precinct 03-007,1946,480,945,284,2230,1.0,0.8726457399103139,0.1273542600896861,805,0.21524663677130046,0.42376681614349776,0.3609865470852018
348,Calvert,3074,Calvert Precinct 03-004,2642,506,852,432,3074,1.0,0.8594664931685101,0.1405335068314899,1716,0.1646063760572544,0.2771633051398829,0.5582303188028627
349,Calvert,2683,Calvert Precinct 03-008,2217,737,963,466,2683,1.0,0.8263138278046962,0.17368617219530377,983,0.2746925083861349,0.3589265747297801,0.366380916884085
350,Anne Arundel,2407,Anne Arundel Precinct 07-021,2072,334,728,335,2407,1.0,0.8608226007478189,0.13917739925218114,1345,0.1387619443290403,0.30245118404653093,0.5587868716244287
351,Anne Arundel,2960,Anne Arundel Precinct 07-001,2718,460,833,242,2960,1.0,0.9182432432432432,0.08175675675675675,1667,0.1554054054054054,0.2814189189189189,0.5631756756756757
352,Frederick,4356,Frederick Precinct 01-001,3809,1038,1445,547,4356,1.0,0.8744260789715336,0.12557392102846648,1873,0.23829201101928374,0.3317263544536272,0.4299816345270891
353,Montgomery,2107,Montgomery Precinct 03-002,1792,665,641,315,2107,1.0,0.8504983388704319,0.14950166112956811,801,0.31561461794019935,0.30422401518747033,0.3801613668723303
354,Montgomery,2553,Montgomery Precinct 03-001,2159,812,734,394,2553,1.0,0.8456717587152369,0.15432824128476302,1007,0.31805718762240504,0.28750489620054837,0.3944379161770466
355,Montgomery,1784,Montgomery Precinct 11-000,1537,516,468,247,1784,1.0,0.8615470852017937,0.1384529147982063,800,0.289237668161435,0.2623318385650224,0.4484304932735426
356,Frederick,2131,Frederick Precinct 07-001,1866,388,587,265,2131,1.0,0.8756452369779446,0.12435476302205538,1156,0.18207414359455654,0.2754575316752698,0.5424683247301736
357,Montgomery,2683,Montgomery Precinct 10-010,2126,670,423,557,2683,1.0,0.7923965710026091,0.20760342899739098,1590,0.24972046216921356,0.15765933656354827,0.5926202012672381
358,Montgomery,2533,Montgomery Precinct 10-002,1848,523,477,685,2533,1.0,0.7295696802210817,0.2704303197789183,1533,0.2064745361231741,0.18831425187524675,0.6052112120015791
359,Montgomery,1582,Montgomery Precinct 10-001,1196,296,285,386,1582,1.0,0.7560050568900126,0.24399494310998734,1001,0.18710493046776233,0.18015170670037928,0.6327433628318584
360,Montgomery,1642,Montgomery Precinct 10-013,1102,301,143,540,1642,1.0,0.6711327649208283,0.32886723507917176,1198,0.18331303288672351,0.08708891595615104,0.7295980511571255
361,Montgomery,2293,Montgomery Precinct 10-006,1631,463,200,662,2293,1.0,0.7112952464020933,0.28870475359790665,1630,0.20191888355865678,0.08722197993894461,0.7108591365023986
362,Montgomery,2754,Montgomery Precinct 10-007,2119,757,416,635,2754,1.0,0.7694262890341321,0.23057371096586782,1581,0.27487291212781406,0.15105301379811184,0.5740740740740741
363,Montgomery,2878,Montgomery Precinct 07-003,2258,1029,283,620,2878,1.0,0.7845726198749131,0.21542738012508686,1566,0.357539958304378,0.09833217512161223,0.5441278665740097
364,Montgomery,2119,Montgomery Precinct 07-022,1760,762,201,359,2119,1.0,0.830580462482303,0.16941953751769703,1156,0.3596035865974516,0.09485606418121756,0.5455403492213308
365,Montgomery,2648,Montgomery Precinct 10-009,1916,559,511,732,2648,1.0,0.7235649546827795,0.2764350453172205,1578,0.21110271903323263,0.19297583081570996,0.5959214501510574
366,Montgomery,1510,Montgomery Precinct 10-004,1093,406,179,417,1510,1.0,0.723841059602649,0.276158940397351,925,0.26887417218543047,0.1185430463576159,0.6125827814569537
367,Montgomery,2274,Montgomery Precinct 10-005,1625,465,233,649,2274,1.0,0.7145998240985049,0.2854001759014952,1576,0.20448548812664907,0.10246262093227793,0.693051890941073
368,Montgomery,3358,Montgomery Precinct 04-012,2173,872,398,1185,3358,1.0,0.6471113758189398,0.35288862418106015,2088,0.2596783799880881,0.11852293031566409,0.6217986896962477
369,Montgomery,2320,Montgomery Precinct 10-003,1721,608,343,599,2320,1.0,0.7418103448275862,0.25818965517241377,1369,0.2620689655172414,0.1478448275862069,0.5900862068965518
370,Montgomery,3272,Montgomery Precinct 07-015,2621,1029,406,651,3272,1.0,0.801039119804401,0.19896088019559902,1837,0.3144865525672372,0.12408312958435208,0.5614303178484108
371,St. Mary's,2659,St. Mary's Precinct 07-001,2221,445,695,438,2659,1.0,0.8352764197066567,0.16472358029334336,1519,0.1673561489281685,0.26137645731478,0.5712673937570515
372,St. Mary's,2636,St. Mary's Precinct 04-003,2211,361,790,425,2636,1.0,0.8387708649468892,0.16122913505311076,1485,0.13694992412746584,0.29969650986342944,0.5633535660091047
373,St. Mary's,2127,St. Mary's Precinct 04-002,1873,262,628,254,2127,1.0,0.8805829807240244,0.11941701927597555,1237,0.1231781852374236,0.2952515279736718,0.5815702867889045
374,St. Mary's,2525,St. Mary's Precinct 03-002,1979,406,606,546,2525,1.0,0.7837623762376238,0.21623762376237624,1513,0.1607920792079208,0.24,0.5992079207920792
375,St. Mary's,2671,St. Mary's Precinct 04-001,2400,381,918,271,2671,1.0,0.8985398727068513,0.10146012729314863,1372,0.14264320479221265,0.34369150131037063,0.5136652938974167
376,St. Mary's,3052,St. Mary's Precinct 05-001,2652,431,988,400,3052,1.0,0.8689384010484927,0.1310615989515072,1633,0.141218872870249,0.3237221494102228,0.5350589777195282
377,St. Mary's,3010,St. Mary's Precinct 05-002,2584,377,853,426,3010,1.0,0.8584717607973422,0.1415282392026578,1780,0.12524916943521594,0.28338870431893687,0.5913621262458472
378,Charles,2571,Charles Precinct 09-002,1957,459,725,614,2571,1.0,0.7611824192921043,0.23881758070789577,1387,0.17852975495915985,0.28199144301828083,0.5394788020225593
379,St. Mary's,2846,St. Mary's Precinct 05-003,2609,278,885,237,2846,1.0,0.9167252283907238,0.08327477160927618,1683,0.09768095572733661,0.31096275474349966,0.5913562895291637
380,St. Mary's,2045,St. Mary's Precinct 03-001,1545,290,528,500,2045,1.0,0.7555012224938875,0.24449877750611246,1227,0.14180929095354522,0.25819070904645475,0.6
381,St. Mary's,2258,St. Mary's Precinct 06-004,1826,212,502,432,2258,1.0,0.8086802480070859,0.1913197519929141,1544,0.09388839681133747,0.22232063773250665,0.6837909654561559
382,St. Mary's,2382,St. Mary's Precinct 06-002,2168,253,671,214,2382,1.0,0.910159529806885,0.08984047019311503,1458,0.10621326616288833,0.281696053736356,0.6120906801007556
383,St. Mary's,2804,St. Mary's Precinct 03-005,2463,398,885,341,2804,1.0,0.8783880171184023,0.12161198288159772,1521,0.1419400855920114,0.31562054208273893,0.5424393723252496
384,St. Mary's,1613,St. Mary's Precinct 06-001,1464,177,397,149,1613,1.0,0.907625542467452,0.09237445753254804,1039,0.1097334159950403,0.24612523248605084,0.6441413515189088
385,Calvert,3560,Calvert Precinct 02-002,2532,493,721,1028,3560,1.0,0.7112359550561798,0.28876404494382024,2346,0.13848314606741574,0.20252808988764046,0.6589887640449438
386,Calvert,3011,Calvert Precinct 02-001,2414,500,784,597,3011,1.0,0.8017270009963468,0.19827299900365328,1727,0.16605778811026237,0.2603786117568914,0.5735636001328462
387,Charles,2356,Charles Precinct 09-001,1447,507,528,909,2356,1.0,0.6141765704584041,0.38582342954159593,1321,0.21519524617996605,0.22410865874363328,0.5606960950764007
388,Prince George's,1692,Prince George's Precinct 08-001,980,207,182,712,1692,1.0,0.5791962174940898,0.42080378250591016,1303,0.12234042553191489,0.10756501182033097,0.7700945626477541
389,Prince George's,2531,Prince George's Precinct 11-002,511,819,119,2020,2531,1.0,0.20189648360331885,0.7981035163966812,1593,0.3235875148162782,0.047016989332279734,0.6293954958514422
390,Prince George's,3507,Prince George's Precinct 15-001,574,1141,117,2933,3507,1.0,0.16367265469061876,0.8363273453093812,2249,0.3253493013972056,0.033361847733105215,0.6412888508696892
391,Prince George's,3267,Prince George's Precinct 15-004,469,783,111,2798,3267,1.0,0.1435567799204163,0.8564432200795837,2373,0.2396694214876033,0.03397612488521579,0.7263544536271809
392,Prince George's,2065,Prince George's Precinct 04-001,1341,347,336,724,2065,1.0,0.6493946731234866,0.3506053268765133,1382,0.16803874092009685,0.16271186440677965,0.6692493946731235
393,Calvert,2367,Calvert Precinct 03-006,2018,470,859,349,2367,1.0,0.8525559780312632,0.1474440219687368,1038,0.19856358259400084,0.3629066328686101,0.4385297845373891
394,Prince George's,1133,Prince George's Precinct 03-001,419,282,105,714,1133,1.0,0.3698146513680494,0.6301853486319505,746,0.24889673433362755,0.09267431597528684,0.6584289496910856
395,Frederick,5452,Frederick Precinct 05-001,4981,529,1245,471,5452,1.0,0.9136096845194424,0.08639031548055759,3678,0.09702861335289802,0.22835656639765223,0.6746148202494497
396,Carroll,1084,Carroll Precinct 10-001,1040,110,460,44,1084,1.0,0.959409594095941,0.04059040590405904,514,0.1014760147601476,0.42435424354243545,0.474169741697417
397,Carroll,7012,Carroll Precinct 01-001,6558,822,2495,454,7012,1.0,0.9352538505419281,0.06474614945807187,3695,0.11722760981175129,0.3558185966913862,0.5269537934968626
398,Carroll,1424,Carroll Precinct 02-001,1389,204,667,35,1424,1.0,0.9754213483146067,0.02457865168539326,553,0.14325842696629212,0.4683988764044944,0.3883426966292135
399,Carroll,1786,Carroll Precinct 02-002,1731,228,778,55,1786,1.0,0.9692049272116461,0.030795072788353865,780,0.1276595744680851,0.43561030235162373,0.43673012318029114
400,Prince George's,1983,Prince George's Precinct 12-002,167,531,40,1816,1983,1.0,0.08421583459404942,0.9157841654059505,1412,0.26777609682299547,0.020171457387796268,0.7120524457892082
401,Prince George's,4528,Prince George's Precinct 12-009,53,918,23,4475,4528,1.0,0.011704946996466431,0.9882950530035336,3587,0.20273851590106007,0.0050795053003533566,0.7921819787985865
402,Prince George's,4488,Prince George's Precinct 12-004,126,1065,32,4362,4488,1.0,0.02807486631016043,0.9719251336898396,3391,0.23729946524064172,0.0071301247771836,0.7555704099821747
403,Prince George's,4072,Prince George's Precinct 12-006,80,1001,33,3992,4072,1.0,0.019646365422396856,0.9803536345776032,3038,0.24582514734774066,0.008104125736738703,0.7460707269155207
404,Prince George's,3288,Prince George's Precinct 12-012,212,780,23,3076,3288,1.0,0.06447688564476886,0.9355231143552312,2485,0.23722627737226276,0.006995133819951338,0.7557785888077859
405,Prince George's,2724,Prince George's Precinct 12-016,113,538,17,2611,2724,1.0,0.041483113069016156,0.9585168869309838,2169,0.19750367107195302,0.006240822320117474,0.7962555066079295
406,Prince George's,3144,Prince George's Precinct 12-003,178,807,32,2966,3144,1.0,0.056615776081424936,0.943384223918575,2305,0.2566793893129771,0.010178117048346057,0.7331424936386769
407,Prince George's,1980,Prince George's Precinct 12-007,69,758,41,1911,1980,1.0,0.03484848484848485,0.9651515151515152,1181,0.38282828282828285,0.02070707070707071,0.5964646464646465
408,Prince George's,1110,Prince George's Precinct 12-017,127,161,4,983,1110,1.0,0.11441441441441441,0.8855855855855855,945,0.14504504504504503,0.0036036036036036037,0.8513513513513513
409,Prince George's,3753,Prince George's Precinct 12-013,94,945,35,3659,3753,1.0,0.025046629363176125,0.9749533706368239,2773,0.2517985611510791,0.009325872635225153,0.7388755662136957
410,Prince George's,2131,Prince George's Precinct 06-008,57,629,16,2074,2131,1.0,0.02674800563115908,0.9732519943688409,1486,0.29516658845612387,0.007508212106992022,0.6973251994368841
411,Prince George's,4750,Prince George's Precinct 06-017,139,1127,25,4611,4750,1.0,0.02926315789473684,0.9707368421052631,3598,0.23726315789473684,0.005263157894736842,0.7574736842105263
412,Prince George's,2691,Prince George's Precinct 06-009,88,728,23,2603,2691,1.0,0.032701597918989224,0.9672984020810108,1940,0.27053140096618356,0.008547008547008548,0.7209215904868079
413,Prince George's,2205,Prince George's Precinct 06-012,55,679,26,2150,2205,1.0,0.024943310657596373,0.9750566893424036,1500,0.30793650793650795,0.011791383219954649,0.6802721088435374
414,Montgomery,1927,Montgomery Precinct 07-005,1663,671,182,264,1927,1.0,0.8629994810586403,0.13700051894135962,1074,0.3482096523092891,0.09444732745199792,0.5573430202387131
415,Montgomery,2403,Montgomery Precinct 13-039,1605,741,154,798,2403,1.0,0.6679151061173533,0.33208489388264667,1508,0.3083645443196005,0.06408655846858094,0.6275488972118186
416,Montgomery,4752,Montgomery Precinct 13-047,2084,917,101,2668,4752,1.0,0.4385521885521885,0.5614478114478114,3734,0.19297138047138046,0.021254208754208755,0.7857744107744108
417,Montgomery,2398,Montgomery Precinct 13-004,1617,861,66,781,2398,1.0,0.6743119266055045,0.3256880733944954,1471,0.35904920767306087,0.027522935779816515,0.6134278565471226
418,Montgomery,3101,Montgomery Precinct 13-008,1299,697,84,1802,3101,1.0,0.41889712995807804,0.581102870041922,2320,0.22476620445017736,0.02708803611738149,0.7481457594324411
419,Montgomery,2029,Montgomery Precinct 13-003,1652,688,217,377,2029,1.0,0.8141941843272548,0.1858058156727452,1124,0.33908329226219813,0.10694923607688517,0.5539674716609168
420,Montgomery,3334,Montgomery Precinct 13-016,768,788,81,2566,3334,1.0,0.23035392921415718,0.7696460707858428,2465,0.23635272945410918,0.02429514097180564,0.7393521295740851
421,Montgomery,2788,Montgomery Precinct 13-065,1261,453,66,1527,2788,1.0,0.45229555236728836,0.5477044476327116,2269,0.16248206599713055,0.023672883787661407,0.813845050215208
422,Montgomery,2551,Montgomery Precinct 13-007,1648,844,146,903,2551,1.0,0.6460211681693454,0.35397883183065465,1561,0.33085064680517445,0.057232457859662876,0.6119168953351627
423,Montgomery,2274,Montgomery Precinct 13-024,1361,727,185,913,2274,1.0,0.5985048372911169,0.401495162708883,1362,0.3197009674582234,0.08135444151275285,0.5989445910290238
424,Baltimore County,2889,Baltimore County Precinct 11-019,2270,408,560,619,2889,1.0,0.7857390100380754,0.21426098996192455,1921,0.14122533748701974,0.19383869851159571,0.6649359640013845
425,Baltimore County,4130,Baltimore County Precinct 14-003,2875,608,606,1255,4130,1.0,0.6961259079903148,0.30387409200968524,2916,0.14721549636803874,0.1467312348668281,0.7060532687651332
426,Baltimore County,1265,Baltimore County Precinct 11-013,891,175,209,374,1265,1.0,0.7043478260869566,0.2956521739130435,881,0.1383399209486166,0.16521739130434782,0.6964426877470355
427,Baltimore County,3157,Baltimore County Precinct 15-010,2444,556,586,713,3157,1.0,0.774152676591701,0.22584732340829902,2015,0.1761165663604688,0.1856192587899905,0.6382641748495407
428,Baltimore County,5523,Baltimore County Precinct 15-005,2822,1157,883,2701,5523,1.0,0.5109541915625566,0.48904580843744344,3483,0.20948759732029695,0.1598768785080572,0.6306355241716458
429,Baltimore County,1411,Baltimore County Precinct 15-009,1311,182,415,100,1411,1.0,0.9291282778171509,0.07087172218284904,814,0.12898653437278526,0.29411764705882354,0.5768958185683912
430,Baltimore County,6204,Baltimore County Precinct 15-004,4276,710,375,1928,6204,1.0,0.6892327530625403,0.3107672469374597,5119,0.11444229529335913,0.06044487427466151,0.8251128304319794
431,Baltimore County,3736,Baltimore County Precinct 11-012,3099,438,875,637,3736,1.0,0.8294967880085653,0.1705032119914347,2423,0.11723768736616702,0.23420770877944325,0.6485546038543897
432,Baltimore County,2316,Baltimore County Precinct 11-007,1947,628,1040,369,2316,1.0,0.8406735751295337,0.15932642487046633,648,0.2711571675302245,0.44905008635578586,0.27979274611398963
433,Baltimore County,2818,Baltimore County Precinct 11-014,2465,336,669,353,2818,1.0,0.8747338537970192,0.12526614620298085,1813,0.11923349893541518,0.23740241305890702,0.6433640880056778
434,Baltimore County,2037,Baltimore County Precinct 11-006,1892,255,613,145,2037,1.0,0.9288168875797742,0.07118311242022582,1169,0.1251840942562592,0.3009327442317133,0.5738831615120275
435,Baltimore County,3470,Baltimore County Precinct 11-022,2749,456,765,721,3470,1.0,0.7922190201729107,0.20778097982708935,2249,0.1314121037463977,0.22046109510086456,0.6481268011527378
436,Baltimore County,2386,Baltimore County Precinct 11-005,1880,262,650,506,2386,1.0,0.787929589270746,0.21207041072925398,1474,0.10980720871751885,0.27242246437552387,0.6177703269069572
437,Baltimore County,4029,Baltimore County Precinct 11-003,3873,329,1519,156,4029,1.0,0.9612807148175726,0.0387192851824274,2181,0.08165797964755522,0.37701662943658476,0.54132539091586
438,Baltimore County,2502,Baltimore County Precinct 11-001,2338,470,1047,164,2502,1.0,0.9344524380495604,0.06554756195043965,985,0.18784972022382093,0.4184652278177458,0.39368505195843323
439,Baltimore County,300,Baltimore County Precinct 10-005,276,60,148,24,300,1.0,0.92,0.08,92,0.2,0.49333333333333335,0.30666666666666664
440,Baltimore County,1364,Baltimore County Precinct 10-003,1284,209,618,80,1364,1.0,0.9413489736070382,0.05865102639296188,537,0.1532258064516129,0.4530791788856305,0.3936950146627566
441,Harford,2560,Harford Precinct 04-002,2438,216,955,122,2560,1.0,0.95234375,0.04765625,1389,0.084375,0.373046875,0.542578125
442,Baltimore County,3090,Baltimore County Precinct 11-002,2978,354,1264,112,3090,1.0,0.9637540453074434,0.036245954692556634,1472,0.1145631067961165,0.4090614886731392,0.47637540453074434
443,Harford,2984,Harford Precinct 03-006,2861,346,1192,123,2984,1.0,0.9587801608579088,0.04121983914209115,1446,0.11595174262734584,0.39946380697050937,0.48458445040214476
444,Harford,3240,Harford Precinct 04-005,3026,263,1046,214,3240,1.0,0.9339506172839506,0.06604938271604938,1931,0.08117283950617284,0.3228395061728395,0.5959876543209877
445,Baltimore County,3678,Baltimore County Precinct 15-007,2778,633,613,900,3678,1.0,0.7553017944535073,0.24469820554649266,2432,0.17210440456769985,0.16666666666666666,0.6612289287656336
446,Baltimore County,2060,Baltimore County Precinct 15-025,1956,334,919,104,2060,1.0,0.9495145631067962,0.05048543689320388,807,0.16213592233009708,0.44611650485436893,0.39174757281553396
447,Baltimore County,3091,Baltimore County Precinct 15-008,2496,478,789,595,3091,1.0,0.8075056615981883,0.1924943384018117,1824,0.15464251051439665,0.25525719831769655,0.5901002911679069
448,Baltimore County,2662,Baltimore County Precinct 15-006,2499,305,1022,163,2662,1.0,0.9387678437265214,0.06123215627347859,1335,0.11457550713749061,0.3839218632607062,0.5015026296018031
449,Baltimore County,2544,Baltimore County Precinct 11-004,1999,355,735,545,2544,1.0,0.7857704402515723,0.21422955974842767,1454,0.13954402515723272,0.28891509433962265,0.5715408805031447
450,Baltimore County,86,Baltimore County Precinct 11-020,73,2,12,13,86,1.0,0.8488372093023255,0.1511627906976744,72,0.023255813953488372,0.13953488372093023,0.8372093023255814
451,Harford,2747,Harford Precinct 01-045,2393,392,812,354,2747,1.0,0.8711321441572625,0.12886785584273752,1543,0.14270112850382236,0.29559519475791773,0.5617036767382599
452,Prince George's,2194,Prince George's Precinct 12-008,175,504,24,2019,2194,1.0,0.07976298997265269,0.9202370100273473,1666,0.22971741112123975,0.010938924339106655,0.7593436645396536
453,Prince George's,2657,Prince George's Precinct 12-015,108,714,37,2549,2657,1.0,0.04064734663153933,0.9593526533684607,1906,0.26872412495295445,0.013925479864508844,0.7173503951825367
454,Charles,3603,Charles Precinct 06-006,1784,924,447,1819,3603,1.0,0.49514293644185403,0.504857063558146,2232,0.25645295587010825,0.12406328059950042,0.6194837635303914
455,Charles,2547,Charles Precinct 06-018,447,1004,128,2100,2547,1.0,0.17550058892815076,0.8244994110718492,1415,0.39418924224577934,0.0502552021986651,0.5555555555555556
456,Charles,2806,Charles Precinct 06-009,1003,792,189,1803,2806,1.0,0.357448325017819,0.642551674982181,1825,0.28225231646471843,0.06735566642908054,0.650392017106201
457,Charles,2084,Charles Precinct 06-008,812,682,174,1272,2084,1.0,0.3896353166986564,0.6103646833013435,1228,0.3272552783109405,0.08349328214971209,0.5892514395393474
458,Charles,2626,Charles Precinct 06-016,1097,517,205,1529,2626,1.0,0.41774562071591775,0.5822543792840823,1904,0.19687738004569688,0.07806549885757806,0.725057121096725
459,Charles,3458,Charles Precinct 06-015,1025,799,123,2433,3458,1.0,0.2964141122035859,0.7035858877964141,2536,0.23105841526894158,0.035569693464430306,0.7333718912666282
460,Charles,1862,Charles Precinct 06-011,599,656,225,1263,1862,1.0,0.3216970998925886,0.6783029001074113,981,0.3523093447905478,0.12083780880773362,0.5268528464017186
461,Charles,3992,Charles Precinct 06-007,1423,981,319,2569,3992,1.0,0.3564629258517034,0.6435370741482966,2692,0.24574148296593187,0.07990981963927855,0.6743486973947895
462,Charles,2617,Charles Precinct 06-005,575,1141,158,2042,2617,1.0,0.21971723347344288,0.7802827665265571,1318,0.43599541459686664,0.060374474589224306,0.5036301108139091
463,Charles,1743,Charles Precinct 06-017,855,475,187,888,1743,1.0,0.4905335628227194,0.5094664371772806,1081,0.27251864601262193,0.10728628800917958,0.6201950659781985
464,Charles,2599,Charles Precinct 06-022,659,662,141,1940,2599,1.0,0.2535590611773759,0.7464409388226241,1796,0.2547133512889573,0.05425163524432474,0.6910350134667179
465,Charles,1568,Charles Precinct 06-012,649,424,140,919,1568,1.0,0.4139030612244898,0.5860969387755102,1004,0.27040816326530615,0.08928571428571429,0.6403061224489796
466,Charles,2347,Charles Precinct 08-004,1718,692,558,629,2347,1.0,0.731998295696634,0.268001704303366,1097,0.2948444823178526,0.2377503195568811,0.4674051981252663
467,Charles,1345,Charles Precinct 08-005,1032,64,137,313,1345,1.0,0.7672862453531598,0.23271375464684016,1144,0.04758364312267658,0.10185873605947955,0.8505576208178439
468,Charles,2167,Charles Precinct 08-003,1317,524,339,850,2167,1.0,0.6077526534379326,0.3922473465620674,1304,0.24180895246885095,0.15643747115828335,0.6017535763728658
469,Charles,2164,Charles Precinct 08-002,1349,585,457,815,2164,1.0,0.6233826247689463,0.3766173752310536,1122,0.27033271719038815,0.2111829944547135,0.5184842883548983
470,Prince George's,3323,Prince George's Precinct 09-007,221,1100,60,3102,3323,1.0,0.06650616912428528,0.9334938308757147,2163,0.331026181161601,0.018055973517905506,0.6509178453204936
471,Prince George's,2034,Prince George's Precinct 09-004,273,722,57,1761,2034,1.0,0.13421828908554573,0.8657817109144543,1255,0.35496558505408066,0.028023598820058997,0.6170108161258604
472,Prince George's,3032,Prince George's Precinct 09-005,266,835,52,2766,3032,1.0,0.08773087071240106,0.912269129287599,2145,0.2753957783641161,0.017150395778364115,0.7074538258575198
473,Prince George's,3691,Prince George's Precinct 09-001,425,1086,94,3266,3691,1.0,0.11514494716878895,0.884855052831211,2511,0.29422920617718773,0.025467353020861554,0.6803034408019507
474,Prince George's,2377,Prince George's Precinct 09-010,356,737,66,2021,2377,1.0,0.14976861590239798,0.850231384097602,1574,0.31005469078670594,0.027766091712242324,0.6621792175010518
475,Prince George's,3501,Prince George's Precinct 09-002,398,1043,65,3103,3501,1.0,0.11368180519851472,0.8863181948014853,2393,0.29791488146243933,0.018566123964581547,0.6835189945729792
476,Prince George's,4703,Prince George's Precinct 09-008,452,1497,97,4251,4703,1.0,0.09610886668084201,0.9038911333191579,3109,0.3183074633212843,0.020625132893897512,0.6610674037848182
477,Prince George's,2747,Prince George's Precinct 09-006,357,1073,77,2390,2747,1.0,0.12995995631598106,0.8700400436840189,1597,0.39060793593010557,0.028030578813250818,0.5813614852566437
478,Prince George's,2862,Prince George's Precinct 11-004,854,1057,164,2008,2862,1.0,0.2983927323549965,0.7016072676450035,1641,0.3693221523410203,0.0573025856044724,0.5733752620545073
479,Prince George's,2840,Prince George's Precinct 11-001,589,707,103,2251,2840,1.0,0.2073943661971831,0.7926056338028169,2030,0.248943661971831,0.03626760563380282,0.7147887323943662
480,Prince George's,4018,Prince George's Precinct 09-011,519,919,113,3499,4018,1.0,0.12916874066699852,0.8708312593330015,2986,0.22872075659532107,0.02812344449975112,0.7431557989049278
481,Prince George's,1565,Prince George's Precinct 09-009,577,434,76,988,1565,1.0,0.36869009584664536,0.6313099041533546,1055,0.27731629392971247,0.04856230031948882,0.6741214057507987
482,Prince George's,3439,Prince George's Precinct 11-003,484,988,68,2955,3439,1.0,0.14073858679848794,0.8592614132015121,2383,0.287292817679558,0.019773189880779297,0.6929339924396627
483,Prince George's,2108,Prince George's Precinct 15-003,209,659,41,1899,2108,1.0,0.099146110056926,0.900853889943074,1408,0.31261859582542695,0.019449715370018977,0.6679316888045541
484,Prince George's,721,Prince George's Precinct 01-007,429,561,159,292,721,1.0876132930513596,0.59500693481276,0.40499306518723993,1,0.7780859916782247,0.22052704576976423,0.0013869625520110957
485,Prince George's,2108,Prince George's Precinct 06-014,231,546,39,1877,2108,1.0,0.10958254269449716,0.8904174573055028,1523,0.25901328273244784,0.018500948766603416,0.7224857685009488
486,Prince George's,1176,Prince George's Precinct 06-002,134,438,38,1042,1176,1.0,0.11394557823129252,0.8860544217687075,700,0.37244897959183676,0.03231292517006803,0.5952380952380952
487,Prince George's,2560,Prince George's Precinct 06-013,365,755,60,2195,2560,1.0,0.142578125,0.857421875,1745,0.294921875,0.0234375,0.681640625
488,Prince George's,3164,Prince George's Precinct 06-024,123,662,20,3041,3164,1.0,0.0388748419721871,0.9611251580278128,2482,0.20922882427307207,0.006321112515802781,0.7844500632111252
489,Prince George's,3700,Prince George's Precinct 06-015,61,987,23,3639,3700,1.0,0.016486486486486488,0.9835135135135135,2690,0.26675675675675675,0.006216216216216216,0.727027027027027
490,Prince George's,576,Prince George's Precinct 06-021,41,198,9,535,576,1.0,0.07118055555555555,0.9288194444444444,369,0.34375,0.015625,0.640625
491,Prince George's,4119,Prince George's Precinct 06-004,104,941,32,4015,4119,1.0,0.02524884680747754,0.9747511531925225,3146,0.228453508133042,0.007768875940762321,0.7637776159261956
492,Prince George's,4084,Prince George's Precinct 06-022,93,737,28,3991,4084,1.0,0.02277179236043095,0.9772282076395691,3319,0.18046033300685602,0.0068560235063663075,0.8126836434867777
493,Prince George's,3744,Prince George's Precinct 06-006,97,869,37,3647,3744,1.0,0.02590811965811966,0.9740918803418803,2838,0.23210470085470086,0.009882478632478632,0.7580128205128205
494,Prince George's,2295,Prince George's Precinct 06-018,268,706,46,2027,2295,1.0,0.11677559912854031,0.8832244008714597,1543,0.30762527233115466,0.020043572984749455,0.6723311546840959
495,Prince George's,4108,Prince George's Precinct 06-007,492,1191,71,3616,4108,1.0,0.11976630963972736,0.8802336903602727,2846,0.28992210321324247,0.017283349561830575,0.692794547224927
496,Prince George's,1925,Prince George's Precinct 09-003,1159,74,38,766,1925,1.0,0.6020779220779221,0.3979220779220779,1813,0.03844155844155844,0.019740259740259742,0.9418181818181818
497,Prince George's,3624,Prince George's Precinct 06-016,134,874,36,3490,3624,1.0,0.0369757174392936,0.9630242825607064,2714,0.24116997792494482,0.009933774834437087,0.7488962472406181
498,Prince George's,1985,Prince George's Precinct 06-005,102,646,20,1883,1985,1.0,0.05138539042821159,0.9486146095717884,1319,0.32544080604534004,0.010075566750629723,0.6644836272040302
499,Prince George's,3207,Prince George's Precinct 06-010,129,950,46,3078,3207,1.0,0.040224508886810104,0.9597754911131899,2211,0.29622700342999686,0.014343623323978797,0.6894293732460243
500,Prince George's,2204,Prince George's Precinct 06-011,132,813,33,2072,2204,1.0,0.05989110707803993,0.9401088929219601,1358,0.3688747731397459,0.014972776769509982,0.6161524500907442
501,Prince George's,3824,Prince George's Precinct 06-001,272,1086,38,3552,3824,1.0,0.07112970711297072,0.9288702928870293,2700,0.2839958158995816,0.00993723849372385,0.7060669456066946
502,Prince George's,4367,Prince George's Precinct 06-003,124,1145,41,4243,4367,1.0,0.028394779024501948,0.9716052209754981,3181,0.2621937256697962,0.009388596290359515,0.7284176780398443
503,Prince George's,2231,Prince George's Precinct 18-011,68,693,28,2163,2231,1.0,0.03047960555804572,0.9695203944419543,1510,0.31062303899596594,0.012550425818018825,0.6768265351860152
504,Prince George's,2252,Prince George's Precinct 18-004,81,558,14,2171,2252,1.0,0.03596802841918295,0.9640319715808171,1680,0.2477797513321492,0.006216696269982238,0.7460035523978685
505,Prince George's,3235,Prince George's Precinct 18-001,86,1056,30,3149,3235,1.0,0.026584234930448224,0.9734157650695517,2149,0.32642967542503865,0.00927357032457496,0.6642967542503864
506,Prince George's,1927,Prince George's Precinct 02-007,906,670,204,1021,1927,1.0,0.4701608718214842,0.5298391281785159,1053,0.3476907109496627,0.10586403736377789,0.5464452516865594
507,Prince George's,1859,Prince George's Precinct 18-005,22,546,16,1837,1859,1.0,0.011834319526627219,0.9881656804733728,1297,0.2937062937062937,0.008606777837547068,0.6976869284561592
508,Prince George's,2460,Prince George's Precinct 18-003,23,838,14,2437,2460,1.0,0.00934959349593496,0.990650406504065,1608,0.34065040650406503,0.005691056910569106,0.6536585365853659
509,Prince George's,158,Prince George's Precinct 18-012,5,28,5,153,158,1.0,0.03164556962025317,0.9683544303797469,125,0.17721518987341772,0.03164556962025317,0.7911392405063291
510,Prince George's,3010,Prince George's Precinct 02-003,624,881,134,2386,3010,1.0,0.20730897009966778,0.7926910299003322,1995,0.29269102990033224,0.04451827242524917,0.6627906976744186
511,Prince George's,1792,Prince George's Precinct 18-009,52,762,25,1740,1792,1.0,0.029017857142857144,0.9709821428571429,1005,0.4252232142857143,0.013950892857142858,0.5608258928571429
512,Prince George's,2682,Prince George's Precinct 06-019,56,750,17,2626,2682,1.0,0.020879940343027592,0.9791200596569725,1915,0.2796420581655481,0.00633855331841909,0.7140193885160329
513,Prince George's,2589,Prince George's Precinct 18-007,40,943,29,2549,2589,1.0,0.01544998068752414,0.9845500193124759,1617,0.3642332947083816,0.011201235998455001,0.6245654692931634
514,Prince George's,1021,Prince George's Precinct 18-010,7,385,9,1014,1021,1.0,0.0068560235063663075,0.9931439764936337,627,0.3770812928501469,0.00881488736532811,0.614103819784525
515,Prince George's,3626,Prince George's Precinct 18-006,28,1077,21,3598,3626,1.0,0.007722007722007722,0.9922779922779923,2528,0.2970215113072256,0.005791505791505791,0.6971869829012686
516,Prince George's,2067,Prince George's Precinct 18-002,31,621,18,2036,2067,1.0,0.014997581035316884,0.9850024189646831,1428,0.30043541364296084,0.008708272859216255,0.690856313497823
517,Prince George's,1716,Prince George's Precinct 18-008,12,547,14,1704,1716,1.0,0.006993006993006993,0.993006993006993,1155,0.31876456876456877,0.008158508158508158,0.6730769230769231
518,Prince George's,2019,Prince George's Precinct 13-017,34,718,19,1985,2019,1.0,0.016840019811788013,0.9831599801882119,1282,0.35562159484893513,0.009410599306587419,0.6349678058444774
519,Prince George's,3377,Prince George's Precinct 13-002,56,802,25,3321,3377,1.0,0.01658276576843352,0.9834172342315665,2550,0.2374888954693515,0.007403020432336393,0.7551080840983121
520,Prince George's,3376,Prince George's Precinct 13-016,73,1039,38,3303,3376,1.0,0.021623222748815167,0.9783767772511849,2299,0.307760663507109,0.011255924170616114,0.6809834123222749
521,Prince George's,1837,Prince George's Precinct 06-023,120,536,18,1717,1837,1.0,0.065323897659227,0.934676102340773,1283,0.29178007621121393,0.00979858464888405,0.698421339139902
522,Prince George's,2581,Prince George's Precinct 15-006,524,646,66,2057,2581,1.0,0.2030220844633863,0.7969779155366137,1869,0.25029058504455637,0.02557148392096087,0.7241379310344828
523,Prince George's,1908,Prince George's Precinct 15-002,268,686,36,1640,1908,1.0,0.14046121593291405,0.859538784067086,1186,0.35953878406708595,0.018867924528301886,0.6215932914046122
524,Prince George's,3547,Prince George's Precinct 06-020,113,987,29,3434,3547,1.0,0.0318579080913448,0.9681420919086552,2531,0.2782633211164364,0.00817592331547787,0.7135607555680857
525,Prince George's,3847,Prince George's Precinct 13-009,155,839,36,3692,3847,1.0,0.04029113595009098,0.9597088640499091,2972,0.21809201975565376,0.009357941252924357,0.7725500389914219
526,Prince George's,3713,Prince George's Precinct 13-007,71,1480,28,3642,3713,1.0,0.019122003770535956,0.980877996229464,2205,0.3985995152168058,0.007541071909507137,0.593859412873687
527,Prince George's,2328,Prince George's Precinct 13-001,22,563,14,2306,2328,1.0,0.009450171821305841,0.9905498281786942,1751,0.2418384879725086,0.006013745704467354,0.752147766323024
528,Prince George's,3108,Prince George's Precinct 13-008,39,711,30,3069,3108,1.0,0.012548262548262547,0.9874517374517374,2367,0.22876447876447875,0.009652509652509652,0.7615830115830116
529,Prince George's,2837,Prince George's Precinct 13-014,46,1006,41,2791,2837,1.0,0.016214310891787098,0.9837856891082128,1790,0.3545999295029961,0.014451885794853719,0.6309481847021502
530,Prince George's,2601,Prince George's Precinct 13-006,72,864,41,2529,2601,1.0,0.02768166089965398,0.972318339100346,1696,0.33217993079584773,0.015763168012302962,0.6520569011918493
531,Prince George's,2331,Prince George's Precinct 13-004,111,711,28,2220,2331,1.0,0.047619047619047616,0.9523809523809523,1592,0.305019305019305,0.012012012012012012,0.682968682968683
532,Prince George's,3707,Prince George's Precinct 13-010,139,1348,40,3568,3707,1.0,0.03749662800107904,0.962503371998921,2319,0.36363636363636365,0.010790396547073105,0.6255732398165632
533,Prince George's,2929,Prince George's Precinct 13-012,55,963,34,2874,2929,1.0,0.018777739842949812,0.9812222601570502,1932,0.3287811539774667,0.011608057357459884,0.6596107886650734
534,Prince George's,3609,Prince George's Precinct 13-011,78,1246,40,3531,3609,1.0,0.021612635078969242,0.9783873649210307,2323,0.3452479911332779,0.011083402604599613,0.6436686062621225
535,Prince George's,2772,Prince George's Precinct 02-001,146,562,34,2626,2772,1.0,0.05266955266955267,0.9473304473304474,2176,0.20274170274170275,0.012265512265512266,0.784992784992785
538,Prince George's,5983,Prince George's Precinct 02-008,376,1307,96,5607,5983,1.0,0.06284472672572289,0.9371552732742772,4580,0.2184522814641484,0.016045462142737756,0.7655022563931139
539,Prince George's,1018,Prince George's Precinct 16-001,194,238,40,824,1018,1.0,0.1905697445972495,0.8094302554027505,740,0.2337917485265226,0.03929273084479371,0.7269155206286837
540,Prince George's,21,Prince George's Precinct 02-098,3,0,0,18,21,1.0,0.14285714285714285,0.8571428571428571,21,0.0,0.0,1.0
541,Prince George's,2869,Prince George's Precinct 02-005,244,514,55,2625,2869,1.0,0.08504705472289996,0.9149529452771,2300,0.17915650052283025,0.01917044266294876,0.801673056814221
542,Prince George's,28,Prince George's Precinct 19-005,8,20,0,20,28,1.0,0.2857142857142857,0.7142857142857143,8,0.7142857142857143,0.0,0.2857142857142857
543,Prince George's,3247,Prince George's Precinct 19-004,243,460,56,3004,3247,1.0,0.0748383122882661,0.9251616877117339,2731,0.1416692331382815,0.017246689251616876,0.8410840776101016
544,Prince George's,4769,Prince George's Precinct 19-001,1023,845,164,3746,4769,1.0,0.21451037953449362,0.7854896204655064,3760,0.17718599287062278,0.03438876074648773,0.7884252463828895
545,Prince George's,5173,Prince George's Precinct 21-002,4074,529,207,1099,5173,1.0,0.7875507442489851,0.2124492557510149,4437,0.10226174366905084,0.040015464913976416,0.8577227914169727
546,Prince George's,3965,Prince George's Precinct 21-001,2283,613,204,1682,3965,1.0,0.5757881462799496,0.42421185372005044,3148,0.15460277427490543,0.05145018915510719,0.7939470365699874
547,Prince George's,4029,Prince George's Precinct 19-002,566,656,101,3463,4029,1.0,0.14048150905931994,0.8595184909406801,3272,0.16281955820302804,0.02506825515016133,0.8121121866468106
548,Talbot,3288,Talbot Precinct 01-005,2835,308,659,453,3288,1.0,0.8622262773722628,0.13777372262773724,2321,0.09367396593673966,0.2004257907542579,0.7059002433090025
549,Queen Anne's,1965,Queen Anne's Precinct 05-001,1696,242,501,269,1965,1.0,0.8631043256997456,0.13689567430025446,1222,0.12315521628498728,0.2549618320610687,0.621882951653944
550,Kent,2183,Kent Precinct 05-001,1951,353,585,232,2183,1.0,0.8937242327072835,0.10627576729271644,1245,0.16170407695831424,0.2679798442510307,0.570316078790655
551,Kent,1510,Kent Precinct 06-001,1162,181,290,348,1510,1.0,0.7695364238410596,0.2304635761589404,1039,0.11986754966887417,0.19205298013245034,0.6880794701986755
552,Kent,1044,Kent Precinct 07-001,813,159,156,231,1044,1.0,0.7787356321839081,0.22126436781609196,729,0.15229885057471265,0.14942528735632185,0.6982758620689655
553,Kent,1669,Kent Precinct 04-002,1050,233,184,619,1669,1.0,0.6291192330736968,0.3708807669263032,1252,0.1396045536249251,0.11024565608148593,0.750149790293589
554,Kent,1589,Kent Precinct 03-001,1256,259,403,333,1589,1.0,0.790434235368156,0.20956576463184393,927,0.16299559471365638,0.25361862806796726,0.5833857772183764
555,Kent,3343,Kent Precinct 04-001,2785,289,248,558,3343,1.0,0.833084056236913,0.16691594376308705,2806,0.0864492970385881,0.07418486389470536,0.8393658390667066
556,Baltimore City,1090,Baltimore City Precinct 26-028,142,248,16,948,1090,1.0,0.13027522935779817,0.8697247706422019,826,0.22752293577981653,0.014678899082568808,0.7577981651376147
557,Baltimore City,1429,Baltimore City Precinct 26-027,322,341,53,1107,1429,1.0,0.22533240027991602,0.7746675997200839,1035,0.23862841147655703,0.0370888733379986,0.7242827151854444
558,Baltimore City,1467,Baltimore City Precinct 27-007,472,349,52,995,1467,1.0,0.321745057941377,0.678254942058623,1066,0.23790047716428084,0.0354464894342195,0.7266530334014997
559,Baltimore City,985,Baltimore City Precinct 26-030,419,287,56,566,985,1.0,0.42538071065989846,0.5746192893401015,642,0.2913705583756345,0.05685279187817259,0.6517766497461929
560,Baltimore County,3508,Baltimore County Precinct 15-022,3315,439,1152,193,3508,1.0,0.9449828962371721,0.05501710376282782,1917,0.1251425313568985,0.32839224629418473,0.5464652223489168
561,Baltimore County,4160,Baltimore County Precinct 15-021,3797,414,1125,363,4160,1.0,0.9127403846153846,0.08725961538461538,2621,0.09951923076923076,0.2704326923076923,0.630048076923077
562,Baltimore County,4692,Baltimore County Precinct 15-020,4264,538,1067,428,4692,1.0,0.9087809036658141,0.09121909633418585,3087,0.11466325660699062,0.22740835464620632,0.657928388746803
563,Baltimore County,2809,Baltimore County Precinct 15-015,2416,378,582,393,2809,1.0,0.8600925596297615,0.13990744037023853,1849,0.13456746173015308,0.20719117123531505,0.6582413670345318
564,Baltimore County,1897,Baltimore County Precinct 15-013,1758,236,576,139,1897,1.0,0.926726410121244,0.07327358987875593,1085,0.12440695835529784,0.3036373220875066,0.5719557195571956
565,Baltimore County,2156,Baltimore County Precinct 15-012,1954,309,617,202,2156,1.0,0.9063079777365491,0.09369202226345083,1230,0.14332096474953618,0.28617810760667906,0.5705009276437848
566,Baltimore County,3144,Baltimore County Precinct 15-016,2489,401,514,655,3144,1.0,0.7916666666666666,0.20833333333333334,2229,0.1275445292620865,0.16348600508905853,0.708969465648855
567,Baltimore County,3506,Baltimore County Precinct 15-017,1421,949,330,2085,3506,1.0,0.40530519110096974,0.5946948088990303,2227,0.27067883628066175,0.09412435824301198,0.6351968054763263
568,Baltimore County,5453,Baltimore County Precinct 15-023,1748,1048,200,3705,5453,1.0,0.3205574912891986,0.6794425087108014,4205,0.19218778653951954,0.03667705849990831,0.7711351549605722
569,Baltimore County,975,Baltimore County Precinct 15-024,813,121,164,162,975,1.0,0.8338461538461538,0.16615384615384615,690,0.12410256410256411,0.1682051282051282,0.7076923076923077
570,Baltimore County,2919,Baltimore County Precinct 15-018,2086,432,634,833,2919,1.0,0.7146282973621103,0.2853717026378897,1853,0.14799588900308325,0.2171976704350805,0.6348064405618362
571,Baltimore County,3443,Baltimore County Precinct 15-019,3220,384,1006,223,3443,1.0,0.9352309032820215,0.06476909671797851,2053,0.11153064188207958,0.2921870461806564,0.596282311937264
572,Baltimore County,1739,Baltimore County Precinct 15-026,1696,188,749,43,1739,1.0,0.9752731454859115,0.024726854514088556,802,0.10810810810810811,0.4307073030477286,0.4611845888441633
573,Baltimore County,2441,Baltimore County Precinct 12-012,2188,321,579,253,2441,1.0,0.8963539532978287,0.10364604670217124,1541,0.13150348217943467,0.23719786972552231,0.631298648095043
574,Baltimore City,502,Baltimore City Precinct 26-001,417,77,61,85,502,1.0,0.8306772908366534,0.1693227091633466,364,0.15338645418326693,0.12151394422310757,0.7250996015936255
575,Baltimore City,2426,Baltimore City Precinct 26-002,1008,407,91,1418,2426,1.0,0.4154987633965375,0.5845012366034625,1928,0.16776586974443528,0.03751030502885408,0.7947238252267106
576,Baltimore City,2095,Baltimore City Precinct 26-003,1404,240,233,691,2095,1.0,0.6701670644391408,0.3298329355608592,1622,0.11455847255369929,0.11121718377088305,0.7742243436754177
577,Baltimore County,2668,Baltimore County Precinct 12-010,2310,422,485,358,2668,1.0,0.8658170914542729,0.13418290854572715,1761,0.15817091454272864,0.18178410794602698,0.6600449775112444
578,Baltimore County,2639,Baltimore County Precinct 12-008,2315,357,621,324,2639,1.0,0.8772262220538083,0.12277377794619174,1661,0.13527851458885942,0.23531640773020082,0.6294050776809398
579,Baltimore County,3982,Baltimore County Precinct 12-003,3387,484,825,595,3982,1.0,0.8505775991963838,0.14942240080361627,2673,0.12154696132596685,0.20718232044198895,0.6712707182320442
580,Baltimore County,3256,Baltimore County Precinct 12-002,2763,464,555,493,3256,1.0,0.8485872235872236,0.15141277641277642,2237,0.14250614250614252,0.17045454545454544,0.687039312039312
581,Baltimore City,782,Baltimore City Precinct 26-005,514,115,71,268,782,1.0,0.6572890025575447,0.34271099744245526,596,0.14705882352941177,0.0907928388746803,0.7621483375959079
582,Baltimore City,1623,Baltimore City Precinct 26-004,1098,200,146,525,1623,1.0,0.6765249537892791,0.3234750462107209,1277,0.12322858903265557,0.08995686999383858,0.7868145409735059
583,Baltimore City,1434,Baltimore City Precinct 26-007,799,234,183,635,1434,1.0,0.5571827057182706,0.44281729428172945,1017,0.16317991631799164,0.12761506276150628,0.7092050209205021
584,Baltimore City,1562,Baltimore City Precinct 26-014,1050,163,111,512,1562,1.0,0.6722151088348272,0.32778489116517284,1288,0.10435339308578745,0.07106274007682459,0.8245838668373879
585,Baltimore City,1463,Baltimore City Precinct 26-015,116,444,29,1347,1463,1.0,0.07928913192071087,0.9207108680792891,990,0.303485987696514,0.019822282980177717,0.6766917293233082
586,Baltimore City,4697,Baltimore City Precinct 26-029,597,1025,61,4100,4697,1.0,0.12710240579093038,0.8728975942090696,3611,0.2182243985522674,0.012987012987012988,0.7687885884607196
587,Baltimore County,2846,Baltimore County Precinct 12-001,2343,350,505,503,2846,1.0,0.8232607167955025,0.17673928320449753,1991,0.12297962052002812,0.17744202389318342,0.6995783555867885
588,Baltimore County,4204,Baltimore County Precinct 12-007,3764,569,903,440,4204,1.0,0.8953377735490009,0.10466222645099905,2732,0.13534728829686013,0.2147954329210276,0.6498572787821123
589,Baltimore County,3540,Baltimore County Precinct 12-006,2774,522,571,766,3540,1.0,0.7836158192090396,0.21638418079096045,2447,0.14745762711864407,0.1612994350282486,0.6912429378531073
590,Baltimore County,3308,Baltimore County Precinct 12-005,2994,472,747,314,3308,1.0,0.9050785973397824,0.09492140266021766,2089,0.14268440145102781,0.22581620314389358,0.6314993954050786
591,Baltimore County,4898,Baltimore County Precinct 12-004,4398,552,1014,500,4898,1.0,0.897917517354022,0.10208248264597795,3332,0.11269906084115966,0.2070232748060433,0.680277664352797
592,Baltimore County,2424,Baltimore County Precinct 15-001,1845,333,284,579,2424,1.0,0.7611386138613861,0.23886138613861385,1807,0.1373762376237624,0.11716171617161716,0.7454620462046204
593,Baltimore County,3263,Baltimore County Precinct 15-002,2829,442,745,434,3263,1.0,0.8669935642047196,0.1330064357952804,2076,0.13545816733067728,0.2283174992338339,0.6362243334354888
594,Baltimore County,1177,Baltimore County Precinct 15-014,1054,173,292,123,1177,1.0,0.8954970263381479,0.10450297366185217,712,0.1469838572642311,0.24808836023789294,0.6049277824978759
595,Anne Arundel,2234,Anne Arundel Precinct 03-013,2120,233,920,114,2234,1.0,0.9489704565801254,0.051029543419874666,1081,0.10429722470904208,0.41181736794986573,0.4838854073410922
596,Anne Arundel,2342,Anne Arundel Precinct 03-018,2095,287,884,247,2342,1.0,0.894534585824082,0.10546541417591802,1171,0.12254483347566182,0.3774551665243382,0.5
597,Anne Arundel,2290,Anne Arundel Precinct 03-016,2008,326,693,282,2290,1.0,0.8768558951965065,0.12314410480349346,1271,0.1423580786026201,0.3026200873362445,0.5550218340611354
598,Anne Arundel,2081,Anne Arundel Precinct 03-001,1849,301,728,232,2081,1.0,0.8885151369533878,0.1114848630466122,1052,0.1446419990389236,0.3498318116290245,0.5055261893320518
599,Anne Arundel,3428,Anne Arundel Precinct 03-003,2995,445,973,433,3428,1.0,0.8736872812135356,0.1263127187864644,2010,0.12981330221703619,0.2838389731621937,0.5863477246207701
600,Anne Arundel,2683,Anne Arundel Precinct 03-021,2255,416,747,428,2683,1.0,0.8404770778978755,0.1595229221021245,1520,0.15505031680954157,0.2784196794632874,0.5665300037271711
601,Anne Arundel,2353,Anne Arundel Precinct 03-007,2050,366,695,303,2353,1.0,0.8712282192945177,0.12877178070548237,1292,0.15554611134721633,0.29536761580960474,0.5490862728431789
602,Anne Arundel,1767,Anne Arundel Precinct 03-020,1677,246,646,90,1767,1.0,0.9490662139219015,0.050933786078098474,875,0.13921901528013583,0.3655913978494624,0.4951895868704018
603,Anne Arundel,2826,Anne Arundel Precinct 03-024,2556,379,805,270,2826,1.0,0.9044585987261147,0.09554140127388536,1642,0.13411181882519463,0.28485491861288037,0.581033262561925
604,Anne Arundel,2071,Anne Arundel Precinct 03-019,1963,218,799,108,2071,1.0,0.9478512795750845,0.0521487204249155,1054,0.10526315789473684,0.3858039594398841,0.5089328826653791
605,Anne Arundel,1896,Anne Arundel Precinct 03-014,1804,229,568,92,1896,1.0,0.9514767932489452,0.04852320675105485,1099,0.12078059071729957,0.29957805907172996,0.5796413502109705
606,Anne Arundel,1673,Anne Arundel Precinct 03-002,1598,213,437,75,1673,1.0,0.9551703526598924,0.04482964734010759,1023,0.12731619844590555,0.2612074118350269,0.6114763897190676
607,Anne Arundel,2247,Anne Arundel Precinct 03-010,2134,275,909,113,2247,1.0,0.94971072541166,0.05028927458834001,1063,0.12238540275923454,0.4045393858477971,0.4730752113929684
608,Anne Arundel,2451,Anne Arundel Precinct 03-011,2354,296,970,97,2451,1.0,0.9604243166054671,0.039575683394532844,1185,0.12076703386372908,0.39575683394532846,0.4834761321909425
609,Anne Arundel,1573,Anne Arundel Precinct 03-015,1519,212,629,54,1573,1.0,0.9656706929434202,0.034329307056579786,732,0.13477431659249842,0.39987285441830894,0.4653528289891926
610,Anne Arundel,2235,Anne Arundel Precinct 03-012,2128,279,887,107,2235,1.0,0.9521252796420582,0.04787472035794183,1069,0.12483221476510067,0.39686800894854585,0.47829977628635345
611,Baltimore County,1456,Baltimore County Precinct 12-009,1157,142,196,299,1456,1.0,0.7946428571428571,0.20535714285714285,1118,0.09752747252747253,0.1346153846153846,0.7678571428571429
612,Baltimore County,4122,Baltimore County Precinct 12-011,3270,550,627,852,4122,1.0,0.7933042212518195,0.2066957787481805,2945,0.1334303736050461,0.15211062590975255,0.7144590004852014
613,Baltimore County,1905,Baltimore County Precinct 12-013,167,400,29,1738,1905,1.0,0.08766404199475065,0.9123359580052494,1476,0.2099737532808399,0.015223097112860892,0.7748031496062993
614,Queen Anne's,2329,Queen Anne's Precinct 04-006,2231,242,868,98,2329,1.0,0.9579218548733361,0.0420781451266638,1219,0.10390725633319021,0.37269214255045086,0.523400601116359
615,Queen Anne's,2722,Queen Anne's Precinct 04-001,2538,312,794,184,2722,1.0,0.9324026451138868,0.06759735488611315,1616,0.11462160176340926,0.2916972814107274,0.5936811168258633
616,Anne Arundel,1837,Anne Arundel Precinct 05-014,1658,252,473,179,1837,1.0,0.9025585193249864,0.09744148067501361,1112,0.1371801850843767,0.25748502994011974,0.6053347849755035
617,Anne Arundel,1098,Anne Arundel Precinct 05-034,1013,196,345,85,1098,1.0,0.9225865209471766,0.07741347905282331,557,0.1785063752276867,0.31420765027322406,0.5072859744990893
618,Anne Arundel,1456,Anne Arundel Precinct 05-016,1317,220,328,139,1456,1.0,0.904532967032967,0.09546703296703296,908,0.1510989010989011,0.22527472527472528,0.6236263736263736
619,Anne Arundel,1144,Anne Arundel Precinct 05-009,1105,233,353,39,1144,1.0,0.9659090909090909,0.03409090909090909,558,0.20367132867132867,0.30856643356643354,0.48776223776223776
620,Anne Arundel,1735,Anne Arundel Precinct 03-023,1629,284,575,106,1735,1.0,0.9389048991354467,0.06109510086455332,876,0.16368876080691644,0.3314121037463977,0.5048991354466859
621,Anne Arundel,999,Anne Arundel Precinct 05-010,929,142,261,70,999,1.0,0.92992992992993,0.07007007007007007,596,0.14214214214214213,0.26126126126126126,0.5965965965965966
622,Anne Arundel,1854,Anne Arundel Precinct 03-022,1472,290,586,382,1854,1.0,0.7939590075512406,0.20604099244875945,978,0.15641855447680691,0.31607335490830635,0.5275080906148867
623,Anne Arundel,2079,Anne Arundel Precinct 03-017,1958,236,773,121,2079,1.0,0.9417989417989417,0.0582010582010582,1070,0.11351611351611351,0.3718133718133718,0.5146705146705147
624,Anne Arundel,1898,Anne Arundel Precinct 05-011,1645,316,501,253,1898,1.0,0.8667017913593256,0.1332982086406744,1081,0.16649104320337196,0.26396206533192834,0.5695468914646997
625,Anne Arundel,2039,Anne Arundel Precinct 05-004,1832,423,637,207,2039,1.0,0.8984796468857283,0.1015203531142717,979,0.2074546346248161,0.312408043158411,0.4801373222167729
626,Anne Arundel,1847,Anne Arundel Precinct 05-005,1625,372,479,222,1847,1.0,0.8798050893340552,0.12019491066594477,996,0.2014076881429345,0.2593394694098538,0.5392528424472117
627,Anne Arundel,1366,Anne Arundel Precinct 05-023,1291,246,283,75,1366,1.0,0.945095168374817,0.05490483162518302,837,0.1800878477306003,0.20717423133235724,0.6127379209370425
628,Anne Arundel,1716,Anne Arundel Precinct 05-003,1503,321,524,213,1716,1.0,0.8758741258741258,0.12412587412587413,871,0.18706293706293706,0.30536130536130535,0.5075757575757576
629,Anne Arundel,2381,Anne Arundel Precinct 05-026,1899,680,818,482,2381,1.0,0.7975640487190256,0.20243595128097439,883,0.2855942881142377,0.34355312893742124,0.37085258294834106
630,Anne Arundel,2632,Anne Arundel Precinct 05-021,2196,531,748,436,2632,1.0,0.8343465045592705,0.1656534954407295,1353,0.20174772036474165,0.28419452887537994,0.5140577507598785
631,Anne Arundel,1760,Anne Arundel Precinct 06-030,1534,409,391,226,1760,1.0,0.8715909090909091,0.12840909090909092,960,0.23238636363636364,0.22215909090909092,0.5454545454545454
632,Anne Arundel,1526,Anne Arundel Precinct 06-025,1416,368,478,110,1526,1.0,0.927916120576671,0.07208387942332896,680,0.24115334207077327,0.3132372214941022,0.4456094364351245
633,Anne Arundel,1818,Anne Arundel Precinct 05-020,1541,291,403,277,1818,1.0,0.8476347634763476,0.15236523652365236,1124,0.16006600660066006,0.22167216721672167,0.6182618261826183
634,Anne Arundel,1940,Anne Arundel Precinct 05-028,1748,189,245,192,1940,1.0,0.9010309278350516,0.09896907216494845,1506,0.09742268041237113,0.12628865979381443,0.7762886597938145
635,Anne Arundel,1531,Anne Arundel Precinct 05-027,1364,339,500,167,1531,1.0,0.8909209666884389,0.10907903331156107,692,0.22142390594382758,0.32658393207054215,0.4519921619856303
636,Anne Arundel,1702,Anne Arundel Precinct 05-013,1627,320,613,75,1702,1.0,0.9559341950646298,0.04406580493537015,769,0.18801410105757932,0.3601645123384254,0.4518213866039953
637,Anne Arundel,2718,Anne Arundel Precinct 05-018,2265,455,554,453,2718,1.0,0.8333333333333334,0.16666666666666666,1709,0.16740250183958794,0.20382634289919058,0.6287711552612215
638,Anne Arundel,2136,Anne Arundel Precinct 05-022,1936,493,617,200,2136,1.0,0.9063670411985019,0.09363295880149813,1026,0.2308052434456929,0.28885767790262173,0.4803370786516854
639,Anne Arundel,2178,Anne Arundel Precinct 05-001,1856,413,721,322,2178,1.0,0.852157943067034,0.14784205693296604,1044,0.189623507805326,0.3310376492194674,0.4793388429752066
640,Anne Arundel,2073,Anne Arundel Precinct 05-017,1891,522,651,182,2073,1.0,0.9122045344910757,0.08779546550892427,900,0.25180897250361794,0.3140376266280753,0.4341534008683068
641,Anne Arundel,2525,Anne Arundel Precinct 05-002,2062,514,588,463,2525,1.0,0.8166336633663366,0.18336633663366336,1423,0.20356435643564355,0.23287128712871288,0.5635643564356435
642,Prince George's,2195,Prince George's Precinct 14-003,1525,411,317,670,2195,1.0,0.6947608200455581,0.3052391799544419,1467,0.18724373576309794,0.14441913439635534,0.6683371298405467
643,Prince George's,3107,Prince George's Precinct 14-009,934,901,249,2173,3107,1.0,0.30061152236884453,0.6993884776311554,1957,0.28999034438364985,0.08014161570646926,0.6298680399098809
644,Prince George's,3658,Prince George's Precinct 14-011,1034,789,275,2624,3658,1.0,0.2826681246582832,0.7173318753417168,2594,0.21569163477310005,0.07517769272826681,0.7091306724986332
645,Prince George's,2812,Prince George's Precinct 14-005,1565,624,314,1247,2812,1.0,0.5565433854907539,0.44345661450924606,1874,0.22190611664295876,0.1116642958748222,0.666429587482219
646,Prince George's,1482,Prince George's Precinct 07-017,301,336,43,1181,1482,1.0,0.20310391363022942,0.7968960863697706,1103,0.22672064777327935,0.029014844804318488,0.7442645074224021
647,Prince George's,2094,Prince George's Precinct 07-003,1459,447,350,635,2094,1.0,0.6967526265520535,0.3032473734479465,1297,0.2134670487106017,0.16714422158548234,0.6193887297039159
648,Prince George's,3594,Prince George's Precinct 07-010,650,817,150,2944,3594,1.0,0.1808569838619922,0.8191430161380078,2627,0.2273233166388425,0.041736227045075125,0.7309404563160824
649,Prince George's,1540,Prince George's Precinct 07-002,1095,354,280,445,1540,1.0,0.711038961038961,0.288961038961039,906,0.22987012987012986,0.18181818181818182,0.5883116883116883
650,Prince George's,2018,Prince George's Precinct 14-004,1357,452,336,661,2018,1.0,0.6724479682854311,0.32755203171456887,1230,0.22398414271555997,0.16650148662041625,0.6095143706640238
651,Prince George's,2095,Prince George's Precinct 07-004,1404,446,367,691,2095,1.0,0.6701670644391408,0.3298329355608592,1282,0.21288782816229118,0.17517899761336517,0.6119331742243437
652,Prince George's,1545,Prince George's Precinct 14-006,1146,360,306,399,1545,1.0,0.7417475728155339,0.258252427184466,879,0.23300970873786409,0.19805825242718447,0.5689320388349515
653,Prince George's,2933,Prince George's Precinct 07-007,962,716,180,1971,2933,1.0,0.32799181725196047,0.6720081827480395,2037,0.24411864984657347,0.06137061029662462,0.6945107398568019
654,Anne Arundel,1620,Anne Arundel Precinct 07-026,1426,413,510,194,1620,1.0,0.8802469135802469,0.11975308641975309,697,0.25493827160493826,0.3148148148148148,0.4302469135802469
655,Anne Arundel,2128,Anne Arundel Precinct 04-010,1684,61,86,444,2128,1.0,0.7913533834586466,0.20864661654135339,1981,0.028665413533834585,0.040413533834586464,0.930921052631579
656,Anne Arundel,2733,Anne Arundel Precinct 04-016,2032,458,370,701,2733,1.0,0.743505305525064,0.25649469447493595,1905,0.16758141236736188,0.13538236370289058,0.6970362239297475
657,Anne Arundel,1530,Anne Arundel Precinct 07-014,1357,376,428,173,1530,1.0,0.8869281045751634,0.1130718954248366,726,0.2457516339869281,0.2797385620915033,0.4745098039215686
658,Anne Arundel,2243,Anne Arundel Precinct 07-016,1754,560,476,489,2243,1.0,0.7819884083816317,0.21801159161836825,1207,0.24966562639322337,0.21221578243423986,0.5381185911725368
659,Anne Arundel,1864,Anne Arundel Precinct 07-015,1650,415,549,214,1864,1.0,0.8851931330472103,0.1148068669527897,900,0.22263948497854077,0.29452789699570814,0.48283261802575106
660,Anne Arundel,2124,Anne Arundel Precinct 07-018,1735,438,579,389,2124,1.0,0.8168549905838042,0.18314500941619585,1107,0.2062146892655367,0.2725988700564972,0.5211864406779662
661,Anne Arundel,3122,Anne Arundel Precinct 04-023,2305,607,649,817,3122,1.0,0.7383087764253684,0.26169122357463165,1866,0.19442664958360026,0.20787956438180655,0.5976937860345932
662,Anne Arundel,2399,Anne Arundel Precinct 04-022,1498,543,360,901,2399,1.0,0.6244268445185494,0.3755731554814506,1496,0.22634431012922052,0.15006252605252188,0.6235931638182576
663,Anne Arundel,1929,Anne Arundel Precinct 04-008,1617,354,505,312,1929,1.0,0.838258164852255,0.16174183514774496,1070,0.18351477449455678,0.2617936754795231,0.5546915500259202
664,Anne Arundel,2249,Anne Arundel Precinct 07-008,1808,353,519,441,2249,1.0,0.8039128501556247,0.19608714984437528,1377,0.15695864828812806,0.23076923076923078,0.6122721209426412
665,Anne Arundel,2263,Anne Arundel Precinct 07-007,2076,352,692,187,2263,1.0,0.9173663278833407,0.0826336721166593,1219,0.15554573574900574,0.3057887759611136,0.5386654882898807
666,Anne Arundel,1835,Anne Arundel Precinct 07-004,1530,251,463,305,1835,1.0,0.8337874659400545,0.16621253405994552,1121,0.13678474114441416,0.25231607629427794,0.6108991825613079
667,Anne Arundel,2323,Anne Arundel Precinct 07-011,1990,79,199,333,2323,1.0,0.8566508824795523,0.14334911752044768,2045,0.03400774860094705,0.08566508824795523,0.8803271631510977
668,Anne Arundel,1203,Anne Arundel Precinct 07-027,977,333,646,226,1203,1.0,0.8121363258520365,0.18786367414796343,224,0.27680798004987534,0.5369908561928513,0.1862011637572735
669,Anne Arundel,2006,Anne Arundel Precinct 07-013,1841,374,680,165,2006,1.0,0.9177467597208375,0.08225324027916252,952,0.1864406779661017,0.3389830508474576,0.4745762711864407
670,Anne Arundel,2140,Anne Arundel Precinct 07-022,1966,245,555,174,2140,1.0,0.9186915887850468,0.08130841121495327,1340,0.11448598130841121,0.25934579439252337,0.6261682242990654
671,Anne Arundel,2009,Anne Arundel Precinct 07-017,1700,332,369,309,2009,1.0,0.8461921353907417,0.15380786460925833,1308,0.16525634644101542,0.1836734693877551,0.6510701841712294
672,Anne Arundel,1853,Anne Arundel Precinct 07-020,1435,401,379,418,1853,1.0,0.7744198596869941,0.22558014031300594,1073,0.21640582838640043,0.20453318942255802,0.5790609821910415
673,Anne Arundel,2151,Anne Arundel Precinct 07-024,1764,476,629,387,2151,1.0,0.8200836820083682,0.1799163179916318,1046,0.22129242212924222,0.29242212924221295,0.48628544862854484
674,Anne Arundel,2719,Anne Arundel Precinct 04-021,1999,632,672,720,2719,1.0,0.7351967635159985,0.26480323648400145,1415,0.23243839646929018,0.24714968738506804,0.5204119161456418
675,Anne Arundel,1631,Anne Arundel Precinct 06-028,1259,265,437,372,1631,1.0,0.7719190680564071,0.22808093194359289,929,0.16247700797057021,0.2679337829552422,0.5695892090741876
676,Anne Arundel,2014,Anne Arundel Precinct 04-004,1753,364,693,261,2014,1.0,0.8704071499503475,0.12959285004965243,957,0.1807348560079444,0.34409136047666333,0.47517378351539225
677,Anne Arundel,1699,Anne Arundel Precinct 07-023,1518,319,665,181,1699,1.0,0.8934667451442024,0.10653325485579752,715,0.1877575044143614,0.39140670982931136,0.42083578575632724
678,Anne Arundel,2203,Anne Arundel Precinct 07-012,2057,224,371,146,2203,1.0,0.9337267362687245,0.06627326373127554,1608,0.10167952791647752,0.1684067181116659,0.7299137539718565
679,Anne Arundel,1374,Anne Arundel Precinct 06-020,1317,223,276,57,1374,1.0,0.9585152838427947,0.04148471615720524,875,0.16229985443959244,0.20087336244541484,0.6368267831149927
680,Anne Arundel,2873,Anne Arundel Precinct 07-005,2447,456,758,426,2873,1.0,0.8517229376957883,0.14827706230421162,1659,0.1587191089453533,0.2638357117995127,0.5774451792551341
681,Anne Arundel,2103,Anne Arundel Precinct 06-019,1955,333,540,148,2103,1.0,0.9296243461721351,0.07037565382786495,1230,0.15834522111269614,0.25677603423680456,0.5848787446504993
682,Anne Arundel,1864,Anne Arundel Precinct 06-026,1752,353,605,112,1864,1.0,0.9399141630901288,0.060085836909871244,906,0.18937768240343347,0.32457081545064376,0.48605150214592274
683,Anne Arundel,1098,Anne Arundel Precinct 06-027,991,166,361,107,1098,1.0,0.9025500910746812,0.09744990892531877,571,0.151183970856102,0.32877959927140255,0.5200364298724954
684,Anne Arundel,2583,Anne Arundel Precinct 04-015,2338,470,849,245,2583,1.0,0.9051490514905149,0.0948509485094851,1264,0.18195896244676732,0.32868757259001163,0.4893534649632211
685,Anne Arundel,3191,Anne Arundel Precinct 06-021,2803,422,591,388,3191,1.0,0.8784080225634597,0.12159197743654027,2178,0.13224694453149483,0.1852083986211219,0.6825446568473833
686,Anne Arundel,1255,Anne Arundel Precinct 06-031,1182,231,414,73,1255,1.0,0.9418326693227091,0.05816733067729084,610,0.18406374501992032,0.3298804780876494,0.4860557768924303
687,Anne Arundel,3699,Anne Arundel Precinct 04-006,1002,1075,209,2697,3699,1.0,0.2708840227088402,0.7291159772911597,2415,0.2906190862395242,0.05650175723168424,0.6528791565287916
688,Howard,1703,Howard Precinct 06-007,920,262,144,783,1703,1.0,0.540223135642983,0.45977686435701703,1297,0.15384615384615385,0.08455666470933647,0.7615971814445097
689,Howard,3903,Howard Precinct 06-029,1974,1042,521,1929,3903,1.0,0.5057647963105304,0.49423520368946966,2340,0.26697412246989494,0.13348706123494747,0.5995388162951576
690,Howard,1011,Howard Precinct 06-030,438,232,106,573,1011,1.0,0.4332344213649852,0.5667655786350149,673,0.2294757665677547,0.10484668644906034,0.6656775469831849
691,Howard,2972,Howard Precinct 01-006,1817,456,330,1155,2972,1.0,0.6113728129205922,0.3886271870794078,2186,0.15343203230148048,0.11103633916554509,0.7355316285329744
692,Anne Arundel,5212,Anne Arundel Precinct 01-023,1471,150,69,3741,5212,1.0,0.28223330775134303,0.717766692248657,4993,0.028779739063699156,0.013238679969301611,0.9579815809669993
693,Anne Arundel,5070,Anne Arundel Precinct 01-022,3022,1258,904,2048,5070,1.0,0.5960552268244576,0.4039447731755424,2908,0.24812623274161735,0.17830374753451678,0.5735700197238659
694,Howard,4044,Howard Precinct 01-015,1543,1237,561,2501,4044,1.0,0.3815529179030663,0.6184470820969338,2246,0.30588526211671613,0.1387240356083086,0.5553907022749752
695,Anne Arundel,2020,Anne Arundel Precinct 04-020,1529,404,368,491,2020,1.0,0.7569306930693069,0.24306930693069306,1248,0.2,0.18217821782178217,0.6178217821782178
696,Anne Arundel,1510,Anne Arundel Precinct 04-005,1100,306,281,410,1510,1.0,0.7284768211920529,0.271523178807947,923,0.20264900662251656,0.18609271523178808,0.6112582781456953
697,Anne Arundel,1589,Anne Arundel Precinct 06-024,1066,409,285,523,1589,1.0,0.670862177470107,0.329137822529893,895,0.25739458779106356,0.17935808684707363,0.5632473253618628
698,Anne Arundel,1801,Anne Arundel Precinct 06-010,1437,206,239,364,1801,1.0,0.7978900610771793,0.20210993892282064,1356,0.11438089950027762,0.13270405330372015,0.7529150471960022
699,Anne Arundel,2354,Anne Arundel Precinct 06-003,448,429,93,1906,2354,1.0,0.1903143585386576,0.8096856414613424,1832,0.1822429906542056,0.0395072217502124,0.7782497875955819
700,Anne Arundel,3339,Anne Arundel Precinct 06-022,2543,429,457,796,3339,1.0,0.7616052710392333,0.2383947289607667,2453,0.12848158131176998,0.13686732554657083,0.7346510931416592
701,Anne Arundel,2337,Anne Arundel Precinct 06-014,603,666,173,1734,2337,1.0,0.25802310654685495,0.7419768934531451,1498,0.28498074454428757,0.0740265297389816,0.6409927257167308
702,Anne Arundel,1784,Anne Arundel Precinct 06-004,869,219,70,915,1784,1.0,0.48710762331838564,0.5128923766816144,1495,0.12275784753363228,0.03923766816143498,0.8380044843049327
703,Anne Arundel,1134,Anne Arundel Precinct 06-013,492,277,134,642,1134,1.0,0.43386243386243384,0.5661375661375662,723,0.24426807760141092,0.11816578483245149,0.6375661375661376
704,Anne Arundel,1646,Anne Arundel Precinct 06-002,1480,424,410,166,1646,1.0,0.8991494532199271,0.10085054678007291,812,0.25759416767922233,0.24908869987849333,0.4933171324422843
705,Anne Arundel,1709,Anne Arundel Precinct 06-009,1578,352,406,131,1709,1.0,0.9233469865418373,0.07665301345816267,951,0.20596840257460503,0.23756582796957285,0.5564657694558222
706,Anne Arundel,1407,Anne Arundel Precinct 06-005,1154,274,291,253,1407,1.0,0.820184790334044,0.17981520966595593,842,0.1947405828002843,0.2068230277185501,0.5984363894811656
707,Anne Arundel,1924,Anne Arundel Precinct 06-006,397,441,99,1527,1924,1.0,0.20634095634095634,0.7936590436590436,1384,0.2292099792099792,0.05145530145530146,0.7193347193347194
708,Anne Arundel,1590,Anne Arundel Precinct 06-023,1409,396,372,181,1590,1.0,0.8861635220125786,0.11383647798742139,822,0.2490566037735849,0.2339622641509434,0.5169811320754717
709,Anne Arundel,2555,Anne Arundel Precinct 06-017,1841,414,333,714,2555,1.0,0.7205479452054795,0.27945205479452057,1808,0.16203522504892368,0.13033268101761253,0.7076320939334638
710,Anne Arundel,1846,Anne Arundel Precinct 06-007,1193,306,154,653,1846,1.0,0.6462621885157096,0.35373781148429034,1386,0.1657638136511376,0.08342361863488625,0.7508125677139762
711,Anne Arundel,2292,Anne Arundel Precinct 06-015,921,397,191,1371,2292,1.0,0.4018324607329843,0.5981675392670157,1704,0.17321116928446773,0.08333333333333333,0.743455497382199
712,Anne Arundel,1228,Anne Arundel Precinct 06-016,525,333,97,703,1228,1.0,0.42752442996742673,0.5724755700325733,798,0.2711726384364821,0.07899022801302931,0.6498371335504886
713,Anne Arundel,2314,Anne Arundel Precinct 06-001,1951,497,418,363,2314,1.0,0.8431287813310285,0.15687121866897147,1399,0.21477960242005187,0.18063958513396716,0.6045808124459809
714,Anne Arundel,2135,Anne Arundel Precinct 06-012,1373,495,322,762,2135,1.0,0.6430913348946136,0.35690866510538644,1318,0.23185011709601874,0.15081967213114755,0.6173302107728337
715,Anne Arundel,1420,Anne Arundel Precinct 06-008,1092,440,312,328,1420,1.0,0.7690140845070422,0.23098591549295774,668,0.30985915492957744,0.21971830985915494,0.4704225352112676
716,Anne Arundel,2303,Anne Arundel Precinct 06-018,1977,448,412,326,2303,1.0,0.8584455058619193,0.14155449413808077,1443,0.1945288753799392,0.1788970907511941,0.6265740338688667
717,Anne Arundel,6313,Anne Arundel Precinct 06-011,4882,253,182,1431,6313,1.0,0.7733248851576113,0.22667511484238873,5878,0.04007603358149849,0.028829399651512752,0.9310945667669888
718,Anne Arundel,1104,Anne Arundel Precinct 06-029,958,229,333,146,1104,1.0,0.8677536231884058,0.1322463768115942,542,0.20742753623188406,0.3016304347826087,0.49094202898550726
719,Prince George's,2532,Prince George's Precinct 05-012,333,692,88,2199,2532,1.0,0.13151658767772512,0.8684834123222749,1752,0.27330173775671407,0.03475513428120063,0.6919431279620853
720,Charles,3857,Charles Precinct 01-001,2541,578,471,1316,3857,1.0,0.6588021778584392,0.3411978221415608,2808,0.14985740212600468,0.12211563391236713,0.7280269639616282
721,Charles,3570,Charles Precinct 06-002,2072,793,556,1498,3570,1.0,0.5803921568627451,0.4196078431372549,2221,0.22212885154061623,0.1557422969187675,0.6221288515406163
722,Charles,1581,Charles Precinct 06-003,476,745,202,1105,1581,1.0,0.3010752688172043,0.6989247311827957,634,0.4712207463630613,0.12776723592662872,0.4010120177103099
723,Charles,1855,Charles Precinct 06-019,983,655,319,872,1855,1.0,0.5299191374663073,0.47008086253369274,881,0.353099730458221,0.17196765498652292,0.47493261455525604
724,Charles,2458,Charles Precinct 06-004,796,964,272,1662,2458,1.0,0.32384052074857606,0.676159479251424,1222,0.3921887713588283,0.11065907241659886,0.4971521562245728
725,Charles,1494,Charles Precinct 06-020,801,373,170,693,1494,1.0,0.536144578313253,0.463855421686747,951,0.249665327978581,0.11378848728246319,0.6365461847389559
726,Charles,1968,Charles Precinct 06-010,596,1021,276,1372,1968,1.0,0.30284552845528456,0.6971544715447154,671,0.5188008130081301,0.1402439024390244,0.3409552845528455
727,Charles,1478,Charles Precinct 06-021,501,449,140,977,1478,1.0,0.33897158322056836,0.6610284167794317,889,0.3037889039242219,0.09472259810554803,0.6014884979702301
728,Charles,3773,Charles Precinct 06-013,1407,1076,424,2366,3773,1.0,0.37291280148423006,0.62708719851577,2273,0.2851842035515505,0.11237741849986747,0.602438377948582
729,Prince George's,2131,Prince George's Precinct 05-008,1047,362,129,1084,2131,1.0,0.4913186297512905,0.5086813702487095,1640,0.1698732989206945,0.06053496011262318,0.7695917409666823
730,Prince George's,3225,Prince George's Precinct 05-007,467,869,129,2758,3225,1.0,0.1448062015503876,0.8551937984496124,2227,0.26945736434108525,0.04,0.6905426356589147
731,Prince George's,1984,Prince George's Precinct 05-002,266,472,76,1718,1984,1.0,0.13407258064516128,0.8659274193548387,1436,0.23790322580645162,0.038306451612903226,0.7237903225806451
732,Prince George's,2501,Prince George's Precinct 12-014,295,768,108,2206,2501,1.0,0.11795281887245102,0.882047181127549,1625,0.30707716913234706,0.04318272690923631,0.6497401039584166
733,Prince George's,3254,Prince George's Precinct 12-010,477,1013,160,2777,3254,1.0,0.14658881376767055,0.8534111862323295,2081,0.31130915795943453,0.049170251997541485,0.639520590043024
734,Prince George's,3255,Prince George's Precinct 05-005,506,1011,97,2749,3255,1.0,0.1554531490015361,0.8445468509984639,2147,0.3105990783410138,0.029800307219662057,0.6596006144393242
735,Prince George's,1334,Prince George's Precinct 05-010,244,366,70,1090,1334,1.0,0.18290854572713644,0.8170914542728636,898,0.27436281859070466,0.05247376311844078,0.6731634182908546
736,Prince George's,522,Prince George's Precinct 05-009,88,166,22,434,522,1.0,0.1685823754789272,0.8314176245210728,334,0.31800766283524906,0.0421455938697318,0.6398467432950191
737,Prince George's,3343,Prince George's Precinct 05-001,752,1062,156,2591,3343,1.0,0.2249476518097517,0.7750523481902483,2125,0.31767873167813343,0.046664672449895306,0.6356565958719713
738,Prince George's,2929,Prince George's Precinct 05-004,274,769,58,2655,2929,1.0,0.09354728576305907,0.906452714236941,2102,0.26254694434960735,0.019801980198019802,0.7176510754523728
739,Prince George's,2112,Prince George's Precinct 05-011,181,637,53,1931,2112,1.0,0.08570075757575757,0.9142992424242424,1422,0.3016098484848485,0.025094696969696968,0.6732954545454546
740,Prince George's,2992,Prince George's Precinct 05-006,233,817,65,2759,2992,1.0,0.07787433155080214,0.9221256684491979,2110,0.2730614973262032,0.021724598930481284,0.7052139037433155
741,Prince George's,3474,Prince George's Precinct 12-005,353,880,94,3121,3474,1.0,0.10161197466896948,0.8983880253310305,2500,0.2533103051237766,0.027058146229130685,0.7196315486470927
742,Prince George's,2412,Prince George's Precinct 12-001,299,473,68,2113,2412,1.0,0.12396351575456054,0.8760364842454395,1871,0.1961028192371476,0.028192371475953566,0.7757048092868989
743,Prince George's,4027,Prince George's Precinct 12-011,258,1037,64,3769,4027,1.0,0.06406754407747703,0.9359324559225229,2926,0.2575117953811771,0.015892724112242365,0.7265954805065806
744,Prince George's,2706,Prince George's Precinct 05-003,217,706,66,2489,2706,1.0,0.08019216555801921,0.9198078344419808,1934,0.2609016999260902,0.024390243902439025,0.7147080561714708
745,Dorchester,352,Dorchester Precinct 03-002,175,103,85,177,352,1.0,0.4971590909090909,0.5028409090909091,164,0.29261363636363635,0.24147727272727273,0.4659090909090909
746,Wicomico,723,Wicomico Precinct 01-002,643,134,336,80,723,1.0,0.8893499308437067,0.11065006915629322,253,0.18533886583679116,0.46473029045643155,0.3499308437067773
747,Dorchester,2143,Dorchester Precinct 14-001,1953,185,611,190,2143,1.0,0.9113392440503967,0.08866075594960336,1347,0.0863275781614559,0.2851143257116192,0.6285580961269249
748,Dorchester,1584,Dorchester Precinct 02-001,1461,172,601,123,1584,1.0,0.9223484848484849,0.07765151515151515,811,0.10858585858585859,0.37941919191919193,0.5119949494949495
749,Dorchester,445,Dorchester Precinct 02-002,249,92,121,196,445,1.0,0.5595505617977528,0.4404494382022472,232,0.20674157303370785,0.27191011235955054,0.5213483146067416
750,Dorchester,2140,Dorchester Precinct 15-001,1678,265,588,462,2140,1.0,0.7841121495327102,0.21588785046728973,1287,0.12383177570093458,0.27476635514018694,0.6014018691588785
751,Caroline,3115,Caroline Precinct 04-001,2572,450,989,543,3115,1.0,0.8256821829855537,0.17431781701444624,1676,0.14446227929373998,0.31749598715890853,0.5380417335473515
752,Dorchester,1210,Dorchester Precinct 15-003,472,382,176,738,1210,1.0,0.39008264462809916,0.6099173553719008,652,0.315702479338843,0.14545454545454545,0.5388429752066116
753,Dorchester,1557,Dorchester Precinct 01-001,1369,158,515,188,1557,1.0,0.8792549775208734,0.12074502247912652,884,0.1014771997430957,0.33076429030186255,0.5677585099550417
754,Dorchester,128,Dorchester Precinct 15-002,105,17,31,23,128,1.0,0.8203125,0.1796875,80,0.1328125,0.2421875,0.625
755,Dorchester,506,Dorchester Precinct 12-002,213,110,73,293,506,1.0,0.4209486166007905,0.5790513833992095,323,0.21739130434782608,0.1442687747035573,0.6383399209486166
756,Dorchester,387,Dorchester Precinct 12-001,270,62,122,117,387,1.0,0.6976744186046512,0.3023255813953488,203,0.16020671834625322,0.3152454780361757,0.524547803617571
757,Caroline,3507,Caroline Precinct 05-001,2406,565,811,1101,3507,1.0,0.6860564585115483,0.31394354148845166,2131,0.16110635871114912,0.23125178214998574,0.6076418591388651
758,Caroline,1652,Caroline Precinct 08-001,1474,162,524,178,1652,1.0,0.8922518159806295,0.10774818401937046,966,0.09806295399515738,0.3171912832929782,0.5847457627118644
759,Wicomico,1986,Wicomico Precinct 02-001,1571,258,660,415,1986,1.0,0.7910372608257804,0.20896273917421954,1068,0.1299093655589124,0.3323262839879154,0.5377643504531722
760,Wicomico,3096,Wicomico Precinct 16-001,2295,496,686,801,3096,1.0,0.7412790697674418,0.25872093023255816,1914,0.16020671834625322,0.22157622739018087,0.6182170542635659
761,Wicomico,2299,Wicomico Precinct 09-005,1878,299,374,421,2299,1.0,0.8168769030013049,0.18312309699869508,1626,0.1300565463244889,0.16267942583732056,0.7072640278381905
762,Wicomico,2337,Wicomico Precinct 09-003,1743,422,75,594,2337,1.0,0.7458279845956355,0.25417201540436457,1840,0.18057338468121523,0.03209242618741977,0.787334189131365
763,Wicomico,2879,Wicomico Precinct 09-006,698,469,1101,2181,2879,1.0,0.24244529350468913,0.7575547064953109,1309,0.16290378603681835,0.3824244529350469,0.4546717610281348
764,Wicomico,138,Wicomico Precinct 15-002,125,39,98,13,138,1.2454545454545454,0.9057971014492754,0.09420289855072464,1,0.2826086956521739,0.7101449275362319,0.007246376811594203
765,Wicomico,527,Wicomico Precinct 01-003,431,78,375,96,527,1.0,0.8178368121442126,0.18216318785578747,74,0.14800759013282733,0.7115749525616698,0.14041745730550284
766,Wicomico,584,Wicomico Precinct 10-002,542,14,38,42,584,1.0,0.928082191780822,0.07191780821917808,532,0.023972602739726026,0.06506849315068493,0.910958904109589
767,Wicomico,505,Wicomico Precinct 10-001,199,188,316,306,505,1.1586206896551725,0.3940594059405941,0.6059405940594059,1,0.3722772277227723,0.6257425742574257,0.0019801980198019802
768,Anne Arundel,1446,Anne Arundel Precinct 05-007,1323,252,452,123,1446,1.0,0.9149377593360996,0.08506224066390042,742,0.17427385892116182,0.31258644536652835,0.5131396957123098
769,Anne Arundel,1348,Anne Arundel Precinct 02-013,1068,267,407,280,1348,1.0,0.7922848664688428,0.20771513353115728,674,0.1980712166172107,0.30192878338278933,0.5
770,Anne Arundel,1465,Anne Arundel Precinct 05-024,1398,259,513,67,1465,1.0,0.9542662116040955,0.04573378839590444,693,0.17679180887372015,0.35017064846416385,0.47303754266211606
771,Anne Arundel,918,Anne Arundel Precinct 05-029,841,131,295,77,918,1.0,0.9161220043572985,0.08387799564270153,492,0.14270152505446623,0.3213507625272331,0.5359477124183006
772,Anne Arundel,1829,Anne Arundel Precinct 05-025,1691,257,468,138,1829,1.0,0.9245489338436303,0.0754510661563696,1104,0.14051394204483325,0.25587752870420993,0.6036085292509568
773,Anne Arundel,1771,Anne Arundel Precinct 05-008,1550,349,544,221,1771,1.0,0.8752117447769622,0.12478825522303783,878,0.19706380575945792,0.3071710897797854,0.4957651044607566
774,Anne Arundel,512,Anne Arundel Precinct 05-032,276,145,128,236,512,1.0,0.5390625,0.4609375,239,0.283203125,0.25,0.466796875
775,Anne Arundel,1378,Anne Arundel Precinct 05-006,1331,289,466,47,1378,1.0,0.9658925979680697,0.034107402031930335,623,0.20972423802612483,0.3381712626995646,0.4521044992743106
776,Anne Arundel,1402,Anne Arundel Precinct 05-012,1244,283,437,158,1402,1.0,0.8873038516405135,0.11269614835948645,682,0.20185449358059915,0.31169757489301,0.4864479315263909
777,Anne Arundel,956,Anne Arundel Precinct 05-030,750,158,285,206,956,1.0,0.7845188284518828,0.21548117154811716,513,0.16527196652719664,0.29811715481171547,0.5366108786610879
778,Anne Arundel,1159,Anne Arundel Precinct 03-009,1038,152,398,121,1159,1.0,0.8955996548748921,0.10440034512510785,609,0.13114754098360656,0.34339948231233824,0.5254529767040552
779,Anne Arundel,2203,Anne Arundel Precinct 03-005,1873,369,726,330,2203,1.0,0.8502042669087608,0.14979573309123922,1108,0.16749886518384022,0.3295506128007263,0.5029505220154336
780,Anne Arundel,584,Anne Arundel Precinct 05-031,419,83,138,165,584,1.0,0.7174657534246576,0.2825342465753425,363,0.1421232876712329,0.2363013698630137,0.6215753424657534
781,Anne Arundel,2474,Anne Arundel Precinct 02-020,1732,387,489,742,2474,1.0,0.7000808407437349,0.29991915925626517,1598,0.15642683912691996,0.19765561843168958,0.6459175424413904
782,Anne Arundel,1793,Anne Arundel Precinct 02-011,1380,244,346,413,1793,1.0,0.769659788064696,0.23034021193530396,1203,0.13608477412158393,0.19297267150027886,0.6709425543781372
783,Anne Arundel,2031,Anne Arundel Precinct 02-012,1669,221,355,362,2031,1.0,0.8217626784835057,0.17823732151649435,1455,0.10881339241752831,0.17479074347612014,0.7163958641063516
784,Anne Arundel,3219,Anne Arundel Precinct 02-019,1615,536,310,1604,3219,1.0,0.501708605156881,0.49829139484311896,2373,0.16651133892513204,0.09630319975147561,0.7371854613233924
785,Anne Arundel,3140,Anne Arundel Precinct 03-008,2252,524,522,888,3140,1.0,0.7171974522292993,0.28280254777070063,2094,0.16687898089171974,0.1662420382165605,0.6668789808917197
786,Anne Arundel,2930,Anne Arundel Precinct 02-010,2396,340,597,534,2930,1.0,0.8177474402730376,0.18225255972696247,1993,0.11604095563139932,0.20375426621160408,0.6802047781569965
787,Anne Arundel,3008,Anne Arundel Precinct 02-022,2642,442,690,366,3008,1.0,0.8783244680851063,0.12167553191489362,1876,0.14694148936170212,0.2293882978723404,0.6236702127659575
788,Anne Arundel,2034,Anne Arundel Precinct 03-025,1099,430,320,935,2034,1.0,0.54031465093412,0.45968534906588004,1284,0.21140609636184857,0.15732546705998032,0.6312684365781711
789,Anne Arundel,3117,Anne Arundel Precinct 03-004,2564,432,820,553,3117,1.0,0.8225858196984279,0.17741418030157202,1865,0.13859480269489893,0.2630734680782804,0.5983317292268207
790,Anne Arundel,3560,Anne Arundel Precinct 03-006,2742,1052,1463,818,3560,1.0,0.7702247191011236,0.22977528089887642,1045,0.2955056179775281,0.4109550561797753,0.29353932584269665
791,Anne Arundel,1490,Anne Arundel Precinct 01-002,1350,287,581,140,1490,1.0,0.9060402684563759,0.09395973154362416,622,0.19261744966442954,0.38993288590604025,0.4174496644295302
792,Anne Arundel,1231,Anne Arundel Precinct 01-011,1154,202,457,77,1231,1.0,0.9374492282696995,0.06255077173030058,572,0.16409423233143786,0.37124289195775795,0.4646628757108042
793,Anne Arundel,1787,Anne Arundel Precinct 01-007,1593,256,555,194,1787,1.0,0.8914381645215445,0.1085618354784555,976,0.14325685506435368,0.310576385002798,0.5461667599328484
794,Anne Arundel,1878,Anne Arundel Precinct 01-001,1569,301,631,309,1878,1.0,0.8354632587859425,0.1645367412140575,946,0.16027689030883918,0.3359957401490948,0.503727369542066
795,Anne Arundel,1406,Anne Arundel Precinct 01-010,1312,255,461,94,1406,1.0,0.9331436699857752,0.06685633001422475,690,0.1813655761024182,0.3278805120910384,0.4907539118065434
796,Baltimore County,1239,Baltimore County Precinct 13-006,980,210,223,259,1239,1.0,0.7909604519774012,0.20903954802259886,806,0.1694915254237288,0.17998385794995964,0.6505246166263116
797,Baltimore County,2979,Baltimore County Precinct 13-007,1367,511,281,1612,2979,1.0,0.4588788183954347,0.5411211816045652,2187,0.17153407183618663,0.09432695535414569,0.7341389728096677
798,Baltimore County,5380,Baltimore County Precinct 13-009,3849,822,732,1531,5380,1.0,0.7154275092936803,0.2845724907063197,3826,0.15278810408921933,0.13605947955390335,0.7111524163568773
799,Anne Arundel,2426,Anne Arundel Precinct 01-008,2132,346,649,294,2426,1.0,0.8788128606760099,0.12118713932399011,1431,0.14262159934047816,0.26751854905193734,0.5898598516075845
800,Anne Arundel,2202,Anne Arundel Precinct 01-004,1450,479,350,752,2202,1.0,0.6584922797456857,0.34150772025431425,1373,0.21752951861943687,0.1589464123524069,0.6235240690281563
801,Anne Arundel,2201,Anne Arundel Precinct 01-014,1607,291,486,594,2201,1.0,0.7301226715129486,0.2698773284870513,1424,0.13221263062244434,0.22080872330758747,0.6469786460699682
802,Anne Arundel,4021,Anne Arundel Precinct 01-012,1909,721,286,2112,4021,1.0,0.4747575230042278,0.5252424769957722,3014,0.17930862969410594,0.07112658542651082,0.7495647848793833
803,Anne Arundel,2018,Anne Arundel Precinct 01-015,1685,349,497,333,2018,1.0,0.8349851337958375,0.16501486620416253,1172,0.17294350842418235,0.24628344895936571,0.5807730426164519
804,Baltimore County,2262,Baltimore County Precinct 13-008,1953,305,597,309,2262,1.0,0.863395225464191,0.13660477453580902,1360,0.1348364279398762,0.2639257294429708,0.601237842617153
805,Baltimore City,3265,Baltimore City Precinct 25-005,822,632,118,2443,3265,1.0,0.2517611026033691,0.748238897396631,2515,0.19356814701378255,0.03614088820826952,0.7702909647779479
806,Anne Arundel,1443,Anne Arundel Precinct 01-013,1092,244,199,351,1443,1.0,0.7567567567567568,0.24324324324324326,1000,0.1690921690921691,0.1379071379071379,0.693000693000693
807,Baltimore City,2660,Baltimore City Precinct 25-008,74,782,37,2586,2660,1.0,0.027819548872180452,0.9721804511278196,1841,0.293984962406015,0.013909774436090226,0.6921052631578948
808,Baltimore City,1089,Baltimore City Precinct 25-009,9,452,11,1080,1089,1.0,0.008264462809917356,0.9917355371900827,626,0.4150596877869605,0.010101010101010102,0.5748393021120294
809,Baltimore City,1595,Baltimore City Precinct 25-010,46,467,17,1549,1595,1.0,0.02884012539184953,0.9711598746081505,1111,0.2927899686520376,0.010658307210031349,0.696551724137931
810,Baltimore City,3555,Baltimore City Precinct 25-003,2570,511,396,985,3555,1.0,0.7229254571026723,0.2770745428973277,2648,0.1437412095639944,0.11139240506329114,0.7448663853727144
811,Baltimore City,929,Baltimore City Precinct 20-009,527,145,62,402,929,1.0,0.5672766415500539,0.4327233584499462,722,0.15608180839612487,0.06673842841765339,0.7771797631862217
812,Baltimore City,1049,Baltimore City Precinct 20-005,28,312,17,1021,1049,1.0,0.02669208770257388,0.9733079122974261,720,0.2974261201143947,0.016205910390848427,0.6863679694947569
813,Baltimore City,3568,Baltimore City Precinct 25-004,2774,407,425,794,3568,1.0,0.7774663677130045,0.22253363228699552,2736,0.1140695067264574,0.11911434977578475,0.7668161434977578
814,Baltimore City,756,Baltimore City Precinct 20-010,333,99,22,423,756,1.0,0.44047619047619047,0.5595238095238095,635,0.13095238095238096,0.0291005291005291,0.83994708994709
815,Baltimore City,2322,Baltimore City Precinct 20-003,54,416,14,2268,2322,1.0,0.023255813953488372,0.9767441860465116,1892,0.17915590008613264,0.006029285099052541,0.8148148148148148
816,Baltimore City,2303,Baltimore City Precinct 20-011,848,386,71,1455,2303,1.0,0.36821537125488496,0.6317846287451151,1846,0.16760746851932262,0.030829353017802867,0.8015631784628745
817,Baltimore City,950,Baltimore City Precinct 20-002,70,173,13,880,950,1.0,0.07368421052631578,0.9263157894736842,764,0.18210526315789474,0.01368421052631579,0.8042105263157895
818,Baltimore City,1760,Baltimore City Precinct 16-013,14,452,21,1746,1760,1.0,0.007954545454545454,0.9920454545454546,1287,0.25681818181818183,0.011931818181818182,0.73125
819,Baltimore City,1950,Baltimore City Precinct 16-012,10,568,20,1940,1950,1.0,0.005128205128205128,0.9948717948717949,1362,0.29128205128205126,0.010256410256410256,0.6984615384615385
820,Baltimore City,240,Baltimore City Precinct 20-004,4,102,3,236,240,1.0,0.016666666666666666,0.9833333333333333,135,0.425,0.0125,0.5625
821,Baltimore City,1495,Baltimore City Precinct 16-008,24,267,6,1471,1495,1.0,0.016053511705685617,0.9839464882943144,1222,0.17859531772575252,0.004013377926421404,0.8173913043478261
822,Baltimore City,901,Baltimore City Precinct 26-031,516,182,119,385,901,1.0,0.5726970033296337,0.42730299667036625,600,0.20199778024417314,0.1320754716981132,0.6659267480577137
823,Baltimore County,2920,Baltimore County Precinct 14-011,1954,510,380,966,2920,1.0,0.6691780821917809,0.3308219178082192,2030,0.17465753424657535,0.13013698630136986,0.6952054794520548
824,Baltimore County,2766,Baltimore County Precinct 14-007,2061,481,541,705,2766,1.0,0.745119305856833,0.25488069414316705,1744,0.17389732465654376,0.195589298626175,0.6305133767172812
825,Baltimore County,3521,Baltimore County Precinct 14-008,1352,1104,291,2169,3521,1.0,0.38398182334564046,0.6160181766543595,2126,0.3135472877023573,0.08264697529111048,0.6038057370065323
826,Baltimore City,2719,Baltimore City Precinct 27-008,1192,703,197,1527,2719,1.0,0.4383964692901802,0.5616035307098198,1819,0.2585509378447959,0.07245310776020596,0.6689959543949981
827,Baltimore City,2670,Baltimore City Precinct 27-011,1688,666,430,982,2670,1.0,0.6322097378277154,0.36779026217228467,1574,0.24943820224719102,0.16104868913857678,0.5895131086142322
828,Baltimore City,842,Baltimore City Precinct 27-010,645,200,151,197,842,1.0,0.7660332541567696,0.2339667458432304,491,0.2375296912114014,0.17933491686460806,0.5831353919239906
829,Baltimore County,4086,Baltimore County Precinct 09-022,3162,784,799,924,4086,1.0,0.7738619676945668,0.2261380323054332,2503,0.19187469407733726,0.19554576603034754,0.6125795398923152
830,Baltimore County,2181,Baltimore County Precinct 14-012,1973,411,627,208,2181,1.0,0.9046309032553874,0.09536909674461257,1143,0.18844566712517194,0.2874828060522696,0.5240715268225584
831,Baltimore County,723,Baltimore County Precinct 14-014,485,139,105,238,723,1.0,0.6708160442600276,0.32918395573997233,479,0.19225449515905949,0.14522821576763487,0.6625172890733056
832,Baltimore County,3444,Baltimore County Precinct 14-006,2936,621,796,508,3444,1.0,0.8524970963995354,0.14750290360046459,2027,0.1803135888501742,0.2311265969802555,0.5885598141695703
833,Baltimore County,2262,Baltimore County Precinct 14-001,2044,376,643,218,2262,1.0,0.9036251105216623,0.09637488947833775,1243,0.16622458001768348,0.28426171529619804,0.5495137046861185
834,Baltimore County,2561,Baltimore County Precinct 14-010,1869,519,462,692,2561,1.0,0.7297930495900039,0.2702069504099961,1580,0.20265521280749707,0.18039828192112456,0.6169465052713784
835,Baltimore County,4471,Baltimore County Precinct 14-009,1738,994,434,2733,4471,1.0,0.38872735405949455,0.6112726459405055,3043,0.2223216282710803,0.0970700067099083,0.6806083650190115
836,Baltimore County,1191,Baltimore County Precinct 14-005,540,181,83,651,1191,1.0,0.4534005037783375,0.5465994962216625,927,0.15197313182199831,0.06968933669185558,0.7783375314861462
837,Baltimore County,2619,Baltimore County Precinct 11-016,1527,403,292,1092,2619,1.0,0.5830469644902635,0.41695303550973656,1924,0.15387552500954563,0.11149293623520427,0.7346315387552501
838,Baltimore County,4063,Baltimore County Precinct 14-002,2593,631,722,1470,4063,1.0,0.6381983755845434,0.36180162441545655,2710,0.1553039625892198,0.17770120600541472,0.6669948314053655
839,Baltimore County,3933,Baltimore County Precinct 11-011,2948,555,784,985,3933,1.0,0.7495550470378846,0.25044495296211544,2594,0.14111365369946605,0.19933892702771422,0.6595474192728197
840,Baltimore County,3413,Baltimore County Precinct 09-023,2320,684,629,1093,3413,1.0,0.6797538822150601,0.32024611778493994,2100,0.20041019630823323,0.18429534134192793,0.6152944623498389
841,Baltimore County,2956,Baltimore County Precinct 09-025,2214,540,622,742,2956,1.0,0.7489851150202977,0.2510148849797023,1794,0.18267929634641408,0.2104194857916103,0.6069012178619756
842,Baltimore County,2895,Baltimore County Precinct 11-009,2192,525,655,703,2895,1.0,0.7571675302245251,0.24283246977547496,1715,0.18134715025906736,0.22625215889464595,0.5924006908462867
843,Baltimore County,3895,Baltimore County Precinct 09-024,3019,749,793,876,3895,1.0,0.7750962772785622,0.22490372272143774,2353,0.19229781771501925,0.203594351732991,0.6041078305519897
844,Baltimore County,3694,Baltimore County Precinct 11-015,3631,513,673,63,3694,1.0,0.9829453167298322,0.01705468327016784,2508,0.1388738494856524,0.1821873308067136,0.678938819707634
845,Baltimore County,731,Baltimore County Precinct 11-021,560,160,136,171,731,1.0,0.7660738714090287,0.23392612859097128,435,0.2188782489740082,0.18604651162790697,0.5950752393980848
846,Baltimore County,2824,Baltimore County Precinct 11-008,2388,308,643,436,2824,1.0,0.8456090651558074,0.15439093484419264,1873,0.10906515580736544,0.22769121813031162,0.6632436260623229
847,Baltimore County,3720,Baltimore County Precinct 11-010,2780,486,619,940,3720,1.0,0.7473118279569892,0.25268817204301075,2615,0.13064516129032258,0.1663978494623656,0.7029569892473119
848,Baltimore County,1942,Baltimore County Precinct 11-018,1553,109,173,389,1942,1.0,0.7996910401647785,0.20030895983522143,1660,0.05612770339855819,0.08908341915550978,0.854788877445932
849,Baltimore County,3460,Baltimore County Precinct 11-017,2820,523,884,640,3460,1.0,0.815028901734104,0.18497109826589594,2053,0.15115606936416184,0.25549132947976877,0.5933526011560694
850,Baltimore County,2630,Baltimore County Precinct 15-003,2325,309,597,305,2630,1.0,0.8840304182509505,0.11596958174904944,1724,0.11749049429657794,0.22699619771863117,0.6555133079847909
851,Baltimore County,3634,Baltimore County Precinct 14-013,1814,535,375,1820,3634,1.0,0.4991744634012108,0.5008255365987893,2724,0.14722069345074298,0.10319207484865163,0.7495872317006054
852,Baltimore County,3333,Baltimore County Precinct 15-011,2680,575,628,653,3333,1.0,0.804080408040804,0.19591959195919592,2130,0.17251725172517252,0.18841884188418842,0.639063906390639
853,Baltimore County,343,Baltimore County Precinct 14-004,274,88,88,69,343,1.0,0.7988338192419825,0.20116618075801748,167,0.2565597667638484,0.2565597667638484,0.4868804664723032
854,Dorchester,232,Dorchester Precinct 04-001,207,27,74,25,232,1.0,0.8922413793103449,0.10775862068965517,131,0.11637931034482758,0.31896551724137934,0.5646551724137931
855,Dorchester,427,Dorchester Precinct 16-001,400,51,173,27,427,1.0,0.936768149882904,0.06323185011709602,203,0.11943793911007025,0.405152224824356,0.47540983606557374
856,Dorchester,271,Dorchester Precinct 05-001,247,22,86,24,271,1.0,0.9114391143911439,0.08856088560885608,163,0.08118081180811808,0.3173431734317343,0.6014760147601476
857,Dorchester,544,Dorchester Precinct 09-001,469,72,204,75,544,1.0,0.8621323529411765,0.13786764705882354,268,0.1323529411764706,0.375,0.49264705882352944
858,Dorchester,182,Dorchester Precinct 13-001,166,15,100,16,182,1.0,0.9120879120879121,0.08791208791208792,67,0.08241758241758242,0.5494505494505495,0.36813186813186816
859,Dorchester,801,Dorchester Precinct 08-001,769,108,262,32,801,1.0,0.9600499375780275,0.039950062421972535,431,0.1348314606741573,0.32709113607990015,0.5380774032459426
860,Talbot,724,Talbot Precinct 02-002,701,109,217,23,724,1.0,0.9682320441988951,0.031767955801104975,398,0.1505524861878453,0.29972375690607733,0.5497237569060773
861,Talbot,2603,Talbot Precinct 02-001,2274,365,499,329,2603,1.0,0.8736073761044948,0.12639262389550518,1739,0.14022281982328083,0.1917018824433346,0.6680752977333846
862,Talbot,1245,Talbot Precinct 02-003,1065,180,323,180,1245,1.0,0.8554216867469879,0.14457831325301204,742,0.14457831325301204,0.25943775100401606,0.5959839357429719
863,Dorchester,834,Dorchester Precinct 07-003,668,109,228,166,834,1.0,0.8009592326139089,0.19904076738609114,497,0.13069544364508393,0.2733812949640288,0.5959232613908872
864,Dorchester,3660,Dorchester Precinct 07-002,756,1011,123,2904,3660,1.0,0.20655737704918034,0.7934426229508197,2526,0.2762295081967213,0.03360655737704918,0.6901639344262295
865,Dorchester,2964,Dorchester Precinct 07-006,2484,309,589,480,2964,1.0,0.8380566801619433,0.16194331983805668,2066,0.10425101214574899,0.1987179487179487,0.6970310391363023
866,Dorchester,2345,Dorchester Precinct 07-001,1564,372,377,781,2345,1.0,0.6669509594882729,0.33304904051172707,1596,0.15863539445629,0.1607675906183369,0.6805970149253732
867,Dorchester,768,Dorchester Precinct 07-004,446,106,86,322,768,1.0,0.5807291666666666,0.4192708333333333,576,0.13802083333333334,0.11197916666666667,0.75
868,Dorchester,197,Dorchester Precinct 07-007,79,98,17,118,197,1.0,0.4010152284263959,0.5989847715736041,82,0.49746192893401014,0.08629441624365482,0.41624365482233505
869,Dorchester,351,Dorchester Precinct 07-005,167,62,27,184,351,1.0,0.4757834757834758,0.5242165242165242,262,0.17663817663817663,0.07692307692307693,0.7464387464387464
870,Talbot,2495,Talbot Precinct 03-001,1972,336,655,523,2495,1.0,0.790380761523046,0.2096192384769539,1504,0.1346693386773547,0.2625250501002004,0.6028056112224449
871,Talbot,1083,Talbot Precinct 03-003,997,208,303,86,1083,1.0,0.9205909510618652,0.07940904893813482,572,0.19205909510618652,0.27977839335180055,0.5281625115420129
872,Talbot,4545,Talbot Precinct 01-001,3472,402,576,1073,4545,1.0,0.7639163916391639,0.23608360836083608,3567,0.08844884488448845,0.12673267326732673,0.7848184818481848
873,Talbot,3290,Talbot Precinct 01-003,2061,416,431,1229,3290,1.0,0.6264437689969605,0.37355623100303953,2443,0.1264437689969605,0.1310030395136778,0.7425531914893617
874,Talbot,5989,Talbot Precinct 01-002,4606,622,724,1383,5989,1.0,0.7690766405075973,0.23092335949240275,4643,0.10385707129737853,0.12088829520788112,0.7752546334947403
875,Somerset,1960,Somerset Precinct 07-001,1282,363,436,678,1960,1.0,0.6540816326530612,0.34591836734693876,1161,0.18520408163265306,0.22244897959183674,0.5923469387755103
876,Baltimore City,1038,Baltimore City Precinct 12-011,130,324,24,908,1038,1.0,0.1252408477842004,0.8747591522157996,690,0.31213872832369943,0.023121387283236993,0.6647398843930635
877,Baltimore City,1718,Baltimore City Precinct 12-008,988,462,51,730,1718,1.0,0.5750873108265425,0.42491268917345754,1205,0.2689173457508731,0.029685681024447033,0.7013969732246799
878,Baltimore City,1916,Baltimore City Precinct 12-010,382,442,27,1534,1916,1.0,0.19937369519832984,0.8006263048016702,1447,0.23068893528183715,0.014091858037578288,0.7552192066805845
879,Anne Arundel,3468,Anne Arundel Precinct 01-018,2157,617,412,1311,3468,1.0,0.6219723183391004,0.3780276816608997,2439,0.1779123414071511,0.11880046136101499,0.7032871972318339
880,Anne Arundel,1823,Anne Arundel Precinct 01-017,1402,266,283,421,1823,1.0,0.7690619857377948,0.23093801426220514,1274,0.14591332967635764,0.15523861766319255,0.6988480526604498
881,Anne Arundel,2523,Anne Arundel Precinct 01-016,1828,392,435,695,2523,1.0,0.724534284581847,0.275465715418153,1696,0.15537059056678557,0.1724137931034483,0.6722156163297661
882,Baltimore City,1139,Baltimore City Precinct 25-011,672,159,105,467,1139,1.0,0.5899912203687445,0.4100087796312555,875,0.1395961369622476,0.09218612818261633,0.7682177348551361
883,Baltimore City,2273,Baltimore City Precinct 25-012,1279,282,193,994,2273,1.0,0.5626924769027717,0.4373075230972283,1798,0.12406511218653761,0.08490981082270127,0.7910250769907611
884,Baltimore City,1483,Baltimore City Precinct 25-014,468,288,56,1015,1483,1.0,0.3155765340525961,0.6844234659474039,1139,0.19420094403236682,0.037761294672960216,0.7680377612946729
885,Baltimore City,1262,Baltimore City Precinct 25-013,750,170,88,512,1262,1.0,0.5942947702060222,0.40570522979397783,1004,0.1347068145800317,0.06973058637083994,0.7955625990491284
886,Baltimore City,1628,Baltimore City Precinct 25-015,701,296,62,927,1628,1.0,0.4305896805896806,0.5694103194103194,1270,0.18181818181818182,0.038083538083538086,0.7800982800982801
887,Baltimore City,2415,Baltimore City Precinct 25-016,1616,306,153,799,2415,1.0,0.6691511387163561,0.3308488612836439,1956,0.1267080745341615,0.06335403726708075,0.8099378881987578
888,Baltimore City,2673,Baltimore City Precinct 24-004,2448,754,497,225,2673,1.0,0.9158249158249159,0.08417508417508418,1422,0.28208005985783763,0.18593340815563036,0.531986531986532
889,Baltimore City,878,Baltimore City Precinct 24-002,775,276,168,103,878,1.0,0.8826879271070615,0.11731207289293849,434,0.3143507972665148,0.19134396355353075,0.49430523917995445
890,Baltimore City,722,Baltimore City Precinct 24-001,632,251,133,90,722,1.0,0.8753462603878116,0.12465373961218837,338,0.3476454293628809,0.18421052631578946,0.46814404432132967
891,Baltimore City,1728,Baltimore City Precinct 24-003,1531,555,308,197,1728,1.0,0.8859953703703703,0.11400462962962964,865,0.3211805555555556,0.17824074074074073,0.5005787037037037
892,Baltimore City,1994,Baltimore City Precinct 03-003,1421,396,224,573,1994,1.0,0.7126379137412236,0.28736208625877635,1374,0.19859578736208625,0.1123370110330993,0.6890672016048145
893,Baltimore City,3017,Baltimore City Precinct 24-005,2786,923,749,231,3017,1.0,0.9234338747099768,0.0765661252900232,1345,0.3059330460722572,0.2482598607888631,0.4458070931388797
894,Baltimore City,2635,Baltimore City Precinct 02-003,2167,684,300,468,2635,1.0,0.8223908918406072,0.1776091081593928,1651,0.25958254269449715,0.11385199240986717,0.6265654648956357
895,Baltimore City,2074,Baltimore City Precinct 02-002,1402,445,188,672,2074,1.0,0.6759884281581485,0.3240115718418515,1441,0.21456123432979748,0.09064609450337512,0.6947926711668274
896,Baltimore City,2117,Baltimore City Precinct 01-002,1706,480,199,411,2117,1.0,0.8058573452999528,0.19414265470004724,1438,0.22673594709494568,0.09400094473311289,0.6792631081719415
897,Baltimore City,1947,Baltimore City Precinct 01-003,1710,365,251,237,1947,1.0,0.8782742681047766,0.12172573189522343,1331,0.18746789933230612,0.12891628145865433,0.6836158192090396
898,Baltimore City,2617,Baltimore City Precinct 05-001,202,409,17,2415,2617,1.0,0.07718761941153993,0.92281238058846,2191,0.15628582346197936,0.006495987772258311,0.8372181887657624
899,Baltimore City,658,Baltimore City Precinct 10-004,17,189,6,641,658,1.0,0.025835866261398176,0.9741641337386018,463,0.2872340425531915,0.00911854103343465,0.7036474164133738
900,Baltimore City,5665,Baltimore City Precinct 10-003,789,139,11,4876,5665,1.0,0.13927625772285968,0.8607237422771403,5515,0.024536628420123566,0.001941747572815534,0.9735216240070609
901,Baltimore City,836,Baltimore City Precinct 03-002,231,177,29,605,836,1.0,0.27631578947368424,0.7236842105263158,630,0.2117224880382775,0.034688995215311005,0.7535885167464115
902,Calvert,2365,Calvert Precinct 01-004,1979,386,746,386,2365,1.0,0.8367864693446089,0.16321353065539113,1233,0.16321353065539113,0.31543340380549684,0.5213530655391121
903,Calvert,2363,Calvert Precinct 02-004,1630,518,671,733,2363,1.0,0.6898011002962336,0.3101988997037664,1174,0.21921286500211595,0.28396106644096486,0.4968260685569192
904,Calvert,2969,Calvert Precinct 01-003,2481,445,727,488,2969,1.0,0.8356348939036713,0.16436510609632873,1797,0.14988211519029976,0.24486359043448971,0.6052542943752105
905,Calvert,3541,Calvert Precinct 01-006,2855,497,918,686,3541,1.0,0.806269415419373,0.19373058458062695,2126,0.1403558316859644,0.2592487997740751,0.6003953685399605
906,Calvert,2965,Calvert Precinct 02-005,2571,442,837,394,2965,1.0,0.8671163575042159,0.13288364249578416,1686,0.1490725126475548,0.28229342327150087,0.5686340640809443
907,Calvert,3099,Calvert Precinct 03-002,2465,531,611,634,3099,1.0,0.7954178767344304,0.20458212326556954,1957,0.1713455953533398,0.19716037431429492,0.6314940303323653
908,Calvert,2398,Calvert Precinct 03-001,2042,492,594,356,2398,1.0,0.8515429524603837,0.14845704753961636,1312,0.20517097581317764,0.24770642201834864,0.5471226021684737
909,Anne Arundel,2629,Anne Arundel Precinct 07-002,2349,494,775,280,2629,1.0,0.893495625713199,0.10650437428680107,1360,0.18790414606314187,0.29478889311525297,0.5173069608216052
910,Talbot,757,Talbot Precinct 05-002,734,119,269,23,757,1.0,0.9696169088507266,0.03038309114927345,369,0.1571994715984148,0.35535006605019814,0.48745046235138706
911,Talbot,886,Talbot Precinct 05-001,809,166,220,77,886,1.0,0.9130925507900677,0.08690744920993228,500,0.1873589164785553,0.24830699774266365,0.5643340857787811
912,Dorchester,373,Dorchester Precinct 06-001,350,44,139,23,373,1.0,0.938337801608579,0.06166219839142091,190,0.11796246648793565,0.3726541554959786,0.5093833780160858
913,Baltimore City,2765,Baltimore City Precinct 07-004,124,527,30,2641,2765,1.0,0.04484629294755877,0.9551537070524412,2208,0.1905967450271248,0.0108499095840868,0.7985533453887884
914,Baltimore City,3497,Baltimore City Precinct 26-010,1389,452,182,2108,3497,1.0,0.3971975979410924,0.6028024020589077,2863,0.12925364598227052,0.05204460966542751,0.8187017443523019
915,Baltimore City,923,Baltimore City Precinct 26-012,85,182,13,838,923,1.0,0.09209100758396534,0.9079089924160346,728,0.19718309859154928,0.014084507042253521,0.7887323943661971
916,Baltimore City,3245,Baltimore City Precinct 08-010,18,856,29,3227,3245,1.0,0.005546995377503852,0.9944530046224962,2360,0.2637904468412943,0.008936825885978428,0.7272727272727273
917,Baltimore City,577,Baltimore City Precinct 08-011,13,176,9,564,577,1.0,0.022530329289428077,0.9774696707105719,392,0.3050259965337955,0.01559792027729636,0.6793760831889082
918,Baltimore City,1998,Baltimore City Precinct 08-003,70,516,24,1928,1998,1.0,0.035035035035035036,0.964964964964965,1458,0.25825825825825827,0.012012012012012012,0.7297297297297297
919,Baltimore City,1675,Baltimore City Precinct 26-019,143,483,25,1532,1675,1.0,0.0853731343283582,0.9146268656716418,1167,0.2883582089552239,0.014925373134328358,0.6967164179104478
920,Baltimore City,783,Baltimore City Precinct 26-020,50,244,9,733,783,1.0,0.06385696040868455,0.9361430395913155,530,0.3116219667943806,0.011494252873563218,0.6768837803320562
921,Baltimore City,1709,Baltimore City Precinct 26-011,785,166,70,924,1709,1.0,0.4593329432416618,0.5406670567583383,1473,0.09713282621416033,0.04095962551199532,0.8619075482738443
922,Baltimore City,1355,Baltimore City Precinct 26-013,1074,149,175,281,1355,1.0,0.792619926199262,0.207380073800738,1031,0.1099630996309963,0.12915129151291513,0.7608856088560886
923,Baltimore City,339,Baltimore City Precinct 26-017,33,171,10,306,339,1.0,0.09734513274336283,0.9026548672566371,158,0.504424778761062,0.029498525073746312,0.46607669616519176
924,Baltimore City,2928,Baltimore City Precinct 26-018,256,826,32,2672,2928,1.0,0.08743169398907104,0.912568306010929,2070,0.28210382513661203,0.01092896174863388,0.7069672131147541
925,Baltimore City,1249,Baltimore City Precinct 26-016,74,342,7,1175,1249,1.0,0.059247397918334666,0.9407526020816653,900,0.27381905524419536,0.005604483586869495,0.7205764611689351
926,Howard,2116,Howard Precinct 04-004,1753,352,879,363,2116,1.0,0.8284499054820416,0.1715500945179584,885,0.166351606805293,0.41540642722117205,0.41824196597353497
927,Carroll,6623,Carroll Precinct 14-002,6214,907,2656,409,6623,1.0,0.9382455080779103,0.061754491922089684,3060,0.13694700286879058,0.40102672504907144,0.462026272082138
928,Carroll,3192,Carroll Precinct 05-001,2872,676,1133,320,3192,1.0,0.899749373433584,0.10025062656641603,1383,0.21177944862155387,0.3549498746867168,0.4332706766917293
929,Carroll,647,Carroll Precinct 05-006,626,140,192,21,647,1.0,0.9675425038639877,0.03245749613601236,315,0.21638330757341576,0.29675425038639874,0.4868624420401855
930,Howard,2206,Howard Precinct 03-002,1871,402,866,335,2206,1.0,0.8481414324569356,0.15185856754306437,938,0.18223028105167724,0.3925657298277425,0.4252039891205802
931,Carroll,2786,Carroll Precinct 14-001,2611,503,1171,175,2786,1.0,0.9371859296482412,0.06281407035175879,1112,0.18054558506819812,0.42031586503948315,0.39913854989231873
932,Carroll,2559,Carroll Precinct 05-005,2276,542,998,283,2559,1.0,0.889409925752247,0.11059007424775302,1019,0.21180148495506057,0.3899960922235248,0.3982024228214146
933,Carroll,2727,Carroll Precinct 09-001,2601,503,1543,126,2727,1.0,0.9537953795379538,0.0462046204620462,681,0.18445177851118444,0.5658232489915658,0.24972497249724973
934,Carroll,5574,Carroll Precinct 07-007,5011,908,1698,563,5574,1.0,0.8989953354861858,0.10100466451381414,2968,0.16289917473986365,0.30462863293864373,0.5324721923214927
935,Carroll,1903,Carroll Precinct 07-008,1759,211,666,144,1903,1.0,0.9243300052548608,0.07566999474513926,1026,0.11087756174461377,0.34997372569626906,0.5391487125591172
936,Carroll,960,Carroll Precinct 07-005,945,193,286,15,960,1.0,0.984375,0.015625,481,0.20104166666666667,0.29791666666666666,0.5010416666666667
937,Carroll,2365,Carroll Precinct 04-002,2282,294,952,83,2365,1.0,0.9649048625792812,0.03509513742071882,1119,0.12431289640591967,0.4025369978858351,0.4731501057082452
938,Carroll,2537,Carroll Precinct 07-006,2326,363,743,211,2537,1.0,0.9168309026409145,0.08316909735908554,1431,0.1430823807646827,0.2928655892786756,0.5640520299566417
939,Carroll,3647,Carroll Precinct 07-003,3100,495,698,547,3647,1.0,0.8500137098985467,0.14998629010145326,2454,0.13572799561283247,0.19139018371264052,0.672881820674527
940,Carroll,2385,Carroll Precinct 07-001,2135,243,483,250,2385,1.0,0.8951781970649895,0.10482180293501048,1659,0.1018867924528302,0.20251572327044026,0.6955974842767295
941,Carroll,7644,Carroll Precinct 05-004,6509,1493,2817,1135,7644,1.0,0.8515175300889587,0.14848246991104133,3334,0.19531658817373104,0.3685243328100471,0.43615907901622186
942,Howard,3762,Howard Precinct 03-005,2617,550,793,1145,3762,1.0,0.6956406166932483,0.3043593833067517,2419,0.14619883040935672,0.21079213184476342,0.6430090377458798
943,Carroll,4313,Carroll Precinct 05-002,3922,869,1907,391,4313,1.0,0.9093438441919778,0.09065615580802226,1537,0.20148388592626942,0.44215163459309065,0.35636447948063993
944,St. Mary's,2003,St. Mary's Precinct 01-002,1697,307,558,306,2003,1.0,0.8472291562656016,0.1527708437343984,1138,0.15327009485771342,0.27858212680978534,0.5681477783325013
945,St. Mary's,3822,St. Mary's Precinct 01-001,3130,459,693,692,3822,1.0,0.8189429618001046,0.18105703819989535,2670,0.12009419152276295,0.1813186813186813,0.6985871271585558
946,Somerset,179,Somerset Precinct 10-001,171,38,32,8,179,1.0,0.9553072625698324,0.0446927374301676,109,0.2122905027932961,0.1787709497206704,0.6089385474860335
947,Dorchester,308,Dorchester Precinct 10-001,300,40,70,8,308,1.0,0.974025974025974,0.025974025974025976,198,0.12987012987012986,0.22727272727272727,0.6428571428571429
948,St. Mary's,3575,St. Mary's Precinct 08-003,2427,522,748,1148,3575,1.0,0.6788811188811189,0.3211188811188811,2305,0.14601398601398602,0.20923076923076922,0.6447552447552447
949,St. Mary's,2881,St. Mary's Precinct 08-005,2361,295,608,520,2881,1.0,0.8195071155848663,0.18049288441513364,1978,0.1023950017355085,0.211037834085387,0.6865671641791045
950,St. Mary's,402,St. Mary's Precinct 08-008,339,105,124,63,402,1.0,0.8432835820895522,0.15671641791044777,173,0.26119402985074625,0.30845771144278605,0.43034825870646765
951,St. Mary's,1160,St. Mary's Precinct 08-010,735,212,178,425,1160,1.0,0.6336206896551724,0.36637931034482757,770,0.18275862068965518,0.15344827586206897,0.6637931034482759
952,St. Mary's,1548,St. Mary's Precinct 08-002,1377,217,469,171,1548,1.0,0.8895348837209303,0.11046511627906977,862,0.14018087855297157,0.3029715762273902,0.5568475452196382
953,St. Mary's,2841,St. Mary's Precinct 06-003,2593,319,968,248,2841,1.0,0.9127067933826117,0.08729320661738825,1554,0.11228440689897923,0.3407250967969025,0.5469904963041182
954,St. Mary's,2052,St. Mary's Precinct 08-006,1617,238,437,435,2052,1.0,0.7880116959064327,0.21198830409356725,1377,0.11598440545808966,0.21296296296296297,0.6710526315789473
955,Calvert,2874,Calvert Precinct 01-001,2444,605,722,430,2874,1.0,0.8503827418232429,0.14961725817675714,1547,0.2105080027835769,0.2512178148921364,0.5382741823242867
956,Calvert,2535,Calvert Precinct 01-007,2065,563,890,470,2535,1.0,0.814595660749507,0.1854043392504931,1082,0.22209072978303748,0.3510848126232742,0.42682445759368837
957,Calvert,3483,Calvert Precinct 01-005,2710,563,901,773,3483,1.0,0.7780648865920183,0.22193511340798164,2019,0.16164226241745622,0.25868504163077805,0.5796726959517657
958,Calvert,3411,Calvert Precinct 01-002,2504,590,598,907,3411,1.0,0.7340955731457051,0.26590442685429494,2223,0.17296980357666372,0.17531515684549986,0.6517150395778364
959,St. Mary's,2376,St. Mary's Precinct 02-002,2085,388,727,291,2376,1.0,0.8775252525252525,0.12247474747474747,1261,0.1632996632996633,0.30597643097643096,0.5307239057239057
960,St. Mary's,2833,St. Mary's Precinct 02-001,2361,429,948,472,2833,1.0,0.8333921637839746,0.1666078362160254,1456,0.15142957995058243,0.3346276032474409,0.5139428168019767
961,St. Mary's,3761,St. Mary's Precinct 08-009,1768,767,399,1993,3761,1.0,0.47008774262164316,0.5299122573783568,2595,0.2039351236373305,0.10608880616857219,0.6899760701940973
962,St. Mary's,2579,St. Mary's Precinct 08-007,1260,503,396,1319,2579,1.0,0.48856145792943,0.5114385420705699,1680,0.1950368359829391,0.15354788677782086,0.65141527723924
963,St. Mary's,3761,St. Mary's Precinct 08-001,2189,593,499,1572,3761,1.0,0.5820260568997607,0.4179739431002393,2669,0.15767083222547196,0.13267747939377825,0.7096516883807498
964,St. Mary's,5431,St. Mary's Precinct 08-004,3460,903,1105,1971,5431,1.0,0.6370834100533972,0.36291658994660286,3423,0.166267722334745,0.2034616092800589,0.6302706683851961
965,Baltimore County,3555,Baltimore County Precinct 08-011,2068,317,330,1487,3555,1.0,0.5817158931082982,0.4182841068917018,2908,0.08917018284106892,0.09282700421940929,0.8180028129395218
966,Baltimore County,2505,Baltimore County Precinct 08-006,1379,964,366,1126,2505,1.0,0.550499001996008,0.449500998003992,1175,0.3848303393213573,0.14610778443113773,0.469061876247505
967,Baltimore County,1757,Baltimore County Precinct 08-003,1549,288,444,208,1757,1.0,0.8816163915765509,0.11838360842344905,1025,0.16391576550939102,0.2527034718269778,0.5833807626636311
968,Baltimore County,2017,Baltimore County Precinct 08-022,1757,423,497,260,2017,1.0,0.8710956866633615,0.12890431333663857,1097,0.20971740208230044,0.2464055528011899,0.5438770451165097
969,Baltimore County,2489,Baltimore County Precinct 08-001,2208,394,755,281,2489,1.0,0.8871032543190036,0.11289674568099639,1340,0.15829650462032946,0.3033346725592607,0.5383688228204098
970,Baltimore County,1888,Baltimore County Precinct 08-025,1659,299,522,229,1888,1.0,0.878707627118644,0.12129237288135593,1067,0.1583686440677966,0.2764830508474576,0.5651483050847458
971,Baltimore County,2437,Baltimore County Precinct 08-004,2117,464,818,320,2437,1.0,0.8686910135412392,0.13130898645876077,1155,0.1903980303652031,0.3356585966352072,0.47394337299958966
972,Baltimore County,1477,Baltimore County Precinct 10-002,1372,282,579,105,1477,1.0,0.9289099526066351,0.07109004739336493,616,0.1909275558564658,0.3920108327691266,0.41706161137440756
973,Baltimore County,1876,Baltimore County Precinct 10-004,1797,298,844,79,1876,1.0,0.9578891257995735,0.04211087420042644,734,0.15884861407249468,0.44989339019189767,0.39125799573560766
974,Baltimore County,3018,Baltimore County Precinct 10-001,2857,488,1152,161,3018,1.0,0.9466534128561962,0.053346587143803845,1378,0.16169648774022533,0.3817097415506958,0.45659377070907886
975,Baltimore County,3508,Baltimore County Precinct 05-001,3315,449,1335,193,3508,1.0,0.9449828962371721,0.05501710376282782,1724,0.12799315849486886,0.3805587229190422,0.49144811858608894
976,Baltimore County,1975,Baltimore County Precinct 06-001,1875,251,827,100,1975,1.0,0.9493670886075949,0.05063291139240506,897,0.1270886075949367,0.41873417721518985,0.4541772151898734
977,Baltimore County,2338,Baltimore County Precinct 06-002,2220,331,982,118,2338,1.0,0.9495295124037639,0.0504704875962361,1025,0.14157399486740804,0.42001710863986313,0.43840889649272885
978,Baltimore County,2472,Baltimore County Precinct 07-003,2274,390,922,198,2472,1.0,0.9199029126213593,0.08009708737864078,1160,0.15776699029126215,0.37297734627831713,0.4692556634304207
979,Baltimore County,1071,Baltimore County Precinct 07-002,1032,189,517,39,1071,1.0,0.9635854341736695,0.036414565826330535,365,0.17647058823529413,0.4827264239028945,0.3408029878618114
980,Baltimore County,3153,Baltimore County Precinct 07-001,2987,447,1319,166,3153,1.0,0.9473517285125278,0.05264827148747225,1387,0.14176974310180782,0.41833174754202346,0.43989850935616875
981,St. Mary's,210,St. Mary's Precinct 09-001,181,46,61,29,210,1.0,0.861904761904762,0.1380952380952381,103,0.21904761904761905,0.2904761904761905,0.49047619047619045
982,Baltimore City,2683,Baltimore City Precinct 26-024,242,546,20,2441,2683,1.0,0.09019754006708908,0.9098024599329109,2117,0.20350354081252328,0.007454342154304882,0.7890421170331718
983,Baltimore City,2299,Baltimore City Precinct 26-025,146,414,31,2153,2299,1.0,0.06350587211831231,0.9364941278816877,1854,0.1800782949108308,0.013484123531970421,0.8064375815571988
984,Baltimore City,1812,Baltimore City Precinct 26-026,482,432,57,1330,1812,1.0,0.26600441501103755,0.7339955849889624,1323,0.23841059602649006,0.03145695364238411,0.7301324503311258
985,Baltimore City,2585,Baltimore City Precinct 27-005,1273,686,196,1312,2585,1.0,0.49245647969052225,0.5075435203094778,1703,0.2653771760154739,0.07582205029013539,0.6588007736943907
986,Baltimore City,3355,Baltimore City Precinct 27-006,959,856,132,2396,3355,1.0,0.28584202682563337,0.7141579731743666,2367,0.2551415797317437,0.03934426229508197,0.7055141579731744
987,Baltimore City,780,Baltimore City Precinct 27-019,33,219,10,747,780,1.0,0.04230769230769231,0.9576923076923077,551,0.28076923076923077,0.01282051282051282,0.7064102564102565
988,Baltimore City,2289,Baltimore City Precinct 27-015,400,657,65,1889,2289,1.0,0.17474879860200962,0.8252512013979904,1567,0.2870249017038008,0.02839667977282656,0.6845784185233726
989,Baltimore County,3836,Baltimore County Precinct 09-020,464,1037,81,3372,3836,1.0,0.12095933263816476,0.8790406673618353,2718,0.2703336809176225,0.02111574556830031,0.7085505735140771
990,Baltimore County,2342,Baltimore County Precinct 09-028,897,581,142,1445,2342,1.0,0.38300597779675494,0.6169940222032451,1619,0.2480785653287788,0.06063193851409052,0.6912894961571306
991,Baltimore County,2528,Baltimore County Precinct 09-019,1774,601,426,754,2528,1.0,0.7017405063291139,0.29825949367088606,1501,0.2377373417721519,0.1685126582278481,0.59375
992,Baltimore City,2647,Baltimore City Precinct 27-014,1453,662,273,1194,2647,1.0,0.5489233094068757,0.4510766905931243,1712,0.2500944465432565,0.10313562523611636,0.6467699282206272
993,Baltimore City,3409,Baltimore City Precinct 27-013,915,791,183,2494,3409,1.0,0.26840715752420063,0.7315928424757994,2435,0.23203285420944558,0.05368143150484013,0.7142857142857143
994,Baltimore City,1492,Baltimore City Precinct 27-009,843,445,154,649,1492,1.0,0.5650134048257373,0.43498659517426275,893,0.2982573726541555,0.1032171581769437,0.5985254691689008
995,Baltimore City,762,Baltimore City Precinct 27-012,550,151,104,212,762,1.0,0.7217847769028871,0.2782152230971129,507,0.19816272965879264,0.13648293963254593,0.6653543307086615
996,Baltimore County,3661,Baltimore County Precinct 09-021,3095,667,895,566,3661,1.0,0.8453974323955203,0.15460256760447966,2099,0.18219065829008468,0.24446872439224257,0.5733406173176727
997,Baltimore County,2909,Baltimore County Precinct 09-029,2172,120,34,737,2909,1.0,0.7466483327603988,0.25335166723960123,2755,0.041251289102784465,0.011687865245788931,0.9470608456514266
998,Baltimore County,2194,Baltimore County Precinct 09-012,1804,434,356,390,2194,1.0,0.8222424794895169,0.17775752051048313,1404,0.19781221513217867,0.16226071103008205,0.6399270738377393
999,Baltimore County,2160,Baltimore County Precinct 09-007,1829,489,719,331,2160,1.0,0.8467592592592592,0.15324074074074073,952,0.2263888888888889,0.33287037037037037,0.44074074074074077
1000,Baltimore County,2993,Baltimore County Precinct 09-011,2118,552,359,875,2993,1.0,0.707651186100902,0.2923488138990979,2082,0.18443033745405948,0.11994654193117274,0.6956231206147678
1001,Baltimore County,5056,Baltimore County Precinct 09-010,3865,995,686,1191,5056,1.0,0.7644382911392406,0.2355617088607595,3375,0.19679588607594936,0.13568037974683544,0.6675237341772152
1002,Baltimore County,1644,Baltimore County Precinct 08-015,1440,381,529,204,1644,1.0,0.8759124087591241,0.12408759124087591,734,0.23175182481751824,0.3217761557177616,0.4464720194647202
1003,Baltimore County,1925,Baltimore County Precinct 08-014,1650,282,420,275,1925,1.0,0.8571428571428571,0.14285714285714285,1223,0.14649350649350648,0.21818181818181817,0.6353246753246753
1004,Baltimore County,2163,Baltimore County Precinct 08-012,1905,501,711,258,2163,1.0,0.8807212205270458,0.11927877947295423,951,0.231622746185853,0.3287101248266297,0.43966712898751736
1005,Baltimore County,5466,Baltimore County Precinct 08-005,3011,103,197,2455,5466,1.0,0.5508598609586535,0.44914013904134653,5166,0.01884376143432126,0.036040980607391145,0.9451152579582875
1006,Baltimore County,1075,Baltimore County Precinct 09-016,915,281,311,160,1075,1.0,0.8511627906976744,0.14883720930232558,483,0.26139534883720933,0.28930232558139535,0.4493023255813953
1007,Baltimore County,1627,Baltimore County Precinct 09-017,1118,403,254,509,1627,1.0,0.6871542716656422,0.3128457283343577,970,0.24769514443761526,0.15611555009219422,0.5961893054701906
1008,Baltimore County,26,Baltimore County Precinct 09-027,20,4,1,6,26,1.0,0.7692307692307693,0.23076923076923078,21,0.15384615384615385,0.038461538461538464,0.8076923076923077
1009,Baltimore County,2576,Baltimore County Precinct 09-018,1975,655,432,601,2576,1.0,0.7666925465838509,0.23330745341614906,1489,0.2542701863354037,0.16770186335403728,0.578027950310559
1010,Baltimore County,1631,Baltimore County Precinct 09-009,1412,358,638,219,1631,1.0,0.8657265481299816,0.1342734518700184,635,0.21949724095646841,0.3911710606989577,0.3893316983445739
1011,Baltimore County,1132,Baltimore County Precinct 09-026,975,276,354,157,1132,1.0,0.8613074204946997,0.13869257950530034,502,0.24381625441696114,0.3127208480565371,0.44346289752650175
1012,Baltimore County,1592,Baltimore County Precinct 09-008,1465,368,582,127,1592,1.0,0.9202261306532663,0.07977386934673367,642,0.23115577889447236,0.3655778894472362,0.40326633165829145
1013,Baltimore County,2194,Baltimore County Precinct 08-007,1336,615,463,858,2194,1.0,0.6089334548769371,0.3910665451230629,1116,0.28030993618960803,0.21103008204193255,0.5086599817684594
1014,Baltimore City,751,Baltimore City Precinct 27-037,547,215,83,204,751,1.0,0.7283621837549934,0.27163781624500666,453,0.2862849533954727,0.11051930758988016,0.6031957390146472
1015,Baltimore City,1727,Baltimore City Precinct 27-038,993,381,74,734,1727,1.0,0.57498552403011,0.42501447596989,1272,0.22061378112333527,0.042848870874348584,0.7365373480023162
1016,Baltimore City,1669,Baltimore City Precinct 27-042,1261,520,241,408,1669,1.0,0.7555422408627921,0.2444577591372079,908,0.3115638106650689,0.14439784301977232,0.5440383463151588
1017,Baltimore City,1155,Baltimore City Precinct 27-044,1034,453,137,121,1155,1.0,0.8952380952380953,0.10476190476190476,565,0.3922077922077922,0.11861471861471862,0.48917748917748916
1018,Baltimore City,1487,Baltimore City Precinct 27-040,1289,457,266,198,1487,1.0,0.8668459986550101,0.13315400134498992,764,0.3073301950235373,0.1788836583725622,0.5137861466039004
1019,Baltimore City,742,Baltimore City Precinct 27-039,645,329,137,97,742,1.0,0.8692722371967655,0.1307277628032345,276,0.44339622641509435,0.18463611859838275,0.3719676549865229
1020,Baltimore City,1929,Baltimore City Precinct 27-041,1446,531,224,483,1929,1.0,0.749611197511664,0.25038880248833595,1174,0.27527216174183516,0.11612234318299637,0.6086054950751685
1021,Baltimore County,3216,Baltimore County Precinct 09-003,2807,845,580,409,3216,1.0,0.8728233830845771,0.1271766169154229,1791,0.2627487562189055,0.18034825870646767,0.5569029850746269
1022,Baltimore County,3358,Baltimore County Precinct 03-008,2894,783,530,464,3358,1.0,0.8618225134008338,0.13817748659916618,2045,0.2331745086360929,0.15783204288266825,0.6089934484812388
1023,Baltimore County,2600,Baltimore County Precinct 09-001,2400,597,695,200,2600,1.0,0.9230769230769231,0.07692307692307693,1308,0.2296153846153846,0.2673076923076923,0.5030769230769231
1024,Baltimore County,2246,Baltimore County Precinct 08-017,2079,535,755,167,2246,1.0,0.9256455921638468,0.07435440783615316,956,0.2382012466607302,0.336153161175423,0.42564559216384684
1025,Baltimore County,879,Baltimore County Precinct 08-018,784,191,304,95,879,1.0,0.8919226393629124,0.1080773606370876,384,0.21729237770193402,0.34584755403868034,0.43686006825938567
1026,Baltimore County,2530,Baltimore County Precinct 08-019,2247,403,766,283,2530,1.0,0.8881422924901186,0.11185770750988143,1361,0.1592885375494071,0.3027667984189723,0.5379446640316206
1027,Baltimore County,2751,Baltimore County Precinct 08-009,2153,562,864,598,2751,1.0,0.7826245001817521,0.2173754998182479,1325,0.20428934932751727,0.31406761177753545,0.4816430388949473
1028,Baltimore County,2173,Baltimore County Precinct 08-010,1965,413,651,208,2173,1.0,0.9042797975149562,0.09572020248504372,1109,0.19005982512655314,0.29958582604693973,0.5103543488265071
1029,Baltimore County,1707,Baltimore County Precinct 08-020,1487,300,405,220,1707,1.0,0.8711189220855302,0.12888107791446984,1002,0.1757469244288225,0.23725834797891038,0.5869947275922671
1030,Baltimore County,1541,Baltimore County Precinct 09-002,1463,377,530,78,1541,1.0,0.9493835171966256,0.050616482803374434,634,0.2446463335496431,0.3439325113562622,0.41142115509409477
1031,Baltimore County,4116,Baltimore County Precinct 09-004,3440,514,422,676,4116,1.0,0.8357628765792031,0.16423712342079688,3180,0.12487852283770651,0.10252672497570457,0.7725947521865889
1032,Baltimore County,3650,Baltimore County Precinct 09-005,3293,760,723,357,3650,1.0,0.9021917808219178,0.09780821917808219,2167,0.20821917808219179,0.19808219178082193,0.5936986301369863
1033,Baltimore County,6430,Baltimore County Precinct 09-006,4497,238,192,1933,6430,1.0,0.6993779160186625,0.3006220839813375,6000,0.03701399688958009,0.029860031104199068,0.9331259720062208
1034,Baltimore County,621,Baltimore County Precinct 08-016,526,242,256,95,621,1.0,0.8470209339774557,0.1529790660225443,123,0.3896940418679549,0.41223832528180354,0.19806763285024154
1035,Baltimore County,2667,Baltimore County Precinct 08-013,2348,581,711,319,2667,1.0,0.880389951256093,0.11961004874390702,1375,0.2178477690288714,0.26659167604049494,0.5155605549306337
1036,Baltimore City,1338,Baltimore City Precinct 09-010,254,423,19,1084,1338,1.0,0.1898355754857997,0.8101644245142003,896,0.31614349775784756,0.014200298953662182,0.6696562032884903
1037,Baltimore City,1402,Baltimore City Precinct 09-003,246,437,24,1156,1402,1.0,0.1754636233951498,0.8245363766048502,941,0.31169757489301,0.017118402282453638,0.6711840228245364
1038,Baltimore City,1166,Baltimore City Precinct 09-002,133,298,15,1033,1166,1.0,0.11406518010291596,0.885934819897084,853,0.2555746140651801,0.012864493996569469,0.7315608919382505
1039,Baltimore City,1002,Baltimore City Precinct 09-009,76,276,20,926,1002,1.0,0.07584830339321358,0.9241516966067864,706,0.2754491017964072,0.01996007984031936,0.7045908183632734
1040,Baltimore City,1958,Baltimore City Precinct 09-004,484,562,34,1474,1958,1.0,0.24719101123595505,0.7528089887640449,1362,0.2870275791624106,0.017364657814096015,0.6956077630234934
1041,Baltimore City,1717,Baltimore City Precinct 09-005,367,420,30,1350,1717,1.0,0.21374490390215492,0.786255096097845,1267,0.24461269656377402,0.017472335468841003,0.737914967967385
1042,Baltimore City,782,Baltimore City Precinct 09-001,41,203,7,741,782,1.0,0.052429667519181586,0.9475703324808185,572,0.2595907928388747,0.008951406649616368,0.731457800511509
1043,Baltimore City,970,Baltimore City Precinct 27-036,32,285,12,938,970,1.0,0.032989690721649485,0.9670103092783505,673,0.29381443298969073,0.012371134020618556,0.6938144329896907
1044,Baltimore City,3261,Baltimore City Precinct 27-035,98,561,29,3163,3261,1.0,0.03005213124808341,0.9699478687519166,2671,0.17203311867525298,0.008892977614228765,0.8190739037105182
1045,Baltimore City,1481,Baltimore City Precinct 27-026,265,189,13,1216,1481,1.0,0.17893315327481432,0.8210668467251857,1279,0.12761647535449022,0.008777852802160702,0.8636056718433491
1046,Baltimore City,1722,Baltimore City Precinct 27-027,33,359,13,1689,1722,1.0,0.01916376306620209,0.980836236933798,1350,0.20847851335656215,0.007549361207897794,0.7839721254355401
1047,Baltimore City,1372,Baltimore City Precinct 27-028,32,315,10,1340,1372,1.0,0.023323615160349854,0.9766763848396501,1047,0.22959183673469388,0.007288629737609329,0.7631195335276968
1048,Baltimore City,858,Baltimore City Precinct 27-029,10,272,9,848,858,1.0,0.011655011655011656,0.9883449883449883,577,0.317016317016317,0.01048951048951049,0.6724941724941725
1049,Baltimore City,1643,Baltimore City Precinct 09-008,18,445,19,1625,1643,1.0,0.010955569080949483,0.9890444309190505,1179,0.27084601339014,0.011564211807668898,0.7175897748021911
1050,Baltimore City,1933,Baltimore City Precinct 09-006,142,571,27,1791,1933,1.0,0.0734609415416451,0.9265390584583549,1335,0.29539575788929123,0.01396792550439731,0.6906363166063114
1051,Baltimore City,1819,Baltimore City Precinct 09-007,152,573,17,1667,1819,1.0,0.08356239692138538,0.9164376030786147,1229,0.31500824628916985,0.009345794392523364,0.6756459593183067
1052,Baltimore City,1296,Baltimore City Precinct 27-025,35,318,16,1261,1296,1.0,0.02700617283950617,0.9729938271604939,962,0.24537037037037038,0.012345679012345678,0.7422839506172839
1053,Baltimore City,1047,Baltimore City Precinct 27-024,138,146,9,909,1047,1.0,0.1318051575931232,0.8681948424068768,892,0.13944603629417382,0.008595988538681949,0.8519579751671442
1054,Baltimore City,588,Baltimore City Precinct 27-023,30,196,7,558,588,1.0,0.05102040816326531,0.9489795918367347,385,0.3333333333333333,0.011904761904761904,0.6547619047619048
1055,Baltimore City,1632,Baltimore City Precinct 27-034,121,461,24,1511,1632,1.0,0.0741421568627451,0.9258578431372549,1147,0.2824754901960784,0.014705882352941176,0.7028186274509803
1056,Baltimore City,2316,Baltimore City Precinct 27-033,564,637,73,1752,2316,1.0,0.24352331606217617,0.7564766839378239,1606,0.2750431778929188,0.03151986183074266,0.6934369602763385
1057,Baltimore City,2778,Baltimore City Precinct 27-032,1010,696,104,1768,2778,1.0,0.36357091432685384,0.6364290856731462,1978,0.2505399568034557,0.037437005039596835,0.7120230381569475
1058,Baltimore County,2581,Baltimore County Precinct 09-014,1807,790,326,774,2581,1.0,0.7001162340178225,0.2998837659821775,1465,0.30608291359938006,0.12630763270050369,0.5676094537001163
1059,Baltimore County,2145,Baltimore County Precinct 09-013,2025,684,497,120,2145,1.0,0.9440559440559441,0.055944055944055944,964,0.31888111888111886,0.2317016317016317,0.4494172494172494
1060,Baltimore City,1703,Baltimore City Precinct 27-030,58,393,9,1645,1703,1.0,0.03405754550792719,0.9659424544920728,1301,0.23076923076923078,0.005284791544333529,0.7639459776864357
1061,Baltimore City,2334,Baltimore City Precinct 27-031,141,668,37,2193,2334,1.0,0.060411311053984576,0.9395886889460154,1629,0.286203941730934,0.015852613538988862,0.6979434447300771
1062,Baltimore City,2547,Baltimore City Precinct 27-022,207,720,30,2340,2547,1.0,0.0812720848056537,0.9187279151943463,1797,0.2826855123674912,0.011778563015312132,0.7055359246171967
1063,Baltimore City,2765,Baltimore City Precinct 27-021,234,744,34,2531,2765,1.0,0.08462929475587704,0.915370705244123,1987,0.26907775768535264,0.012296564195298372,0.718625678119349
1064,Baltimore City,2623,Baltimore City Precinct 27-020,377,602,43,2246,2623,1.0,0.14372855508959206,0.856271444910408,1978,0.22950819672131148,0.01639344262295082,0.7540983606557377
1065,Baltimore County,3415,Baltimore County Precinct 09-015,1933,718,334,1482,3415,1.0,0.5660322108345535,0.43396778916544654,2363,0.2102489019033675,0.09780380673499268,0.6919472913616398
1066,Baltimore City,1108,Baltimore City Precinct 08-001,657,28,6,451,1108,1.0,0.5929602888086642,0.40703971119133575,1074,0.02527075812274368,0.005415162454873646,0.9693140794223827
1067,Baltimore City,1540,Baltimore City Precinct 08-002,183,448,30,1357,1540,1.0,0.11883116883116883,0.8811688311688312,1062,0.2909090909090909,0.01948051948051948,0.6896103896103896
1068,Baltimore City,2756,Baltimore City Precinct 26-021,263,862,55,2493,2756,1.0,0.09542815674891146,0.9045718432510885,1839,0.3127721335268505,0.01995645863570392,0.6672714078374455
1069,Baltimore City,813,Baltimore City Precinct 26-022,102,215,18,711,813,1.0,0.12546125461254612,0.8745387453874539,580,0.2644526445264453,0.02214022140221402,0.7134071340713407
1070,Baltimore City,586,Baltimore City Precinct 27-002,406,244,72,180,586,1.0,0.6928327645051194,0.30716723549488056,270,0.41638225255972694,0.12286689419795221,0.46075085324232085
1071,Baltimore City,2370,Baltimore City Precinct 27-001,734,579,104,1636,2370,1.0,0.309704641350211,0.6902953586497891,1687,0.24430379746835443,0.04388185654008439,0.7118143459915611
1072,Baltimore City,3583,Baltimore City Precinct 27-018,801,533,99,2782,3583,1.0,0.22355567959810216,0.7764443204018978,2951,0.14875802400223276,0.027630477253698018,0.8236114987440692
1073,Baltimore City,1263,Baltimore City Precinct 27-017,466,373,65,797,1263,1.0,0.36896278701504354,0.6310372129849564,825,0.2953285827395091,0.05146476642913698,0.6532066508313539
1074,Baltimore City,642,Baltimore City Precinct 27-003,342,174,40,300,642,1.0,0.5327102803738317,0.4672897196261682,428,0.27102803738317754,0.06230529595015576,0.6666666666666666
1075,Baltimore City,676,Baltimore City Precinct 27-004,338,176,54,338,676,1.0,0.5,0.5,446,0.2603550295857988,0.07988165680473373,0.6597633136094675
1076,Baltimore City,796,Baltimore City Precinct 27-016,371,218,58,425,796,1.0,0.46608040201005024,0.5339195979899497,520,0.27386934673366836,0.0728643216080402,0.6532663316582915
1077,Baltimore City,1296,Baltimore City Precinct 26-023,120,355,25,1176,1296,1.0,0.09259259259259259,0.9074074074074074,916,0.27391975308641975,0.019290123456790122,0.7067901234567902
1078,Baltimore City,1224,Baltimore City Precinct 15-022,11,445,21,1213,1224,1.0,0.008986928104575163,0.9910130718954249,758,0.36356209150326796,0.01715686274509804,0.619281045751634
1079,Baltimore City,2136,Baltimore City Precinct 15-024,9,510,19,2127,2136,1.0,0.004213483146067416,0.9957865168539326,1607,0.23876404494382023,0.008895131086142321,0.7523408239700374
1080,Baltimore City,964,Baltimore City Precinct 27-055,16,237,14,948,964,1.0,0.016597510373443983,0.983402489626556,713,0.245850622406639,0.014522821576763486,0.7396265560165975
1081,Baltimore City,951,Baltimore City Precinct 15-025,20,194,12,931,951,1.0,0.02103049421661409,0.9789695057833859,745,0.20399579390115669,0.012618296529968454,0.7833859095688749
1082,Baltimore City,614,Baltimore City Precinct 27-054,17,149,10,597,614,1.0,0.02768729641693811,0.9723127035830619,455,0.24267100977198697,0.016286644951140065,0.741042345276873
1083,Baltimore City,804,Baltimore City Precinct 27-058,10,151,8,794,804,1.0,0.012437810945273632,0.9875621890547264,645,0.18781094527363185,0.009950248756218905,0.8022388059701493
1084,Baltimore City,1983,Baltimore City Precinct 27-053,65,474,18,1918,1983,1.0,0.03277861825516894,0.9672213817448311,1491,0.23903177004538578,0.009077155824508321,0.7518910741301059
1085,Baltimore City,3199,Baltimore City Precinct 27-052,85,592,27,3114,3199,1.0,0.026570803376055017,0.973429196623945,2580,0.18505783057205377,0.008440137542982182,0.806502031884964
1086,Baltimore City,2203,Baltimore City Precinct 15-023,61,509,17,2142,2203,1.0,0.027689514298683614,0.9723104857013164,1677,0.23104857013163868,0.007716749886518384,0.7612346799818429
1087,Baltimore City,1066,Baltimore City Precinct 13-005,806,261,99,260,1066,1.0,0.7560975609756098,0.24390243902439024,706,0.2448405253283302,0.09287054409005628,0.6622889305816135
1088,Baltimore City,1038,Baltimore City Precinct 27-048,156,277,26,882,1038,1.0,0.15028901734104047,0.8497109826589595,735,0.26685934489402696,0.025048169556840076,0.708092485549133
1089,Baltimore City,827,Baltimore City Precinct 27-043,692,275,87,135,827,1.0,0.8367593712212817,0.16324062877871826,465,0.33252720677146314,0.10519951632406288,0.562273276904474
1090,Baltimore City,1140,Baltimore City Precinct 27-050,691,460,55,449,1140,1.0,0.606140350877193,0.393859649122807,625,0.40350877192982454,0.04824561403508772,0.5482456140350878
1091,Baltimore City,390,Baltimore City Precinct 27-051,146,98,8,244,390,1.0,0.37435897435897436,0.6256410256410256,284,0.2512820512820513,0.020512820512820513,0.7282051282051282
1092,Baltimore City,2674,Baltimore City Precinct 27-049,2164,833,226,510,2674,1.0,0.8092744951383695,0.1907255048616305,1615,0.31151832460732987,0.08451757666417352,0.6039640987284967
1093,Baltimore County,4060,Baltimore County Precinct 03-009,2908,1018,580,1152,4060,1.0,0.716256157635468,0.28374384236453204,2462,0.25073891625615763,0.14285714285714285,0.6064039408866995
1094,Baltimore City,777,Baltimore City Precinct 13-006,30,233,10,747,777,1.0,0.03861003861003861,0.9613899613899614,534,0.29987129987129985,0.01287001287001287,0.6872586872586872
1095,Baltimore City,1244,Baltimore City Precinct 13-004,1098,350,195,146,1244,1.0,0.882636655948553,0.11736334405144695,699,0.28135048231511256,0.1567524115755627,0.5618971061093248
1096,Baltimore City,2273,Baltimore City Precinct 13-003,1980,615,237,293,2273,1.0,0.8710954685437747,0.12890453145622524,1421,0.27056753189617244,0.10426748790145182,0.6251649802023758
1097,Baltimore City,2199,Baltimore City Precinct 13-011,1953,712,172,246,2199,1.0,0.888130968622101,0.11186903137789904,1315,0.32378353797180537,0.07821737153251478,0.5979990904956799
1098,Baltimore City,1290,Baltimore City Precinct 13-012,1174,652,145,116,1290,1.0,0.9100775193798449,0.08992248062015504,493,0.5054263565891473,0.1124031007751938,0.3821705426356589
1099,Baltimore City,2558,Baltimore City Precinct 13-001,1793,397,78,765,2558,1.0,0.700938232994527,0.29906176700547304,2083,0.15519937451133697,0.03049257232212666,0.8143080531665363
1100,Baltimore City,1628,Baltimore City Precinct 27-047,1104,374,139,524,1628,1.0,0.6781326781326781,0.32186732186732187,1115,0.22972972972972974,0.08538083538083538,0.6848894348894349
1101,Baltimore City,1385,Baltimore City Precinct 13-002,1103,412,129,282,1385,1.0,0.7963898916967509,0.2036101083032491,844,0.29747292418772564,0.09314079422382672,0.6093862815884477
1102,Baltimore City,802,Baltimore City Precinct 27-046,669,342,91,133,802,1.0,0.8341645885286783,0.1658354114713217,369,0.42643391521197005,0.11346633416458853,0.4600997506234414
1103,Baltimore City,4732,Baltimore City Precinct 27-045,3995,655,167,737,4732,1.0,0.8442519019442096,0.15574809805579037,3910,0.13841927303465765,0.035291631445477596,0.8262890955198647
1104,Baltimore City,1486,Baltimore City Precinct 12-003,862,286,59,624,1486,1.0,0.5800807537012113,0.4199192462987887,1141,0.19246298788694483,0.039703903095558546,0.7678331090174967
1105,Baltimore City,1587,Baltimore City Precinct 12-006,1031,314,41,556,1587,1.0,0.649653434152489,0.350346565847511,1232,0.19785759294265912,0.0258349086326402,0.7763074984247007
1106,Baltimore City,1914,Baltimore City Precinct 12-005,1218,395,48,696,1914,1.0,0.6363636363636364,0.36363636363636365,1471,0.20637408568443052,0.025078369905956112,0.7685475444096134
1107,Baltimore City,3814,Baltimore City Precinct 12-004,2068,434,67,1746,3814,1.0,0.5422128998426848,0.45778710015731516,3313,0.11379129522810698,0.017566858940744626,0.8686418458311485
1108,Baltimore City,2306,Baltimore City Precinct 12-002,1529,77,33,777,2306,1.0,0.663052905464007,0.3369470945359931,2196,0.03339115351257589,0.014310494362532523,0.9522983521248916
1109,Baltimore City,2090,Baltimore City Precinct 12-001,1535,921,216,555,2090,1.0,0.7344497607655502,0.26555023923444976,953,0.44066985645933016,0.10334928229665072,0.45598086124401915
1110,Montgomery,1766,Montgomery Precinct 07-028,1362,546,225,404,1766,1.0,0.7712344280860702,0.2287655719139298,995,0.3091732729331823,0.1274065685164213,0.5634201585503964
1111,Montgomery,3027,Montgomery Precinct 10-012,1945,788,299,1082,3027,1.0,0.6425503799141064,0.35744962008589365,1940,0.2603237528906508,0.09877766765774694,0.6408985794516022
1112,Montgomery,1301,Montgomery Precinct 04-032,978,346,145,323,1301,1.0,0.7517294388931591,0.2482705611068409,810,0.26594926979246736,0.11145272867025365,0.6225980015372791
1113,Montgomery,2349,Montgomery Precinct 10-011,1333,503,145,1016,2349,1.0,0.56747552149851,0.43252447850149,1701,0.21413367390378885,0.06172839506172839,0.7241379310344828
1114,Montgomery,1957,Montgomery Precinct 04-013,1683,739,311,274,1957,1.0,0.8599897802759325,0.14001021972406746,907,0.3776188042922841,0.1589167092488503,0.4634644864588656
1115,Montgomery,2330,Montgomery Precinct 07-018,2050,940,228,280,2330,1.0,0.8798283261802575,0.12017167381974249,1162,0.4034334763948498,0.09785407725321889,0.49871244635193135
1116,Montgomery,2454,Montgomery Precinct 07-024,2091,823,287,363,2454,1.0,0.8520782396088019,0.14792176039119803,1344,0.3353708231458843,0.1169519152404238,0.5476772616136919
1117,Montgomery,1711,Montgomery Precinct 07-027,1486,584,230,225,1711,1.0,0.8684979544126242,0.1315020455873758,897,0.3413208649912332,0.13442431326709525,0.5242548217416715
1118,Montgomery,3393,Montgomery Precinct 07-013,2701,946,368,692,3393,1.0,0.7960506926024168,0.20394930739758327,2079,0.2788093132920719,0.10845859121721191,0.6127320954907162
1119,Montgomery,2602,Montgomery Precinct 07-012,2240,805,234,362,2602,1.0,0.8608762490392006,0.13912375096079937,1563,0.3093774019984627,0.08993082244427364,0.6006917755572636
1120,Montgomery,4520,Montgomery Precinct 07-004,3440,1084,310,1080,4520,1.0,0.7610619469026548,0.23893805309734514,3126,0.2398230088495575,0.06858407079646017,0.6915929203539823
1121,Montgomery,1823,Montgomery Precinct 07-007,1553,676,169,270,1823,1.0,0.8518924849149753,0.14810751508502468,978,0.37081733406472844,0.09270433351618211,0.5364783324190894
1122,Montgomery,3525,Montgomery Precinct 07-011,2810,1017,211,715,3525,1.0,0.7971631205673759,0.2028368794326241,2297,0.2885106382978723,0.059858156028368796,0.6516312056737589
1123,Montgomery,5321,Montgomery Precinct 07-026,3875,1191,239,1446,5321,1.0,0.7282465701935726,0.27175342980642736,3891,0.2238301071227213,0.04491636910355196,0.7312535237737268
1124,Montgomery,2181,Montgomery Precinct 07-001,1599,460,157,582,2181,1.0,0.7331499312242091,0.2668500687757909,1564,0.21091242549289316,0.07198532783127005,0.7171022466758368
1125,Montgomery,1793,Montgomery Precinct 07-002,1663,679,267,130,1793,1.0,0.9274958170663692,0.07250418293363078,847,0.3786949247071946,0.14891243725599554,0.4723926380368098
1126,Montgomery,2058,Montgomery Precinct 07-006,1844,429,181,214,2058,1.0,0.8960155490767736,0.10398445092322643,1448,0.20845481049562684,0.08794946550048591,0.7035957240038873
1127,Montgomery,1085,Montgomery Precinct 07-021,993,368,157,92,1085,1.0,0.9152073732718894,0.0847926267281106,560,0.3391705069124424,0.1447004608294931,0.5161290322580645
1128,Montgomery,2548,Montgomery Precinct 07-020,1786,836,289,762,2548,1.0,0.7009419152276295,0.2990580847723705,1423,0.3281004709576138,0.11342229199372056,0.5584772370486656
1129,Montgomery,2356,Montgomery Precinct 07-025,1718,796,259,638,2356,1.0,0.7292020373514432,0.2707979626485569,1301,0.3378607809847199,0.1099320882852292,0.5522071307300509
1130,Montgomery,3378,Montgomery Precinct 07-010,2587,918,275,791,3378,1.0,0.7658377738306691,0.23416222616933097,2185,0.27175843694493784,0.08140911782119598,0.6468324452338662
1131,Montgomery,1339,Montgomery Precinct 07-031,1068,500,112,271,1339,1.0,0.7976101568334578,0.20238984316654218,727,0.37341299477221807,0.08364451082897685,0.542942494398805
1132,Montgomery,3359,Montgomery Precinct 04-018,2439,797,350,920,3359,1.0,0.7261089610002978,0.2738910389997023,2212,0.23727299791604645,0.10419767788032153,0.6585293242036321
1133,Montgomery,2203,Montgomery Precinct 04-028,1437,441,101,766,2203,1.0,0.6522923286427599,0.3477076713572401,1661,0.20018157058556513,0.04584657285519746,0.7539718565592374
1134,Montgomery,3906,Montgomery Precinct 04-031,2703,878,236,1203,3906,1.0,0.6920122887864824,0.30798771121351765,2792,0.22478238607270865,0.06041986687147977,0.7147977470558116
1135,Montgomery,3257,Montgomery Precinct 04-010,2452,812,316,805,3257,1.0,0.7528400368437212,0.24715996315627878,2129,0.24930918022720294,0.09702179920171937,0.6536690205710777
1136,Montgomery,2490,Montgomery Precinct 04-017,1774,758,212,716,2490,1.0,0.7124497991967872,0.28755020080321286,1520,0.3044176706827309,0.08514056224899598,0.6104417670682731
1137,Montgomery,3550,Montgomery Precinct 04-008,2235,1210,352,1315,3550,1.0,0.6295774647887324,0.3704225352112676,1988,0.3408450704225352,0.09915492957746479,0.56
1138,Baltimore County,2293,Baltimore County Precinct 02-005,122,722,43,2171,2293,1.0,0.053205407762756216,0.9467945922372438,1528,0.31487134757959007,0.01875272568687309,0.6663759267335368
1139,Baltimore County,2631,Baltimore County Precinct 02-009,196,696,55,2435,2631,1.0,0.07449638920562524,0.9255036107943747,1880,0.2645381984036488,0.02090459901178259,0.7145572025845686
1140,Baltimore County,3860,Baltimore County Precinct 02-014,432,943,65,3428,3860,1.0,0.11191709844559586,0.8880829015544042,2852,0.24430051813471504,0.01683937823834197,0.738860103626943
1141,Baltimore County,578,Baltimore County Precinct 02-025,458,315,96,120,578,1.0,0.7923875432525952,0.20761245674740483,167,0.5449826989619377,0.16608996539792387,0.2889273356401384
1142,Baltimore County,398,Baltimore County Precinct 02-028,16,95,3,382,398,1.0,0.04020100502512563,0.9597989949748744,300,0.23869346733668342,0.007537688442211055,0.7537688442211056
1143,Baltimore County,2934,Baltimore County Precinct 02-007,310,716,49,2624,2934,1.0,0.1056578050443081,0.8943421949556919,2169,0.24403544648943423,0.016700749829584187,0.7392638036809815
1144,Baltimore County,532,Baltimore County Precinct 02-023,170,161,31,362,532,1.0,0.31954887218045114,0.6804511278195489,340,0.3026315789473684,0.05827067669172932,0.6390977443609023
1145,Baltimore County,2750,Baltimore County Precinct 02-008,424,853,87,2326,2750,1.0,0.15418181818181817,0.8458181818181818,1810,0.31018181818181817,0.031636363636363636,0.6581818181818182
1146,Baltimore County,1761,Baltimore County Precinct 03-014,1271,381,188,490,1761,1.0,0.7217490062464509,0.2782509937535491,1192,0.21635434412265758,0.10675752413401476,0.6768881317433276
1147,Baltimore County,3988,Baltimore County Precinct 02-029,1361,774,127,2627,3988,1.0,0.34127382146439317,0.6587261785356068,3087,0.19408224674022065,0.031845536609829486,0.7740722166499499
1148,Baltimore County,2503,Baltimore County Precinct 02-026,1337,630,187,1166,2503,1.0,0.5341590091889732,0.46584099081102676,1686,0.2516979624450659,0.07471034758290052,0.6735916899720336
1149,Baltimore County,4357,Baltimore County Precinct 04-001,2178,806,312,2179,4357,1.0,0.4998852421390865,0.5001147578609135,3239,0.1849896717925178,0.07160890521000689,0.7434014229974754
1150,Baltimore County,4438,Baltimore County Precinct 02-015,1185,1110,166,3253,4438,1.0,0.26701216764308244,0.7329878323569176,3162,0.2501126633618747,0.03740423614240649,0.7124831004957188
1151,Baltimore County,4253,Baltimore County Precinct 04-002,1859,877,365,2394,4253,1.0,0.4371032212555843,0.5628967787444157,3011,0.20620738302374794,0.08582177286621208,0.70797084411004
1152,Baltimore County,6218,Baltimore County Precinct 04-014,2105,819,154,4113,6218,1.0,0.3385332904470891,0.6614667095529109,5245,0.1317143776133805,0.024766806046960438,0.8435188163396591
1153,Baltimore County,2859,Baltimore County Precinct 03-012,1558,641,218,1301,2859,1.0,0.5449457852395942,0.45505421476040575,2000,0.2242042672263029,0.07625043721580972,0.6995452955578874
1154,Baltimore County,3010,Baltimore County Precinct 04-003,2691,652,547,319,3010,1.0,0.8940199335548172,0.10598006644518272,1811,0.21661129568106313,0.18172757475083057,0.6016611295681064
1155,Baltimore County,3867,Baltimore County Precinct 02-002,159,771,43,3708,3867,1.0,0.041117145073700546,0.9588828549262994,3053,0.19937936384794414,0.011119731057667443,0.7895009050943884
1156,Baltimore County,3676,Baltimore County Precinct 02-004,165,825,45,3511,3676,1.0,0.04488574537540805,0.955114254624592,2806,0.22442872687704027,0.012241566920565832,0.7633297062023939
1157,Baltimore County,1730,Baltimore County Precinct 02-001,101,512,43,1629,1730,1.0,0.05838150289017341,0.9416184971098266,1175,0.29595375722543354,0.02485549132947977,0.6791907514450867
1158,Baltimore County,3654,Baltimore County Precinct 03-001,569,980,102,3085,3654,1.0,0.15571975916803504,0.844280240831965,2572,0.2681992337164751,0.027914614121510674,0.7038861521620142
1159,Baltimore County,1886,Baltimore County Precinct 03-004,949,579,181,937,1886,1.0,0.5031813361611877,0.4968186638388123,1126,0.30699893955461294,0.09597030752916225,0.5970307529162248
1160,Baltimore County,2455,Baltimore County Precinct 03-003,535,851,100,1920,2455,1.0,0.21792260692464357,0.7820773930753564,1504,0.34663951120162934,0.04073319755600815,0.6126272912423625
1161,Baltimore County,3558,Baltimore County Precinct 03-005,2386,686,274,1172,3558,1.0,0.670601461495222,0.32939853850477796,2598,0.19280494659921305,0.07700955593029792,0.730185497470489
1162,Baltimore County,2978,Baltimore County Precinct 03-002,1405,801,147,1573,2978,1.0,0.4717931497649429,0.5282068502350571,2030,0.2689724647414372,0.0493619879113499,0.6816655473472129
1163,Baltimore City,2988,Baltimore City Precinct 28-006,115,646,36,2873,2988,1.0,0.03848728246318608,0.9615127175368139,2306,0.21619812583668005,0.012048192771084338,0.7717536813922357
1164,Baltimore City,1374,Baltimore City Precinct 28-007,38,369,15,1336,1374,1.0,0.027656477438136828,0.9723435225618632,990,0.2685589519650655,0.010917030567685589,0.7205240174672489
1165,Baltimore City,1808,Baltimore City Precinct 28-005,29,453,14,1779,1808,1.0,0.016039823008849558,0.9839601769911505,1341,0.25055309734513276,0.007743362831858407,0.7417035398230089
1166,Baltimore City,2470,Baltimore City Precinct 28-002,50,538,17,2420,2470,1.0,0.020242914979757085,0.979757085020243,1915,0.21781376518218623,0.006882591093117409,0.7753036437246964
1167,Baltimore City,882,Baltimore City Precinct 28-004,11,221,10,871,882,1.0,0.012471655328798186,0.9875283446712018,651,0.25056689342403626,0.011337868480725623,0.7380952380952381
1168,Baltimore City,1074,Baltimore City Precinct 15-002,22,242,8,1052,1074,1.0,0.020484171322160148,0.9795158286778398,824,0.22532588454376165,0.0074487895716946,0.7672253258845437
1169,Baltimore City,2856,Baltimore City Precinct 15-009,38,775,34,2818,2856,1.0,0.01330532212885154,0.9866946778711485,2047,0.2713585434173669,0.011904761904761904,0.7167366946778712
1170,Carroll,2549,Carroll Precinct 05-003,2418,526,1065,131,2549,1.0,0.9486072969792075,0.05139270302079247,958,0.20635543350333463,0.4178109062377403,0.37583366025892506
1171,Baltimore County,1541,Baltimore County Precinct 02-019,893,263,359,648,1541,1.0,0.5794938351719663,0.42050616482803377,919,0.17066839714471121,0.23296560674886438,0.5963659961064244
1172,Baltimore County,1285,Baltimore County Precinct 02-018,223,385,89,1062,1285,1.0,0.1735408560311284,0.8264591439688715,811,0.29961089494163423,0.06926070038910506,0.6311284046692607
1173,Baltimore County,37,Baltimore County Precinct 02-022,11,13,3,26,37,1.0,0.2972972972972973,0.7027027027027027,21,0.35135135135135137,0.08108108108108109,0.5675675675675675
1174,Baltimore County,823,Baltimore County Precinct 02-020,304,232,68,519,823,1.0,0.36938031591737547,0.6306196840826246,523,0.2818955042527339,0.08262454434993925,0.6354799513973268
1175,Baltimore County,4946,Baltimore County Precinct 02-012,664,1004,130,4282,4946,1.0,0.13424989890820865,0.8657501010917914,3812,0.20299231702385767,0.026283865750101092,0.7707238172260412
1176,Baltimore County,2695,Baltimore County Precinct 02-024,283,776,70,2412,2695,1.0,0.10500927643784787,0.8949907235621521,1849,0.28794063079777366,0.025974025974025976,0.6860853432282004
1177,Baltimore County,1072,Baltimore County Precinct 02-021,779,223,345,293,1072,1.0,0.726679104477612,0.2733208955223881,504,0.2080223880597015,0.3218283582089552,0.4701492537313433
1178,Baltimore County,2206,Baltimore County Precinct 02-027,459,661,101,1747,2206,1.0,0.20806890299184044,0.7919310970081596,1444,0.299637352674524,0.04578422484134179,0.6545784224841342
1179,Baltimore County,2794,Baltimore County Precinct 04-012,1642,1078,489,1152,2794,1.0,0.5876879026485325,0.41231209735146745,1227,0.3858267716535433,0.17501789549033644,0.43915533285612024
1180,Baltimore County,3497,Baltimore County Precinct 04-006,2072,662,383,1425,3497,1.0,0.5925078638833285,0.40749213611667146,2452,0.18930511867314842,0.10952244781241063,0.7011724335144409
1181,Carroll,6184,Carroll Precinct 04-001,5840,758,2242,344,6184,1.0,0.944372574385511,0.055627425614489,3184,0.12257438551099611,0.3625485122897801,0.5148771021992238
1182,Carroll,4802,Carroll Precinct 08-001,4594,521,1901,208,4802,1.0,0.9566847147022074,0.043315285297792584,2380,0.10849645980841316,0.3958767180341524,0.4956268221574344
1183,Baltimore County,4554,Baltimore County Precinct 04-007,2661,893,630,1893,4554,1.0,0.5843214756258235,0.4156785243741766,3031,0.1960913482652613,0.1383399209486166,0.6655687307861221
1184,Baltimore County,2479,Baltimore County Precinct 04-010,1427,429,258,1052,2479,1.0,0.5756353368293666,0.4243646631706333,1792,0.17305365066559097,0.10407422347720856,0.7228721258572005
1185,Baltimore County,4026,Baltimore County Precinct 04-008,3005,656,670,1021,4026,1.0,0.7463984103328366,0.25360158966716345,2700,0.16294088425235967,0.16641828117237953,0.6706408345752608
1186,Baltimore County,1997,Baltimore County Precinct 04-009,1790,301,660,207,1997,1.0,0.8963445167751627,0.10365548322483725,1036,0.15072608913370056,0.3304957436154231,0.5187781672508763
1187,Carroll,7419,Carroll Precinct 07-004,6548,864,1759,871,7419,1.0,0.8825987329828818,0.11740126701711821,4796,0.11645774363121715,0.23709394797142472,0.6464483083973581
1188,Carroll,4295,Carroll Precinct 03-001,4156,438,1504,139,4295,1.0,0.9676367869615833,0.032363213038416765,2353,0.1019790454016298,0.350174621653085,0.5478463329452852
1189,Carroll,3836,Carroll Precinct 07-002,3328,385,1039,508,3836,1.0,0.867570385818561,0.132429614181439,2412,0.10036496350364964,0.2708550573514077,0.6287799791449427
1190,Carroll,5993,Carroll Precinct 06-001,5728,642,2355,265,5993,1.0,0.9557817453695978,0.04421825463040214,2996,0.10712497914233272,0.39295845152678127,0.499916569330886
1191,Carroll,3510,Carroll Precinct 08-002,3268,417,1414,242,3510,1.0,0.931054131054131,0.06894586894586895,1679,0.1188034188034188,0.4028490028490028,0.47834757834757835
1192,Carroll,2717,Carroll Precinct 08-003,2574,406,1148,143,2717,1.0,0.9473684210526315,0.05263157894736842,1163,0.1494295178505705,0.42252484357747516,0.4280456385719544
1193,Carroll,4591,Carroll Precinct 06-002,4324,521,2030,267,4591,1.0,0.9418427357874102,0.05815726421258985,2040,0.11348290132868656,0.44216946199085166,0.4443476366804618
1194,Baltimore County,5767,Baltimore County Precinct 02-011,1008,1205,183,4759,5767,1.0,0.17478758453268597,0.825212415467314,4379,0.2089474596844113,0.031732269810993585,0.7593202705045952
1195,Baltimore County,4341,Baltimore County Precinct 02-010,384,1051,80,3957,4341,1.0,0.0884588804422944,0.9115411195577056,3210,0.24211011287721723,0.018428933425478,0.7394609536973048
1196,Baltimore County,3194,Baltimore County Precinct 02-017,337,803,66,2857,3194,1.0,0.10551033187226048,0.8944896681277396,2325,0.2514088916718848,0.020663744520976832,0.7279273638071384
1197,Baltimore County,1512,Baltimore County Precinct 02-016,259,413,46,1253,1512,1.0,0.1712962962962963,0.8287037037037037,1053,0.27314814814814814,0.03042328042328042,0.6964285714285714
1198,Baltimore County,3573,Baltimore County Precinct 02-013,562,906,97,3011,3573,1.0,0.15729079205149735,0.8427092079485027,2570,0.25356842989084805,0.02714805485586342,0.7192835152532886
1199,Baltimore County,3132,Baltimore County Precinct 02-003,421,747,91,2711,3132,1.0,0.13441890166028098,0.8655810983397191,2294,0.23850574712643677,0.02905491698595147,0.7324393358876118
1200,Baltimore County,3378,Baltimore County Precinct 02-006,350,872,76,3028,3378,1.0,0.10361160449970397,0.896388395500296,2430,0.2581409117821196,0.022498519834221433,0.7193605683836589
1201,Baltimore City,1822,Baltimore City Precinct 03-001,235,461,29,1587,1822,1.0,0.12897914379802414,0.8710208562019759,1332,0.2530186608122942,0.015916575192096598,0.7310647639956093
1202,Baltimore City,356,Baltimore City Precinct 05-002,41,37,1,315,356,1.0,0.1151685393258427,0.8848314606741573,318,0.10393258426966293,0.0028089887640449437,0.8932584269662921
1203,Baltimore City,1273,Baltimore City Precinct 10-002,8,471,18,1265,1273,1.0,0.006284367635506678,0.9937156323644933,784,0.3699921445404556,0.014139827179890024,0.6158680282796544
1204,Baltimore City,987,Baltimore City Precinct 10-001,13,391,6,974,987,1.0,0.013171225937183385,0.9868287740628167,590,0.3961499493414387,0.0060790273556231,0.5977710233029382
1205,Baltimore City,1789,Baltimore City Precinct 09-015,22,574,20,1767,1789,1.0,0.012297372833985467,0.9877026271660145,1195,0.3208496366685299,0.011179429849077696,0.6679709334823924
1206,Baltimore City,1316,Baltimore City Precinct 12-007,363,513,28,953,1316,1.0,0.27583586626139817,0.7241641337386018,775,0.3898176291793313,0.02127659574468085,0.5889057750759878
1207,Baltimore City,1357,Baltimore City Precinct 09-014,18,541,17,1339,1357,1.0,0.013264554163596167,0.9867354458364038,799,0.3986735445836404,0.012527634487840826,0.5887988209285188
1208,Baltimore City,364,Baltimore City Precinct 09-011,6,79,2,358,364,1.0,0.016483516483516484,0.9835164835164835,283,0.21703296703296704,0.005494505494505495,0.7774725274725275
1209,Baltimore City,917,Baltimore City Precinct 09-013,12,181,9,905,917,1.0,0.013086150490730643,0.9869138495092693,727,0.19738276990185388,0.009814612868047983,0.7928026172300982
1210,Baltimore City,1609,Baltimore City Precinct 09-012,36,454,18,1573,1609,1.0,0.022374145431945307,0.9776258545680547,1137,0.28216283405842135,0.011187072715972654,0.706650093225606
1211,Baltimore City,1368,Baltimore City Precinct 02-001,706,305,84,662,1368,1.0,0.5160818713450293,0.48391812865497075,979,0.22295321637426901,0.06140350877192982,0.7156432748538012
1212,Baltimore City,1117,Baltimore City Precinct 06-004,528,378,58,589,1117,1.0,0.4726947179946285,0.5273052820053715,681,0.3384064458370636,0.051924798567591766,0.6096687555953447
1213,Baltimore City,475,Baltimore City Precinct 06-003,44,170,4,431,475,1.0,0.09263157894736843,0.9073684210526316,301,0.35789473684210527,0.008421052631578947,0.6336842105263157
1214,Baltimore City,1050,Baltimore City Precinct 07-001,14,331,11,1036,1050,1.0,0.013333333333333334,0.9866666666666667,708,0.31523809523809526,0.010476190476190476,0.6742857142857143
1215,Baltimore City,556,Baltimore City Precinct 08-007,14,532,23,542,556,1.2585034013605443,0.025179856115107913,0.9748201438848921,1,0.9568345323741008,0.04136690647482014,0.0017985611510791368
1216,Baltimore City,250,Baltimore City Precinct 07-002,11,72,3,239,250,1.0,0.044,0.956,175,0.288,0.012,0.7
1217,Baltimore City,819,Baltimore City Precinct 06-002,107,209,17,712,819,1.0,0.13064713064713065,0.8693528693528694,593,0.25518925518925517,0.020757020757020756,0.724053724053724
1218,Baltimore City,2445,Baltimore City Precinct 07-003,84,631,30,2361,2445,1.0,0.0343558282208589,0.9656441717791411,1784,0.25807770961145193,0.012269938650306749,0.7296523517382413
1219,Baltimore City,986,Baltimore City Precinct 08-008,30,332,105,956,986,1.0,0.030425963488843813,0.9695740365111561,549,0.3367139959432049,0.10649087221095335,0.5567951318458418
1220,Baltimore City,1928,Baltimore City Precinct 08-006,31,730,24,1897,1928,1.0,0.016078838174273857,0.9839211618257261,1174,0.37863070539419086,0.012448132780082987,0.6089211618257261
1221,Baltimore City,1774,Baltimore City Precinct 08-005,22,492,16,1752,1774,1.0,0.012401352874859075,0.9875986471251409,1266,0.2773393461104848,0.009019165727170236,0.713641488162345
1222,Baltimore City,1071,Baltimore City Precinct 08-009,21,24,5,1050,1071,1.0,0.0196078431372549,0.9803921568627451,1042,0.022408963585434174,0.004668534080298786,0.972922502334267
1223,Baltimore City,473,Baltimore City Precinct 08-004,8,131,3,465,473,1.0,0.016913319238900635,0.9830866807610994,339,0.2769556025369979,0.006342494714587738,0.7167019027484144
1224,Baltimore City,951,Baltimore City Precinct 26-008,818,302,257,133,951,1.0,0.8601472134595163,0.1398527865404837,392,0.3175604626708728,0.27024185068349105,0.41219768664563616
1225,Baltimore City,2859,Baltimore City Precinct 01-004,2482,509,441,377,2859,1.0,0.8681357117873383,0.13186428821266177,1909,0.17803427771948233,0.15424973767051417,0.6677159846100035
1226,Baltimore City,3180,Baltimore City Precinct 01-005,2843,680,574,337,3180,1.0,0.8940251572327044,0.1059748427672956,1926,0.2138364779874214,0.18050314465408804,0.6056603773584905
1227,Baltimore City,3113,Baltimore City Precinct 26-009,2667,529,436,446,3113,1.0,0.856729842595567,0.14327015740443302,2148,0.16993254095727595,0.14005782203662062,0.6900096370061034
1228,Baltimore City,1478,Baltimore City Precinct 26-006,963,207,139,515,1478,1.0,0.6515561569688768,0.34844384303112313,1132,0.14005412719891747,0.09404600811907984,0.7658998646820027
1229,Baltimore City,1558,Baltimore City Precinct 01-001,1017,375,162,541,1558,1.0,0.6527599486521181,0.3472400513478819,1021,0.24069319640564826,0.10397946084724005,0.6553273427471117
1230,Baltimore City,3120,Baltimore City Precinct 06-005,1381,658,148,1739,3120,1.0,0.4426282051282051,0.5573717948717949,2314,0.2108974358974359,0.047435897435897434,0.7416666666666667
1231,Baltimore City,1744,Baltimore City Precinct 06-001,198,374,36,1546,1744,1.0,0.11353211009174312,0.8864678899082569,1334,0.21444954128440366,0.020642201834862386,0.7649082568807339
1232,Baltimore City,1555,Baltimore City Precinct 23-001,1384,401,230,171,1555,1.0,0.890032154340836,0.10996784565916398,924,0.25787781350482314,0.14790996784565916,0.5942122186495177
1233,Baltimore City,1449,Baltimore City Precinct 22-002,1253,503,238,196,1449,1.0,0.8647342995169082,0.13526570048309178,708,0.347135955831608,0.1642512077294686,0.4886128364389234
1234,Baltimore City,1095,Baltimore City Precinct 22-001,797,263,111,298,1095,1.0,0.7278538812785388,0.27214611872146116,721,0.2401826484018265,0.10136986301369863,0.6584474885844749
1235,Baltimore City,1382,Baltimore City Precinct 19-001,24,437,12,1358,1382,1.0,0.017366136034732273,0.9826338639652678,933,0.31620839363241676,0.008683068017366137,0.6751085383502171
1236,Baltimore City,1137,Baltimore City Precinct 16-003,9,257,10,1128,1137,1.0,0.0079155672823219,0.9920844327176781,870,0.2260334212840809,0.008795074758135445,0.7651715039577837
1237,Baltimore City,1737,Baltimore City Precinct 16-002,27,373,10,1710,1737,1.0,0.015544041450777202,0.9844559585492227,1354,0.21473805411629246,0.0057570523891767415,0.7795048934945308
1238,Baltimore City,985,Baltimore City Precinct 16-001,18,254,10,967,985,1.0,0.018274111675126905,0.9817258883248731,721,0.2578680203045685,0.01015228426395939,0.7319796954314721
1239,Baltimore City,1226,Baltimore City Precinct 18-001,14,276,10,1212,1226,1.0,0.011419249592169658,0.9885807504078303,940,0.22512234910277323,0.008156606851549755,0.766721044045677
1240,Baltimore City,1367,Baltimore City Precinct 17-002,16,773,30,1351,1367,1.0,0.011704462326261888,0.9882955376737381,564,0.5654718361375274,0.021945866861741038,0.4125822970007315
1241,Baltimore City,1008,Baltimore City Precinct 14-003,24,276,14,984,1008,1.0,0.023809523809523808,0.9761904761904762,718,0.27380952380952384,0.013888888888888888,0.7123015873015873
1242,Baltimore City,1794,Baltimore City Precinct 15-019,31,32,2,1763,1794,1.0,0.017279821627647716,0.9827201783723523,1760,0.017837235228539576,0.0011148272017837235,0.9810479375696767
1243,Baltimore City,529,Baltimore City Precinct 14-005,4,163,5,525,529,1.0,0.007561436672967864,0.9924385633270322,361,0.30812854442344045,0.00945179584120983,0.6824196597353497
1244,Baltimore City,1897,Baltimore City Precinct 13-008,110,557,25,1787,1897,1.0,0.05798629414865577,0.9420137058513443,1315,0.29362150764364786,0.013178703215603585,0.6931997891407485
1245,Baltimore City,1483,Baltimore City Precinct 13-007,15,480,23,1468,1483,1.0,0.010114632501685773,0.9898853674983142,980,0.32366824005394473,0.015509103169251517,0.6608226567768037
1246,Baltimore City,2314,Baltimore City Precinct 14-004,223,741,47,2091,2314,1.0,0.09636992221261884,0.9036300777873811,1526,0.3202247191011236,0.02031114952463267,0.6594641313742438
1247,Baltimore City,1277,Baltimore City Precinct 13-009,88,349,10,1189,1277,1.0,0.06891151135473766,0.9310884886452623,918,0.27329678935003915,0.007830853563038372,0.7188723570869224
1248,Baltimore City,1887,Baltimore City Precinct 13-010,272,446,27,1615,1887,1.0,0.14414414414414414,0.8558558558558559,1414,0.2363540010598834,0.014308426073131956,0.7493375728669847
1249,Baltimore City,588,Baltimore City Precinct 04-003,33,189,6,555,588,1.0,0.05612244897959184,0.9438775510204082,393,0.32142857142857145,0.01020408163265306,0.6683673469387755
1250,Baltimore City,2521,Baltimore City Precinct 04-002,1231,570,131,1290,2521,1.0,0.48829829432764776,0.5117017056723523,1820,0.2261007536691789,0.05196350654502182,0.7219357397857993
1251,Baltimore City,1979,Baltimore City Precinct 17-001,162,60,1,1817,1979,1.0,0.08185952501263265,0.9181404749873674,1918,0.03031834259727135,0.0005053057099545225,0.9691763516927742
1252,Baltimore City,1028,Baltimore City Precinct 11-004,115,28,3,913,1028,1.0,0.11186770428015565,0.8881322957198443,997,0.027237354085603113,0.0029182879377431907,0.9698443579766537
1253,Baltimore City,1704,Baltimore City Precinct 11-003,892,574,74,812,1704,1.0,0.5234741784037559,0.4765258215962441,1056,0.3368544600938967,0.04342723004694836,0.6197183098591549
1254,Baltimore City,2097,Baltimore City Precinct 04-001,924,199,66,1173,2097,1.0,0.4406294706723891,0.5593705293276109,1832,0.09489747257987602,0.031473533619456366,0.8736289938006676
1255,Baltimore City,2967,Baltimore City Precinct 11-006,1600,724,100,1367,2967,1.0,0.5392652510953826,0.46073474890461746,2143,0.2440175261206606,0.03370407819346141,0.722278395685878
1256,Baltimore City,870,Baltimore City Precinct 11-005,547,422,39,323,870,1.0,0.628735632183908,0.37126436781609196,409,0.4850574712643678,0.04482758620689655,0.47011494252873565
1257,Baltimore City,645,Baltimore City Precinct 11-002,302,161,26,343,645,1.0,0.4682170542635659,0.5317829457364341,458,0.2496124031007752,0.040310077519379844,0.710077519379845
1258,Baltimore City,1818,Baltimore City Precinct 11-007,1109,519,73,709,1818,1.0,0.61001100110011,0.38998899889988997,1226,0.2854785478547855,0.040154015401540157,0.6743674367436744
1259,Baltimore City,1899,Baltimore City Precinct 11-001,1177,522,68,722,1899,1.0,0.6197998946814113,0.3802001053185887,1309,0.27488151658767773,0.03580832016850974,0.6893101632438126
1260,Baltimore City,1670,Baltimore City Precinct 14-002,830,280,21,840,1670,1.0,0.49700598802395207,0.5029940119760479,1369,0.16766467065868262,0.012574850299401197,0.8197604790419162
1261,Baltimore City,1524,Baltimore City Precinct 14-001,930,366,34,594,1524,1.0,0.610236220472441,0.38976377952755903,1124,0.24015748031496062,0.02230971128608924,0.7375328083989501
1262,Baltimore City,2304,Baltimore City Precinct 12-009,1078,481,97,1226,2304,1.0,0.4678819444444444,0.5321180555555556,1726,0.2087673611111111,0.04210069444444445,0.7491319444444444
1263,Baltimore City,1485,Baltimore City Precinct 12-012,447,490,30,1038,1485,1.0,0.301010101010101,0.6989898989898989,965,0.32996632996632996,0.020202020202020204,0.6498316498316499
1264,Montgomery,3965,Montgomery Precinct 07-008,2981,843,232,984,3965,1.0,0.7518284993694829,0.24817150063051702,2890,0.21261034047919294,0.05851197982345523,0.7288776796973518
1265,Montgomery,2847,Montgomery Precinct 07-009,2231,757,203,616,2847,1.0,0.7836318932209343,0.21636810677906568,1887,0.26589392342817,0.07130312609764665,0.6628029504741834
1266,Montgomery,1400,Montgomery Precinct 07-032,1222,342,181,178,1400,1.0,0.8728571428571429,0.12714285714285714,877,0.24428571428571427,0.12928571428571428,0.6264285714285714
1267,Montgomery,1964,Montgomery Precinct 07-016,1563,670,191,401,1964,1.0,0.7958248472505092,0.20417515274949083,1103,0.3411405295315682,0.09725050916496945,0.5616089613034623
1268,Montgomery,3443,Montgomery Precinct 04-004,2536,726,195,907,3443,1.0,0.7365669474295672,0.26343305257043276,2522,0.2108626198083067,0.05663665408074354,0.7325007261109497
1269,Montgomery,5607,Montgomery Precinct 04-015,2542,492,126,3065,5607,1.0,0.45336186909220616,0.5466381309077938,4989,0.08774745853397539,0.02247191011235955,0.889780631353665
1270,Montgomery,4958,Montgomery Precinct 13-025,1182,1103,261,3776,4958,1.0,0.23840258168616377,0.7615974183138362,3594,0.22246873739411052,0.05264219443323921,0.7248890681726503
1271,Montgomery,2485,Montgomery Precinct 13-034,1903,859,240,582,2485,1.0,0.7657947686116701,0.23420523138833,1386,0.34567404426559356,0.096579476861167,0.5577464788732395
1272,Montgomery,2625,Montgomery Precinct 13-040,1669,744,237,956,2625,1.0,0.6358095238095238,0.3641904761904762,1644,0.2834285714285714,0.09028571428571429,0.6262857142857143
1273,Montgomery,1874,Montgomery Precinct 06-009,1464,604,600,410,1874,1.0,0.7812166488794023,0.21878335112059766,670,0.3223052294557097,0.32017075773745995,0.3575240128068303
1274,Montgomery,2092,Montgomery Precinct 06-001,1647,448,498,445,2092,1.0,0.7872848948374761,0.2127151051625239,1146,0.21414913957934992,0.23804971319311663,0.5478011472275335
1275,Montgomery,4802,Montgomery Precinct 06-011,1585,929,413,3217,4802,1.0,0.33007080383173676,0.6699291961682632,3460,0.19346105789254478,0.08600583090379009,0.7205331112036651
1276,Montgomery,3610,Montgomery Precinct 06-007,1633,935,479,1977,3610,1.0,0.4523545706371191,0.5476454293628809,2196,0.2590027700831025,0.13268698060941828,0.6083102493074792
1277,Montgomery,4116,Montgomery Precinct 06-010,1639,971,271,2477,4116,1.0,0.39820213799805637,0.6017978620019436,2874,0.2359086491739553,0.06584062196307094,0.6982507288629738
1278,Montgomery,4374,Montgomery Precinct 02-004,2221,1105,457,2153,4374,1.0,0.5077732053040696,0.4922267946959305,2812,0.2526291723822588,0.10448102423411065,0.6428898033836306
1279,Montgomery,3017,Montgomery Precinct 06-006,1327,910,372,1690,3017,1.0,0.4398409015578389,0.560159098442161,1735,0.30162412993039445,0.12330129267484256,0.575074577394763
1280,Montgomery,2009,Montgomery Precinct 06-005,1479,1008,638,530,2009,1.0,0.7361871577899453,0.26381284221005474,363,0.5017421602787456,0.3175709308113489,0.18068690890990544
1281,Montgomery,1603,Montgomery Precinct 06-014,922,357,169,681,1603,1.0,0.5751715533374921,0.4248284466625078,1077,0.22270742358078602,0.10542732376793512,0.6718652526512788
1282,Montgomery,1874,Montgomery Precinct 06-013,1179,579,216,695,1874,1.0,0.6291355389541089,0.37086446104589116,1079,0.3089647812166489,0.1152614727854856,0.5757737459978656
1283,Montgomery,2208,Montgomery Precinct 06-004,1418,745,305,790,2208,1.0,0.6422101449275363,0.35778985507246375,1158,0.3374094202898551,0.1381340579710145,0.5244565217391305
1284,Montgomery,3777,Montgomery Precinct 09-027,2856,1080,453,921,3777,1.0,0.756155679110405,0.24384432088959493,2244,0.28594122319301035,0.1199364575059571,0.5941223193010325
1285,Montgomery,2727,Montgomery Precinct 04-020,1503,1059,623,1224,2727,1.0,0.5511551155115512,0.44884488448844884,1045,0.38833883388338836,0.22845617895122847,0.3832049871653832
1286,Montgomery,3226,Montgomery Precinct 04-024,1681,731,330,1545,3226,1.0,0.5210787352758834,0.47892126472411656,2165,0.22659640421574706,0.10229386236825791,0.671109733415995
1287,Montgomery,3648,Montgomery Precinct 06-008,1578,606,266,2070,3648,1.0,0.43256578947368424,0.5674342105263158,2776,0.16611842105263158,0.07291666666666667,0.7609649122807017
1288,Montgomery,4395,Montgomery Precinct 09-035,3188,1085,540,1207,4395,1.0,0.7253697383390216,0.27463026166097837,2770,0.24687144482366324,0.12286689419795221,0.6302616609783845
1289,Baltimore City,1691,Baltimore City Precinct 16-009,6,522,8,1685,1691,1.0,0.0035481963335304554,0.9964518036664696,1161,0.3086930810171496,0.004730928444707274,0.6865759905381431
1290,Baltimore City,1025,Baltimore City Precinct 16-010,10,293,4,1015,1025,1.0,0.00975609756097561,0.9902439024390244,728,0.28585365853658534,0.003902439024390244,0.7102439024390244
1291,Baltimore City,936,Baltimore City Precinct 16-011,6,239,10,930,936,1.0,0.00641025641025641,0.9935897435897436,687,0.2553418803418803,0.010683760683760684,0.7339743589743589
1292,Baltimore City,365,Baltimore City Precinct 15-012,13,82,2,352,365,1.0,0.03561643835616438,0.9643835616438357,281,0.22465753424657534,0.005479452054794521,0.7698630136986301
1293,Baltimore City,1645,Baltimore City Precinct 15-007,21,424,10,1624,1645,1.0,0.01276595744680851,0.9872340425531915,1211,0.25775075987841944,0.0060790273556231,0.7361702127659574
1294,Baltimore City,754,Baltimore City Precinct 15-013,5,225,11,749,754,1.0,0.006631299734748011,0.993368700265252,518,0.2984084880636605,0.014588859416445624,0.6870026525198939
1295,Baltimore City,813,Baltimore City Precinct 15-015,5,203,11,808,813,1.0,0.006150061500615006,0.993849938499385,599,0.24969249692496925,0.013530135301353014,0.7367773677736777
1296,Baltimore City,1295,Baltimore City Precinct 15-014,10,427,9,1285,1295,1.0,0.007722007722007722,0.9922779922779923,859,0.32972972972972975,0.0069498069498069494,0.6633204633204633
1297,Baltimore City,1699,Baltimore City Precinct 15-006,17,541,17,1682,1699,1.0,0.010005885815185403,0.9899941141848146,1141,0.31842260153031193,0.010005885815185403,0.6715715126545027
1298,Baltimore City,964,Baltimore City Precinct 16-007,6,449,14,958,964,1.0,0.006224066390041493,0.9937759336099585,501,0.4657676348547718,0.014522821576763486,0.5197095435684648
1299,Baltimore City,1884,Baltimore City Precinct 16-006,7,508,22,1877,1884,1.0,0.0037154989384288748,0.9962845010615711,1354,0.26963906581740976,0.01167728237791932,0.7186836518046709
1300,Baltimore City,1791,Baltimore City Precinct 20-001,30,464,17,1761,1791,1.0,0.01675041876046901,0.983249581239531,1310,0.25907314349525407,0.009491903964265773,0.7314349525404802
1301,Baltimore City,764,Baltimore City Precinct 16-004,12,156,8,752,764,1.0,0.015706806282722512,0.9842931937172775,600,0.20418848167539266,0.010471204188481676,0.7853403141361257
1302,Baltimore City,2126,Baltimore City Precinct 16-005,27,519,14,2099,2126,1.0,0.012699905926622766,0.9873000940733773,1593,0.24412041392285982,0.00658513640639699,0.7492944496707432
1303,Baltimore City,1404,Baltimore City Precinct 15-018,4,918,37,1400,1404,1.0,0.002849002849002849,0.9971509971509972,449,0.6538461538461539,0.026353276353276354,0.3198005698005698
1304,Baltimore City,1040,Baltimore City Precinct 15-016,9,262,4,1031,1040,1.0,0.008653846153846154,0.9913461538461539,774,0.2519230769230769,0.0038461538461538464,0.7442307692307693
1305,Baltimore City,2987,Baltimore City Precinct 15-020,37,705,29,2950,2987,1.0,0.012387010378305993,0.987612989621694,2253,0.23602276531637095,0.009708737864077669,0.7542684968195514
1306,Baltimore City,1237,Baltimore City Precinct 15-021,14,284,6,1223,1237,1.0,0.01131770412287793,0.9886822958771221,947,0.22958771220695232,0.004850444624090542,0.7655618431689571
1307,Baltimore City,1807,Baltimore City Precinct 15-017,23,630,24,1784,1807,1.0,0.012728278915329275,0.9872717210846708,1153,0.3486441615938019,0.013281682346430549,0.6380741560597676
1308,Baltimore City,1062,Baltimore City Precinct 25-006,24,368,10,1038,1062,1.0,0.022598870056497175,0.9774011299435028,684,0.3465160075329567,0.009416195856873822,0.6440677966101694
1309,Baltimore City,596,Baltimore City Precinct 25-007,133,168,17,463,596,1.0,0.2231543624161074,0.7768456375838926,411,0.28187919463087246,0.028523489932885907,0.6895973154362416
1310,Baltimore City,2234,Baltimore City Precinct 21-003,992,531,116,1242,2234,1.0,0.4440465532676813,0.5559534467323187,1587,0.2376902417188899,0.051924798567591766,0.7103849597135183
1311,Baltimore City,3343,Baltimore City Precinct 19-002,1090,490,78,2253,3343,1.0,0.3260544421178582,0.6739455578821418,2775,0.14657493269518396,0.023332336224947653,0.8300927310798684
1312,Baltimore City,489,Baltimore City Precinct 21-004,246,148,33,243,489,1.0,0.5030674846625767,0.49693251533742333,308,0.30265848670756645,0.06748466257668712,0.6298568507157464
1313,Baltimore City,1952,Baltimore City Precinct 18-002,558,380,51,1394,1952,1.0,0.2858606557377049,0.7141393442622951,1521,0.19467213114754098,0.02612704918032787,0.7792008196721312
1314,Baltimore City,1673,Baltimore City Precinct 21-002,672,489,90,1001,1673,1.0,0.401673640167364,0.5983263598326359,1094,0.29228930065750147,0.05379557680812911,0.6539151225343693
1315,Baltimore City,2033,Baltimore City Precinct 23-003,1802,545,372,231,2033,1.0,0.8863748155435317,0.11362518445646827,1116,0.2680767338908018,0.18298081652729956,0.5489424495818986
1316,Baltimore City,1153,Baltimore City Precinct 21-001,755,215,62,398,1153,1.0,0.6548135299219427,0.34518647007805725,876,0.18647007805724197,0.053772766695576756,0.7597571552471812
1317,Baltimore City,1038,Baltimore City Precinct 23-002,584,325,100,454,1038,1.0,0.5626204238921002,0.4373795761078998,613,0.313102119460501,0.09633911368015415,0.5905587668593449
1318,Baltimore City,2506,Baltimore City Precinct 20-007,148,498,36,2358,2506,1.0,0.05905826017557861,0.9409417398244214,1972,0.19872306464485234,0.014365522745411013,0.7869114126097366
1319,Baltimore City,2106,Baltimore City Precinct 28-010,255,466,45,1851,2106,1.0,0.12108262108262108,0.8789173789173789,1595,0.22127255460588793,0.021367521367521368,0.7573599240265907
1320,Baltimore City,458,Baltimore City Precinct 28-012,55,270,65,403,458,1.0,0.12008733624454149,0.8799126637554585,123,0.5895196506550219,0.14192139737991266,0.2685589519650655
1321,Baltimore City,2423,Baltimore City Precinct 28-009,274,626,49,2149,2423,1.0,0.1130829550144449,0.8869170449855551,1748,0.258357408171688,0.02022286421791168,0.7214197276104003
1322,Baltimore City,1962,Baltimore City Precinct 28-011,173,441,49,1789,1962,1.0,0.08817533129459736,0.9118246687054027,1472,0.22477064220183487,0.024974515800203875,0.7502548419979612
1323,Baltimore City,3079,Baltimore City Precinct 20-006,15,800,23,3064,3079,1.0,0.004871711594673595,0.9951282884053264,2256,0.25982461838259174,0.007469957778499512,0.7327054238389087
1324,Baltimore City,3001,Baltimore City Precinct 16-014,29,589,22,2972,3001,1.0,0.009663445518160613,0.9903365544818394,2390,0.1962679106964345,0.007330889703432189,0.7964011996001333
1325,Baltimore City,1740,Baltimore City Precinct 28-008,83,385,7,1657,1740,1.0,0.04770114942528736,0.9522988505747126,1348,0.22126436781609196,0.004022988505747126,0.774712643678161
1326,Baltimore City,1451,Baltimore City Precinct 15-011,43,421,24,1408,1451,1.0,0.029634734665747762,0.9703652653342523,1006,0.290144727773949,0.016540317022742935,0.6933149552033081
1327,Baltimore City,1492,Baltimore City Precinct 15-010,39,387,15,1453,1492,1.0,0.02613941018766756,0.9738605898123325,1090,0.2593833780160858,0.010053619302949061,0.7305630026809652
1328,Anne Arundel,1793,Anne Arundel Precinct 04-013,1507,249,485,286,1793,1.0,0.8404907975460123,0.15950920245398773,1059,0.1388733965421082,0.2704963747908533,0.5906302286670385
1329,Anne Arundel,2683,Anne Arundel Precinct 02-021,2136,437,910,547,2683,1.0,0.7961237420797614,0.20387625792023853,1336,0.1628773760715617,0.33917256802087214,0.49795005590756614
1330,Anne Arundel,1317,Anne Arundel Precinct 05-015,1236,205,328,81,1317,1.0,0.9384965831435079,0.06150341685649203,784,0.1556567957479119,0.24905087319665908,0.595292331055429
1331,Anne Arundel,1928,Anne Arundel Precinct 02-018,1261,430,325,667,1928,1.0,0.654045643153527,0.345954356846473,1173,0.22302904564315354,0.16856846473029047,0.608402489626556
1332,Anne Arundel,2386,Anne Arundel Precinct 02-015,1415,528,399,971,2386,1.0,0.5930427493713327,0.4069572506286672,1459,0.22129086336965634,0.1672254819782062,0.6114836546521375
1333,Anne Arundel,1151,Anne Arundel Precinct 05-033,988,254,577,163,1151,1.0,0.8583840139009556,0.1416159860990443,320,0.2206776715899218,0.5013032145960035,0.27801911381407474
1334,Anne Arundel,2500,Anne Arundel Precinct 02-004,1644,435,481,856,2500,1.0,0.6576,0.3424,1584,0.174,0.1924,0.6336
1335,Anne Arundel,2846,Anne Arundel Precinct 02-009,1587,580,362,1259,2846,1.0,0.5576247364722418,0.44237526352775824,1904,0.2037947997189037,0.12719606465214336,0.6690091356289529
1336,Anne Arundel,2844,Anne Arundel Precinct 02-007,2016,566,575,828,2844,1.0,0.7088607594936709,0.2911392405063291,1703,0.1990154711673699,0.20218002812939523,0.5988045007032349
1337,Anne Arundel,2177,Anne Arundel Precinct 01-009,1913,270,584,264,2177,1.0,0.8787322002756086,0.12126779972439136,1323,0.1240238860817639,0.26825907211759303,0.6077170418006431
1338,Anne Arundel,2304,Anne Arundel Precinct 02-003,1599,359,501,705,2304,1.0,0.6940104166666666,0.3059895833333333,1444,0.1558159722222222,0.21744791666666666,0.6267361111111112
1339,Anne Arundel,3752,Anne Arundel Precinct 02-017,1881,596,279,1871,3752,1.0,0.5013326226012793,0.4986673773987207,2877,0.15884861407249468,0.07436034115138593,0.7667910447761194
1340,Anne Arundel,4380,Anne Arundel Precinct 02-014,1844,849,262,2536,4380,1.0,0.42100456621004567,0.5789954337899543,3269,0.19383561643835617,0.059817351598173515,0.7463470319634703
1341,Anne Arundel,1399,Anne Arundel Precinct 02-002,1086,403,369,313,1399,1.0,0.7762687634024303,0.2237312365975697,627,0.28806290207290924,0.26375982844889206,0.4481772694781987
1342,Anne Arundel,3009,Anne Arundel Precinct 02-005,1892,443,409,1117,3009,1.0,0.6287803256895979,0.37121967431040215,2157,0.1472249916915919,0.1359255566633433,0.7168494516450648
1343,Anne Arundel,2023,Anne Arundel Precinct 02-006,1608,296,404,415,2023,1.0,0.7948591201186357,0.2051408798813643,1323,0.1463173504695996,0.19970341077607515,0.6539792387543253
1344,Anne Arundel,2540,Anne Arundel Precinct 01-003,2035,310,551,505,2540,1.0,0.8011811023622047,0.19881889763779528,1679,0.1220472440944882,0.2169291338582677,0.6610236220472441
1345,Anne Arundel,1582,Anne Arundel Precinct 02-016,1282,198,346,300,1582,1.0,0.8103666245259166,0.18963337547408343,1038,0.12515802781289506,0.21871049304677623,0.6561314791403287
1346,Anne Arundel,2689,Anne Arundel Precinct 02-008,2286,395,658,403,2689,1.0,0.8501301599107475,0.1498698400892525,1636,0.14689475641502417,0.24470063220528077,0.608404611379695
1347,Anne Arundel,1929,Anne Arundel Precinct 04-014,1789,305,535,140,1929,1.0,0.9274235355106273,0.07257646448937273,1089,0.15811301192327631,0.2773457750129601,0.5645412130637636
1348,Anne Arundel,1584,Anne Arundel Precinct 05-019,1501,216,488,83,1584,1.0,0.94760101010101,0.052398989898989896,880,0.13636363636363635,0.30808080808080807,0.5555555555555556
1349,Howard,2057,Howard Precinct 02-008,1283,433,459,774,2057,1.0,0.6237238697131745,0.3762761302868255,1165,0.21050072921730675,0.2231404958677686,0.5663587749149247
1350,Baltimore County,4946,Baltimore County Precinct 01-017,607,1224,142,4339,4946,1.0,0.12272543469470279,0.8772745653052972,3580,0.24747270521633644,0.028710068742418115,0.7238172260412454
1351,Baltimore County,3184,Baltimore County Precinct 01-012,2973,636,747,211,3184,1.0,0.9337311557788944,0.06626884422110553,1801,0.19974874371859297,0.2346105527638191,0.565640703517588
1352,Baltimore County,2703,Baltimore County Precinct 01-011,2226,594,715,477,2703,1.0,0.8235294117647058,0.17647058823529413,1394,0.21975582685904552,0.26452090270070294,0.5157232704402516
1353,Baltimore County,2485,Baltimore County Precinct 01-013,2365,589,588,120,2485,1.0,0.9517102615694165,0.0482897384305835,1308,0.2370221327967807,0.23661971830985915,0.5263581488933602
1354,Baltimore County,3127,Baltimore County Precinct 01-010,2439,674,530,688,3127,1.0,0.7799808122801407,0.2200191877198593,1923,0.21554205308602495,0.1694915254237288,0.6149664214902463
1355,Baltimore County,3549,Baltimore County Precinct 01-003,1415,843,304,2134,3549,1.0,0.3987038602423218,0.6012961397576783,2402,0.2375316990701606,0.08565793181177797,0.6768103691180615
1356,Baltimore County,3716,Baltimore County Precinct 01-004,1339,981,322,2377,3716,1.0,0.36033369214208827,0.6396663078579118,2413,0.2639935414424112,0.08665231431646932,0.6493541442411195
1357,Baltimore County,2265,Baltimore County Precinct 01-002,437,534,94,1828,2265,1.0,0.19293598233995585,0.8070640176600441,1637,0.23576158940397351,0.04150110375275938,0.7227373068432671
1358,Howard,2252,Howard Precinct 01-008,1565,517,421,687,2252,1.0,0.6949378330373002,0.30506216696269983,1314,0.22957371225577264,0.1869449378330373,0.58348134991119
1359,Howard,1598,Howard Precinct 01-013,988,484,479,610,1598,1.0,0.6182728410513142,0.38172715894868586,635,0.30287859824780977,0.2997496871088861,0.3973717146433041
1360,Howard,2627,Howard Precinct 01-001,2032,646,750,595,2627,1.0,0.7735059002664636,0.22649409973353635,1231,0.2459078797106966,0.2854967643700038,0.46859535591929957
1361,Baltimore County,5998,Baltimore County Precinct 01-014,3956,393,566,2042,5998,1.0,0.6595531843947983,0.34044681560520174,5039,0.06552184061353784,0.09436478826275425,0.8401133711237079
1362,Baltimore County,2893,Baltimore County Precinct 13-004,2610,354,679,283,2893,1.0,0.9021776702385067,0.09782232976149326,1860,0.1223643276875216,0.2347044590390598,0.6429312132734186
1363,Baltimore County,3240,Baltimore County Precinct 13-003,2835,314,635,405,3240,1.0,0.875,0.125,2291,0.09691358024691359,0.19598765432098766,0.7070987654320988
1364,Baltimore County,2641,Baltimore County Precinct 13-002,2319,298,435,322,2641,1.0,0.8780764861794774,0.12192351382052254,1908,0.11283604695191216,0.16471033699356305,0.7224536160545248
1365,Baltimore County,2840,Baltimore County Precinct 13-005,2397,386,781,443,2840,1.0,0.8440140845070423,0.15598591549295773,1673,0.1359154929577465,0.275,0.5890845070422536
1366,Baltimore County,3604,Baltimore County Precinct 01-009,1703,583,340,1901,3604,1.0,0.47253052164261933,0.5274694783573807,2681,0.16176470588235295,0.09433962264150944,0.7438956714761377
1367,Baltimore County,3870,Baltimore County Precinct 01-015,2674,592,594,1196,3870,1.0,0.6909560723514212,0.3090439276485788,2684,0.1529715762273902,0.15348837209302327,0.6935400516795865
1368,Baltimore County,2349,Baltimore County Precinct 01-007,1200,528,255,1149,2349,1.0,0.5108556832694764,0.4891443167305236,1566,0.2247765006385696,0.10855683269476372,0.6666666666666666
1369,Baltimore County,4333,Baltimore County Precinct 01-008,3296,789,610,1037,4333,1.0,0.7606738979921532,0.23932610200784676,2934,0.18209093007154398,0.14078006000461574,0.6771290099238403
1370,Baltimore County,4435,Baltimore County Precinct 01-005,1415,1056,258,3020,4435,1.0,0.31905298759864714,0.6809470124013529,3121,0.23810597519729426,0.05817361894024803,0.7037204058624578
1371,Baltimore County,4619,Baltimore County Precinct 01-001,871,1027,125,3748,4619,1.0,0.1885689543191167,0.8114310456808833,3467,0.22234249837627193,0.027062134661182072,0.750595366962546
1372,Baltimore County,4031,Baltimore County Precinct 01-006,733,1250,121,3298,4031,1.0,0.18184073430910444,0.8181592656908956,2660,0.31009675018605803,0.03001736541801042,0.6598858843959315
1373,Baltimore County,4012,Baltimore County Precinct 13-001,2036,457,387,1976,4012,1.0,0.5074775672981057,0.49252243270189433,3168,0.11390827517447658,0.09646061814556331,0.7896311066799602
1374,Baltimore County,2661,Baltimore County Precinct 01-016,2481,545,505,180,2661,1.0,0.9323562570462233,0.06764374295377677,1611,0.20481022172115745,0.1897782788425404,0.6054114994363021
1375,Baltimore City,2932,Baltimore City Precinct 28-015,976,509,104,1956,2932,1.0,0.3328785811732606,0.6671214188267395,2319,0.17360163710777626,0.03547066848567531,0.7909276944065484
1376,Baltimore City,2794,Baltimore City Precinct 25-001,329,813,63,2465,2794,1.0,0.11775232641374374,0.8822476735862562,1918,0.29098067287043666,0.022548317823908374,0.686471009305655
1377,Baltimore City,742,Baltimore City Precinct 28-014,55,190,10,687,742,1.0,0.07412398921832884,0.9258760107816711,542,0.2560646900269542,0.013477088948787063,0.7304582210242587
1378,Baltimore City,2138,Baltimore City Precinct 25-002,205,544,38,1933,2138,1.0,0.09588400374181479,0.9041159962581852,1556,0.25444340505144997,0.01777362020579981,0.7277829747427502
1379,Baltimore City,1494,Baltimore City Precinct 28-013,105,308,23,1389,1494,1.0,0.07028112449799197,0.929718875502008,1163,0.20615796519410978,0.015394912985274432,0.7784471218206158
1380,Baltimore City,714,Baltimore City Precinct 20-008,104,152,14,610,714,1.0,0.14565826330532214,0.8543417366946778,548,0.21288515406162464,0.0196078431372549,0.7675070028011205
1381,Montgomery,3114,Montgomery Precinct 09-033,1608,375,162,1506,3114,1.0,0.5163776493256262,0.4836223506743738,2577,0.12042389210019268,0.05202312138728324,0.8275529865125241
1382,Montgomery,5213,Montgomery Precinct 09-006,2366,1543,562,2847,5213,1.0,0.4538653366583541,0.5461346633416458,3108,0.29599079225014385,0.1078074045655093,0.5962018031843468
1383,Montgomery,2473,Montgomery Precinct 06-003,1678,677,366,795,2473,1.0,0.6785281035179943,0.32147189648200564,1430,0.2737565709664375,0.14799838253133846,0.578245046502224
1384,Montgomery,6411,Montgomery Precinct 09-008,2167,1058,294,4244,6411,1.0,0.3380127905163001,0.6619872094836999,5059,0.1650288566526283,0.045858680393074405,0.7891124629542973
1385,Montgomery,3028,Montgomery Precinct 09-029,1472,801,268,1556,3028,1.0,0.4861294583883752,0.5138705416116248,1959,0.2645310435931308,0.08850726552179657,0.6469616908850726
1386,Montgomery,4029,Montgomery Precinct 09-018,1196,790,224,2833,4029,1.0,0.2968478530652767,0.7031521469347233,3015,0.19607843137254902,0.05559692231322909,0.7483246463142219
1387,Montgomery,4242,Montgomery Precinct 09-034,1276,841,241,2966,4242,1.0,0.3008015087223008,0.6991984912776992,3160,0.19825553983969826,0.056812824139556815,0.744931636020745
1388,Montgomery,3583,Montgomery Precinct 09-013,2194,939,407,1389,3583,1.0,0.6123360312587217,0.38766396874127823,2237,0.26207089031537817,0.11359196204298075,0.624337147641641
1389,Montgomery,3560,Montgomery Precinct 09-003,1141,528,188,2419,3560,1.0,0.3205056179775281,0.6794943820224719,2844,0.14831460674157304,0.052808988764044947,0.798876404494382
1390,Montgomery,2530,Montgomery Precinct 09-024,734,568,193,1796,2530,1.0,0.2901185770750988,0.7098814229249012,1769,0.22450592885375495,0.07628458498023716,0.6992094861660079
1391,Montgomery,5966,Montgomery Precinct 09-016,1159,711,128,4807,5966,1.0,0.1942675159235669,0.8057324840764332,5127,0.11917532685216226,0.021454911163258466,0.8593697619845793
1392,Montgomery,3092,Montgomery Precinct 09-030,1208,788,287,1884,3092,1.0,0.3906856403622251,0.6093143596377749,2017,0.25485122897800777,0.09282018111254851,0.6523285899094438
1393,Montgomery,2943,Montgomery Precinct 09-011,1407,790,328,1536,2943,1.0,0.4780835881753313,0.5219164118246687,1825,0.26843357118586475,0.11145090044172613,0.6201155283724091
1394,Montgomery,3185,Montgomery Precinct 09-012,1599,852,307,1586,3185,1.0,0.5020408163265306,0.49795918367346936,2026,0.2675039246467818,0.09638932496075353,0.6361067503924647
1395,Montgomery,3625,Montgomery Precinct 02-005,2174,827,406,1451,3625,1.0,0.5997241379310345,0.40027586206896554,2392,0.22813793103448277,0.112,0.6598620689655172
1396,Montgomery,3808,Montgomery Precinct 02-008,1638,774,511,2170,3808,1.0,0.43014705882352944,0.5698529411764706,2523,0.2032563025210084,0.13419117647058823,0.6625525210084033
1397,Frederick,2241,Frederick Precinct 07-003,2023,422,703,218,2241,1.0,0.9027219991075413,0.09727800089245872,1116,0.18830879071842926,0.31369924141008476,0.4979919678714859
1398,Montgomery,407,Montgomery Precinct 02-007,369,27,39,38,407,1.0,0.9066339066339066,0.09336609336609336,341,0.06633906633906633,0.09582309582309582,0.8378378378378378
1399,Montgomery,4880,Montgomery Precinct 02-001,1835,1111,500,3045,4880,1.0,0.3760245901639344,0.6239754098360656,3269,0.2276639344262295,0.10245901639344263,0.6698770491803279
1400,Montgomery,4636,Montgomery Precinct 02-011,1893,1324,642,2743,4636,1.0,0.40832614322691974,0.5916738567730803,2670,0.28559102674719583,0.13848144952545297,0.5759275237273511
1401,Montgomery,2216,Montgomery Precinct 02-006,1328,1077,466,888,2216,1.0,0.5992779783393501,0.4007220216606498,673,0.48601083032490977,0.21028880866425992,0.3037003610108303
1402,Montgomery,2500,Montgomery Precinct 09-025,933,691,322,1567,2500,1.0,0.3732,0.6268,1487,0.2764,0.1288,0.5948
1403,Montgomery,2308,Montgomery Precinct 12-004,1876,427,495,432,2308,1.0,0.8128249566724437,0.18717504332755633,1386,0.18500866551126516,0.21447140381282495,0.6005199306759099
1404,Montgomery,3657,Montgomery Precinct 12-005,2314,571,552,1343,3657,1.0,0.6327590921520372,0.3672409078479628,2534,0.15613891167623736,0.1509433962264151,0.6929176920973475
1405,Montgomery,2594,Montgomery Precinct 12-002,2223,362,503,371,2594,1.0,0.8569776407093292,0.14302235929067078,1729,0.1395528141865844,0.19390902081727063,0.6665381649961449
1406,Montgomery,2048,Montgomery Precinct 04-026,1442,670,236,606,2048,1.0,0.7041015625,0.2958984375,1142,0.3271484375,0.115234375,0.5576171875
1407,Montgomery,2523,Montgomery Precinct 04-023,1989,57,40,534,2523,1.0,0.7883472057074911,0.2116527942925089,2426,0.022592152199762187,0.015854141894569955,0.9615537059056679
1408,Montgomery,2581,Montgomery Precinct 04-021,1825,718,293,756,2581,1.0,0.7070902750871755,0.29290972491282447,1570,0.27818674932196824,0.11352189074002325,0.6082913599380085
1409,Howard,1452,Howard Precinct 02-005,1077,282,258,375,1452,1.0,0.7417355371900827,0.25826446280991733,912,0.19421487603305784,0.17768595041322313,0.628099173553719
1410,Howard,2087,Howard Precinct 02-015,1499,303,342,588,2087,1.0,0.7182558696693819,0.2817441303306181,1442,0.14518447532343076,0.1638715860086248,0.6909439386679445
1411,Howard,2065,Howard Precinct 02-018,1679,342,465,386,2065,1.0,0.8130750605326876,0.18692493946731234,1258,0.16561743341404359,0.22518159806295399,0.6092009685230024
1412,Howard,2274,Howard Precinct 02-011,1600,310,357,674,2274,1.0,0.7036059806508356,0.2963940193491645,1607,0.1363236587510994,0.15699208443271767,0.706684256816183
1413,Howard,1532,Howard Precinct 02-019,1154,328,423,378,1532,1.0,0.7532637075718016,0.24673629242819844,781,0.21409921671018275,0.27610966057441255,0.5097911227154047
1414,Howard,327,Howard Precinct 02-021,278,56,66,49,327,1.0,0.8501529051987767,0.14984709480122324,205,0.1712538226299694,0.2018348623853211,0.6269113149847095
1415,Howard,2492,Howard Precinct 02-012,1768,365,406,724,2492,1.0,0.709470304975923,0.29052969502407705,1721,0.14646869983948635,0.16292134831460675,0.6906099518459069
1416,Howard,1902,Howard Precinct 02-006,1286,330,315,616,1902,1.0,0.676130389064143,0.323869610935857,1257,0.17350157728706625,0.16561514195583596,0.6608832807570978
1417,Howard,4633,Howard Precinct 02-009,1730,558,252,2903,4633,1.0,0.37340815886034967,0.6265918411396504,3823,0.12044031944744227,0.05439240233110296,0.8251672782214547
1418,Howard,1313,Howard Precinct 02-024,1031,223,271,282,1313,1.0,0.7852246763137852,0.21477532368621477,819,0.16984006092916984,0.2063975628332064,0.6237623762376238
1419,Howard,1532,Howard Precinct 02-007,1267,282,437,265,1532,1.0,0.827023498694517,0.17297650130548303,813,0.18407310704960836,0.28524804177545693,0.5306788511749347
1420,Prince George's,6329,Prince George's Precinct 15-005,503,1386,98,5826,6329,1.0,0.07947543055775004,0.9205245694422499,4845,0.21899194185495338,0.015484278717016907,0.7655237794280297
1421,Prince George's,2130,Prince George's Precinct 03-004,136,617,33,1994,2130,1.0,0.06384976525821597,0.936150234741784,1480,0.2896713615023474,0.015492957746478873,0.6948356807511737
1422,Prince George's,2572,Prince George's Precinct 03-005,235,535,26,2337,2572,1.0,0.09136858475894245,0.9086314152410575,2011,0.20800933125972007,0.01010886469673406,0.7818818040435459
1423,Prince George's,3005,Prince George's Precinct 03-003,330,1122,95,2675,3005,1.0,0.10981697171381032,0.8901830282861897,1788,0.37337770382695507,0.03161397670549085,0.5950083194675541
1424,Prince George's,2643,Prince George's Precinct 07-012,84,885,32,2559,2643,1.0,0.03178206583427923,0.9682179341657208,1726,0.3348467650397276,0.012107453651153992,0.6530457813091184
1425,Prince George's,1936,Prince George's Precinct 13-013,57,522,30,1879,1936,1.0,0.029442148760330578,0.9705578512396694,1384,0.26962809917355374,0.015495867768595042,0.7148760330578512
1426,Prince George's,2052,Prince George's Precinct 07-013,142,603,52,1910,2052,1.0,0.06920077972709551,0.9307992202729045,1397,0.29385964912280704,0.025341130604288498,0.6807992202729045
1427,Prince George's,2806,Prince George's Precinct 03-006,90,880,49,2716,2806,1.0,0.03207412687099073,0.9679258731290092,1877,0.3136136849607983,0.017462580185317177,0.6689237348538846
1428,Prince George's,2583,Prince George's Precinct 07-015,80,1044,51,2503,2583,1.0,0.03097173828881146,0.9690282617111885,1488,0.40418118466898956,0.019744483159117306,0.5760743321718932
1429,Prince George's,3410,Prince George's Precinct 07-011,119,924,51,3291,3410,1.0,0.034897360703812316,0.9651026392961877,2435,0.2709677419354839,0.014956011730205278,0.7140762463343109
1430,Prince George's,3276,Prince George's Precinct 07-009,309,842,81,2967,3276,1.0,0.09432234432234432,0.9056776556776557,2353,0.257020757020757,0.024725274725274724,0.7182539682539683
1431,Prince George's,3105,Prince George's Precinct 03-002,469,882,89,2636,3105,1.0,0.15104669887278582,0.8489533011272141,2134,0.28405797101449276,0.028663446054750404,0.6872785829307568
1432,Prince George's,2246,Prince George's Precinct 07-006,744,596,169,1502,2246,1.0,0.3312555654496883,0.6687444345503116,1481,0.2653606411398041,0.07524487978628673,0.6593944790739091
1433,Prince George's,2272,Prince George's Precinct 07-008,707,557,118,1565,2272,1.0,0.31117957746478875,0.6888204225352113,1597,0.24515845070422534,0.05193661971830986,0.7029049295774648
1434,Prince George's,1809,Prince George's Precinct 07-014,794,437,182,1015,1809,1.0,0.4389165284687673,0.5610834715312327,1190,0.24156992813709233,0.10060807075732449,0.6578220011055832
1435,Prince George's,5609,Prince George's Precinct 07-001,1105,1500,224,4504,5609,1.0,0.19700481369228026,0.8029951863077197,3885,0.26742734890354786,0.03993581743626315,0.692636833660189
1436,Prince George's,2447,Prince George's Precinct 14-007,635,715,112,1812,2447,1.0,0.2595014303228443,0.7404985696771557,1620,0.2921945239068247,0.04577033101757254,0.6620351450756028
1437,Prince George's,2578,Prince George's Precinct 14-001,1082,700,195,1496,2578,1.0,0.4197051978277735,0.5802948021722265,1683,0.27152831652443754,0.07564003103180761,0.6528316524437549
1438,Prince George's,1468,Prince George's Precinct 07-016,687,297,125,781,1468,1.0,0.46798365122615804,0.532016348773842,1046,0.20231607629427792,0.08514986376021798,0.7125340599455041
1439,Prince George's,1951,Prince George's Precinct 14-010,641,515,116,1310,1951,1.0,0.3285494618144541,0.6714505381855459,1320,0.2639671963095848,0.05945668887749872,0.6765761148129165
1440,Prince George's,2627,Prince George's Precinct 07-005,1543,530,354,1084,2627,1.0,0.5873620098972212,0.41263799010277885,1743,0.20175104682146935,0.1347544727826418,0.6634944803958889
1441,Montgomery,1933,Montgomery Precinct 13-031,950,659,118,983,1933,1.0,0.49146404552509054,0.5085359544749095,1156,0.34092084842214176,0.061045007759958615,0.5980341438178997
1442,Montgomery,1911,Montgomery Precinct 13-059,1023,576,146,888,1911,1.0,0.5353218210361067,0.46467817896389324,1189,0.30141287284144425,0.07639979068550497,0.6221873364730508
1443,Montgomery,3612,Montgomery Precinct 13-027,1645,967,195,1967,3612,1.0,0.45542635658914726,0.5445736434108527,2450,0.267718715393134,0.05398671096345515,0.6782945736434108
1444,Montgomery,4634,Montgomery Precinct 13-030,871,856,141,3763,4634,1.0,0.18795856711264566,0.8120414328873543,3637,0.18472162278808804,0.030427276650841606,0.7848511005610703
1445,Montgomery,4064,Montgomery Precinct 13-029,1148,800,176,2916,4064,1.0,0.2824803149606299,0.71751968503937,3088,0.1968503937007874,0.04330708661417323,0.7598425196850394
1446,Montgomery,1911,Montgomery Precinct 13-053,1016,584,174,895,1911,1.0,0.531658817373103,0.4683411826268969,1153,0.30559916274201987,0.09105180533751962,0.6033490319204605
1447,Montgomery,4095,Montgomery Precinct 13-032,1317,1026,145,2778,4095,1.0,0.32161172161172163,0.6783882783882784,2924,0.25054945054945055,0.03540903540903541,0.7140415140415141
1448,Montgomery,4453,Montgomery Precinct 13-044,1126,700,139,3327,4453,1.0,0.2528632382663373,0.7471367617336627,3614,0.1571973950145969,0.03121491129575567,0.8115876936896474
1449,Montgomery,2314,Montgomery Precinct 13-010,1108,533,78,1206,2314,1.0,0.4788245462402766,0.5211754537597234,1703,0.2303370786516854,0.033707865168539325,0.7359550561797753
1450,Montgomery,3425,Montgomery Precinct 13-005,1473,710,113,1952,3425,1.0,0.4300729927007299,0.56992700729927,2602,0.2072992700729927,0.03299270072992701,0.7597080291970802
1451,Montgomery,2283,Montgomery Precinct 13-019,1401,743,186,882,2283,1.0,0.6136662286465178,0.38633377135348224,1354,0.32544897065265005,0.08147174770039421,0.5930792816469558
1452,Montgomery,2350,Montgomery Precinct 13-050,1442,540,79,908,2350,1.0,0.6136170212765958,0.38638297872340427,1731,0.2297872340425532,0.03361702127659574,0.7365957446808511
1453,Montgomery,3765,Montgomery Precinct 13-013,1279,765,89,2486,3765,1.0,0.3397078353253652,0.6602921646746348,2911,0.20318725099601595,0.023638778220451528,0.7731739707835326
1454,Montgomery,2381,Montgomery Precinct 13-023,1843,883,332,538,2381,1.0,0.7740445191096178,0.2259554808903822,1166,0.37085258294834106,0.13943721125577488,0.4897102057958841
1455,Montgomery,1565,Montgomery Precinct 13-042,700,537,109,865,1565,1.0,0.4472843450479233,0.5527156549520766,919,0.34313099041533546,0.06964856230031949,0.5872204472843451
1456,Montgomery,1679,Montgomery Precinct 13-057,841,321,82,838,1679,1.0,0.5008933889219773,0.4991066110780226,1276,0.19118522930315665,0.048838594401429423,0.7599761762954139
1457,Montgomery,2284,Montgomery Precinct 13-063,625,335,100,1659,2284,1.0,0.2736427320490368,0.7263572679509632,1849,0.14667250437828372,0.043782837127845885,0.8095446584938704
1458,Montgomery,3381,Montgomery Precinct 13-011,1574,959,221,1807,3381,1.0,0.4655427388346643,0.5344572611653357,2201,0.2836438923395445,0.06536527654540077,0.6509908311150547
1459,Montgomery,2099,Montgomery Precinct 13-033,1120,509,197,979,2099,1.0,0.533587422582182,0.466412577417818,1393,0.24249642686993805,0.09385421629347308,0.6636493568365889
1460,Montgomery,1827,Montgomery Precinct 13-020,1491,473,284,336,1827,1.0,0.8160919540229885,0.1839080459770115,1070,0.2588943623426382,0.15544608648056923,0.5856595511767926
1461,Prince George's,5205,Prince George's Precinct 17-007,218,1201,63,4987,5205,1.0,0.04188280499519693,0.9581171950048031,3941,0.23073967339097023,0.012103746397694525,0.7571565802113353
1462,Prince George's,3271,Prince George's Precinct 17-006,182,455,34,3089,3271,1.0,0.05564047691837359,0.9443595230816264,2782,0.13910119229593396,0.010394374808926934,0.8505044328951391
1463,Montgomery,2481,Montgomery Precinct 13-006,1675,838,41,806,2481,1.0,0.675130995566304,0.3248690044336961,1602,0.3377670294236195,0.01652559451833938,0.6457073760580411
1464,Prince George's,6128,Prince George's Precinct 17-011,159,1037,57,5969,6128,1.0,0.025946475195822456,0.9740535248041775,5034,0.16922323759791122,0.009301566579634464,0.8214751958224543
1465,Prince George's,1828,Prince George's Precinct 17-005,235,521,27,1593,1828,1.0,0.12855579868708972,0.8714442013129103,1280,0.2850109409190372,0.01477024070021882,0.700218818380744
1466,Prince George's,11788,Prince George's Precinct 17-003,289,771,75,11499,11788,1.0,0.024516457414319646,0.9754835425856804,10942,0.06540549711571089,0.006362402443162538,0.9282321004411266
1467,Prince George's,2108,Prince George's Precinct 20-004,210,685,62,1898,2108,1.0,0.09962049335863378,0.9003795066413662,1361,0.3249525616698292,0.029411764705882353,0.6456356736242884
1468,Prince George's,4017,Prince George's Precinct 13-015,398,968,70,3619,4017,1.0,0.0990789146128952,0.9009210853871048,2979,0.24097585262633806,0.017425939756036842,0.7415982076176251
1469,Prince George's,2880,Prince George's Precinct 20-008,292,956,87,2588,2880,1.0,0.10138888888888889,0.8986111111111111,1837,0.33194444444444443,0.030208333333333334,0.6378472222222222
1470,Prince George's,4069,Prince George's Precinct 14-002,436,1304,96,3633,4069,1.0,0.10715163430818384,0.8928483656918161,2669,0.32047186040796266,0.02359302039813222,0.6559351191939051
1471,Prince George's,1627,Prince George's Precinct 20-009,352,593,72,1275,1627,1.0,0.21634910878918254,0.7836508912108174,962,0.36447449293177625,0.044253226797787336,0.5912722802704364
1472,Prince George's,3117,Prince George's Precinct 21-013,555,956,90,2562,3117,1.0,0.17805582290664101,0.821944177093359,2071,0.3067051652229708,0.028873917228103944,0.6644209175489253
1473,Prince George's,2475,Prince George's Precinct 10-011,490,635,86,1985,2475,1.0,0.19797979797979798,0.802020202020202,1754,0.25656565656565655,0.03474747474747475,0.7086868686868687
1474,Prince George's,3268,Prince George's Precinct 14-008,577,526,72,2691,3268,1.0,0.17656058751529988,0.8234394124847001,2670,0.1609547123623011,0.022031823745410038,0.8170134638922889
1475,Prince George's,1816,Prince George's Precinct 10-010,503,468,81,1313,1816,1.0,0.27698237885462557,0.7230176211453745,1267,0.2577092511013216,0.04460352422907489,0.6976872246696035
1476,Montgomery,2828,Montgomery Precinct 13-028,772,601,134,2056,2828,1.0,0.272984441301273,0.727015558698727,2093,0.21251768033946253,0.04738330975954738,0.7400990099009901
1477,Montgomery,2804,Montgomery Precinct 13-001,1219,645,202,1585,2804,1.0,0.4347360912981455,0.5652639087018545,1957,0.23002853067047074,0.07203994293865906,0.6979315263908702
1478,Montgomery,3327,Montgomery Precinct 13-055,474,547,55,2853,3327,1.0,0.1424706943192065,0.8575293056807936,2725,0.16441238352870455,0.01653140967838894,0.8190562067929065
1479,Montgomery,4237,Montgomery Precinct 13-054,3592,1236,482,645,4237,1.0,0.8477696483360868,0.15223035166391313,2519,0.29171583667689405,0.11375973566202502,0.5945244276610809
1480,Montgomery,2942,Montgomery Precinct 13-069,2441,685,262,501,2942,1.0,0.8297076818490823,0.17029231815091775,1995,0.23283480625424882,0.08905506458191706,0.6781101291638342
1481,Montgomery,2381,Montgomery Precinct 13-061,1119,1095,366,1262,2381,1.0,0.46997060058798823,0.5300293994120118,920,0.45989080218395634,0.15371692566148676,0.3863922721545569
1482,Montgomery,1528,Montgomery Precinct 05-022,892,377,128,636,1528,1.0,0.5837696335078534,0.4162303664921466,1023,0.24672774869109948,0.08376963350785341,0.6695026178010471
1483,Montgomery,3868,Montgomery Precinct 05-009,1730,986,393,2138,3868,1.0,0.44725956566701136,0.5527404343329886,2489,0.2549120992761117,0.1016028955532575,0.6434850051706308
1484,Montgomery,3207,Montgomery Precinct 05-016,1526,950,320,1681,3207,1.0,0.4758341128780792,0.5241658871219208,1937,0.29622700342999686,0.09978172747115685,0.6039912690988463
1485,Montgomery,2145,Montgomery Precinct 08-010,1308,575,290,837,2145,1.0,0.6097902097902098,0.3902097902097902,1280,0.2680652680652681,0.1351981351981352,0.5967365967365967
1486,Montgomery,2954,Montgomery Precinct 08-011,1813,879,373,1141,2954,1.0,0.6137440758293838,0.3862559241706161,1702,0.2975626269465132,0.12626946513202436,0.5761679079214624
1487,Montgomery,3717,Montgomery Precinct 08-002,2746,1139,748,971,3717,1.0,0.7387678235135863,0.2612321764864138,1830,0.3064299165994081,0.20123755716976055,0.4923325262308313
1488,Montgomery,3819,Montgomery Precinct 08-006,2643,954,772,1176,3819,1.0,0.6920659858601729,0.3079340141398272,2093,0.2498036135113904,0.20214715894213145,0.5480492275464781
1489,Montgomery,3868,Montgomery Precinct 05-011,1493,736,165,2375,3868,1.0,0.3859875904860393,0.6140124095139607,2967,0.19027921406411583,0.04265770423991727,0.7670630816959669
1490,Montgomery,2076,Montgomery Precinct 05-008,519,847,228,1557,2076,1.0,0.25,0.75,1001,0.4079961464354528,0.10982658959537572,0.4821772639691715
1491,Montgomery,3479,Montgomery Precinct 05-015,1827,643,402,1652,3479,1.0,0.5251509054325956,0.47484909456740443,2434,0.18482322506467375,0.1155504455303248,0.6996263294050015
1492,Montgomery,3713,Montgomery Precinct 05-001,1392,889,280,2321,3713,1.0,0.37489900350121197,0.625100996498788,2544,0.2394290331268516,0.07541071909507137,0.685160247778077
1493,Montgomery,3773,Montgomery Precinct 05-017,1397,732,262,2376,3773,1.0,0.37026239067055394,0.6297376093294461,2779,0.19401007156109196,0.06944076331831434,0.7365491651205937
1494,Montgomery,3392,Montgomery Precinct 05-019,1731,532,318,1661,3392,1.0,0.5103183962264151,0.4896816037735849,2542,0.15683962264150944,0.09375,0.7494103773584906
1495,Montgomery,1722,Montgomery Precinct 05-018,1069,341,263,653,1722,1.0,0.6207897793263647,0.3792102206736353,1118,0.19802555168408828,0.1527293844367015,0.6492450638792102
1496,Howard,2112,Howard Precinct 05-011,1724,480,587,388,2112,1.0,0.8162878787878788,0.18371212121212122,1045,0.22727272727272727,0.2779356060606061,0.4947916666666667
1497,Howard,1558,Howard Precinct 05-020,1249,438,540,309,1558,1.0,0.8016688061617459,0.19833119383825418,580,0.2811296534017972,0.3465982028241335,0.3722721437740693
1498,Howard,1752,Howard Precinct 04-006,1451,404,826,301,1752,1.0,0.8281963470319634,0.17180365296803654,522,0.23059360730593606,0.4714611872146119,0.2979452054794521
1499,Howard,1427,Howard Precinct 04-002,1273,357,631,154,1427,1.0,0.8920812894183602,0.1079187105816398,439,0.2501751927119832,0.4421864050455501,0.3076384022424667
1500,Howard,2228,Howard Precinct 05-019,1846,496,789,382,2228,1.0,0.8285457809694794,0.17145421903052063,943,0.22262118491921004,0.35412926391382404,0.4232495511669659
1501,Howard,2504,Howard Precinct 05-001,1817,592,767,687,2504,1.0,0.7256389776357828,0.2743610223642173,1145,0.2364217252396166,0.30630990415335463,0.45726837060702874
1502,Howard,1727,Howard Precinct 03-006,1346,354,583,381,1727,1.0,0.7793862188766647,0.22061378112333527,790,0.20497973364215402,0.3375796178343949,0.45744064852345107
1503,Prince George's,4719,Prince George's Precinct 01-001,1090,1086,289,3629,4719,1.0,0.23098114007204917,0.7690188599279508,3344,0.23013350286077558,0.06124178851451579,0.7086247086247086
1504,Montgomery,4171,Montgomery Precinct 05-002,955,901,108,3216,4171,1.0,0.22896187964516904,0.771038120354831,3162,0.2160153440421961,0.025893071205945816,0.7580915847518581
1505,Montgomery,5053,Montgomery Precinct 05-021,610,947,134,4443,5053,1.0,0.12072036414011478,0.8792796358598852,3972,0.18741341777162082,0.026518899663566197,0.786067682564813
1506,Prince George's,3119,Prince George's Precinct 01-004,1032,721,245,2087,3119,1.0,0.3308752805386342,0.6691247194613659,2153,0.23116383456235973,0.0785508175697339,0.6902853478679064
1507,Prince George's,3959,Prince George's Precinct 10-013,1179,867,210,2780,3959,1.0,0.2978024753725688,0.7021975246274311,2882,0.21899469563020965,0.05304369790351099,0.7279616064662794
1508,Prince George's,3293,Prince George's Precinct 10-005,2310,817,536,983,3293,1.0,0.7014880048587914,0.29851199514120863,1940,0.24810203461888855,0.16276951108411783,0.5891284542969937
1509,Howard,2158,Howard Precinct 05-006,1511,900,752,647,2158,1.0,0.7001853568118629,0.29981464318813716,506,0.4170528266913809,0.3484708063021316,0.2344763670064875
1510,Howard,2369,Howard Precinct 06-028,1575,669,598,794,2369,1.0,0.6648374841705361,0.33516251582946394,1102,0.28239763613338964,0.2524271844660194,0.46517517940059094
1511,Howard,1568,Howard Precinct 06-032,1213,361,391,355,1568,1.0,0.7735969387755102,0.2264030612244898,816,0.2302295918367347,0.2493622448979592,0.5204081632653061
1512,Howard,1414,Howard Precinct 06-003,1102,385,302,312,1414,1.0,0.7793493635077794,0.22065063649222066,727,0.2722772277227723,0.21357850070721357,0.5141442715700142
1513,Howard,2320,Howard Precinct 05-005,1501,590,535,819,2320,1.0,0.6469827586206897,0.35301724137931034,1195,0.2543103448275862,0.23060344827586207,0.5150862068965517
1514,Howard,1265,Howard Precinct 05-013,838,285,158,427,1265,1.0,0.6624505928853754,0.3375494071146245,822,0.22529644268774704,0.12490118577075099,0.649802371541502
1515,Prince George's,3641,Prince George's Precinct 10-006,792,980,172,2849,3641,1.0,0.2175226586102719,0.7824773413897281,2489,0.2691568250480637,0.04723976929414996,0.6836034056577863
1516,Prince George's,5674,Prince George's Precinct 10-012,1116,1095,191,4558,5674,1.0,0.19668664081776524,0.8033133591822348,4388,0.19298554811420515,0.033662319351427564,0.7733521325343673
1517,Prince George's,2589,Prince George's Precinct 10-008,672,476,127,1917,2589,1.0,0.25955967555040554,0.7404403244495944,1986,0.18385477018153729,0.049053688682889146,0.7670915411355735
1518,Prince George's,2312,Prince George's Precinct 10-007,684,583,161,1628,2312,1.0,0.2958477508650519,0.7041522491349481,1568,0.2521626297577855,0.06963667820069204,0.6782006920415224
1519,Montgomery,2978,Montgomery Precinct 04-016,1734,960,476,1244,2978,1.0,0.5822699798522498,0.4177300201477502,1542,0.32236400268636667,0.15983881799865682,0.5177971793149765
1520,Montgomery,3619,Montgomery Precinct 09-031,2072,699,271,1547,3619,1.0,0.5725338491295938,0.4274661508704062,2649,0.19314727825366124,0.07488256424426637,0.7319701575020724
1521,Montgomery,2298,Montgomery Precinct 04-025,1598,558,259,700,2298,1.0,0.6953872932985204,0.30461270670147955,1481,0.24281984334203655,0.11270670147954744,0.644473455178416
1522,Montgomery,3285,Montgomery Precinct 04-002,2202,790,321,1083,3285,1.0,0.6703196347031963,0.32968036529680367,2174,0.2404870624048706,0.09771689497716896,0.6617960426179604
1523,Montgomery,4300,Montgomery Precinct 04-005,1924,688,311,2376,4300,1.0,0.4474418604651163,0.5525581395348838,3301,0.16,0.07232558139534884,0.7676744186046511
1524,Montgomery,4790,Montgomery Precinct 04-030,2487,710,233,2303,4790,1.0,0.5192066805845511,0.48079331941544884,3847,0.14822546972860126,0.048643006263048016,0.8031315240083508
1525,Montgomery,4662,Montgomery Precinct 04-003,3043,1006,383,1619,4662,1.0,0.6527241527241527,0.34727584727584726,3273,0.2157872157872158,0.08215358215358215,0.702059202059202
1526,Montgomery,5108,Montgomery Precinct 04-001,2098,1110,301,3010,5108,1.0,0.4107282693813626,0.5892717306186375,3697,0.2173061863743148,0.05892717306186374,0.7237666405638215
1527,Montgomery,2330,Montgomery Precinct 04-019,1228,454,213,1102,2330,1.0,0.527038626609442,0.47296137339055794,1663,0.19484978540772532,0.09141630901287554,0.7137339055793992
1528,Montgomery,4373,Montgomery Precinct 09-002,1270,996,340,3103,4373,1.0,0.2904184770180654,0.7095815229819346,3037,0.22776126229133317,0.07774982849302538,0.6944889092156414
1529,Montgomery,2013,Montgomery Precinct 09-010,999,199,63,1014,2013,1.0,0.496274217585693,0.503725782414307,1751,0.09885742672627919,0.03129657228017884,0.8698460009935419
1530,Montgomery,2692,Montgomery Precinct 09-020,900,526,213,1792,2692,1.0,0.3343239227340267,0.6656760772659732,1953,0.19539375928677563,0.07912332838038633,0.725482912332838
1531,Montgomery,6198,Montgomery Precinct 09-007,1690,1031,203,4508,6198,1.0,0.27266860277508875,0.7273313972249112,4964,0.16634398192965472,0.03275250080671184,0.8009035172636334
1532,Montgomery,2732,Montgomery Precinct 09-021,1219,596,373,1513,2732,1.0,0.44619326500732065,0.5538067349926794,1763,0.21815519765739386,0.13653001464128844,0.6453147877013177
1533,Montgomery,3032,Montgomery Precinct 01-003,1503,1065,447,1529,3032,1.0,0.495712401055409,0.5042875989445911,1520,0.3512532981530343,0.1474274406332454,0.5013192612137203
1534,Montgomery,2208,Montgomery Precinct 09-036,721,603,257,1487,2208,1.0,0.32653985507246375,0.6734601449275363,1348,0.27309782608695654,0.11639492753623189,0.6105072463768116
1535,Montgomery,2513,Montgomery Precinct 09-014,1479,697,347,1034,2513,1.0,0.5885395941106247,0.41146040588937527,1469,0.27735773975328293,0.13808197373656983,0.5845602865101472
1536,Montgomery,2630,Montgomery Precinct 09-037,879,664,235,1751,2630,1.0,0.33422053231939164,0.6657794676806084,1731,0.25247148288973387,0.08935361216730038,0.6581749049429658
1537,Montgomery,3688,Montgomery Precinct 09-004,1261,846,299,2427,3688,1.0,0.34191973969631234,0.6580802603036876,2543,0.22939262472885033,0.08107375271149675,0.6895336225596529
1538,Montgomery,2392,Montgomery Precinct 01-004,896,691,288,1496,2392,1.0,0.3745819397993311,0.6254180602006689,1413,0.28887959866220736,0.12040133779264214,0.5907190635451505
1539,Montgomery,1813,Montgomery Precinct 01-006,1015,421,297,798,1813,1.0,0.5598455598455598,0.44015444015444016,1095,0.23221180364037508,0.16381687810259238,0.6039713182570325
1540,Montgomery,2859,Montgomery Precinct 01-005,1725,620,562,1134,2859,1.0,0.6033578174186779,0.39664218258132217,1677,0.2168590416229451,0.19657222805176636,0.5865687303252886
1541,Prince George's,4015,Prince George's Precinct 17-001,867,1101,94,3148,4015,1.0,0.21594022415940226,0.7840597758405977,2820,0.2742216687422167,0.023412204234122044,0.7023661270236613
1542,Prince George's,4299,Prince George's Precinct 17-004,184,797,54,4115,4299,1.0,0.04280065131425913,0.9571993486857409,3448,0.18539195161665503,0.01256106071179344,0.8020469876715515
1543,Prince George's,4706,Prince George's Precinct 16-004,679,988,148,4027,4706,1.0,0.14428389290267743,0.8557161070973226,3570,0.20994475138121546,0.03144921376965576,0.7586060348491288
1544,Prince George's,2240,Prince George's Precinct 17-002,384,686,76,1856,2240,1.0,0.17142857142857143,0.8285714285714286,1478,0.30625,0.033928571428571426,0.6598214285714286
1545,Prince George's,2034,Prince George's Precinct 02-002,261,575,55,1773,2034,1.0,0.12831858407079647,0.8716814159292036,1404,0.28269419862340217,0.02704031465093412,0.6902654867256637
1547,Prince George's,951,Prince George's Precinct 16-002,359,279,79,592,951,1.0,0.3774973711882229,0.6225026288117771,593,0.29337539432176657,0.08307045215562565,0.6235541535226078
1548,Prince George's,4706,Prince George's Precinct 16-003,1856,1400,264,2850,4706,1.0,0.3943901402464938,0.6056098597535061,3042,0.2974925626859328,0.05609859753506162,0.6464088397790055
1549,Prince George's,154,Prince George's Precinct 16-005,43,40,11,111,154,1.0,0.2792207792207792,0.7207792207792207,103,0.2597402597402597,0.07142857142857142,0.6688311688311688
1550,Prince George's,6797,Prince George's Precinct 17-010,330,1276,88,6467,6797,1.0,0.048550831249080474,0.9514491687509196,5433,0.18772988082977785,0.012946888333088127,0.7993232308371341
1551,Prince George's,5527,Prince George's Precinct 17-008,1048,933,85,4479,5527,1.0,0.1896146191423919,0.8103853808576081,4509,0.16880767143115613,0.015379048308304687,0.8158132802605391
1552,Prince George's,3704,Prince George's Precinct 17-009,589,597,73,3115,3704,1.0,0.1590172786177106,0.8409827213822895,3034,0.16117710583153347,0.01970842332613391,0.8191144708423326
1553,Prince George's,1964,Prince George's Precinct 19-003,1471,614,144,493,1964,1.0,0.7489816700610998,0.2510183299389002,1206,0.31262729124236255,0.07331975560081466,0.6140529531568228
1554,Prince George's,465,Prince George's Precinct 21-012,342,167,73,123,465,1.0,0.7354838709677419,0.2645161290322581,225,0.35913978494623655,0.15698924731182795,0.4838709677419355
1555,Prince George's,10748,Prince George's Precinct 21-017,6779,1074,239,3969,10748,1.0,0.6307219947897283,0.36927800521027165,9435,0.09992556754745069,0.02223669519910681,0.8778377372534425
1556,Montgomery,3296,Montgomery Precinct 13-018,1232,756,99,2064,3296,1.0,0.3737864077669903,0.6262135922330098,2441,0.22936893203883496,0.030036407766990292,0.7405946601941747
1557,Montgomery,6272,Montgomery Precinct 13-022,1086,1048,100,5186,6272,1.0,0.17315051020408162,0.8268494897959183,5124,0.16709183673469388,0.01594387755102041,0.8169642857142857
1558,Montgomery,2160,Montgomery Precinct 05-003,883,1184,250,1277,2160,1.0,0.40879629629629627,0.5912037037037037,726,0.5481481481481482,0.11574074074074074,0.33611111111111114
1559,Prince George's,5990,Prince George's Precinct 17-012,431,870,63,5559,5990,1.0,0.07195325542570952,0.9280467445742905,5057,0.14524207011686144,0.010517529215358931,0.8442404006677796
1560,Montgomery,5829,Montgomery Precinct 05-014,601,667,94,5228,5829,1.0,0.10310516383599246,0.8968948361640076,5068,0.11442786069651742,0.016126265225596157,0.8694458740778864
1561,Montgomery,3086,Montgomery Precinct 05-010,859,649,127,2227,3086,1.0,0.2783538561244329,0.721646143875567,2310,0.2103046014257939,0.04115359688917693,0.7485418016850292
1562,Montgomery,2340,Montgomery Precinct 05-005,1093,690,145,1247,2340,1.0,0.4670940170940171,0.5329059829059829,1505,0.2948717948717949,0.06196581196581197,0.6431623931623932
1563,Montgomery,4504,Montgomery Precinct 05-006,1382,976,268,3122,4504,1.0,0.30683836589698044,0.6931616341030196,3260,0.216696269982238,0.05950266429840142,0.7238010657193605
1565,Prince George's,2857,Prince George's Precinct 21-005,441,599,111,2416,2857,1.0,0.1543577178858943,0.8456422821141057,2147,0.20966048302415122,0.03885194259712986,0.7514875743787189
1566,Prince George's,2323,Prince George's Precinct 21-015,1101,363,115,1222,2323,1.0,0.47395609126130006,0.5260439087387,1845,0.15626345243219975,0.04950495049504951,0.7942315970727507
1567,Prince George's,1633,Prince George's Precinct 21-014,475,490,107,1158,1633,1.0,0.2908756889161053,0.7091243110838946,1036,0.3000612369871402,0.065523576240049,0.6344151867728107
1568,Prince George's,5119,Prince George's Precinct 01-003,746,1095,115,4373,5119,1.0,0.14573158820082047,0.8542684117991796,3909,0.21390896659503808,0.022465325258839618,0.7636257081461223
1569,Montgomery,1247,Montgomery Precinct 05-004,492,690,178,755,1247,1.0,0.3945469125902165,0.6054530874097834,379,0.5533279871692061,0.14274258219727345,0.30392943063352046
1570,Howard,1476,Howard Precinct 05-023,899,292,125,577,1476,1.0,0.6090785907859079,0.39092140921409213,1059,0.1978319783197832,0.08468834688346884,0.717479674796748
1571,Howard,2674,Howard Precinct 05-009,883,498,154,1791,2674,1.0,0.33021690351533284,0.6697830964846672,2022,0.1862378459237098,0.05759162303664921,0.7561705310396409
1572,Howard,837,Howard Precinct 05-002,604,160,105,233,837,1.0,0.7216248506571087,0.27837514934289126,572,0.1911589008363202,0.12544802867383512,0.6833930704898447
1573,Howard,70,Howard Precinct 02-022,57,11,8,13,70,1.0,0.8142857142857143,0.18571428571428572,51,0.15714285714285714,0.11428571428571428,0.7285714285714285
1574,Howard,2055,Howard Precinct 03-003,1577,341,543,478,2055,1.0,0.767396593673966,0.23260340632603407,1171,0.1659367396593674,0.26423357664233577,0.5698296836982968
1575,Howard,1663,Howard Precinct 03-001,1335,254,429,328,1663,1.0,0.8027660853878533,0.19723391461214673,980,0.15273601924233313,0.2579675285628382,0.5892964521948286
1576,Howard,228,Howard Precinct 03-004,180,38,55,48,228,1.0,0.7894736842105263,0.21052631578947367,135,0.16666666666666666,0.2412280701754386,0.5921052631578947
1577,Howard,2119,Howard Precinct 02-017,1305,378,378,814,2119,1.0,0.6158565361019349,0.38414346389806514,1363,0.17838603114676735,0.17838603114676735,0.6432279377064654
1578,Howard,2614,Howard Precinct 05-015,1651,686,285,963,2614,1.0,0.6315990818668707,0.3684009181331293,1643,0.26243305279265494,0.1090283091048202,0.6285386381025249
1579,Howard,2031,Howard Precinct 05-008,1199,429,133,832,2031,1.0,0.5903495814869523,0.4096504185130478,1469,0.21122599704579026,0.0654849827671098,0.7232890201871
1580,Howard,2609,Howard Precinct 05-004,1301,624,213,1308,2609,1.0,0.49865848984285166,0.5013415101571483,1772,0.23917209658873131,0.08164047527788425,0.6791874281333844
1581,Howard,802,Howard Precinct 06-012,491,235,99,311,802,1.0,0.6122194513715711,0.3877805486284289,468,0.29301745635910226,0.12344139650872818,0.5835411471321695
1582,Howard,2061,Howard Precinct 06-008,763,438,131,1298,2061,1.0,0.37020863658418246,0.6297913634158175,1492,0.21251819505094613,0.06356137797185832,0.7239204269771955
1583,Howard,2606,Howard Precinct 06-017,1064,692,172,1542,2606,1.0,0.40828856485034537,0.5917114351496546,1742,0.26554105909439757,0.06600153491941672,0.6684574059861857
1584,Howard,2144,Howard Precinct 06-009,765,626,163,1379,2144,1.0,0.3568097014925373,0.6431902985074627,1355,0.29197761194029853,0.07602611940298508,0.6319962686567164
1585,Howard,850,Howard Precinct 05-014,658,163,125,192,850,1.0,0.7741176470588236,0.22588235294117648,562,0.19176470588235295,0.14705882352941177,0.6611764705882353
1586,Howard,1183,Howard Precinct 02-010,877,317,235,306,1183,1.0,0.7413355874894336,0.2586644125105664,631,0.2679628064243449,0.19864750633981404,0.5333896872358411
1587,Howard,3236,Howard Precinct 05-003,1699,715,202,1537,3236,1.0,0.5250309023485785,0.47496909765142153,2319,0.22095179233621756,0.06242274412855377,0.7166254635352287
1588,Howard,2420,Howard Precinct 05-016,1314,431,231,1106,2420,1.0,0.5429752066115703,0.4570247933884298,1758,0.17809917355371901,0.09545454545454546,0.7264462809917356
1589,Howard,993,Howard Precinct 02-014,745,202,139,248,993,1.0,0.7502517623363545,0.2497482376636455,652,0.20342396777442096,0.13997985901309165,0.6565961732124874
1590,Howard,1506,Howard Precinct 06-005,939,389,194,567,1506,1.0,0.6235059760956175,0.37649402390438247,923,0.2583001328021248,0.12881806108897742,0.6128818061088978
1591,Howard,1730,Howard Precinct 06-031,773,450,125,957,1730,1.0,0.44682080924855494,0.5531791907514451,1155,0.26011560693641617,0.07225433526011561,0.6676300578034682
1592,Howard,1628,Howard Precinct 06-010,1035,449,250,593,1628,1.0,0.6357493857493858,0.3642506142506142,929,0.2757985257985258,0.15356265356265356,0.5706388206388207
1593,Howard,1514,Howard Precinct 06-011,851,549,233,663,1514,1.0,0.5620871862615587,0.4379128137384412,732,0.36261558784676357,0.15389696169088507,0.48348745046235136
1594,Howard,1798,Howard Precinct 06-021,607,394,92,1191,1798,1.0,0.3375973303670745,0.6624026696329255,1312,0.21913236929922136,0.05116796440489433,0.7296996662958843
1595,Howard,1657,Howard Precinct 06-014,910,484,171,747,1657,1.0,0.5491852745926373,0.4508147254073627,1002,0.292094146047073,0.1031985515992758,0.6047073023536512
1596,Howard,2698,Howard Precinct 06-016,1280,671,247,1418,2698,1.0,0.4744255003706449,0.5255744996293551,1780,0.24870274277242402,0.09154929577464789,0.6597479614529281
1597,Howard,1142,Howard Precinct 06-006,821,403,174,321,1142,1.0,0.7189141856392294,0.28108581436077057,565,0.35288966725043786,0.15236427320490367,0.4947460595446585
1598,Howard,1146,Howard Precinct 02-020,847,192,159,299,1146,1.0,0.7390924956369983,0.26090750436300175,795,0.16753926701570682,0.1387434554973822,0.693717277486911
1599,Howard,965,Howard Precinct 02-013,738,180,145,227,965,1.0,0.7647668393782383,0.23523316062176167,640,0.18652849740932642,0.15025906735751296,0.6632124352331606
1600,Howard,2258,Howard Precinct 02-004,994,431,221,1264,2258,1.0,0.4402125775022144,0.5597874224977857,1606,0.19087688219663418,0.09787422497785651,0.7112488928255093
1601,Howard,2706,Howard Precinct 02-003,2051,582,524,655,2706,1.0,0.7579453067257945,0.24205469327420548,1600,0.21507760532150777,0.19364375461936437,0.5912786400591279
1602,Anne Arundel,6637,Anne Arundel Precinct 04-007,3576,599,263,3061,6637,1.0,0.5387976495404551,0.461202350459545,5775,0.09025161970769927,0.039626337200542414,0.8701220430917583
1603,Anne Arundel,2138,Anne Arundel Precinct 04-019,624,593,132,1514,2138,1.0,0.29186155285313375,0.7081384471468662,1413,0.27736202057998127,0.0617399438727783,0.6608980355472404
1604,Anne Arundel,1672,Anne Arundel Precinct 04-011,1012,421,290,660,1672,1.0,0.6052631578947368,0.39473684210526316,961,0.25179425837320574,0.173444976076555,0.5747607655502392
1605,Anne Arundel,1787,Anne Arundel Precinct 04-012,1244,330,343,543,1787,1.0,0.6961387800783436,0.30386121992165643,1114,0.1846670397313934,0.1919418019026301,0.6233911583659765
1606,Anne Arundel,1872,Anne Arundel Precinct 04-003,1469,326,500,403,1872,1.0,0.7847222222222222,0.2152777777777778,1046,0.17414529914529914,0.2670940170940171,0.5587606837606838
1607,Anne Arundel,2203,Anne Arundel Precinct 04-002,1531,545,483,672,2203,1.0,0.6949614162505674,0.3050385837494326,1175,0.24738992283250114,0.21924648206990469,0.5333635950975942
1608,Anne Arundel,3982,Anne Arundel Precinct 04-024,1617,791,282,2365,3982,1.0,0.40607734806629836,0.5939226519337016,2909,0.19864389753892517,0.07081868407835258,0.7305374183827222
1609,Anne Arundel,2792,Anne Arundel Precinct 04-018,453,1379,508,2339,2792,1.0,0.16224928366762179,0.8377507163323782,905,0.49391117478510027,0.1819484240687679,0.3241404011461318
1610,Anne Arundel,2335,Anne Arundel Precinct 02-023,1669,493,582,666,2335,1.0,0.7147751605995717,0.28522483940042825,1260,0.21113490364025697,0.24925053533190578,0.5396145610278372
1611,Anne Arundel,2103,Anne Arundel Precinct 02-024,1550,373,480,553,2103,1.0,0.7370423204945317,0.2629576795054684,1250,0.1773656680932002,0.2282453637660485,0.5943889681407513
1612,Anne Arundel,2435,Anne Arundel Precinct 01-020,1182,490,317,1253,2435,1.0,0.4854209445585216,0.5145790554414784,1628,0.20123203285420946,0.13018480492813142,0.6685831622176591
1613,Anne Arundel,2219,Anne Arundel Precinct 01-021,618,612,172,1601,2219,1.0,0.2785038305543037,0.7214961694456963,1435,0.2757999098693105,0.07751239296980622,0.6466876971608833
1614,Anne Arundel,2392,Anne Arundel Precinct 01-019,966,503,281,1426,2392,1.0,0.40384615384615385,0.5961538461538461,1608,0.21028428093645485,0.11747491638795987,0.6722408026755853
1615,Anne Arundel,1877,Anne Arundel Precinct 01-005,1116,380,304,761,1877,1.0,0.5945657964837506,0.4054342035162493,1193,0.20245071923281832,0.16196057538625466,0.635588705380927
1616,Anne Arundel,1391,Anne Arundel Precinct 01-024,699,358,210,692,1391,1.0,0.5025161754133717,0.4974838245866283,823,0.2573687994248742,0.1509705248023005,0.5916606757728253
1617,Anne Arundel,1706,Anne Arundel Precinct 02-001,1287,276,391,419,1706,1.0,0.7543962485345839,0.2456037514654162,1039,0.16178194607268465,0.22919109026963658,0.6090269636576788
1618,Anne Arundel,2031,Anne Arundel Precinct 01-006,1005,578,317,1026,2031,1.0,0.4948301329394387,0.5051698670605613,1136,0.2845888724766125,0.15608074839980304,0.5593303791235844
1619,Howard,1701,Howard Precinct 01-010,1139,357,286,562,1701,1.0,0.6696061140505585,0.3303938859494415,1058,0.20987654320987653,0.16813639035861258,0.6219870664315109
1620,Howard,366,Howard Precinct 01-007,217,143,112,149,366,1.0,0.592896174863388,0.40710382513661203,111,0.3907103825136612,0.30601092896174864,0.30327868852459017
1621,Howard,2763,Howard Precinct 01-003,1793,511,359,970,2763,1.0,0.6489323199420919,0.35106768005790806,1893,0.1849439015562794,0.12993123416576186,0.6851248642779587
1622,Howard,418,Howard Precinct 01-012,340,198,219,78,418,1.3583061889250814,0.8133971291866029,0.18660287081339713,1,0.47368421052631576,0.5239234449760766,0.0023923444976076554
1623,Howard,595,Howard Precinct 01-005,437,109,135,158,595,1.0,0.7344537815126051,0.26554621848739496,351,0.18319327731092436,0.226890756302521,0.5899159663865546
1624,Howard,1106,Howard Precinct 02-025,895,275,282,211,1106,1.0,0.8092224231464737,0.19077757685352623,549,0.24864376130198915,0.2549728752260398,0.49638336347197104
1625,Howard,2449,Howard Precinct 02-016,1747,496,447,702,2449,1.0,0.7133523887300939,0.28664761126990607,1506,0.20253164556962025,0.18252347897100857,0.6149448754593712
1626,Howard,1747,Howard Precinct 01-009,1011,419,312,736,1747,1.0,0.5787063537492845,0.4212936462507155,1016,0.23983972524327418,0.17859187178019462,0.5815684029765312
1627,Howard,1552,Howard Precinct 01-014,1128,408,398,424,1552,1.0,0.7268041237113402,0.27319587628865977,746,0.26288659793814434,0.25644329896907214,0.4806701030927835
1628,Howard,2886,Howard Precinct 01-002,1980,312,439,906,2886,1.0,0.6860706860706861,0.31392931392931395,2135,0.10810810810810811,0.1521136521136521,0.7397782397782398
1629,Howard,2586,Howard Precinct 01-004,1819,676,785,767,2586,1.0,0.7034029389017789,0.2965970610982212,1125,0.2614075792730085,0.30355761794276875,0.43503480278422274
1630,Howard,1159,Howard Precinct 01-011,906,218,221,253,1159,1.0,0.7817083692838654,0.2182916307161346,720,0.18809318377911993,0.1906816220880069,0.6212251941328731
1631,Howard,2733,Howard Precinct 02-002,1860,589,517,873,2733,1.0,0.6805708013172338,0.3194291986827662,1627,0.21551408708379072,0.18916941090376876,0.5953165020124406
1632,Howard,2180,Howard Precinct 02-001,1181,432,287,999,2180,1.0,0.541743119266055,0.45825688073394494,1461,0.1981651376146789,0.13165137614678898,0.6701834862385321
1633,Howard,2500,Howard Precinct 02-023,936,322,158,1564,2500,1.0,0.3744,0.6256,2020,0.1288,0.0632,0.808
1634,Prince George's,2446,Prince George's Precinct 21-007,1279,621,264,1167,2446,1.0,0.5228945216680294,0.4771054783319706,1561,0.25388389206868356,0.10793131643499591,0.6381847914963206
1635,Prince George's,3916,Prince George's Precinct 02-009,227,1124,69,3689,3916,1.0,0.057967313585291114,0.9420326864147089,2723,0.2870275791624106,0.017620020429009193,0.6953524004085802
1636,Prince George's,3022,Prince George's Precinct 02-010,285,644,49,2737,3022,1.0,0.0943084050297816,0.9056915949702184,2329,0.2131039046988749,0.016214427531436135,0.7706816677696889
1637,Prince George's,3459,Prince George's Precinct 02-006,329,1060,92,3130,3459,1.0,0.09511419485400405,0.9048858051459959,2307,0.30644694998554495,0.0265972824515756,0.6669557675628794
1638,Prince George's,2119,Prince George's Precinct 02-004,309,601,94,1810,2119,1.0,0.1458235016517225,0.8541764983482775,1424,0.2836243511090137,0.04436054742803209,0.6720151014629542
1639,Prince George's,3067,Prince George's Precinct 20-007,21,748,22,3046,3067,1.0,0.006847081838930551,0.9931529181610694,2297,0.24388653407238345,0.007173133355070101,0.7489403325725464
1640,Prince George's,2332,Prince George's Precinct 20-012,113,472,23,2219,2332,1.0,0.04845626072041166,0.9515437392795884,1837,0.20240137221269297,0.00986277873070326,0.7877358490566038
1641,Prince George's,1239,Prince George's Precinct 21-009,565,310,70,674,1239,1.0,0.45601291364003227,0.5439870863599677,859,0.25020177562550444,0.05649717514124294,0.6933010492332526
1642,Prince George's,2546,Prince George's Precinct 20-005,461,661,85,2085,2546,1.0,0.18106834249803613,0.8189316575019638,1800,0.2596229379418696,0.03338570306362922,0.7069913589945012
1643,Prince George's,2412,Prince George's Precinct 20-006,332,624,70,2080,2412,1.0,0.13764510779436154,0.8623548922056384,1718,0.25870646766169153,0.02902155887230514,0.7122719734660033
1644,Prince George's,1798,Prince George's Precinct 21-016,304,600,63,1494,1798,1.0,0.16907675194660735,0.8309232480533927,1135,0.3337041156840934,0.035038932146829814,0.6312569521690767
1645,Prince George's,3234,Prince George's Precinct 21-004,1237,560,154,1997,3234,1.0,0.38249845392702536,0.6175015460729747,2520,0.17316017316017315,0.047619047619047616,0.7792207792207793
1646,Prince George's,2721,Prince George's Precinct 21-010,1330,573,194,1391,2721,1.0,0.48879088570378537,0.5112091142962146,1954,0.2105843439911797,0.0712973171628078,0.7181183388460125
1647,Prince George's,850,Prince George's Precinct 01-008,369,192,35,481,850,1.0,0.43411764705882355,0.5658823529411765,623,0.22588235294117648,0.041176470588235294,0.7329411764705882
1649,Prince George's,2859,Prince George's Precinct 01-005,1391,740,309,1468,2859,1.0,0.48653375306051067,0.5134662469394893,1810,0.25883175935641833,0.1080797481636936,0.6330884924798881
1650,Prince George's,4986,Prince George's Precinct 21-008,194,964,44,4792,4986,1.0,0.03890894504612916,0.9610910549538708,3978,0.19334135579622944,0.008824709185720016,0.7978339350180506
1652,Prince George's,3492,Prince George's Precinct 21-003,1976,1060,197,1516,3492,1.0,0.565864833906071,0.434135166093929,2235,0.3035509736540664,0.05641466208476518,0.6400343642611683
1653,Prince George's,2659,Prince George's Precinct 21-006,1934,792,207,725,2659,1.0,0.7273411056788266,0.27265889432117335,1660,0.2978563369687853,0.07784881534411432,0.6242948476871004
1654,Prince George's,2024,Prince George's Precinct 01-002,921,367,148,1103,2024,1.0,0.4550395256916996,0.5449604743083004,1509,0.18132411067193677,0.07312252964426877,0.7455533596837944
1655,Prince George's,1731,Prince George's Precinct 01-006,330,472,71,1401,1731,1.0,0.19064124783362218,0.8093587521663779,1188,0.2726747544771808,0.04101675332177932,0.6863084922010398
1656,Prince George's,2436,Prince George's Precinct 13-003,24,772,32,2412,2436,1.0,0.009852216748768473,0.9901477832512315,1632,0.3169129720853859,0.013136288998357963,0.6699507389162561
1657,Prince George's,1716,Prince George's Precinct 20-002,186,512,29,1530,1716,1.0,0.10839160839160839,0.8916083916083916,1175,0.29836829836829837,0.0168997668997669,0.6847319347319347
1658,Prince George's,957,Prince George's Precinct 20-013,19,235,13,938,957,1.0,0.019853709508881923,0.9801462904911181,709,0.24555903866248693,0.013584117032392894,0.7408568443051202
1659,Prince George's,1875,Prince George's Precinct 20-003,26,606,30,1849,1875,1.0,0.013866666666666666,0.9861333333333333,1239,0.3232,0.016,0.6608
1660,Prince George's,2857,Prince George's Precinct 20-011,168,743,41,2689,2857,1.0,0.05880294014700735,0.9411970598529926,2073,0.2600630031501575,0.014350717535876793,0.7255862793139657
1661,Prince George's,3387,Prince George's Precinct 20-001,567,904,133,2820,3387,1.0,0.16740478299379982,0.8325952170062002,2350,0.26690286389134926,0.03926778860348391,0.6938293475051668
1662,Prince George's,3358,Prince George's Precinct 21-018,545,842,83,2813,3358,1.0,0.16229898749255509,0.8377010125074449,2433,0.25074449076831445,0.0247170935080405,0.7245384157236451
1663,Prince George's,3792,Prince George's Precinct 21-011,512,873,74,3280,3792,1.0,0.1350210970464135,0.8649789029535865,2845,0.23022151898734178,0.019514767932489453,0.7502637130801688
1664,Prince George's,2484,Prince George's Precinct 20-010,566,616,127,1918,2484,1.0,0.2278582930756844,0.7721417069243156,1741,0.24798711755233493,0.05112721417069243,0.7008856682769726
1665,Prince George's,3859,Prince George's Precinct 13-005,536,1166,67,3323,3859,1.0,0.1388960870691889,0.8611039129308111,2626,0.30215081627364604,0.017362010883648613,0.6804871728427053
1666,Prince George's,3469,Prince George's Precinct 10-001,531,786,67,2938,3469,1.0,0.15307004900547708,0.846929950994523,2616,0.22657826462957625,0.019313923320841742,0.754107812049582
1667,Prince George's,4592,Prince George's Precinct 10-002,1524,947,212,3068,4592,1.0,0.3318815331010453,0.6681184668989547,3433,0.2062282229965157,0.046167247386759584,0.7476045296167247
1668,Prince George's,3148,Prince George's Precinct 10-004,732,712,104,2416,3148,1.0,0.23252858958068615,0.7674714104193139,2332,0.22617534942820838,0.03303684879288437,0.7407878017789072
1669,Howard,2070,Howard Precinct 06-024,1087,560,280,983,2070,1.0,0.5251207729468599,0.4748792270531401,1230,0.27053140096618356,0.13526570048309178,0.5942028985507246
1670,Prince George's,2617,Prince George's Precinct 10-003,1178,502,188,1439,2617,1.0,0.45013374092472297,0.5498662590752771,1927,0.1918226977455101,0.07183798242262132,0.7363393198318685
1671,Howard,2038,Howard Precinct 06-015,813,646,202,1225,2038,1.0,0.3989205103042198,0.6010794896957802,1190,0.3169774288518155,0.09911678115799803,0.5839057899901865
1672,Prince George's,4448,Prince George's Precinct 10-009,845,777,113,3603,4448,1.0,0.18997302158273383,0.8100269784172662,3558,0.17468525179856115,0.025404676258992807,0.799910071942446
1673,Anne Arundel,3177,Anne Arundel Precinct 04-017,1534,648,255,1643,3177,1.0,0.4828454516839786,0.5171545483160214,2274,0.20396600566572237,0.08026440037771483,0.7157695939565628
1674,Anne Arundel,2642,Anne Arundel Precinct 04-001,1022,615,240,1620,2642,1.0,0.38682816048448143,0.6131718395155186,1787,0.232778198334595,0.09084027252081757,0.6763815291445874
1675,Howard,2652,Howard Precinct 06-034,914,599,166,1738,2652,1.0,0.34464555052790347,0.6553544494720965,1887,0.22586726998491705,0.06259426847662142,0.7115384615384616
1676,Howard,3014,Howard Precinct 06-002,1196,922,301,1818,3014,1.0,0.39681486396814863,0.6031851360318513,1791,0.30590577305905775,0.09986728599867287,0.5942269409422694
1677,Anne Arundel,2646,Anne Arundel Precinct 04-009,961,990,246,1685,2646,1.0,0.36318972033257746,0.6368102796674225,1410,0.3741496598639456,0.09297052154195011,0.5328798185941043
1678,Howard,2624,Howard Precinct 06-035,1067,978,414,1557,2624,1.0,0.4066310975609756,0.5933689024390244,1232,0.37271341463414637,0.15777439024390244,0.4695121951219512
1679,Howard,734,Howard Precinct 06-023,589,177,152,145,734,1.0,0.8024523160762943,0.19754768392370572,405,0.24114441416893734,0.20708446866485014,0.5517711171662125
1680,Howard,732,Howard Precinct 06-025,584,199,214,148,732,1.0,0.7978142076502732,0.20218579234972678,319,0.2718579234972678,0.2923497267759563,0.43579234972677594
1681,Howard,1711,Howard Precinct 06-018,1218,491,286,493,1711,1.0,0.711864406779661,0.288135593220339,934,0.2869666861484512,0.16715371127995324,0.5458796025715955
1682,Howard,2583,Howard Precinct 06-026,1654,752,299,929,2583,1.0,0.6403406891211769,0.3596593108788231,1532,0.29113433991482773,0.11575687185443283,0.5931087882307394
1683,Howard,2014,Howard Precinct 06-004,1661,593,473,353,2014,1.0,0.8247269116186693,0.17527308838133068,948,0.2944389275074479,0.23485600794438927,0.47070506454816285
1684,Howard,2046,Howard Precinct 06-027,920,596,284,1126,2046,1.0,0.4496578690127077,0.5503421309872922,1166,0.2913000977517107,0.13880742913000976,0.5698924731182796
1685,Howard,2202,Howard Precinct 06-001,1204,337,287,998,2202,1.0,0.5467756584922797,0.45322434150772023,1578,0.1530426884650318,0.13033605812897367,0.7166212534059946
1686,Howard,2052,Howard Precinct 06-033,1179,516,288,873,2052,1.0,0.5745614035087719,0.42543859649122806,1248,0.25146198830409355,0.14035087719298245,0.6081871345029239
1687,Howard,2183,Howard Precinct 06-020,1321,547,231,862,2183,1.0,0.6051305542830967,0.39486944571690336,1405,0.2505726065048099,0.10581768208886853,0.6436097114063216
1688,Howard,1571,Howard Precinct 06-013,1066,329,197,505,1571,1.0,0.6785486950986632,0.3214513049013367,1045,0.20942075111394018,0.12539783577339275,0.6651814131126671
1689,Howard,1813,Howard Precinct 06-022,1127,446,195,686,1813,1.0,0.6216216216216216,0.3783783783783784,1172,0.2460011031439603,0.1075565361279647,0.646442360728075
1690,Howard,2296,Howard Precinct 06-019,970,657,203,1326,2296,1.0,0.42247386759581884,0.5775261324041812,1436,0.28614982578397213,0.08841463414634146,0.6254355400696864
1691,Howard,2941,Howard Precinct 05-022,1846,794,552,1095,2941,1.0,0.6276776606596396,0.3723223393403604,1595,0.2699761985719143,0.18769126147568854,0.5423325399523972
1692,Howard,2781,Howard Precinct 05-010,1666,700,511,1115,2781,1.0,0.5990650845019777,0.4009349154980223,1570,0.25170801869830994,0.18374685364976628,0.5645451276519238
1693,Howard,2429,Howard Precinct 05-021,1336,501,170,1093,2429,1.0,0.5500205846027172,0.4499794153972828,1758,0.20625771922601893,0.0699876492383697,0.7237546315356114
1694,Howard,1794,Howard Precinct 05-017,1247,349,184,547,1794,1.0,0.6950947603121517,0.3049052396878484,1261,0.19453734671125975,0.10256410256410256,0.7028985507246377
1695,Howard,1525,Howard Precinct 05-018,826,246,126,699,1525,1.0,0.5416393442622951,0.4583606557377049,1153,0.16131147540983606,0.08262295081967214,0.7560655737704918
1696,Howard,1777,Howard Precinct 05-007,997,401,147,780,1777,1.0,0.5610579628587508,0.4389420371412493,1229,0.22566122678671918,0.0827236916150816,0.6916150815981992
1697,Howard,1870,Howard Precinct 05-012,1022,505,205,848,1870,1.0,0.546524064171123,0.453475935828877,1160,0.2700534759358289,0.10962566844919786,0.6203208556149733
1698,Baltimore City,1766,Baltimore City Precinct 15-001,42,426,12,1724,1766,1.0,0.02378255945639864,0.9762174405436014,1328,0.24122310305775765,0.006795016987542469,0.7519818799546999
1699,Baltimore City,571,Baltimore City Precinct 28-003,5,127,5,566,571,1.0,0.008756567425569177,0.9912434325744308,439,0.2224168126094571,0.008756567425569177,0.7688266199649737
1700,Baltimore City,1228,Baltimore City Precinct 27-061,324,168,28,904,1228,1.0,0.26384364820846906,0.7361563517915309,1032,0.13680781758957655,0.02280130293159609,0.8403908794788274
1701,Baltimore City,1238,Baltimore City Precinct 27-056,13,278,10,1225,1238,1.0,0.01050080775444265,0.9894991922455574,950,0.2245557350565428,0.008077544426494346,0.7673667205169629
1702,Baltimore City,2460,Baltimore City Precinct 27-057,36,423,9,2424,2460,1.0,0.014634146341463415,0.9853658536585366,2028,0.1719512195121951,0.003658536585365854,0.824390243902439
1703,Baltimore City,1163,Baltimore City Precinct 27-059,32,188,6,1131,1163,1.0,0.027515047291487533,0.9724849527085124,969,0.16165090283748926,0.005159071367153913,0.8331900257953568
1704,Baltimore City,1669,Baltimore City Precinct 28-001,105,370,17,1564,1669,1.0,0.06291192330736968,0.9370880766926303,1282,0.22168963451168364,0.01018573996405033,0.7681246255242661
1705,Baltimore City,3062,Baltimore City Precinct 27-067,1028,539,137,2034,3062,1.0,0.3357282821685173,0.6642717178314826,2386,0.1760287393860222,0.04474199869366427,0.7792292619203135
1706,Baltimore City,2688,Baltimore City Precinct 27-062,1151,348,174,1537,2688,1.0,0.42819940476190477,0.5718005952380952,2166,0.12946428571428573,0.06473214285714286,0.8058035714285714
1707,Baltimore City,2392,Baltimore City Precinct 27-066,1756,372,312,636,2392,1.0,0.7341137123745819,0.26588628762541805,1708,0.15551839464882944,0.13043478260869565,0.7140468227424749
1708,Baltimore County,2385,Baltimore County Precinct 03-006,2216,567,442,169,2385,1.0,0.929140461215933,0.07085953878406709,1376,0.23773584905660378,0.18532494758909854,0.5769392033542977
1709,Baltimore City,1675,Baltimore City Precinct 27-063,770,356,173,905,1675,1.0,0.4597014925373134,0.5402985074626866,1146,0.21253731343283583,0.10328358208955224,0.684179104477612
1710,Baltimore City,3698,Baltimore City Precinct 27-065,2866,575,373,832,3698,1.0,0.775013520822066,0.22498647917793402,2750,0.15548945375878853,0.10086533261222283,0.7436452136289886
1711,Baltimore City,997,Baltimore City Precinct 27-060,171,338,50,826,997,1.0,0.1715145436308927,0.8284854563691073,609,0.33901705115346037,0.05015045135406219,0.6108324974924775
1712,Baltimore City,1689,Baltimore City Precinct 27-064,1206,356,249,483,1689,1.0,0.7140319715808171,0.28596802841918295,1084,0.2107756068679692,0.14742451154529307,0.6417998815867377
1713,Baltimore County,3977,Baltimore County Precinct 03-007,3337,824,895,640,3977,1.0,0.8390746794065879,0.1609253205934121,2258,0.2071913502640181,0.22504400301734975,0.5677646467186321
1714,Baltimore County,3393,Baltimore County Precinct 03-011,2447,766,396,946,3393,1.0,0.7211906867079281,0.2788093132920719,2231,0.22575891541408782,0.11671087533156499,0.6575302092543471
1715,Baltimore County,2089,Baltimore County Precinct 03-013,1842,380,393,247,2089,1.0,0.8817616084250838,0.11823839157491622,1316,0.18190521780756344,0.1881282910483485,0.6299664911440881
1716,Baltimore County,2964,Baltimore County Precinct 03-010,2695,771,472,269,2964,1.0,0.9092442645074224,0.0907557354925776,1721,0.2601214574898785,0.1592442645074224,0.5806342780026991
1717,Baltimore County,1906,Baltimore County Precinct 08-008,1709,269,446,197,1906,1.0,0.8966421825813221,0.10335781741867786,1191,0.14113326337880377,0.23399790136411333,0.6248688352570829
1718,Baltimore County,2959,Baltimore County Precinct 04-005,2071,636,397,888,2959,1.0,0.6998986143967557,0.30010138560324434,1926,0.21493747887799933,0.13416694829334236,0.6508955728286583
1719,Baltimore County,3908,Baltimore County Precinct 04-004,2966,845,570,942,3908,1.0,0.7589559877175026,0.24104401228249744,2493,0.21622313203684748,0.1458546571136131,0.6379222108495394
1720,Baltimore County,533,Baltimore County Precinct 04-013,478,133,185,55,533,1.0,0.8968105065666041,0.10318949343339587,215,0.24953095684803,0.34709193245778613,0.40337711069418386
1721,Baltimore County,433,Baltimore County Precinct 04-011,383,71,126,50,433,1.0,0.8845265588914549,0.11547344110854503,236,0.16397228637413394,0.2909930715935335,0.5450346420323325
1722,Baltimore County,685,Baltimore County Precinct 08-023,608,136,210,77,685,1.0,0.8875912408759125,0.11240875912408758,339,0.19854014598540146,0.30656934306569344,0.4948905109489051
1723,Baltimore County,510,Baltimore County Precinct 08-021,438,72,170,72,510,1.0,0.8588235294117647,0.1411764705882353,268,0.1411764705882353,0.3333333333333333,0.5254901960784314
1724,Baltimore County,994,Baltimore County Precinct 08-024,886,146,391,108,994,1.0,0.8913480885311871,0.10865191146881288,457,0.14688128772635814,0.3933601609657948,0.4597585513078471
1725,Baltimore County,3725,Baltimore County Precinct 08-002,3308,480,920,417,3725,1.0,0.8880536912751678,0.11194630872483222,2325,0.12885906040268458,0.24697986577181208,0.6241610738255033
1726,Baltimore City,818,Baltimore City Precinct 15-008,13,212,11,805,818,1.0,0.01589242053789731,0.9841075794621027,595,0.2591687041564792,0.013447432762836185,0.7273838630806846
1727,Baltimore City,2394,Baltimore City Precinct 15-003,33,709,26,2361,2394,1.0,0.013784461152882205,0.9862155388471178,1659,0.29615705931495406,0.01086048454469507,0.6929824561403509
1728,Baltimore City,1024,Baltimore City Precinct 15-004,8,274,7,1016,1024,1.0,0.0078125,0.9921875,743,0.267578125,0.0068359375,0.7255859375
1729,Baltimore City,1372,Baltimore City Precinct 15-005,11,389,21,1361,1372,1.0,0.008017492711370262,0.9919825072886297,962,0.28352769679300294,0.015306122448979591,0.7011661807580175
1730,Somerset,739,Somerset Precinct 12-001,638,82,255,101,739,1.0,0.8633288227334236,0.13667117726657646,402,0.11096075778078485,0.34506089309878213,0.543978349120433
1731,Somerset,404,Somerset Precinct 08-002,370,51,186,34,404,1.0,0.9158415841584159,0.08415841584158416,167,0.12623762376237624,0.4603960396039604,0.41336633663366334
1732,Somerset,1465,Somerset Precinct 08-001,1201,169,530,264,1465,1.0,0.8197952218430035,0.1802047781569966,766,0.11535836177474403,0.36177474402730375,0.5228668941979522
1733,Somerset,71,Somerset Precinct 10-002,70,10,14,1,71,1.0,0.9859154929577465,0.014084507042253521,47,0.14084507042253522,0.19718309859154928,0.6619718309859155
1734,Somerset,396,Somerset Precinct 14-001,370,52,141,26,396,1.0,0.9343434343434344,0.06565656565656566,203,0.13131313131313133,0.3560606060606061,0.5126262626262627
1735,Somerset,301,Somerset Precinct 09-001,242,42,98,59,301,1.0,0.8039867109634552,0.19601328903654486,161,0.13953488372093023,0.32558139534883723,0.5348837209302325
1736,Somerset,487,Somerset Precinct 06-001,372,90,111,115,487,1.0,0.7638603696098563,0.23613963039014374,286,0.18480492813141683,0.22792607802874743,0.5872689938398358
1737,Somerset,139,Somerset Precinct 11-001,113,13,50,26,139,1.0,0.8129496402877698,0.18705035971223022,76,0.09352517985611511,0.3597122302158273,0.5467625899280576
1738,Harford,2157,Harford Precinct 01-002,1667,342,685,490,2157,1.0,0.7728326379230412,0.22716736207695873,1130,0.15855354659248957,0.3175707000463607,0.5238757533611498
1739,Harford,2040,Harford Precinct 01-041,1629,431,637,411,2040,1.0,0.7985294117647059,0.20147058823529412,972,0.21127450980392157,0.3122549019607843,0.4764705882352941
1740,Harford,3676,Harford Precinct 01-001,1714,697,344,1962,3676,1.0,0.4662676822633297,0.5337323177366703,2635,0.1896082698585419,0.09357997823721437,0.7168117519042437
1741,Harford,3478,Harford Precinct 01-004,2572,602,816,906,3478,1.0,0.7395054629097182,0.26049453709028175,2060,0.1730879815986199,0.23461759631972398,0.5922944220816562
1742,Harford,3873,Harford Precinct 01-006,1543,676,232,2330,3873,1.0,0.3983991737671056,0.6016008262328943,2965,0.1745416989413891,0.059901884843790346,0.7655564162148205
1743,Harford,2164,Harford Precinct 03-007,1998,292,946,166,2164,1.0,0.9232902033271719,0.0767097966728281,926,0.13493530499075784,0.43715341959334564,0.42791127541589646
1744,Harford,2054,Harford Precinct 03-014,1919,203,645,135,2054,1.0,0.9342745861733204,0.06572541382667965,1206,0.0988315481986368,0.3140214216163583,0.5871470301850049
1745,Harford,3462,Harford Precinct 03-003,3325,386,1489,137,3462,1.0,0.9604274985557482,0.039572501444251874,1587,0.11149624494511842,0.4300982091276719,0.4584055459272097
1746,Harford,2794,Harford Precinct 03-008,2645,391,1058,149,2794,1.0,0.9466714387974231,0.05332856120257695,1345,0.13994273443092342,0.3786685755189692,0.48138869005010737
1747,Harford,3241,Harford Precinct 03-009,2986,440,1238,255,3241,1.0,0.9213205800678803,0.07867941993211972,1563,0.1357605677260105,0.3819808701018204,0.48225856217216906
1748,Harford,3003,Harford Precinct 03-013,2807,410,1082,196,3003,1.0,0.9347319347319347,0.06526806526806526,1511,0.13653013653013654,0.3603063603063603,0.5031635031635031
1749,Harford,3352,Harford Precinct 03-010,2942,373,696,410,3352,1.0,0.8776849642004774,0.12231503579952267,2283,0.11127684964200478,0.20763723150357996,0.6810859188544153
1750,Harford,2607,Harford Precinct 03-024,2426,213,749,181,2607,1.0,0.9305715381664749,0.06942846183352512,1645,0.08170310701956271,0.28730341388569236,0.6309934790947449
1751,Harford,2554,Harford Precinct 03-015,2121,278,676,433,2554,1.0,0.8304620203602192,0.16953797963978073,1600,0.10884886452623337,0.26468285043069695,0.6264682850430697
1752,Harford,2186,Harford Precinct 01-007,1978,230,560,208,2186,1.0,0.9048490393412626,0.09515096065873742,1396,0.10521500457456541,0.2561756633119854,0.6386093321134492
1753,Harford,3096,Harford Precinct 01-015,2442,550,729,654,3096,1.0,0.7887596899224806,0.21124031007751937,1817,0.1776485788113695,0.23546511627906977,0.5868863049095607
1754,Harford,2678,Harford Precinct 01-009,2194,408,747,484,2678,1.0,0.8192681105302465,0.18073188946975355,1523,0.15235250186706498,0.2789395070948469,0.5687079910380881
1755,Harford,3303,Harford Precinct 01-008,2689,531,1115,614,3303,1.0,0.8141083863154708,0.18589161368452922,1657,0.16076294277929154,0.33757190432939754,0.501665152891311
1756,Harford,2527,Harford Precinct 03-016,2247,272,638,280,2527,1.0,0.889196675900277,0.11080332409972299,1617,0.1076375148397309,0.25247328848436884,0.6398891966759003
1757,Harford,1005,Harford Precinct 01-021,871,120,284,134,1005,1.0,0.8666666666666667,0.13333333333333333,601,0.11940298507462686,0.28258706467661693,0.5980099502487563
1758,Harford,3462,Harford Precinct 01-013,2644,424,756,818,3462,1.0,0.7637203928365107,0.2362796071634893,2282,0.12247255921432698,0.21837088388214904,0.6591565569035239
1759,Harford,2938,Harford Precinct 01-011,2628,411,1011,310,2938,1.0,0.8944860449285228,0.10551395507147719,1516,0.13989108236895847,0.3441116405718176,0.5159972770592239
1760,Harford,2684,Harford Precinct 01-012,2311,357,926,373,2684,1.0,0.8610283159463488,0.13897168405365126,1401,0.13301043219076006,0.3450074515648286,0.5219821162444114
1761,Harford,3797,Harford Precinct 01-014,3420,506,1242,377,3797,1.0,0.9007110877008164,0.09928891229918356,2049,0.1332631024493021,0.3271003423755596,0.5396365551751383
1762,Harford,2630,Harford Precinct 03-012,2339,295,607,291,2630,1.0,0.8893536121673004,0.11064638783269962,1728,0.11216730038022814,0.23079847908745246,0.6570342205323194
1763,Harford,1993,Harford Precinct 03-011,1840,261,613,153,1993,1.0,0.9232313095835424,0.0767686904164576,1119,0.13095835423983943,0.3075765178123432,0.5614651279478173
1764,Harford,2372,Harford Precinct 03-017,2236,259,771,136,2372,1.0,0.9426644182124789,0.05733558178752108,1342,0.10919055649241147,0.32504215851602025,0.5657672849915683
1765,Harford,2779,Harford Precinct 03-018,2379,399,779,400,2779,1.0,0.8560633321338611,0.1439366678661389,1601,0.14357682619647355,0.2803166606693055,0.5761065131342209
1766,Harford,2558,Harford Precinct 03-019,2363,387,1001,195,2558,1.0,0.9237685691946833,0.07623143080531665,1170,0.15129007036747458,0.39132134480062547,0.4573885848318999
1767,Harford,2823,Harford Precinct 03-021,2432,411,926,391,2823,1.0,0.8614948636202622,0.13850513637973788,1486,0.14558979808714134,0.3280198370527807,0.526390364860078
1768,Worcester,2575,Worcester Precinct 03-002,2428,205,552,147,2575,1.0,0.9429126213592233,0.0570873786407767,1818,0.07961165048543689,0.21436893203883495,0.7060194174757282
1769,Worcester,6559,Worcester Precinct 07-001,5942,818,1767,617,6559,1.0,0.9059307821314224,0.09406921786857753,3974,0.12471413325202013,0.26940082329623416,0.6058850434517457
1770,Carroll,7060,Carroll Precinct 13-001,6426,1332,3030,634,7060,1.0,0.9101983002832861,0.08980169971671388,2698,0.1886685552407932,0.42917847025495753,0.3821529745042493
1771,Montgomery,5066,Montgomery Precinct 02-002,2200,907,419,2866,5066,1.0,0.43426766679826295,0.5657323332017371,3740,0.17903671535728385,0.08270825108566916,0.738255033557047
1772,Montgomery,4594,Montgomery Precinct 02-003,1819,933,299,2775,4594,1.0,0.3959512407488028,0.6040487592511972,3362,0.20309098824553765,0.065084893339138,0.7318241184153244
1773,Montgomery,4893,Montgomery Precinct 04-014,2595,973,333,2298,4893,1.0,0.530349478847333,0.4696505211526671,3587,0.1988555078683834,0.06805640711220111,0.7330880850194155
1774,Montgomery,8267,Montgomery Precinct 05-013,1288,1284,99,6979,8267,1.0,0.15580016934801016,0.8441998306519899,6884,0.15531631789040765,0.01197532357566227,0.8327083585339301
1775,Montgomery,5042,Montgomery Precinct 05-023,1026,1008,205,4016,5042,1.0,0.203490678302261,0.796509321697739,3829,0.19992066640222134,0.04065846886156287,0.7594208647362158
1776,Montgomery,7187,Montgomery Precinct 05-012,3273,1215,319,3914,7187,1.0,0.45540559343258663,0.5445944065674134,5653,0.16905523862529567,0.044385696396271046,0.7865590649784333
1777,Montgomery,4205,Montgomery Precinct 06-002,2503,759,527,1702,4205,1.0,0.595243757431629,0.404756242568371,2919,0.18049940546967896,0.12532699167657552,0.6941736028537455
1778,Montgomery,4050,Montgomery Precinct 07-019,3278,1411,473,772,4050,1.0,0.8093827160493827,0.19061728395061728,2166,0.3483950617283951,0.11679012345679013,0.5348148148148149
1779,Montgomery,3999,Montgomery Precinct 07-023,3100,1143,449,899,3999,1.0,0.7751937984496124,0.2248062015503876,2407,0.28582145536384096,0.11227806951737934,0.6019004751187796
1780,Montgomery,3316,Montgomery Precinct 09-005,1609,753,318,1707,3316,1.0,0.4852231604342581,0.5147768395657418,2245,0.22708082026537998,0.09589867310012062,0.6770205066344994
1781,Montgomery,5404,Montgomery Precinct 09-009,1874,1252,315,3530,5404,1.0,0.34678016284233903,0.653219837157661,3837,0.231680236861584,0.05829015544041451,0.7100296076980015
1782,Montgomery,4358,Montgomery Precinct 09-022,1537,1083,370,2821,4358,1.0,0.3526847177604406,0.6473152822395595,2905,0.24850849013308857,0.08490133088572739,0.666590178981184
1783,Montgomery,5285,Montgomery Precinct 13-021,1585,1080,87,3700,5285,1.0,0.29990539262062443,0.7000946073793756,4118,0.2043519394512772,0.016461684011352885,0.7791863765373699
1784,Montgomery,5580,Montgomery Precinct 13-015,1569,1271,167,4011,5580,1.0,0.28118279569892474,0.7188172043010753,4142,0.22777777777777777,0.02992831541218638,0.7422939068100358
1785,Montgomery,4493,Montgomery Precinct 13-058,2208,1219,274,2285,4493,1.0,0.4914311150678834,0.5085688849321166,3000,0.2713109281103939,0.06098375250389495,0.6677053193857111
1786,Montgomery,3906,Montgomery Precinct 13-038,3422,1355,685,484,3906,1.0,0.8760880696364567,0.12391193036354327,1866,0.3469022017409114,0.17537122375832054,0.47772657450076805
1787,Montgomery,5201,Montgomery Precinct 13-002,1770,1278,304,3431,5201,1.0,0.34031916939050183,0.6596808306094982,3619,0.2457219765429725,0.058450298019611616,0.6958277254374159
1788,Montgomery,4646,Montgomery Precinct 13-056,1538,810,213,3108,4646,1.0,0.3310374515712441,0.6689625484287559,3623,0.1743435213086526,0.04584588893671976,0.7798105897546277
1789,Montgomery,5489,Montgomery Precinct 13-049,1754,360,78,3735,5489,1.0,0.31954818728365825,0.6804518127163418,5051,0.0655857168883221,0.014210238659136456,0.9202040444525414
1790,Montgomery,2651,Montgomery Precinct 13-014,1982,652,156,669,2651,1.0,0.7476423990946812,0.2523576009053187,1843,0.24594492644285176,0.05884571859675594,0.6952093549603923
1791,Montgomery,6281,Montgomery Precinct 09-015,2477,1771,459,3804,6281,1.0,0.39436395478427,0.60563604521573,4051,0.2819614711033275,0.0730775354242955,0.644960993472377
1792,Montgomery,7135,Montgomery Precinct 09-028,2268,624,207,4867,7135,1.0,0.3178696566222845,0.6821303433777155,6304,0.0874562018220042,0.029011913104414856,0.8835318850735809
1793,Montgomery,5420,Montgomery Precinct 09-026,1771,1493,416,3649,5420,1.0,0.3267527675276753,0.6732472324723248,3511,0.2754612546125461,0.07675276752767528,0.6477859778597786
1794,Carroll,4768,Carroll Precinct 04-003,4514,616,1790,254,4768,1.0,0.9467281879194631,0.05327181208053691,2362,0.12919463087248323,0.37541946308724833,0.49538590604026844
1795,Frederick,4416,Frederick Precinct 02-005,3731,1008,652,685,4416,1.0,0.8448822463768116,0.15511775362318841,2756,0.22826086956521738,0.14764492753623187,0.6240942028985508
1796,Frederick,6484,Frederick Precinct 02-004,2621,1238,633,3863,6484,1.0,0.4042257865515114,0.5957742134484886,4613,0.19093152375077113,0.09762492288710672,0.7114435533621222
1797,Montgomery,3644,Montgomery Precinct 08-007,2562,984,732,1082,3644,1.0,0.7030735455543359,0.2969264544456641,1928,0.270032930845225,0.20087815587266739,0.5290889132821076
1798,Montgomery,4038,Montgomery Precinct 13-068,1615,1262,92,2423,4038,1.0,0.39995047052996535,0.6000495294700346,2684,0.31253095591877167,0.022783556215948488,0.6646854878652798
1799,Queen Anne's,3460,Queen Anne's Precinct 02-001,2950,428,966,510,3460,1.0,0.8526011560693642,0.14739884393063585,2066,0.12369942196531791,0.2791907514450867,0.5971098265895953
1800,Queen Anne's,6268,Queen Anne's Precinct 03-002,5455,575,1536,813,6268,1.0,0.870293554562859,0.12970644543714102,4157,0.09173580089342694,0.2450542437779196,0.6632099553286535
1801,Queen Anne's,5103,Queen Anne's Precinct 04-002,4556,418,1049,547,5103,1.0,0.8928081520674114,0.10719184793258868,3636,0.08191260043111895,0.20556535371350187,0.7125220458553791
1802,Queen Anne's,3757,Queen Anne's Precinct 04-003,3516,372,1129,241,3757,1.0,0.9358530742613788,0.06414692573862124,2256,0.09901517167953154,0.30050572265105135,0.6004791056694171
1803,Queen Anne's,4917,Queen Anne's Precinct 05-002,4108,570,1211,809,4917,1.0,0.8354687817775066,0.1645312182224934,3136,0.11592434411226357,0.24628838722798455,0.6377872686597519
1804,Washington,1117,Washington Precinct 24-001,918,62,133,199,1117,1.0,0.8218442256042973,0.17815577439570277,922,0.05550581915846016,0.11906893464637422,0.8254252461951657
1805,Washington,5439,Washington Precinct 17-001,4429,720,649,1010,5439,1.0,0.8143041000183857,0.18569589998161426,4070,0.13237727523441808,0.11932340503769075,0.7482993197278912
1806,Wicomico,619,Wicomico Precinct 01-001,507,9,45,112,619,1.0,0.8190630048465266,0.18093699515347333,565,0.014539579967689823,0.07269789983844911,0.9127625201938611
1807,Wicomico,1374,Wicomico Precinct 07-001,1108,207,487,266,1374,1.0,0.8064046579330422,0.19359534206695778,680,0.15065502183406113,0.3544395924308588,0.4949053857350801
1808,Worcester,2745,Worcester Precinct 01-002,2016,136,295,729,2745,1.0,0.7344262295081967,0.26557377049180325,2314,0.04954462659380692,0.10746812386156648,0.8429872495446266
