,COUNTY,VAP,NAME,WVAP,GOV14D,GOV14R,OVAP,TOT_VOTES,factor,WVAP_pct,OVAP_pct,GOV14None,GOV14D_pct,GOV14R_pct,GOV14None_pct
0,Somerset,404,Somerset Precinct 02-001,324,33,133,80,404,1.0,0.801980198019802,0.19801980198019803,238,0.08168316831683169,0.3292079207920792,0.5891089108910891
1,Somerset,726,Somerset Precinct 05-001,591,87,238,135,726,1.0,0.8140495867768595,0.1859504132231405,401,0.11983471074380166,0.3278236914600551,0.5523415977961432
2,Somerset,1165,Somerset Precinct 03-001,861,102,344,304,1165,1.0,0.7390557939914163,0.2609442060085837,719,0.08755364806866953,0.2952789699570815,0.6171673819742489
3,Somerset,217,Somerset Precinct 13-003,159,24,57,58,217,1.0,0.7327188940092166,0.2672811059907834,136,0.11059907834101383,0.2626728110599078,0.6267281105990783
4,Somerset,3664,Somerset Precinct 13-002,1072,42,74,2592,3664,1.0,0.2925764192139738,0.7074235807860262,3548,0.01146288209606987,0.02019650655021834,0.9683406113537117
5,Somerset,151,Somerset Precinct 13-001,122,6,45,29,151,1.0,0.8079470198675497,0.19205298013245034,100,0.039735099337748346,0.2980132450331126,0.6622516556291391
6,Somerset,2355,Somerset Precinct 01-002,1257,231,277,1098,2355,1.0,0.5337579617834395,0.4662420382165605,1847,0.0980891719745223,0.11762208067940552,0.7842887473460722
7,Somerset,186,Somerset Precinct 01-003,56,31,39,130,186,1.0,0.3010752688172043,0.6989247311827957,116,0.16666666666666666,0.20967741935483872,0.6236559139784946
8,Somerset,1267,Somerset Precinct 15-002,234,149,78,1033,1267,1.0,0.18468823993685873,0.8153117600631413,1040,0.11760063141278611,0.06156274664561957,0.8208366219415943
9,Somerset,1039,Somerset Precinct 01-001,633,78,115,406,1039,1.0,0.6092396535129933,0.39076034648700675,846,0.07507218479307026,0.11068334937439846,0.8142444658325313
10,Somerset,3771,Somerset Precinct 15-001,692,89,99,3079,3771,1.0,0.18350570140546274,0.8164942985945373,3583,0.02360116679925749,0.026252983293556086,0.9501458499071864
11,Worcester,2315,Worcester Precinct 01-001,1155,576,985,1160,2315,1.0,0.49892008639308855,0.5010799136069114,754,0.2488120950323974,0.42548596112311016,0.3257019438444924
12,Somerset,919,Somerset Precinct 04-001,711,74,226,208,919,1.0,0.7736670293797606,0.22633297062023938,619,0.08052230685527748,0.24591947769314473,0.6735582154515778
13,Dorchester,70,Dorchester Precinct 18-001,65,3,22,5,70,1.0,0.9285714285714286,0.07142857142857142,45,0.04285714285714286,0.3142857142857143,0.6428571428571429
14,Dorchester,49,Dorchester Precinct 11-001,44,8,21,5,49,1.0,0.8979591836734694,0.10204081632653061,20,0.16326530612244897,0.42857142857142855,0.40816326530612246
15,Dorchester,145,Dorchester Precinct 13-002,79,35,19,66,145,1.0,0.5448275862068965,0.45517241379310347,91,0.2413793103448276,0.1310344827586207,0.6275862068965518
16,Dorchester,206,Dorchester Precinct 17-001,169,17,77,37,206,1.0,0.8203883495145631,0.1796116504854369,112,0.0825242718446602,0.3737864077669903,0.5436893203883495
17,Dorchester,63,Dorchester Precinct 14-002,39,7,16,24,63,1.0,0.6190476190476191,0.38095238095238093,40,0.1111111111111111,0.25396825396825395,0.6349206349206349
18,Wicomico,1349,Wicomico Precinct 17-001,1025,197,333,324,1349,1.0,0.759822090437361,0.24017790956263899,819,0.14603409933283915,0.2468495181616012,0.6071163825055597
19,Dorchester,308,Dorchester Precinct 03-001,274,25,103,34,308,1.0,0.8896103896103896,0.11038961038961038,180,0.08116883116883117,0.3344155844155844,0.5844155844155844
20,Cecil,4593,Cecil Precinct 05-003,4361,299,1414,232,4593,1.0,0.9494883518397561,0.05051164816024385,2880,0.06509906379272806,0.30785978663183106,0.6270411495754409
21,Kent,1682,Kent Precinct 01-002,1494,153,516,188,1682,1.0,0.8882282996432818,0.1117717003567182,1013,0.09096313912009513,0.30677764565992865,0.6022592152199763
22,Cecil,2280,Cecil Precinct 02-001,2088,157,557,192,2280,1.0,0.9157894736842105,0.08421052631578947,1566,0.06885964912280702,0.2442982456140351,0.6868421052631579
23,Cecil,2076,Cecil Precinct 02-002,1934,132,472,142,2076,1.0,0.9315992292870906,0.06840077071290944,1472,0.06358381502890173,0.22736030828516376,0.7090558766859345
24,Cecil,4897,Cecil Precinct 05-002,4539,319,1551,358,4897,1.0,0.9268940167449459,0.07310598325505412,3027,0.06514192362671023,0.31672452521952216,0.6181335511537676
25,Cecil,3665,Cecil Precinct 09-001,3546,189,1154,119,3665,1.0,0.9675306957708049,0.03246930422919509,2322,0.051568894952251025,0.31487039563437924,0.6335607094133697
26,Cecil,2554,Cecil Precinct 05-004,2220,130,373,334,2554,1.0,0.8692247454972593,0.1307752545027408,2051,0.05090054815974941,0.1460454189506656,0.803054032889585
27,Cecil,4984,Cecil Precinct 05-001,4641,192,752,343,4984,1.0,0.9311797752808989,0.06882022471910113,4040,0.038523274478330656,0.1508828250401284,0.8105939004815409
28,Cecil,7016,Cecil Precinct 03-002,6111,391,1177,905,7016,1.0,0.8710091220068416,0.1289908779931585,5448,0.05572976054732041,0.1677594070695553,0.7765108323831242
29,Cecil,6045,Cecil Precinct 03-003,4995,270,630,1050,6045,1.0,0.826302729528536,0.17369727047146402,5145,0.04466501240694789,0.10421836228287841,0.8511166253101737
30,Cecil,4668,Cecil Precinct 04-001,4445,375,1007,223,4668,1.0,0.9522279348757497,0.04777206512425022,3286,0.08033419023136247,0.2157240788346187,0.7039417309340189
31,Cecil,6876,Cecil Precinct 03-001,5322,394,821,1554,6876,1.0,0.7739965095986039,0.22600349040139617,5661,0.057300756253635836,0.11940081442699244,0.8232984293193717
32,Cecil,1863,Cecil Precinct 04-002,1152,195,251,711,1863,1.0,0.6183574879227053,0.38164251207729466,1417,0.10466988727858294,0.1347289318303811,0.760601180891036
33,Worcester,1065,Worcester Precinct 04-001,875,245,819,190,1065,1.7852348993288591,0.8215962441314554,0.1784037558685446,1,0.2300469483568075,0.7690140845070422,0.0009389671361502347
34,Worcester,2209,Worcester Precinct 02-001,1098,103,74,1111,2209,1.0,0.49705749207786326,0.5029425079221367,2032,0.046627433227704844,0.033499320959710276,0.9198732458125849
35,Worcester,2685,Worcester Precinct 04-002,2330,59,217,355,2685,1.0,0.8677839851024208,0.13221601489757914,2409,0.02197392923649907,0.0808193668528864,0.8972067039106145
36,Worcester,852,Worcester Precinct 02-002,668,526,325,184,852,1.19187675070028,0.784037558685446,0.215962441314554,1,0.6173708920187794,0.3814553990610329,0.0011737089201877935
37,Wicomico,2459,Wicomico Precinct 15-001,1971,204,610,488,2459,1.0,0.8015453436356242,0.19845465636437576,1645,0.0829605530703538,0.2480683204554697,0.6689711264741764
38,Wicomico,2235,Wicomico Precinct 16-002,1532,282,420,703,2235,1.0,0.6854586129753915,0.3145413870246085,1533,0.1261744966442953,0.18791946308724833,0.6859060402684564
39,Wicomico,2655,Wicomico Precinct 08-004,2377,196,521,278,2655,1.0,0.8952919020715631,0.10470809792843691,1938,0.07382297551789077,0.19623352165725047,0.7299435028248588
40,Wicomico,1417,Wicomico Precinct 08-003,1099,30,87,318,1417,1.0,0.7755822159491884,0.2244177840508116,1300,0.02117148906139732,0.061397318278052226,0.9174311926605505
41,Wicomico,3627,Wicomico Precinct 13-003,2905,452,705,722,3627,1.0,0.8009374138406397,0.19906258615936034,2470,0.1246208988144472,0.19437551695616212,0.6810035842293907
42,Wicomico,5667,Wicomico Precinct 13-001,4424,81,54,1243,5667,1.0,0.7806599611787541,0.2193400388212458,5532,0.014293276866066702,0.009528851244044468,0.9761778718898888
43,Wicomico,406,Wicomico Precinct 09-004,271,192,213,135,406,1.62,0.6674876847290641,0.33251231527093594,1,0.4729064039408867,0.5246305418719212,0.0024630541871921183
44,Wicomico,3486,Wicomico Precinct 09-002,433,325,10,3053,3486,1.0,0.12421113023522662,0.8757888697647733,3151,0.09323006310958118,0.002868617326448652,0.9039013195639701
45,Wicomico,4914,Wicomico Precinct 13-002,2595,249,214,2319,4914,1.0,0.5280830280830281,0.4719169719169719,4451,0.05067155067155067,0.04354904354904355,0.9057794057794057
46,Wicomico,942,Wicomico Precinct 08-002,842,187,708,100,942,1.0,0.8938428874734607,0.10615711252653928,47,0.19851380042462846,0.7515923566878981,0.049893842887473464
47,Wicomico,4839,Wicomico Precinct 05-002,2095,67,78,2744,4839,1.0,0.43294069022525317,0.5670593097747468,4694,0.013845835916511676,0.016119032858028518,0.9700351312254598
48,Wicomico,1862,Wicomico Precinct 09-001,1151,405,64,711,1862,1.0,0.6181525241675617,0.3818474758324382,1393,0.21750805585392052,0.034371643394199784,0.7481203007518797
49,Wicomico,1802,Wicomico Precinct 08-001,1508,83,325,294,1802,1.0,0.8368479467258602,0.16315205327413984,1394,0.04605993340732519,0.18035516093229745,0.7735849056603774
50,Wicomico,4054,Wicomico Precinct 05-004,3069,215,433,985,4054,1.0,0.7570300937345831,0.24296990626541687,3406,0.05303404045387272,0.10680809077454366,0.8401578687715836
51,Wicomico,2944,Wicomico Precinct 05-003,2205,399,402,739,2944,1.0,0.7489809782608695,0.25101902173913043,2143,0.13552989130434784,0.13654891304347827,0.727921195652174
52,Wicomico,1613,Wicomico Precinct 05-005,1432,262,773,181,1613,1.0,0.8877867327960323,0.11221326720396776,578,0.1624302541847489,0.4792312461252325,0.3583384996900186
53,Wicomico,996,Wicomico Precinct 11-002,514,352,643,482,996,1.939571150097466,0.5160642570281124,0.4839357429718876,1,0.3534136546184739,0.6455823293172691,0.001004016064257028
54,Wicomico,3288,Wicomico Precinct 11-001,2372,44,5,916,3288,1.0,0.7214111922141119,0.27858880778588807,3239,0.01338199513381995,0.0015206812652068127,0.9850973236009732
55,Wicomico,3390,Wicomico Precinct 05-006,2762,229,642,628,3390,1.0,0.8147492625368732,0.18525073746312684,2519,0.06755162241887906,0.18938053097345134,0.7430678466076697
56,Anne Arundel,2236,Anne Arundel Precinct 07-025,1913,234,612,323,2236,1.0,0.8555456171735242,0.14445438282647585,1390,0.10465116279069768,0.2737030411449016,0.6216457960644007
57,Anne Arundel,1839,Anne Arundel Precinct 07-003,1501,279,412,338,1839,1.0,0.8162044589450789,0.18379554105492116,1148,0.15171288743882544,0.2240348015225666,0.6242523110386079
58,Anne Arundel,2418,Anne Arundel Precinct 07-010,2221,194,646,197,2418,1.0,0.9185277088502894,0.08147229114971051,1578,0.08023159636062861,0.26716294458229944,0.652605459057072
59,Anne Arundel,2785,Anne Arundel Precinct 07-019,2513,100,366,272,2785,1.0,0.9023339317773789,0.09766606822262118,2319,0.03590664272890485,0.13141831238779175,0.8326750448833035
60,Anne Arundel,2923,Anne Arundel Precinct 07-006,2723,184,762,200,2923,1.0,0.9315771467670202,0.06842285323297982,1977,0.06294902497434143,0.2606910708176531,0.6763599042080055
61,Wicomico,1426,Wicomico Precinct 05-007,1279,116,458,147,1426,1.0,0.896914446002805,0.10308555399719495,852,0.08134642356241234,0.3211781206171108,0.5974754558204769
62,Wicomico,662,Wicomico Precinct 06-001,619,33,208,43,662,1.0,0.9350453172205438,0.0649546827794562,421,0.04984894259818731,0.31419939577039274,0.6359516616314199
63,Wicomico,2682,Wicomico Precinct 04-001,2441,134,656,241,2682,1.0,0.9101416853094706,0.08985831469052946,1892,0.049962714392244596,0.24459358687546606,0.7054436987322893
64,Wicomico,1593,Wicomico Precinct 14-001,1453,98,415,140,1593,1.0,0.9121155053358443,0.08788449466415568,1080,0.061519146264908973,0.26051475204017577,0.6779661016949152
65,Worcester,1868,Worcester Precinct 04-003,1543,186,498,325,1868,1.0,0.826017130620985,0.173982869379015,1184,0.09957173447537473,0.26659528907922914,0.6338329764453962
66,Worcester,2502,Worcester Precinct 02-003,1154,159,200,1348,2502,1.0,0.4612310151878497,0.5387689848121503,2143,0.06354916067146282,0.07993605115907274,0.8565147881694645
67,Worcester,2723,Worcester Precinct 03-003,2418,116,259,305,2723,1.0,0.8879911861917004,0.11200881380829968,2348,0.0426000734484025,0.09511568123393316,0.8622842453176643
68,Worcester,1802,Worcester Precinct 06-002,1664,56,257,138,1802,1.0,0.9234184239733629,0.07658157602663707,1489,0.03107658157602664,0.14261931187569368,0.8263041065482797
69,Worcester,2430,Worcester Precinct 05-002,2271,346,847,159,2430,1.0,0.9345679012345679,0.0654320987654321,1237,0.14238683127572016,0.348559670781893,0.5090534979423869
70,Worcester,4184,Worcester Precinct 05-001,3965,305,782,219,4184,1.0,0.9476577437858509,0.05234225621414914,3097,0.07289674952198853,0.18690248565965584,0.7402007648183556
71,Worcester,1964,Worcester Precinct 03-001,1858,223,914,106,1964,1.0,0.9460285132382892,0.0539714867617108,827,0.11354378818737271,0.4653767820773931,0.4210794297352342
72,Worcester,2243,Worcester Precinct 06-001,2142,337,959,101,2243,1.0,0.9549710209540794,0.04502897904592064,947,0.1502452073116362,0.427552385198395,0.4222024074899688
73,Worcester,1917,Worcester Precinct 06-003,1754,167,617,163,1917,1.0,0.9149713093375065,0.08502869066249348,1133,0.08711528429838289,0.3218570683359416,0.5910276473656755
74,Montgomery,3490,Montgomery Precinct 04-007,1550,490,333,1940,3490,1.0,0.44412607449856734,0.5558739255014327,2667,0.14040114613180515,0.09541547277936963,0.7641833810888252
75,Montgomery,2962,Montgomery Precinct 04-006,1536,418,350,1426,2962,1.0,0.5185685347738015,0.4814314652261985,2194,0.1411208642808913,0.11816340310600945,0.7407157326130993
76,Montgomery,1587,Montgomery Precinct 04-027,360,108,42,1227,1587,1.0,0.22684310018903592,0.7731568998109641,1437,0.06805293005671077,0.026465028355387523,0.9054820415879017
77,Montgomery,1951,Montgomery Precinct 04-009,995,366,204,956,1951,1.0,0.5099948744233727,0.4900051255766274,1381,0.1875961045617632,0.10456176319835982,0.707842132239877
78,Montgomery,3199,Montgomery Precinct 13-051,2034,711,513,1165,3199,1.0,0.6358236949046577,0.36417630509534227,1975,0.2222569552985308,0.16036261331666146,0.6173804313848078
79,Montgomery,1806,Montgomery Precinct 04-034,1249,383,395,557,1806,1.0,0.6915836101882613,0.30841638981173863,1028,0.21207087486157253,0.2187153931339978,0.5692137320044297
80,Montgomery,2832,Montgomery Precinct 13-043,911,356,233,1921,2832,1.0,0.321680790960452,0.678319209039548,2243,0.12570621468926554,0.08227401129943503,0.7920197740112994
81,Montgomery,2301,Montgomery Precinct 13-045,911,329,233,1390,2301,1.0,0.3959148196436332,0.6040851803563668,1739,0.1429813124728379,0.10126032159930465,0.7557583659278575
82,Montgomery,4265,Montgomery Precinct 13-036,1040,447,211,3225,4265,1.0,0.24384525205158264,0.7561547479484173,3607,0.10480656506447832,0.04947245017584994,0.8457209847596717
83,Montgomery,3162,Montgomery Precinct 13-037,1002,310,180,2160,3162,1.0,0.31688804554079697,0.683111954459203,2672,0.09803921568627451,0.056925996204933584,0.845034788108792
84,Montgomery,3854,Montgomery Precinct 13-035,962,458,209,2892,3854,1.0,0.24961079398028022,0.7503892060197198,3187,0.11883757135443695,0.05422937208095485,0.8269330565646082
85,Montgomery,5497,Montgomery Precinct 13-064,833,596,82,4664,5497,1.0,0.15153720211024194,0.8484627978897581,4819,0.10842277605966891,0.01491722757867928,0.8766599963616518
86,Montgomery,2249,Montgomery Precinct 13-052,1568,460,387,681,2249,1.0,0.6971987550022232,0.3028012449977768,1402,0.20453534904401957,0.17207647843485993,0.6233881725211204
87,Montgomery,2706,Montgomery Precinct 08-003,2131,615,747,575,2706,1.0,0.7875092387287509,0.21249076127124908,1344,0.22727272727272727,0.27605321507760533,0.49667405764966743
88,Montgomery,2330,Montgomery Precinct 13-046,1386,380,413,944,2330,1.0,0.5948497854077254,0.4051502145922747,1537,0.1630901287553648,0.17725321888412018,0.6596566523605151
89,Montgomery,1337,Montgomery Precinct 08-004,1020,209,319,317,1337,1.0,0.762902019446522,0.23709798055347794,809,0.156320119670905,0.23859386686611816,0.6050860134629769
90,Montgomery,2775,Montgomery Precinct 08-008,1990,494,670,785,2775,1.0,0.7171171171171171,0.2828828828828829,1611,0.17801801801801803,0.24144144144144145,0.5805405405405405
91,Montgomery,3472,Montgomery Precinct 08-009,2306,669,733,1166,3472,1.0,0.6641705069124424,0.3358294930875576,2070,0.19268433179723501,0.21111751152073732,0.5961981566820277
92,Montgomery,3315,Montgomery Precinct 08-001,2336,686,726,979,3315,1.0,0.7046757164404224,0.2953242835595777,1903,0.20693815987933634,0.21900452488687783,0.5740573152337858
93,Montgomery,2576,Montgomery Precinct 08-012,1661,445,549,915,2576,1.0,0.6447981366459627,0.35520186335403725,1582,0.17274844720496896,0.21312111801242237,0.6141304347826086
94,Montgomery,2565,Montgomery Precinct 08-005,2188,437,810,377,2565,1.0,0.8530214424951267,0.1469785575048733,1318,0.17037037037037037,0.3157894736842105,0.5138401559454191
95,Montgomery,3510,Montgomery Precinct 01-002,2324,330,569,1186,3510,1.0,0.6621082621082621,0.3378917378917379,2611,0.09401709401709402,0.1621082621082621,0.7438746438746439
96,Montgomery,3657,Montgomery Precinct 12-003,2956,447,1067,701,3657,1.0,0.8083128247197157,0.1916871752802844,2143,0.12223133716160788,0.2917692097347553,0.5859994531036369
97,Montgomery,2213,Montgomery Precinct 12-001,1875,227,616,338,2213,1.0,0.8472661545413466,0.1527338454586534,1370,0.10257568910980569,0.2783551739719837,0.6190691369182105
98,Montgomery,2541,Montgomery Precinct 01-001,2052,275,712,489,2541,1.0,0.807556080283353,0.19244391971664698,1554,0.10822510822510822,0.28020464384100746,0.6115702479338843
99,Howard,1720,Howard Precinct 04-003,1518,192,763,202,1720,1.0,0.8825581395348837,0.11744186046511627,765,0.11162790697674418,0.4436046511627907,0.44476744186046513
100,Frederick,3630,Frederick Precinct 14-001,3427,460,1381,203,3630,1.0,0.9440771349862259,0.0559228650137741,1789,0.12672176308539945,0.38044077134986226,0.4928374655647383
101,Frederick,2062,Frederick Precinct 03-001,1930,249,695,132,2062,1.0,0.9359844810863239,0.06401551891367604,1118,0.12075654704170707,0.3370514064015519,0.542192046556741
102,Frederick,4117,Frederick Precinct 23-001,3207,546,1017,910,4117,1.0,0.7789652659703667,0.22103473402963322,2554,0.13262084041777994,0.24702453242652417,0.6203546271556959
103,Frederick,674,Frederick Precinct 24-003,646,113,185,28,674,1.0,0.9584569732937686,0.04154302670623145,376,0.16765578635014836,0.2744807121661721,0.5578635014836796
104,Frederick,2134,Frederick Precinct 03-003,1924,282,710,210,2134,1.0,0.901593252108716,0.09840674789128398,1142,0.13214620431115276,0.33270852858481725,0.53514526710403
105,Frederick,1667,Frederick Precinct 24-001,1533,281,557,134,1667,1.0,0.9196160767846431,0.08038392321535692,829,0.16856628674265148,0.33413317336532694,0.4973005398920216
106,Frederick,3265,Frederick Precinct 02-015,2683,544,784,582,3265,1.0,0.8217457886676875,0.1782542113323124,1937,0.1666156202143951,0.24012251148545177,0.5932618683001532
107,Frederick,3578,Frederick Precinct 26-001,3149,550,1001,429,3578,1.0,0.8801006148686417,0.1198993851313583,2027,0.15371716042481834,0.2797652319731694,0.5665176076020123
108,Washington,2005,Washington Precinct 07-002,1820,157,551,185,2005,1.0,0.9077306733167082,0.09226932668329177,1297,0.07830423940149626,0.2748129675810474,0.6468827930174563
109,Washington,2584,Washington Precinct 07-001,2474,166,811,110,2584,1.0,0.9574303405572755,0.04256965944272446,1607,0.06424148606811146,0.3138544891640867,0.6219040247678018
110,Washington,883,Washington Precinct 14-001,858,64,288,25,883,1.0,0.9716874292185731,0.028312570781426953,531,0.072480181200453,0.3261608154020385,0.6013590033975085
111,Washington,1184,Washington Precinct 14-002,1120,64,221,64,1184,1.0,0.9459459459459459,0.05405405405405406,899,0.05405405405405406,0.1866554054054054,0.7592905405405406
112,Frederick,1799,Frederick Precinct 10-001,1737,117,541,62,1799,1.0,0.9655364091161757,0.03446359088382435,1141,0.06503613118399111,0.3007226236798221,0.6342412451361867
113,Frederick,2997,Frederick Precinct 15-001,2874,202,826,123,2997,1.0,0.958958958958959,0.04104104104104104,1969,0.06740073406740073,0.27560894227560895,0.6569903236569903
114,Frederick,3794,Frederick Precinct 15-002,3627,264,935,167,3794,1.0,0.955983131259884,0.04401686874011597,2595,0.06958355297838692,0.24644175013178704,0.683974696889826
115,Frederick,1007,Frederick Precinct 04-001,964,59,321,43,1007,1.0,0.9572989076464746,0.04270109235352532,627,0.05858987090367428,0.3187686196623635,0.6226415094339622
116,Frederick,4025,Frederick Precinct 07-002,2268,641,882,1757,4025,1.0,0.5634782608695652,0.4365217391304348,2502,0.15925465838509317,0.21913043478260869,0.6216149068322981
117,Frederick,2425,Frederick Precinct 09-001,2177,345,1012,248,2425,1.0,0.8977319587628866,0.1022680412371134,1068,0.1422680412371134,0.417319587628866,0.4404123711340206
118,Frederick,2868,Frederick Precinct 09-006,2447,463,808,421,2868,1.0,0.8532078103207811,0.14679218967921898,1597,0.1614365411436541,0.28172942817294283,0.5568340306834031
119,Frederick,3752,Frederick Precinct 13-001,3415,549,1224,337,3752,1.0,0.910181236673774,0.08981876332622601,1979,0.1463219616204691,0.326226012793177,0.527452025586354
120,Frederick,3625,Frederick Precinct 09-007,3267,521,1183,358,3625,1.0,0.9012413793103449,0.09875862068965517,1921,0.14372413793103447,0.3263448275862069,0.5299310344827586
121,Frederick,3137,Frederick Precinct 09-004,2926,362,1119,211,3137,1.0,0.932738284985655,0.06726171501434491,1656,0.1153968759961747,0.3567102327064074,0.5278928912974179
122,Frederick,3312,Frederick Precinct 09-002,3071,403,1124,241,3312,1.0,0.9272342995169082,0.07276570048309179,1785,0.12167874396135266,0.3393719806763285,0.5389492753623188
123,Frederick,1427,Frederick Precinct 09-005,1331,199,465,96,1427,1.0,0.9327259985984583,0.0672740014015417,763,0.13945339873861248,0.3258584442887176,0.5346881569726699
124,Frederick,3254,Frederick Precinct 26-002,2717,365,959,537,3254,1.0,0.8349723417332514,0.16502765826674862,1930,0.11216963736939152,0.29471419791026426,0.5931161647203442
125,Frederick,2580,Frederick Precinct 11-001,2415,206,863,165,2580,1.0,0.936046511627907,0.06395348837209303,1511,0.07984496124031008,0.33449612403100776,0.5856589147286821
126,Frederick,1877,Frederick Precinct 08-001,1780,167,698,97,1877,1.0,0.94832179009057,0.051678209909429944,1012,0.08897176345231753,0.3718700053276505,0.5391582312200319
127,Frederick,1703,Frederick Precinct 17-001,1646,118,630,57,1703,1.0,0.9665296535525543,0.03347034644744568,955,0.06928948913681739,0.369935408103347,0.5607751027598356
128,Frederick,4393,Frederick Precinct 18-001,3975,502,1607,418,4393,1.0,0.9048486228090143,0.09515137719098565,2284,0.11427270657864785,0.3658092419758707,0.5199180514454814
129,Howard,1498,Howard Precinct 04-001,1349,133,574,149,1498,1.0,0.9005340453938585,0.09946595460614152,791,0.08878504672897196,0.38317757009345793,0.5280373831775701
130,Frederick,2489,Frederick Precinct 18-002,2395,207,982,94,2489,1.0,0.9622338288469264,0.03776617115307352,1300,0.0831659300924066,0.39453595821615106,0.5222981116914424
131,Howard,1440,Howard Precinct 04-005,1280,130,739,160,1440,1.0,0.8888888888888888,0.1111111111111111,571,0.09027777777777778,0.5131944444444444,0.39652777777777776
132,Carroll,2986,Carroll Precinct 09-002,2814,96,749,172,2986,1.0,0.942397856664434,0.05760214333556597,2141,0.032150033489618215,0.2508372404554588,0.7170127260549229
133,Frederick,1309,Frederick Precinct 19-001,1228,103,519,81,1309,1.0,0.9381207028265852,0.061879297173414824,687,0.07868601986249045,0.3964858670741024,0.5248281130634072
134,Carroll,1186,Carroll Precinct 12-001,1086,80,382,100,1186,1.0,0.9156829679595279,0.08431703204047218,724,0.06745362563237774,0.3220910623946037,0.6104553119730185
135,Carroll,2833,Carroll Precinct 11-001,2645,185,1094,188,2833,1.0,0.9336392516766678,0.06636074832333215,1554,0.06530180021178962,0.38616307800917754,0.5485351217790329
136,Frederick,1991,Frederick Precinct 24-002,1555,269,484,436,1991,1.0,0.7810145655449523,0.21898543445504773,1238,0.13510798593671522,0.2430939226519337,0.6217980914113511
137,Frederick,3176,Frederick Precinct 03-002,3012,411,1188,164,3176,1.0,0.9483627204030227,0.05163727959697733,1577,0.1294080604534005,0.37405541561712846,0.496536523929471
138,Frederick,3128,Frederick Precinct 16-001,2963,406,1114,165,3128,1.0,0.9472506393861893,0.05274936061381074,1608,0.12979539641943735,0.3561381074168798,0.5140664961636828
139,Frederick,1661,Frederick Precinct 06-001,1618,150,631,43,1661,1.0,0.9741119807344973,0.02588801926550271,880,0.09030704394942805,0.3798916315472607,0.5298013245033113
140,Frederick,2498,Frederick Precinct 21-001,2294,261,781,204,2498,1.0,0.9183346677341874,0.08166533226581266,1456,0.10448358686949559,0.31265012009607684,0.5828662930344275
141,Frederick,1672,Frederick Precinct 02-014,1157,233,321,515,1672,1.0,0.6919856459330144,0.30801435406698563,1118,0.13935406698564592,0.19198564593301434,0.6686602870813397
142,Frederick,2944,Frederick Precinct 02-006,2149,430,649,795,2944,1.0,0.7299592391304348,0.27004076086956524,1865,0.14605978260869565,0.22044836956521738,0.6334918478260869
143,Frederick,2897,Frederick Precinct 01-002,1883,415,523,1014,2897,1.0,0.64998274076631,0.35001725923369004,1959,0.14325163962720056,0.18053158439765274,0.6762167759751467
144,Frederick,2912,Frederick Precinct 02-016,1692,378,287,1220,2912,1.0,0.5810439560439561,0.41895604395604397,2247,0.12980769230769232,0.0985576923076923,0.7716346153846154
146,Frederick,92,Frederick Precinct 23-002,90,8,12,2,92,1.0,0.9782608695652174,0.021739130434782608,72,0.08695652173913043,0.13043478260869565,0.782608695652174
147,Frederick,2535,Frederick Precinct 02-017,1087,286,184,1448,2535,1.0,0.4287968441814596,0.5712031558185404,2065,0.11282051282051282,0.07258382642998028,0.814595660749507
148,Frederick,5267,Frederick Precinct 02-008,2880,527,525,2387,5267,1.0,0.5468008353901652,0.45319916460983484,4215,0.10005695842035314,0.09967723561799886,0.800265805961648
149,Frederick,4053,Frederick Precinct 02-013,2109,488,411,1944,4053,1.0,0.5203552923760177,0.47964470762398226,3154,0.12040463853935357,0.10140636565507032,0.7781889958055761
150,Frederick,3697,Frederick Precinct 02-001,2254,531,370,1443,3697,1.0,0.6096835271842034,0.39031647281579657,2796,0.14362997024614552,0.10008114687584528,0.7562888828780092
151,Frederick,1499,Frederick Precinct 02-002,1162,195,182,337,1499,1.0,0.7751834556370913,0.2248165443629086,1122,0.13008672448298866,0.12141427618412275,0.7484989993328885
152,Frederick,3655,Frederick Precinct 02-011,2395,364,318,1260,3655,1.0,0.655266757865937,0.3447332421340629,2973,0.09958960328317373,0.08700410396716826,0.813406292749658
153,Frederick,1931,Frederick Precinct 07-004,1435,259,396,496,1931,1.0,0.7431382703262558,0.25686172967374415,1276,0.13412739513205593,0.20507509062661833,0.6607975142413257
154,Frederick,1452,Frederick Precinct 09-003,1268,181,411,184,1452,1.0,0.8732782369146006,0.12672176308539945,860,0.1246556473829201,0.2830578512396694,0.5922865013774105
155,Frederick,3429,Frederick Precinct 02-003,2866,546,445,563,3429,1.0,0.8358121901428988,0.16418780985710119,2438,0.15923009623797024,0.12977544473607466,0.710994459025955
156,Frederick,3603,Frederick Precinct 02-007,2732,528,595,871,3603,1.0,0.7582570080488482,0.24174299195115181,2480,0.14654454621149043,0.16514016097696363,0.6883152928115459
157,Frederick,1560,Frederick Precinct 02-018,1056,276,367,504,1560,1.0,0.676923076923077,0.3230769230769231,917,0.17692307692307693,0.23525641025641025,0.5878205128205128
158,Frederick,1203,Frederick Precinct 09-008,1049,189,325,154,1203,1.0,0.8719866999168745,0.12801330008312553,689,0.1571072319201995,0.27015793848711556,0.572734829592685
159,Frederick,584,Frederick Precinct 13-002,482,15,57,102,584,1.0,0.8253424657534246,0.17465753424657535,512,0.025684931506849314,0.0976027397260274,0.8767123287671232
160,Frederick,1787,Frederick Precinct 21-002,1398,265,442,389,1787,1.0,0.7823167319529939,0.21768326804700616,1080,0.14829322887520985,0.24734191382204812,0.604364857302742
161,Frederick,3099,Frederick Precinct 21-003,2373,477,846,726,3099,1.0,0.7657308809293321,0.23426911907066797,1776,0.15392061955469508,0.27299128751210067,0.5730880929332043
162,Frederick,4379,Frederick Precinct 02-010,2919,612,773,1460,4379,1.0,0.6665905457867093,0.3334094542132907,2994,0.13975793560173555,0.17652432062114637,0.683717743777118
163,Frederick,2457,Frederick Precinct 20-001,2341,199,747,116,2457,1.0,0.9527879527879528,0.04721204721204721,1511,0.08099308099308099,0.304029304029304,0.6149776149776149
164,Washington,1945,Washington Precinct 08-000,1896,184,580,49,1945,1.0,0.9748071979434447,0.02519280205655527,1181,0.09460154241645244,0.2982005141388175,0.6071979434447301
165,Frederick,2373,Frederick Precinct 12-001,2028,305,702,345,2373,1.0,0.854614412136536,0.14538558786346398,1366,0.12852928782132322,0.29582806573957016,0.5756426464391066
166,Frederick,1222,Frederick Precinct 22-001,1156,157,408,66,1222,1.0,0.9459901800327333,0.054009819967266774,657,0.12847790507364976,0.33387888707037644,0.5376432078559739
167,Washington,1846,Washington Precinct 19-000,1762,177,649,84,1846,1.0,0.9544962080173348,0.04550379198266522,1020,0.09588299024918744,0.3515709642470206,0.5525460455037919
168,Washington,2585,Washington Precinct 06-002,2446,246,679,139,2585,1.0,0.9462282398452612,0.053771760154738876,1660,0.09516441005802707,0.26266924564796906,0.6421663442940039
169,Washington,2120,Washington Precinct 06-001,2021,208,651,99,2120,1.0,0.9533018867924529,0.046698113207547166,1261,0.09811320754716982,0.3070754716981132,0.594811320754717
170,Washington,2992,Washington Precinct 16-000,2783,254,913,209,2992,1.0,0.9301470588235294,0.06985294117647059,1825,0.08489304812834225,0.30514705882352944,0.6099598930481284
171,Washington,3446,Washington Precinct 02-000,3270,261,871,176,3446,1.0,0.9489262913522926,0.05107370864770749,2314,0.07573998839233895,0.2527568195008706,0.6715031921067904
172,Washington,3981,Washington Precinct 23-000,3821,187,1111,160,3981,1.0,0.9598090931926652,0.04019090680733484,2683,0.04697312233107259,0.2790756091434313,0.6739512685254961
173,Washington,2569,Washington Precinct 26-003,2433,223,751,136,2569,1.0,0.9470611132736473,0.05293888672635266,1595,0.08680420397041651,0.2923316465550798,0.6208641494745037
174,Washington,3543,Washington Precinct 26-001,3247,226,804,296,3543,1.0,0.9164549816539656,0.08354501834603444,2513,0.06378775049393169,0.22692633361558,0.7092859158904883
175,Washington,2281,Washington Precinct 26-002,2020,198,527,261,2281,1.0,0.8855765015344147,0.11442349846558526,1556,0.08680403331871986,0.23103901797457255,0.6821569487067076
176,Washington,2361,Washington Precinct 10-002,1969,238,668,392,2361,1.0,0.833968657348581,0.1660313426514189,1455,0.10080474375264718,0.28293096145700974,0.6162642947903431
177,Washington,1736,Washington Precinct 03-004,1327,65,118,409,1736,1.0,0.7644009216589862,0.23559907834101382,1553,0.03744239631336405,0.06797235023041474,0.8945852534562212
178,Washington,2009,Washington Precinct 03-003,1620,104,267,389,2009,1.0,0.8063713290194127,0.19362867098058736,1638,0.051767048282727726,0.1329019412643106,0.8153310104529616
179,Washington,1404,Washington Precinct 03-002,1228,117,169,176,1404,1.0,0.8746438746438746,0.12535612535612536,1118,0.08333333333333333,0.12037037037037036,0.7962962962962963
180,Washington,2964,Washington Precinct 13-001,2854,156,868,110,2964,1.0,0.9628879892037787,0.037112010796221326,1940,0.05263157894736842,0.29284750337381915,0.6545209176788124
181,Washington,2396,Washington Precinct 25-004,1777,171,339,619,2396,1.0,0.741652754590985,0.25834724540901505,1886,0.07136894824707847,0.14148580968280466,0.7871452420701168
182,Washington,2917,Washington Precinct 25-002,2460,154,287,457,2917,1.0,0.8433321906067878,0.1566678093932122,2476,0.052793966403839564,0.09838875557079191,0.8488172780253685
183,Washington,1556,Washington Precinct 13-002,1358,126,377,198,1556,1.0,0.8727506426735219,0.12724935732647816,1053,0.08097686375321336,0.2422879177377892,0.6767352185089974
184,Washington,947,Washington Precinct 10-004,919,74,252,28,947,1.0,0.9704329461457233,0.029567053854276663,621,0.0781414994720169,0.26610348468849,0.6557550158394931
185,Washington,4870,Washington Precinct 10-001,3171,229,671,1699,4870,1.0,0.651129363449692,0.34887063655030803,3970,0.04702258726899384,0.137782340862423,0.8151950718685832
186,Washington,1255,Washington Precinct 03-001,1023,85,95,232,1255,1.0,0.8151394422310757,0.1848605577689243,1075,0.06772908366533864,0.07569721115537849,0.8565737051792829
187,Washington,1160,Washington Precinct 25-001,490,126,30,670,1160,1.0,0.4224137931034483,0.5775862068965517,1004,0.10862068965517241,0.02586206896551724,0.8655172413793103
188,Washington,2628,Washington Precinct 22-001,1978,198,187,650,2628,1.0,0.7526636225266362,0.24733637747336376,2243,0.07534246575342465,0.07115677321156773,0.8535007610350076
189,Washington,2275,Washington Precinct 22-002,1694,173,338,581,2275,1.0,0.7446153846153846,0.2553846153846154,1764,0.07604395604395604,0.14857142857142858,0.7753846153846153
190,Washington,1661,Washington Precinct 10-003,1445,144,441,216,1661,1.0,0.8699578567128236,0.1300421432871764,1076,0.08669476219145093,0.26550270921131847,0.6478025285972305
191,Washington,2430,Washington Precinct 21-002,1997,222,407,433,2430,1.0,0.8218106995884774,0.17818930041152264,1801,0.09135802469135802,0.16748971193415638,0.7411522633744856
192,Washington,1170,Washington Precinct 21-003,1051,179,296,119,1170,1.0,0.8982905982905983,0.10170940170940171,695,0.152991452991453,0.252991452991453,0.594017094017094
193,Washington,2431,Washington Precinct 27-001,2230,295,771,201,2431,1.0,0.9173179761415056,0.08268202385849445,1365,0.12134923899629782,0.3171534348004936,0.5614973262032086
194,Washington,2591,Washington Precinct 21-001,2125,271,498,466,2591,1.0,0.8201466615206484,0.17985333847935162,1822,0.10459282130451564,0.19220378232342725,0.7032033963720571
195,Washington,3190,Washington Precinct 27-002,2627,235,745,563,3190,1.0,0.8235109717868339,0.17648902821316614,2210,0.07366771159874608,0.2335423197492163,0.6927899686520376
196,Washington,2782,Washington Precinct 18-002,2491,233,669,291,2782,1.0,0.8953989935298347,0.10460100647016535,1880,0.08375269590222861,0.2404744787922358,0.6757728253055356
197,Washington,3320,Washington Precinct 18-003,2539,278,482,781,3320,1.0,0.7647590361445783,0.23524096385542168,2560,0.08373493975903615,0.14518072289156628,0.7710843373493976
198,Washington,2141,Washington Precinct 18-001,2034,131,675,107,2141,1.0,0.9500233535730966,0.04997664642690332,1335,0.061186361513311534,0.3152732368052312,0.6235404016814573
199,Washington,2206,Washington Precinct 09-000,2147,163,692,59,2206,1.0,0.9732547597461468,0.02674524025385313,1351,0.07388939256572982,0.31368993653671806,0.6124206708975521
200,Charles,2592,Charles Precinct 03-001,1691,314,595,901,2592,1.0,0.652391975308642,0.34760802469135804,1683,0.12114197530864197,0.22955246913580246,0.6493055555555556
201,Charles,1606,Charles Precinct 02-001,1303,169,481,303,1606,1.0,0.811332503113325,0.18866749688667497,956,0.10523038605230386,0.29950186799501866,0.5952677459526775
202,Charles,3125,Charles Precinct 10-001,1544,473,570,1581,3125,1.0,0.49408,0.50592,2082,0.15136,0.1824,0.66624
203,Charles,2755,Charles Precinct 07-002,1062,575,338,1693,2755,1.0,0.385480943738657,0.6145190562613431,1842,0.20871143375680581,0.12268602540834846,0.6686025408348457
204,Charles,3366,Charles Precinct 07-003,1393,764,410,1973,3366,1.0,0.4138443256090315,0.5861556743909685,2192,0.22697563874034463,0.12180629827688651,0.6512180629827689
205,Charles,1655,Charles Precinct 07-001,1311,145,305,344,1655,1.0,0.7921450151057402,0.20785498489425983,1205,0.08761329305135952,0.18429003021148035,0.7280966767371602
206,Charles,2514,Charles Precinct 07-004,947,683,267,1567,2514,1.0,0.37669053301511535,0.6233094669848847,1564,0.271678599840891,0.10620525059665871,0.6221161495624503
207,St. Mary's,1701,St. Mary's Precinct 03-004,1508,168,551,193,1701,1.0,0.8865373309817755,0.11346266901822458,982,0.09876543209876543,0.3239271017048795,0.5773074661963551
208,St. Mary's,2001,St. Mary's Precinct 03-003,1791,149,658,210,2001,1.0,0.8950524737631185,0.10494752623688156,1194,0.07446276861569215,0.3288355822088955,0.5967016491754122
209,Charles,2440,Charles Precinct 01-002,1878,267,783,562,2440,1.0,0.769672131147541,0.230327868852459,1390,0.10942622950819672,0.3209016393442623,0.569672131147541
210,Charles,1733,Charles Precinct 04-002,1449,109,619,284,1733,1.0,0.8361223312175419,0.16387766878245816,1005,0.06289671090594345,0.3571840738603578,0.5799192152336988
211,Charles,2359,Charles Precinct 01-003,1637,307,705,722,2359,1.0,0.6939381093683764,0.3060618906316236,1347,0.1301398897838067,0.29885544722339974,0.5710046629927935
212,Charles,2485,Charles Precinct 01-004,1976,236,663,509,2485,1.0,0.7951710261569417,0.20482897384305834,1586,0.09496981891348089,0.26680080482897384,0.6382293762575453
213,Charles,3599,Charles Precinct 05-001,2920,338,987,679,3599,1.0,0.81133648235621,0.18866351764378994,2274,0.09391497638232843,0.2742428452347874,0.6318421783828841
214,Charles,2563,Charles Precinct 04-001,2230,154,838,333,2563,1.0,0.870074131876707,0.12992586812329301,1571,0.060085836909871244,0.3269605930550137,0.6129535700351151
215,Charles,2392,Charles Precinct 08-001,1757,370,1033,635,2392,1.0,0.7345317725752508,0.2654682274247492,989,0.15468227424749165,0.4318561872909699,0.41346153846153844
216,Charles,2371,Charles Precinct 06-001,1797,293,667,574,2371,1.0,0.7579080556727119,0.24209194432728806,1411,0.12357654997891185,0.2813159004639393,0.5951075495571488
217,Charles,3623,Charles Precinct 06-014,1425,839,457,2198,3623,1.0,0.3933204526635385,0.6066795473364615,2327,0.2315760419541816,0.12613855920507866,0.6422853988407398
218,Allegany,1719,Allegany Precinct 29-002,1637,180,540,82,1719,1.0,0.9522978475858057,0.0477021524141943,999,0.10471204188481675,0.31413612565445026,0.581151832460733
219,Allegany,3235,Allegany Precinct 06-006,1942,104,452,1293,3235,1.0,0.6003091190108192,0.3996908809891808,2679,0.0321483771251932,0.13972179289026276,0.8281298299845441
220,Allegany,1207,Allegany Precinct 06-005,1034,151,271,173,1207,1.0,0.8566694283347142,0.14333057166528584,785,0.1251035625517813,0.22452361226180614,0.6503728251864126
221,Allegany,800,Allegany Precinct 06-003,740,75,146,60,800,1.0,0.925,0.075,579,0.09375,0.1825,0.72375
222,Allegany,1902,Allegany Precinct 29-001,1833,180,667,69,1902,1.0,0.9637223974763407,0.03627760252365931,1055,0.0946372239747634,0.35068349106203994,0.5546792849631966
223,Allegany,1522,Allegany Precinct 06-001,1409,173,296,113,1522,1.0,0.9257555847568988,0.07424441524310119,1053,0.11366622864651774,0.19448094612352168,0.6918528252299606
224,Allegany,1679,Allegany Precinct 20-000,1648,68,470,31,1679,1.0,0.9815366289458011,0.01846337105419893,1141,0.04050029779630732,0.2799285288862418,0.6795711733174509
225,Allegany,928,Allegany Precinct 04-005,911,69,179,17,928,1.0,0.9816810344827587,0.018318965517241378,680,0.07435344827586207,0.19288793103448276,0.7327586206896551
226,Allegany,1457,Allegany Precinct 04-003,1352,94,247,105,1457,1.0,0.9279341111873713,0.0720658888126287,1116,0.06451612903225806,0.1695264241592313,0.7659574468085106
227,Allegany,1118,Allegany Precinct 04-002,951,58,106,167,1118,1.0,0.8506261180679785,0.14937388193202147,954,0.0518783542039356,0.09481216457960644,0.853309481216458
228,Allegany,1603,Allegany Precinct 04-008,1511,130,308,92,1603,1.0,0.9426076107298814,0.05739238927011853,1165,0.08109794135995009,0.19213973799126638,0.7267623206487835
229,Allegany,1425,Allegany Precinct 04-004,1355,144,377,70,1425,1.0,0.9508771929824561,0.04912280701754386,904,0.10105263157894737,0.26456140350877194,0.6343859649122807
230,Allegany,856,Allegany Precinct 14-000,766,72,102,90,856,1.0,0.8948598130841121,0.10514018691588785,682,0.08411214953271028,0.1191588785046729,0.7967289719626168
231,Allegany,1491,Allegany Precinct 05-004,1387,129,258,104,1491,1.0,0.9302481556002683,0.06975184439973173,1104,0.08651911468812877,0.17303822937625754,0.7404426559356136
232,Allegany,2358,Allegany Precinct 23-000,2120,188,499,238,2358,1.0,0.899067005937235,0.10093299406276506,1671,0.07972858354537744,0.21162001696352842,0.7086513994910941
233,Allegany,624,Allegany Precinct 05-006,619,43,161,5,624,1.0,0.9919871794871795,0.008012820512820512,420,0.06891025641025642,0.25801282051282054,0.6730769230769231
234,Allegany,2552,Allegany Precinct 22-001,2173,161,373,379,2552,1.0,0.8514890282131662,0.14851097178683387,2018,0.06308777429467084,0.14615987460815047,0.7907523510971787
235,Allegany,3185,Allegany Precinct 16-000,1973,87,513,1212,3185,1.0,0.6194662480376766,0.38053375196232336,2585,0.027315541601255888,0.16106750392464678,0.8116169544740973
236,Allegany,1346,Allegany Precinct 34-000,1324,121,472,22,1346,1.0,0.9836552748885586,0.01634472511144131,753,0.08989598811292719,0.35066864784546803,0.5594353640416048
237,Allegany,956,Allegany Precinct 21-000,934,58,312,22,956,1.0,0.9769874476987448,0.02301255230125523,586,0.060669456066945605,0.3263598326359833,0.6129707112970711
238,Allegany,944,Allegany Precinct 02-000,924,40,271,20,944,1.0,0.9788135593220338,0.0211864406779661,633,0.0423728813559322,0.2870762711864407,0.6705508474576272
239,Allegany,852,Allegany Precinct 03-000,839,27,267,13,852,1.0,0.9847417840375586,0.015258215962441314,558,0.03169014084507042,0.31338028169014087,0.6549295774647887
240,Allegany,746,Allegany Precinct 01-000,734,32,292,12,746,1.0,0.9839142091152815,0.0160857908847185,422,0.04289544235924933,0.3914209115281501,0.5656836461126006
241,Washington,2643,Washington Precinct 05-000,2584,113,778,59,2643,1.0,0.9776768823306848,0.022323117669315173,1752,0.04275444570563754,0.2943624668936814,0.662883087400681
242,Frederick,3605,Frederick Precinct 25-001,3213,403,740,392,3605,1.0,0.8912621359223301,0.1087378640776699,2462,0.11178918169209431,0.20527045769764216,0.6829403606102635
243,Washington,1589,Washington Precinct 15-000,1563,63,494,26,1589,1.0,0.9836375078665828,0.016362492133417242,1032,0.039647577092511016,0.3108873505349276,0.6494650723725613
244,Washington,2398,Washington Precinct 04-000,2339,119,841,59,2398,1.0,0.9753961634695579,0.024603836530442035,1438,0.04962468723936614,0.35070892410341953,0.5996663886572143
245,Washington,563,Washington Precinct 11-002,546,50,157,17,563,1.0,0.9698046181172292,0.03019538188277087,356,0.08880994671403197,0.27886323268206037,0.6323268206039077
246,Washington,2586,Washington Precinct 01-000,2492,248,830,94,2586,1.0,0.9636504253673627,0.03634957463263728,1508,0.09590100541376644,0.3209590100541377,0.5831399845320959
247,Washington,1721,Washington Precinct 20-000,1673,112,575,48,1721,1.0,0.9721092388146426,0.02789076118535735,1034,0.06507844276583381,0.33410807669959325,0.600813480534573
248,Washington,6302,Washington Precinct 12-000,3018,137,654,3284,6302,1.0,0.4788955887019994,0.5211044112980007,5511,0.021739130434782608,0.10377657886385275,0.8744842907013647
249,Washington,929,Washington Precinct 11-001,892,97,280,37,929,1.0,0.9601722282023681,0.03982777179763186,552,0.10441334768568353,0.3013993541442411,0.5941872981700753
250,Garrett,746,Garrett Precinct 08-002,735,21,203,11,746,1.0,0.985254691689008,0.014745308310991957,522,0.028150134048257374,0.27211796246648795,0.6997319034852547
251,Garrett,572,Garrett Precinct 08-001,565,21,138,7,572,1.0,0.9877622377622378,0.012237762237762238,413,0.03671328671328671,0.24125874125874125,0.722027972027972
252,Garrett,1056,Garrett Precinct 14-002,1037,59,286,19,1056,1.0,0.9820075757575758,0.017992424242424244,711,0.05587121212121212,0.2708333333333333,0.6732954545454546
253,Garrett,1898,Garrett Precinct 07-000,1852,81,426,46,1898,1.0,0.9757639620653319,0.02423603793466807,1391,0.04267650158061117,0.2244467860906217,0.7328767123287672
254,Garrett,2642,Garrett Precinct 16-000,2604,132,576,38,2642,1.0,0.9856169568508706,0.014383043149129448,1934,0.04996214988644966,0.21801665404996215,0.7320211960635882
255,Garrett,1535,Garrett Precinct 10-000,1521,88,382,14,1535,1.0,0.9908794788273616,0.009120521172638436,1065,0.05732899022801303,0.2488599348534202,0.6938110749185668
256,Garrett,2412,Garrett Precinct 14-001,2373,115,533,39,2412,1.0,0.9838308457711443,0.01616915422885572,1764,0.04767827529021559,0.22097844112769485,0.7313432835820896
257,Garrett,1811,Garrett Precinct 06-000,1677,111,444,134,1811,1.0,0.9260077305356157,0.07399226946438432,1256,0.061292103810049695,0.24516841524019878,0.6935394809497515
258,Garrett,562,Garrett Precinct 13-000,558,39,112,4,562,1.0,0.9928825622775801,0.0071174377224199285,411,0.0693950177935943,0.199288256227758,0.7313167259786477
259,Garrett,1486,Garrett Precinct 01-000,1470,100,442,16,1486,1.0,0.9892328398384926,0.010767160161507403,944,0.06729475100942127,0.297442799461642,0.6352624495289367
260,Garrett,1547,Garrett Precinct 02-000,1514,85,355,33,1547,1.0,0.9786683904330963,0.021331609566903685,1107,0.054945054945054944,0.22947640594699417,0.7155785391079509
261,Garrett,1443,Garrett Precinct 05-000,1420,80,465,23,1443,1.0,0.9840609840609841,0.01593901593901594,898,0.05544005544005544,0.32224532224532226,0.6223146223146223
262,Garrett,725,Garrett Precinct 12-000,708,34,213,17,725,1.0,0.976551724137931,0.023448275862068966,478,0.04689655172413793,0.29379310344827586,0.6593103448275862
263,Garrett,655,Garrett Precinct 04-000,637,23,189,18,655,1.0,0.9725190839694656,0.02748091603053435,443,0.035114503816793895,0.2885496183206107,0.6763358778625954
264,Garrett,140,Garrett Precinct 11-000,136,6,32,4,140,1.0,0.9714285714285714,0.02857142857142857,102,0.04285714285714286,0.22857142857142856,0.7285714285714285
265,Allegany,2806,Allegany Precinct 08-000,2755,126,705,51,2806,1.0,0.9818246614397719,0.018175338560228082,1975,0.04490377761938703,0.2512473271560941,0.7038488952245189
266,Allegany,1114,Allegany Precinct 09-000,1103,43,314,11,1114,1.0,0.9901256732495511,0.009874326750448833,757,0.03859964093357271,0.28186714542190305,0.6795332136445242
267,Allegany,1650,Allegany Precinct 10-000,1628,63,509,22,1650,1.0,0.9866666666666667,0.013333333333333334,1078,0.038181818181818185,0.3084848484848485,0.6533333333333333
268,Allegany,1273,Allegany Precinct 31-000,1251,56,372,22,1273,1.0,0.9827179890023566,0.01728201099764336,845,0.04399057344854674,0.2922230950510605,0.6637863315003928
269,Garrett,627,Garrett Precinct 03-002,615,43,163,12,627,1.0,0.9808612440191388,0.019138755980861243,421,0.0685805422647528,0.25996810207336524,0.671451355661882
270,Garrett,2171,Garrett Precinct 03-001,2136,82,569,35,2171,1.0,0.9838783970520497,0.016121602947950252,1520,0.037770612620912025,0.2620912022109627,0.7001381851681253
271,Garrett,421,Garrett Precinct 15-000,419,41,158,2,421,1.0,0.995249406175772,0.004750593824228029,222,0.09738717339667459,0.3752969121140142,0.5273159144893111
272,Garrett,988,Garrett Precinct 09-000,964,66,302,24,988,1.0,0.9757085020242915,0.024291497975708502,620,0.06680161943319839,0.305668016194332,0.6275303643724697
273,Allegany,1685,Allegany Precinct 18-000,1660,73,574,25,1685,1.0,0.9851632047477745,0.01483679525222552,1038,0.04332344213649852,0.34065281899109795,0.6160237388724036
274,Allegany,4960,Allegany Precinct 26-000,3677,238,481,1283,4960,1.0,0.7413306451612903,0.2586693548387097,4241,0.04798387096774193,0.0969758064516129,0.8550403225806451
275,Allegany,1016,Allegany Precinct 11-000,971,138,260,45,1016,1.0,0.9557086614173228,0.04429133858267716,618,0.13582677165354332,0.2559055118110236,0.6082677165354331
276,Allegany,2829,Allegany Precinct 12-000,2623,237,592,206,2829,1.0,0.9271827500883705,0.07281724991162955,2000,0.08377518557794274,0.20926122304701308,0.7069635913750442
277,Allegany,1572,Allegany Precinct 24-000,1544,91,454,28,1572,1.0,0.9821882951653944,0.017811704834605598,1027,0.05788804071246819,0.28880407124681934,0.6533078880407125
278,Allegany,1653,Allegany Precinct 07-002,1584,118,599,69,1653,1.0,0.9582577132486388,0.041742286751361164,936,0.07138535995160314,0.3623714458560194,0.5662431941923775
279,Allegany,1346,Allegany Precinct 29-003,1304,129,407,42,1346,1.0,0.9687964338781575,0.031203566121842496,810,0.09583952451708767,0.30237741456166417,0.6017830609212481
280,Allegany,1884,Allegany Precinct 13-000,1845,97,498,39,1884,1.0,0.9792993630573248,0.020700636942675158,1289,0.05148619957537155,0.2643312101910828,0.6841825902335457
281,Allegany,3275,Allegany Precinct 07-001,2017,127,502,1258,3275,1.0,0.6158778625954199,0.3841221374045802,2646,0.038778625954198474,0.1532824427480916,0.8079389312977099
282,Harford,3035,Harford Precinct 03-023,2597,237,981,438,3035,1.0,0.8556836902800659,0.1443163097199341,1817,0.07808896210873147,0.3232289950576606,0.5986820428336079
283,Harford,3016,Harford Precinct 03-022,2720,197,1096,296,3016,1.0,0.9018567639257294,0.09814323607427056,1723,0.0653183023872679,0.363395225464191,0.5712864721485411
284,Harford,3085,Harford Precinct 04-001,2968,153,1155,117,3085,1.0,0.9620745542949757,0.03792544570502431,1777,0.04959481361426256,0.37439222042139386,0.5760129659643436
285,Harford,2129,Harford Precinct 04-006,2056,86,799,73,2129,1.0,0.9657116016909347,0.03428839830906529,1244,0.040394551432597466,0.37529356505401595,0.5843118835133866
286,Harford,2731,Harford Precinct 04-003,2662,117,1139,69,2731,1.0,0.9747345294763823,0.025265470523617724,1475,0.04284145001830831,0.4170633467594288,0.5400952032222629
287,Harford,2632,Harford Precinct 04-004,2493,117,946,139,2632,1.0,0.9471884498480243,0.05281155015197568,1569,0.044452887537993924,0.3594224924012158,0.5961246200607903
288,Harford,4062,Harford Precinct 03-005,3803,187,1720,259,4062,1.0,0.9362383062530774,0.0637616937469227,2155,0.04603643525356967,0.42343673067454457,0.5305268340718857
289,Harford,2376,Harford Precinct 05-002,2261,128,953,115,2376,1.0,0.9515993265993266,0.0484006734006734,1295,0.05387205387205387,0.4010942760942761,0.54503367003367
290,Harford,1712,Harford Precinct 03-004,1595,89,722,117,1712,1.0,0.9316588785046729,0.0683411214953271,901,0.051985981308411214,0.4217289719626168,0.5262850467289719
291,Harford,2679,Harford Precinct 05-003,2566,99,1047,113,2679,1.0,0.9578200821201941,0.0421799178798059,1533,0.036954087346024636,0.3908174692049272,0.5722284434490481
292,Harford,1922,Harford Precinct 01-003,1115,159,276,807,1922,1.0,0.5801248699271592,0.4198751300728408,1487,0.08272632674297607,0.14360041623309053,0.7736732570239334
293,Harford,2731,Harford Precinct 01-005,1671,270,392,1060,2731,1.0,0.6118637861589161,0.3881362138410839,2069,0.09886488465763457,0.14353716587330648,0.757597949469059
294,Harford,3854,Harford Precinct 01-010,2529,460,858,1325,3854,1.0,0.656201349247535,0.34379865075246496,2536,0.1193565127140633,0.22262584327970938,0.6580176440062273
295,Harford,3035,Harford Precinct 01-019,1562,436,342,1473,3035,1.0,0.514662273476112,0.48533772652388796,2257,0.14365733113673806,0.1126853377265239,0.743657331136738
296,Harford,1603,Harford Precinct 02-019,986,64,56,617,1603,1.0,0.6150966936993137,0.3849033063006862,1483,0.039925140361821584,0.034934497816593885,0.9251403618215845
297,Harford,2076,Harford Precinct 01-018,1562,231,535,514,2076,1.0,0.7524084778420038,0.24759152215799615,1310,0.11127167630057803,0.25770712909441235,0.6310211946050096
298,Harford,1794,Harford Precinct 01-017,1518,133,594,276,1794,1.0,0.8461538461538461,0.15384615384615385,1067,0.07413600891861762,0.3311036789297659,0.5947603121516165
299,Harford,3477,Harford Precinct 01-016,2382,396,712,1095,3477,1.0,0.6850733390854185,0.31492666091458155,2369,0.11389128559102675,0.20477423065861375,0.6813344837503595
300,Harford,3030,Harford Precinct 01-020,1753,485,571,1277,3030,1.0,0.5785478547854785,0.42145214521452146,1974,0.16006600660066006,0.18844884488448846,0.6514851485148515
301,Harford,2453,Harford Precinct 03-020,2282,140,999,171,2453,1.0,0.9302894415002039,0.06971055849979617,1314,0.05707297187117815,0.4072564207093355,0.5356706074194864
302,Harford,2703,Harford Precinct 03-002,2479,182,1011,224,2703,1.0,0.9171291157972623,0.0828708842027377,1510,0.06733259341472438,0.37402885682574916,0.5586385497595264
303,Harford,1877,Harford Precinct 02-003,1397,181,375,480,1877,1.0,0.7442727757059137,0.2557272242940863,1321,0.09643047416089505,0.19978689397975494,0.70378263185935
304,Harford,327,Harford Precinct 02-001,263,50,115,64,327,1.0,0.8042813455657493,0.19571865443425077,162,0.1529051987767584,0.3516819571865443,0.4954128440366973
305,Harford,2551,Harford Precinct 02-015,1517,333,425,1034,2551,1.0,0.5946687573500588,0.4053312426499412,1793,0.13053704429635438,0.16660133281066247,0.7028616228929832
306,Harford,3443,Harford Precinct 02-010,1918,395,429,1525,3443,1.0,0.5570723206505954,0.4429276793494046,2619,0.11472553006099331,0.12460063897763578,0.7606738309613709
307,Harford,2679,Harford Precinct 02-014,1630,268,271,1049,2679,1.0,0.6084359835759612,0.3915640164240388,2140,0.10003732736095558,0.101157148189623,0.7988055244494214
308,Harford,2411,Harford Precinct 02-011,1702,286,590,709,2411,1.0,0.705931148900871,0.294068851099129,1535,0.11862297801742015,0.24471173786810452,0.6366652841144753
309,Harford,264,Harford Precinct 02-004,242,13,73,22,264,1.0,0.9166666666666666,0.08333333333333333,178,0.04924242424242424,0.2765151515151515,0.6742424242424242
310,Harford,3615,Harford Precinct 02-002,3332,251,1363,283,3615,1.0,0.9217150760719225,0.07828492392807745,2001,0.069432918395574,0.37704011065006915,0.5535269709543569
311,Kent,703,Kent Precinct 03-002,547,113,157,156,703,1.0,0.7780938833570412,0.22190611664295876,433,0.16073968705547653,0.2233285917496444,0.615931721194879
312,Harford,295,Harford Precinct 02-005,242,8,33,53,295,1.0,0.8203389830508474,0.17966101694915254,254,0.02711864406779661,0.11186440677966102,0.8610169491525423
313,Harford,137,Harford Precinct 06-005,57,47,36,80,137,1.0,0.41605839416058393,0.583941605839416,54,0.34306569343065696,0.26277372262773724,0.39416058394160586
314,Harford,794,Harford Precinct 06-007,641,20,123,153,794,1.0,0.8073047858942065,0.19269521410579346,651,0.02518891687657431,0.15491183879093198,0.8198992443324937
315,Harford,3367,Harford Precinct 06-006,2576,413,1053,791,3367,1.0,0.7650727650727651,0.23492723492723494,1901,0.12266112266112267,0.3127413127413127,0.5645975645975646
316,Harford,2179,Harford Precinct 06-003,1655,227,572,524,2179,1.0,0.7595227168425883,0.24047728315741165,1380,0.104176227627352,0.2625057365764112,0.6333180357962368
317,Harford,2603,Harford Precinct 06-001,1942,255,434,661,2603,1.0,0.746062235881675,0.253937764118325,1914,0.09796388782174414,0.16673069535151747,0.7353054168267383
318,Harford,340,Harford Precinct 06-004,310,14,56,30,340,1.0,0.9117647058823529,0.08823529411764706,270,0.041176470588235294,0.16470588235294117,0.7941176470588235
319,Harford,1986,Harford Precinct 06-002,1564,279,728,422,1986,1.0,0.7875125881168177,0.21248741188318226,979,0.1404833836858006,0.36656596173212486,0.49295065458207454
320,Harford,1712,Harford Precinct 05-004,1537,118,583,175,1712,1.0,0.8977803738317757,0.1022196261682243,1011,0.0689252336448598,0.3405373831775701,0.5905373831775701
321,Harford,2884,Harford Precinct 05-001,2747,115,1087,137,2884,1.0,0.95249653259362,0.04750346740638003,1682,0.039875173370319004,0.37690707350901526,0.5832177531206657
322,Cecil,3106,Cecil Precinct 08-001,2998,117,977,108,3106,1.0,0.9652285898261429,0.03477141017385705,2012,0.03766902768834514,0.3145524790727624,0.6477784932388925
323,Cecil,2976,Cecil Precinct 07-001,2676,161,1021,300,2976,1.0,0.8991935483870968,0.10080645161290322,1794,0.0540994623655914,0.3430779569892473,0.6028225806451613
324,Cecil,2543,Cecil Precinct 06-002,2437,145,1021,106,2543,1.0,0.9583169484860401,0.04168305151395989,1377,0.05701926858041683,0.40149429807314196,0.5414864333464412
325,Cecil,1360,Cecil Precinct 07-003,1200,68,228,160,1360,1.0,0.8823529411764706,0.11764705882352941,1064,0.05,0.1676470588235294,0.7823529411764706
326,Cecil,4824,Cecil Precinct 07-002,4018,295,1143,806,4824,1.0,0.8329187396351575,0.16708126036484244,3386,0.06115257048092869,0.23694029850746268,0.7019071310116086
327,Cecil,5437,Cecil Precinct 06-001,5216,210,1577,221,5437,1.0,0.9593525841456686,0.04064741585433143,3650,0.038624241309545705,0.29004965973882657,0.6713260989516278
328,Talbot,3502,Talbot Precinct 04-001,3079,197,1074,423,3502,1.0,0.8792118789263278,0.12078812107367219,2231,0.056253569388920614,0.3066818960593946,0.6370645345516848
329,Caroline,1679,Caroline Precinct 06-001,1505,111,511,174,1679,1.0,0.8963668850506253,0.10363311494937463,1057,0.06611078022632519,0.30434782608695654,0.6295413936867182
330,Queen Anne's,1487,Queen Anne's Precinct 06-001,1354,56,628,133,1487,1.0,0.9105581708137189,0.0894418291862811,803,0.03765971755211836,0.42232683254875586,0.5400134498991258
331,Caroline,5431,Caroline Precinct 03-001,4422,316,1010,1009,5431,1.0,0.8142146934266249,0.18578530657337508,4105,0.05818449640950101,0.18596943472656968,0.7558460688639292
332,Caroline,2698,Caroline Precinct 07-001,2113,194,736,585,2698,1.0,0.7831727205337287,0.2168272794662713,1768,0.07190511489992588,0.2727946627131208,0.6553002223869533
333,Caroline,4170,Caroline Precinct 02-001,3650,191,1060,520,4170,1.0,0.8752997601918465,0.12470023980815348,2919,0.04580335731414868,0.2541966426858513,0.7
334,Kent,1602,Kent Precinct 02-001,1238,130,495,364,1602,1.0,0.7727840199750312,0.2272159800249688,977,0.08114856429463171,0.3089887640449438,0.6098626716604245
335,Queen Anne's,2401,Queen Anne's Precinct 07-001,2007,208,566,394,2401,1.0,0.8359017076218243,0.16409829237817575,1627,0.08663057059558517,0.23573511037067887,0.6776343190337359
336,Queen Anne's,2015,Queen Anne's Precinct 01-001,1735,71,625,280,2015,1.0,0.8610421836228288,0.13895781637717122,1319,0.03523573200992556,0.31017369727047145,0.654590570719603
337,Caroline,2467,Caroline Precinct 01-001,1711,76,453,756,2467,1.0,0.6935549250101337,0.30644507498986623,1938,0.030806647750304013,0.18362383461694365,0.7855695176327523
338,Kent,1324,Kent Precinct 01-001,1011,134,338,313,1324,1.0,0.763595166163142,0.236404833836858,852,0.10120845921450151,0.2552870090634441,0.6435045317220544
339,Cecil,3990,Cecil Precinct 01-001,3666,243,1003,324,3990,1.0,0.9187969924812031,0.081203007518797,2744,0.06090225563909774,0.2513784461152882,0.6877192982456141
340,Anne Arundel,3247,Anne Arundel Precinct 07-009,2512,213,482,735,3247,1.0,0.7736372035725285,0.2263627964274715,2552,0.06559901447489991,0.1484447182014167,0.7859562673236834
341,Calvert,2692,Calvert Precinct 02-003,2313,228,903,379,2692,1.0,0.8592124814264487,0.14078751857355126,1561,0.08469539375928678,0.3354383358098068,0.5798662704309064
342,Calvert,2653,Calvert Precinct 02-006,2176,297,737,477,2653,1.0,0.8202035431586883,0.17979645684131174,1619,0.11194873727855258,0.2777987184319638,0.6102525442894836
343,Calvert,3474,Calvert Precinct 02-008,2865,289,859,609,3474,1.0,0.8246977547495682,0.17530224525043178,2326,0.08318940702360392,0.24726540011514106,0.669545192861255
344,Calvert,3228,Calvert Precinct 03-003,2225,374,808,1003,3228,1.0,0.6892812887236679,0.3107187112763321,2046,0.11586121437422553,0.2503097893432466,0.6338289962825279
345,Calvert,1651,Calvert Precinct 02-007,1552,227,929,99,1651,1.0,0.9400363416111448,0.05996365838885524,495,0.1374924288310115,0.5626892792247123,0.29981829194427617
346,Calvert,2880,Calvert Precinct 03-005,2457,450,841,423,2880,1.0,0.853125,0.146875,1589,0.15625,0.2920138888888889,0.5517361111111111
347,Calvert,2230,Calvert Precinct 03-007,1946,296,1030,284,2230,1.0,0.8726457399103139,0.1273542600896861,904,0.13273542600896862,0.4618834080717489,0.4053811659192825
348,Calvert,3074,Calvert Precinct 03-004,2642,264,830,432,3074,1.0,0.8594664931685101,0.1405335068314899,1980,0.08588158750813273,0.27000650618087185,0.6441119063109955
349,Calvert,2683,Calvert Precinct 03-008,2217,447,920,466,2683,1.0,0.8263138278046962,0.17368617219530377,1316,0.16660454714871412,0.3428997390980246,0.4904957137532613
350,Anne Arundel,2407,Anne Arundel Precinct 07-021,2072,180,733,335,2407,1.0,0.8608226007478189,0.13917739925218114,1494,0.07478188616535106,0.30452845866223516,0.6206896551724138
351,Anne Arundel,2960,Anne Arundel Precinct 07-001,2718,271,838,242,2960,1.0,0.9182432432432432,0.08175675675675675,1851,0.09155405405405405,0.2831081081081081,0.6253378378378378
352,Frederick,4356,Frederick Precinct 01-001,3809,681,1337,547,4356,1.0,0.8744260789715336,0.12557392102846648,2338,0.15633608815426997,0.3069329660238751,0.5367309458218549
353,Montgomery,2107,Montgomery Precinct 03-002,1792,340,667,315,2107,1.0,0.8504983388704319,0.14950166112956811,1100,0.16136687233032748,0.3165638348362601,0.5220692928334124
354,Montgomery,2553,Montgomery Precinct 03-001,2159,371,713,394,2553,1.0,0.8456717587152369,0.15432824128476302,1469,0.14531923227575402,0.27927927927927926,0.5754014884449667
355,Montgomery,1784,Montgomery Precinct 11-000,1537,322,469,247,1784,1.0,0.8615470852017937,0.1384529147982063,993,0.1804932735426009,0.26289237668161436,0.5566143497757847
356,Frederick,2131,Frederick Precinct 07-001,1866,279,612,265,2131,1.0,0.8756452369779446,0.12435476302205538,1240,0.1309244486156734,0.2871891130924449,0.5818864382918817
357,Montgomery,2683,Montgomery Precinct 10-010,2126,546,644,557,2683,1.0,0.7923965710026091,0.20760342899739098,1493,0.20350354081252328,0.24002981736861723,0.5564666418188595
358,Montgomery,2533,Montgomery Precinct 10-002,1848,373,647,685,2533,1.0,0.7295696802210817,0.2704303197789183,1513,0.14725621792341098,0.2554283458349783,0.5973154362416108
359,Montgomery,1582,Montgomery Precinct 10-001,1196,208,326,386,1582,1.0,0.7560050568900126,0.24399494310998734,1048,0.13147914032869784,0.20606826801517067,0.6624525916561315
360,Montgomery,1642,Montgomery Precinct 10-013,1102,377,298,540,1642,1.0,0.6711327649208283,0.32886723507917176,967,0.22959805115712545,0.1814859926918392,0.5889159561510353
361,Montgomery,2293,Montgomery Precinct 10-006,1631,505,384,662,2293,1.0,0.7112952464020933,0.28870475359790665,1404,0.22023549934583514,0.16746620148277366,0.6122982991713912
362,Montgomery,2754,Montgomery Precinct 10-007,2119,577,577,635,2754,1.0,0.7694262890341321,0.23057371096586782,1600,0.2095134350036311,0.2095134350036311,0.5809731299927379
363,Montgomery,2878,Montgomery Precinct 07-003,2258,859,417,620,2878,1.0,0.7845726198749131,0.21542738012508686,1602,0.29847116052814454,0.14489228630993745,0.556636553161918
364,Montgomery,2119,Montgomery Precinct 07-022,1760,713,272,359,2119,1.0,0.830580462482303,0.16941953751769703,1134,0.3364794714487966,0.12836243511090137,0.5351580934403021
365,Montgomery,2648,Montgomery Precinct 10-009,1916,399,671,732,2648,1.0,0.7235649546827795,0.2764350453172205,1578,0.1506797583081571,0.2533987915407855,0.5959214501510574
366,Montgomery,1510,Montgomery Precinct 10-004,1093,389,266,417,1510,1.0,0.723841059602649,0.276158940397351,855,0.2576158940397351,0.176158940397351,0.5662251655629139
367,Montgomery,2274,Montgomery Precinct 10-005,1625,497,449,649,2274,1.0,0.7145998240985049,0.2854001759014952,1328,0.2185576077396658,0.19744942832014073,0.5839929639401935
368,Montgomery,3358,Montgomery Precinct 04-012,2173,794,553,1185,3358,1.0,0.6471113758189398,0.35288862418106015,2011,0.2364502680166766,0.1646813579511614,0.598868374032162
369,Montgomery,2320,Montgomery Precinct 10-003,1721,471,455,599,2320,1.0,0.7418103448275862,0.25818965517241377,1394,0.20301724137931035,0.1961206896551724,0.6008620689655172
370,Montgomery,3272,Montgomery Precinct 07-015,2621,858,532,651,3272,1.0,0.801039119804401,0.19896088019559902,1882,0.2622249388753056,0.1625916870415648,0.5751833740831296
371,St. Mary's,2659,St. Mary's Precinct 07-001,2221,214,796,438,2659,1.0,0.8352764197066567,0.16472358029334336,1649,0.08048138397893945,0.29936066190297106,0.6201579541180895
372,St. Mary's,2636,St. Mary's Precinct 04-003,2211,175,756,425,2636,1.0,0.8387708649468892,0.16122913505311076,1705,0.06638846737481031,0.2867981790591806,0.6468133535660091
373,St. Mary's,2127,St. Mary's Precinct 04-002,1873,103,546,254,2127,1.0,0.8805829807240244,0.11941701927597555,1478,0.04842501175364363,0.2566995768688293,0.6948754113775271
374,St. Mary's,2525,St. Mary's Precinct 03-002,1979,268,620,546,2525,1.0,0.7837623762376238,0.21623762376237624,1637,0.10613861386138614,0.24554455445544554,0.6483168316831683
375,St. Mary's,2671,St. Mary's Precinct 04-001,2400,179,854,271,2671,1.0,0.8985398727068513,0.10146012729314863,1638,0.067016098839386,0.31973043803818796,0.613253463122426
376,St. Mary's,3052,St. Mary's Precinct 05-001,2652,245,949,400,3052,1.0,0.8689384010484927,0.1310615989515072,1858,0.08027522935779817,0.31094364351245085,0.608781127129751
377,St. Mary's,3010,St. Mary's Precinct 05-002,2584,199,806,426,3010,1.0,0.8584717607973422,0.1415282392026578,2005,0.06611295681063123,0.26777408637873756,0.6661129568106312
378,Charles,2571,Charles Precinct 09-002,1957,273,692,614,2571,1.0,0.7611824192921043,0.23881758070789577,1606,0.10618436406067679,0.2691559704395177,0.6246596654998056
379,St. Mary's,2846,St. Mary's Precinct 05-003,2609,112,864,237,2846,1.0,0.9167252283907238,0.08327477160927618,1870,0.03935347856640899,0.303583977512298,0.657062543921293
380,St. Mary's,2045,St. Mary's Precinct 03-001,1545,150,537,500,2045,1.0,0.7555012224938875,0.24449877750611246,1358,0.07334963325183375,0.26259168704156477,0.6640586797066015
381,St. Mary's,2258,St. Mary's Precinct 06-004,1826,159,572,432,2258,1.0,0.8086802480070859,0.1913197519929141,1527,0.0704162976085031,0.2533215234720992,0.6762621789193977
382,St. Mary's,2382,St. Mary's Precinct 06-002,2168,137,702,214,2382,1.0,0.910159529806885,0.08984047019311503,1543,0.05751469353484467,0.2947103274559194,0.647774979009236
383,St. Mary's,2804,St. Mary's Precinct 03-005,2463,261,908,341,2804,1.0,0.8783880171184023,0.12161198288159772,1635,0.09308131241084165,0.3238231098430813,0.583095577746077
384,St. Mary's,1613,St. Mary's Precinct 06-001,1464,123,544,149,1613,1.0,0.907625542467452,0.09237445753254804,946,0.07625542467451953,0.33725976441413513,0.5864848109113453
385,Calvert,3560,Calvert Precinct 02-002,2532,360,784,1028,3560,1.0,0.7112359550561798,0.28876404494382024,2416,0.10112359550561797,0.2202247191011236,0.6786516853932584
386,Calvert,3011,Calvert Precinct 02-001,2414,359,843,597,3011,1.0,0.8017270009963468,0.19827299900365328,1809,0.11922949186316838,0.27997343075390235,0.6007970773829293
387,Charles,2356,Charles Precinct 09-001,1447,397,604,909,2356,1.0,0.6141765704584041,0.38582342954159593,1355,0.16850594227504245,0.2563667232597623,0.5751273344651953
388,Prince George's,1692,Prince George's Precinct 08-001,980,165,226,712,1692,1.0,0.5791962174940898,0.42080378250591016,1301,0.0975177304964539,0.13356973995271867,0.7689125295508275
389,Prince George's,2531,Prince George's Precinct 11-002,511,826,206,2020,2531,1.0,0.20189648360331885,0.7981035163966812,1499,0.3263532200711181,0.08139075464243382,0.592256025286448
390,Prince George's,3507,Prince George's Precinct 15-001,574,1072,193,2933,3507,1.0,0.16367265469061876,0.8363273453093812,2242,0.3056743655546051,0.05503279155973767,0.6392928428856572
391,Prince George's,3267,Prince George's Precinct 15-004,469,921,169,2798,3267,1.0,0.1435567799204163,0.8564432200795837,2177,0.28191000918273645,0.051729415365779005,0.6663605754514845
392,Prince George's,2065,Prince George's Precinct 04-001,1341,344,428,724,2065,1.0,0.6493946731234866,0.3506053268765133,1293,0.1665859564164649,0.2072639225181598,0.6261501210653753
393,Calvert,2367,Calvert Precinct 03-006,2018,250,949,349,2367,1.0,0.8525559780312632,0.1474440219687368,1168,0.10561892691170258,0.400929446556823,0.49345162653147445
394,Prince George's,1133,Prince George's Precinct 03-001,419,246,134,714,1133,1.0,0.3698146513680494,0.6301853486319505,753,0.21712268314210062,0.11827007943512798,0.6646072374227714
395,Frederick,5452,Frederick Precinct 05-001,4981,341,1074,471,5452,1.0,0.9136096845194424,0.08639031548055759,4037,0.06254585473220836,0.19699192956713132,0.7404622157006603
396,Carroll,1084,Carroll Precinct 10-001,1040,36,383,44,1084,1.0,0.959409594095941,0.04059040590405904,665,0.033210332103321034,0.3533210332103321,0.6134686346863468
397,Carroll,7012,Carroll Precinct 01-001,6558,317,2171,454,7012,1.0,0.9352538505419281,0.06474614945807187,4524,0.04520821448944666,0.30961209355390756,0.6451796919566457
398,Carroll,1424,Carroll Precinct 02-001,1389,89,621,35,1424,1.0,0.9754213483146067,0.02457865168539326,714,0.0625,0.43609550561797755,0.5014044943820225
399,Carroll,1786,Carroll Precinct 02-002,1731,104,722,55,1786,1.0,0.9692049272116461,0.030795072788353865,960,0.05823068309070549,0.40425531914893614,0.5375139977603584
400,Prince George's,1983,Prince George's Precinct 12-002,167,446,52,1816,1983,1.0,0.08421583459404942,0.9157841654059505,1485,0.2249117498739284,0.026222894604135148,0.7488653555219364
401,Prince George's,4528,Prince George's Precinct 12-009,53,525,11,4475,4528,1.0,0.011704946996466431,0.9882950530035336,3992,0.1159452296819788,0.002429328621908127,0.8816254416961131
402,Prince George's,4488,Prince George's Precinct 12-004,126,796,36,4362,4488,1.0,0.02807486631016043,0.9719251336898396,3656,0.17736185383244207,0.008021390374331552,0.8146167557932263
403,Prince George's,4072,Prince George's Precinct 12-006,80,677,33,3992,4072,1.0,0.019646365422396856,0.9803536345776032,3362,0.1662573673870334,0.008104125736738703,0.8256385068762279
404,Prince George's,3288,Prince George's Precinct 12-012,212,642,47,3076,3288,1.0,0.06447688564476886,0.9355231143552312,2599,0.19525547445255476,0.014294403892944039,0.7904501216545012
405,Prince George's,2724,Prince George's Precinct 12-016,113,403,28,2611,2724,1.0,0.041483113069016156,0.9585168869309838,2293,0.14794419970631426,0.010279001468428781,0.841776798825257
406,Prince George's,3144,Prince George's Precinct 12-003,178,593,32,2966,3144,1.0,0.056615776081424936,0.943384223918575,2519,0.18861323155216286,0.010178117048346057,0.801208651399491
407,Prince George's,1980,Prince George's Precinct 12-007,69,543,42,1911,1980,1.0,0.03484848484848485,0.9651515151515152,1395,0.27424242424242423,0.021212121212121213,0.7045454545454546
408,Prince George's,1110,Prince George's Precinct 12-017,127,135,8,983,1110,1.0,0.11441441441441441,0.8855855855855855,967,0.12162162162162163,0.007207207207207207,0.8711711711711712
409,Prince George's,3753,Prince George's Precinct 12-013,94,902,36,3659,3753,1.0,0.025046629363176125,0.9749533706368239,2815,0.24034106048494538,0.009592326139088728,0.7500666133759659
410,Prince George's,2131,Prince George's Precinct 06-008,57,516,19,2074,2131,1.0,0.02674800563115908,0.9732519943688409,1596,0.24213984045049272,0.008916001877053027,0.7489441576724543
411,Prince George's,4750,Prince George's Precinct 06-017,139,820,39,4611,4750,1.0,0.02926315789473684,0.9707368421052631,3891,0.1726315789473684,0.008210526315789474,0.8191578947368421
412,Prince George's,2691,Prince George's Precinct 06-009,88,557,28,2603,2691,1.0,0.032701597918989224,0.9672984020810108,2106,0.20698625046451133,0.010405053883314752,0.782608695652174
413,Prince George's,2205,Prince George's Precinct 06-012,55,445,31,2150,2205,1.0,0.024943310657596373,0.9750566893424036,1729,0.2018140589569161,0.014058956916099773,0.7841269841269841
414,Montgomery,1927,Montgomery Precinct 07-005,1663,670,307,264,1927,1.0,0.8629994810586403,0.13700051894135962,950,0.3476907109496627,0.1593149974052932,0.4929942916450441
415,Montgomery,2403,Montgomery Precinct 13-039,1605,617,185,798,2403,1.0,0.6679151061173533,0.33208489388264667,1601,0.25676238035788596,0.07698709945900957,0.6662505201831045
416,Montgomery,4752,Montgomery Precinct 13-047,2084,697,93,2668,4752,1.0,0.4385521885521885,0.5614478114478114,3962,0.14667508417508418,0.019570707070707072,0.8337542087542088
417,Montgomery,2398,Montgomery Precinct 13-004,1617,932,86,781,2398,1.0,0.6743119266055045,0.3256880733944954,1380,0.3886572143452877,0.03586321934945788,0.5754795663052544
418,Montgomery,3101,Montgomery Precinct 13-008,1299,696,89,1802,3101,1.0,0.41889712995807804,0.581102870041922,2316,0.22444372782973235,0.028700419219606577,0.746855852950661
419,Montgomery,2029,Montgomery Precinct 13-003,1652,601,323,377,2029,1.0,0.8141941843272548,0.1858058156727452,1105,0.29620502710694924,0.15919172005914242,0.5446032528339083
420,Montgomery,3334,Montgomery Precinct 13-016,768,598,87,2566,3334,1.0,0.23035392921415718,0.7696460707858428,2649,0.1793641271745651,0.026094781043791242,0.7945410917816437
421,Montgomery,2788,Montgomery Precinct 13-065,1261,318,53,1527,2788,1.0,0.45229555236728836,0.5477044476327116,2417,0.11406025824964132,0.019010043041606885,0.8669296987087518
422,Montgomery,2551,Montgomery Precinct 13-007,1648,877,211,903,2551,1.0,0.6460211681693454,0.35397883183065465,1463,0.34378675029400235,0.08271266170129361,0.573500588004704
423,Montgomery,2274,Montgomery Precinct 13-024,1361,691,232,913,2274,1.0,0.5985048372911169,0.401495162708883,1351,0.3038698328935796,0.10202286719437115,0.5941072999120492
424,Baltimore County,2889,Baltimore County Precinct 11-019,2270,207,611,619,2889,1.0,0.7857390100380754,0.21426098996192455,2071,0.07165109034267912,0.21149186569747316,0.7168570439598477
425,Baltimore County,4130,Baltimore County Precinct 14-003,2875,309,663,1255,4130,1.0,0.6961259079903148,0.30387409200968524,3158,0.074818401937046,0.16053268765133172,0.7646489104116223
426,Baltimore County,1265,Baltimore County Precinct 11-013,891,63,235,374,1265,1.0,0.7043478260869566,0.2956521739130435,967,0.04980237154150197,0.1857707509881423,0.7644268774703558
427,Baltimore County,3157,Baltimore County Precinct 15-010,2444,271,576,713,3157,1.0,0.774152676591701,0.22584732340829902,2310,0.08584098828001267,0.1824516946468166,0.7317073170731707
428,Baltimore County,5523,Baltimore County Precinct 15-005,2822,626,1088,2701,5523,1.0,0.5109541915625566,0.48904580843744344,3809,0.11334419699438711,0.19699438710845554,0.6896614158971573
429,Baltimore County,1411,Baltimore County Precinct 15-009,1311,88,451,100,1411,1.0,0.9291282778171509,0.07087172218284904,872,0.06236711552090716,0.3196314670446492,0.6180014174344437
430,Baltimore County,6204,Baltimore County Precinct 15-004,4276,345,524,1928,6204,1.0,0.6892327530625403,0.3107672469374597,5335,0.05560928433268859,0.08446163765312702,0.8599290780141844
431,Baltimore County,3736,Baltimore County Precinct 11-012,3099,227,1025,637,3736,1.0,0.8294967880085653,0.1705032119914347,2484,0.06076017130620985,0.2743576017130621,0.6648822269807281
432,Baltimore County,2316,Baltimore County Precinct 11-007,1947,325,1361,369,2316,1.0,0.8406735751295337,0.15932642487046633,630,0.14032815198618306,0.5876511226252159,0.27202072538860106
433,Baltimore County,2818,Baltimore County Precinct 11-014,2465,166,831,353,2818,1.0,0.8747338537970192,0.12526614620298085,1821,0.058907026259758695,0.2948899929027679,0.6462029808374734
434,Baltimore County,2037,Baltimore County Precinct 11-006,1892,133,679,145,2037,1.0,0.9288168875797742,0.07118311242022582,1225,0.06529209621993128,0.3333333333333333,0.6013745704467354
435,Baltimore County,3470,Baltimore County Precinct 11-022,2749,196,784,721,3470,1.0,0.7922190201729107,0.20778097982708935,2490,0.05648414985590778,0.22593659942363112,0.7175792507204611
436,Baltimore County,2386,Baltimore County Precinct 11-005,1880,125,671,506,2386,1.0,0.787929589270746,0.21207041072925398,1590,0.052388935456831515,0.2812238055322716,0.6663872590108969
437,Baltimore County,4029,Baltimore County Precinct 11-003,3873,186,1785,156,4029,1.0,0.9612807148175726,0.0387192851824274,2058,0.04616530156366344,0.4430379746835443,0.5107967237527923
438,Baltimore County,2502,Baltimore County Precinct 11-001,2338,280,1067,164,2502,1.0,0.9344524380495604,0.06554756195043965,1155,0.11191047162270183,0.42645883293365305,0.4616306954436451
439,Baltimore County,300,Baltimore County Precinct 10-005,276,40,145,24,300,1.0,0.92,0.08,115,0.13333333333333333,0.48333333333333334,0.38333333333333336
440,Baltimore County,1364,Baltimore County Precinct 10-003,1284,114,711,80,1364,1.0,0.9413489736070382,0.05865102639296188,539,0.08357771260997067,0.5212609970674487,0.3951612903225806
441,Harford,2560,Harford Precinct 04-002,2438,133,1183,122,2560,1.0,0.95234375,0.04765625,1244,0.051953125,0.462109375,0.4859375
442,Baltimore County,3090,Baltimore County Precinct 11-002,2978,214,1429,112,3090,1.0,0.9637540453074434,0.036245954692556634,1447,0.06925566343042071,0.46245954692556634,0.46828478964401293
443,Harford,2984,Harford Precinct 03-006,2861,180,1301,123,2984,1.0,0.9587801608579088,0.04121983914209115,1503,0.06032171581769437,0.4359919571045576,0.503686327077748
444,Harford,3240,Harford Precinct 04-005,3026,139,1207,214,3240,1.0,0.9339506172839506,0.06604938271604938,1894,0.042901234567901236,0.37253086419753084,0.5845679012345679
445,Baltimore County,3678,Baltimore County Precinct 15-007,2778,284,678,900,3678,1.0,0.7553017944535073,0.24469820554649266,2716,0.07721587819467102,0.18433931484502447,0.7384448069603046
446,Baltimore County,2060,Baltimore County Precinct 15-025,1956,106,890,104,2060,1.0,0.9495145631067962,0.05048543689320388,1064,0.05145631067961165,0.4320388349514563,0.516504854368932
447,Baltimore County,3091,Baltimore County Precinct 15-008,2496,225,826,595,3091,1.0,0.8075056615981883,0.1924943384018117,2040,0.07279197670656745,0.26722743448722097,0.6599805888062116
448,Baltimore County,2662,Baltimore County Precinct 15-006,2499,121,1104,163,2662,1.0,0.9387678437265214,0.06123215627347859,1437,0.045454545454545456,0.4147257700976709,0.5398196844477836
449,Baltimore County,2544,Baltimore County Precinct 11-004,1999,143,695,545,2544,1.0,0.7857704402515723,0.21422955974842767,1706,0.05621069182389937,0.2731918238993711,0.6705974842767296
450,Baltimore County,86,Baltimore County Precinct 11-020,73,6,34,13,86,1.0,0.8488372093023255,0.1511627906976744,46,0.06976744186046512,0.3953488372093023,0.5348837209302325
451,Harford,2747,Harford Precinct 01-045,2393,204,882,354,2747,1.0,0.8711321441572625,0.12886785584273752,1661,0.07426283218056061,0.32107753913360026,0.6046596286858391
452,Prince George's,2194,Prince George's Precinct 12-008,175,547,38,2019,2194,1.0,0.07976298997265269,0.9202370100273473,1609,0.24931631722880584,0.01731996353691887,0.7333637192342753
453,Prince George's,2657,Prince George's Precinct 12-015,108,667,37,2549,2657,1.0,0.04064734663153933,0.9593526533684607,1953,0.2510350018818216,0.013925479864508844,0.7350395182536695
454,Charles,3603,Charles Precinct 06-006,1784,604,478,1819,3603,1.0,0.49514293644185403,0.504857063558146,2521,0.16763807937829586,0.13266722175964474,0.6996946988620594
455,Charles,2547,Charles Precinct 06-018,447,906,125,2100,2547,1.0,0.17550058892815076,0.8244994110718492,1516,0.35571260306242636,0.04907734589713388,0.5952100510404398
456,Charles,2806,Charles Precinct 06-009,1003,543,210,1803,2806,1.0,0.357448325017819,0.642551674982181,2053,0.19351389878831077,0.07483962936564505,0.7316464718460441
457,Charles,2084,Charles Precinct 06-008,812,434,201,1272,2084,1.0,0.3896353166986564,0.6103646833013435,1449,0.20825335892514396,0.09644913627639155,0.6952975047984645
458,Charles,2626,Charles Precinct 06-016,1097,390,235,1529,2626,1.0,0.41774562071591775,0.5822543792840823,2001,0.1485148514851485,0.0894897182025895,0.761995430312262
459,Charles,3458,Charles Precinct 06-015,1025,552,183,2433,3458,1.0,0.2964141122035859,0.7035858877964141,2723,0.15962984384037016,0.05292076344707924,0.7874493927125507
460,Charles,1862,Charles Precinct 06-011,599,564,248,1263,1862,1.0,0.3216970998925886,0.6783029001074113,1050,0.3029001074113856,0.13319011815252416,0.5639097744360902
461,Charles,3992,Charles Precinct 06-007,1423,640,292,2569,3992,1.0,0.3564629258517034,0.6435370741482966,3060,0.16032064128256512,0.07314629258517034,0.7665330661322646
462,Charles,2617,Charles Precinct 06-005,575,802,192,2042,2617,1.0,0.21971723347344288,0.7802827665265571,1623,0.3064577760794803,0.07336645013374092,0.6201757737867788
463,Charles,1743,Charles Precinct 06-017,855,325,201,888,1743,1.0,0.4905335628227194,0.5094664371772806,1217,0.18646012621916236,0.1153184165232358,0.6982214572576019
464,Charles,2599,Charles Precinct 06-022,659,415,142,1940,2599,1.0,0.2535590611773759,0.7464409388226241,2042,0.1596767987687572,0.05463639861485187,0.7856868026163909
465,Charles,1568,Charles Precinct 06-012,649,335,156,919,1568,1.0,0.4139030612244898,0.5860969387755102,1077,0.21364795918367346,0.09948979591836735,0.6868622448979592
466,Charles,2347,Charles Precinct 08-004,1718,359,654,629,2347,1.0,0.731998295696634,0.268001704303366,1334,0.15296122709842352,0.2786536003408607,0.5683851725607159
467,Charles,1345,Charles Precinct 08-005,1032,22,138,313,1345,1.0,0.7672862453531598,0.23271375464684016,1185,0.016356877323420074,0.10260223048327137,0.8810408921933085
468,Charles,2167,Charles Precinct 08-003,1317,357,393,850,2167,1.0,0.6077526534379326,0.3922473465620674,1417,0.1647438855560683,0.18135671435163822,0.6538994000922935
469,Charles,2164,Charles Precinct 08-002,1349,418,498,815,2164,1.0,0.6233826247689463,0.3766173752310536,1248,0.19316081330868762,0.2301293900184843,0.5767097966728281
470,Prince George's,3323,Prince George's Precinct 09-007,221,1090,118,3102,3323,1.0,0.06650616912428528,0.9334938308757147,2115,0.32801685224195004,0.03551008125188083,0.6364730665061691
471,Prince George's,2034,Prince George's Precinct 09-004,273,636,95,1761,2034,1.0,0.13421828908554573,0.8657817109144543,1303,0.31268436578171094,0.04670599803343166,0.6406096361848574
472,Prince George's,3032,Prince George's Precinct 09-005,266,890,77,2766,3032,1.0,0.08773087071240106,0.912269129287599,2065,0.29353562005277045,0.025395778364116096,0.6810686015831134
473,Prince George's,3691,Prince George's Precinct 09-001,425,1119,123,3266,3691,1.0,0.11514494716878895,0.884855052831211,2449,0.3031698726632349,0.0333243023570848,0.6635058249796804
474,Prince George's,2377,Prince George's Precinct 09-010,356,665,86,2021,2377,1.0,0.14976861590239798,0.850231384097602,1626,0.2797644089188052,0.0361800588977703,0.6840555321834245
475,Prince George's,3501,Prince George's Precinct 09-002,398,1013,101,3103,3501,1.0,0.11368180519851472,0.8863181948014853,2387,0.289345901171094,0.028848900314195944,0.6818051985147101
476,Prince George's,4703,Prince George's Precinct 09-008,452,1467,129,4251,4703,1.0,0.09610886668084201,0.9038911333191579,3107,0.31192855624069743,0.027429300446523495,0.660642143312779
477,Prince George's,2747,Prince George's Precinct 09-006,357,1089,100,2390,2747,1.0,0.12995995631598106,0.8700400436840189,1558,0.39643247178740443,0.03640334910811795,0.5671641791044776
478,Prince George's,2862,Prince George's Precinct 11-004,854,977,231,2008,2862,1.0,0.2983927323549965,0.7016072676450035,1654,0.3413696715583508,0.08071278825995808,0.5779175401816912
479,Prince George's,2840,Prince George's Precinct 11-001,589,757,139,2251,2840,1.0,0.2073943661971831,0.7926056338028169,1944,0.26654929577464787,0.04894366197183098,0.6845070422535211
480,Prince George's,4018,Prince George's Precinct 09-011,519,811,105,3499,4018,1.0,0.12916874066699852,0.8708312593330015,3102,0.20184171229467396,0.02613240418118467,0.7720258835241414
481,Prince George's,1565,Prince George's Precinct 09-009,577,334,82,988,1565,1.0,0.36869009584664536,0.6313099041533546,1149,0.2134185303514377,0.0523961661341853,0.734185303514377
482,Prince George's,3439,Prince George's Precinct 11-003,484,1004,134,2955,3439,1.0,0.14073858679848794,0.8592614132015121,2301,0.29194533294562375,0.038964815353300375,0.6690898517010759
483,Prince George's,2108,Prince George's Precinct 15-003,209,790,76,1899,2108,1.0,0.099146110056926,0.900853889943074,1242,0.3747628083491461,0.036053130929791274,0.5891840607210627
484,Prince George's,662,Prince George's Precinct 01-007,394,448,210,268,662,1.0,0.595166163141994,0.40483383685800606,4,0.676737160120846,0.31722054380664655,0.006042296072507553
485,Prince George's,2108,Prince George's Precinct 06-014,231,491,44,1877,2108,1.0,0.10958254269449716,0.8904174573055028,1573,0.2329222011385199,0.020872865275142316,0.7462049335863378
486,Prince George's,1176,Prince George's Precinct 06-002,134,396,50,1042,1176,1.0,0.11394557823129252,0.8860544217687075,730,0.336734693877551,0.04251700680272109,0.6207482993197279
487,Prince George's,2560,Prince George's Precinct 06-013,365,745,118,2195,2560,1.0,0.142578125,0.857421875,1697,0.291015625,0.04609375,0.662890625
488,Prince George's,3164,Prince George's Precinct 06-024,123,524,19,3041,3164,1.0,0.0388748419721871,0.9611251580278128,2621,0.16561314791403287,0.0060050568900126425,0.8283817951959545
489,Prince George's,3700,Prince George's Precinct 06-015,61,704,25,3639,3700,1.0,0.016486486486486488,0.9835135135135135,2971,0.19027027027027027,0.006756756756756757,0.802972972972973
490,Prince George's,576,Prince George's Precinct 06-021,41,139,12,535,576,1.0,0.07118055555555555,0.9288194444444444,425,0.24131944444444445,0.020833333333333332,0.7378472222222222
491,Prince George's,4119,Prince George's Precinct 06-004,104,601,25,4015,4119,1.0,0.02524884680747754,0.9747511531925225,3493,0.14590920126244233,0.006069434328720563,0.8480213644088371
492,Prince George's,4084,Prince George's Precinct 06-022,93,696,37,3991,4084,1.0,0.02277179236043095,0.9772282076395691,3351,0.17042115572967678,0.009059745347698335,0.8205190989226249
493,Prince George's,3744,Prince George's Precinct 06-006,97,599,24,3647,3744,1.0,0.02590811965811966,0.9740918803418803,3121,0.15998931623931623,0.00641025641025641,0.8336004273504274
494,Prince George's,2295,Prince George's Precinct 06-018,268,494,65,2027,2295,1.0,0.11677559912854031,0.8832244008714597,1736,0.21525054466230936,0.02832244008714597,0.7564270152505447
495,Prince George's,4108,Prince George's Precinct 06-007,492,999,100,3616,4108,1.0,0.11976630963972736,0.8802336903602727,3009,0.2431840311587147,0.024342745861733205,0.7324732229795521
496,Prince George's,1925,Prince George's Precinct 09-003,1159,29,21,766,1925,1.0,0.6020779220779221,0.3979220779220779,1875,0.015064935064935066,0.01090909090909091,0.974025974025974
497,Prince George's,3624,Prince George's Precinct 06-016,134,585,27,3490,3624,1.0,0.0369757174392936,0.9630242825607064,3012,0.16142384105960264,0.0074503311258278145,0.8311258278145696
498,Prince George's,1985,Prince George's Precinct 06-005,102,485,34,1883,1985,1.0,0.05138539042821159,0.9486146095717884,1466,0.24433249370277077,0.01712846347607053,0.7385390428211587
499,Prince George's,3207,Prince George's Precinct 06-010,129,740,47,3078,3207,1.0,0.040224508886810104,0.9597754911131899,2420,0.2307452447770502,0.014655441222326161,0.7545993140006236
500,Prince George's,2204,Prince George's Precinct 06-011,132,713,44,2072,2204,1.0,0.05989110707803993,0.9401088929219601,1447,0.323502722323049,0.019963702359346643,0.6565335753176044
501,Prince George's,3824,Prince George's Precinct 06-001,272,818,55,3552,3824,1.0,0.07112970711297072,0.9288702928870293,2951,0.21391213389121339,0.014382845188284518,0.7717050209205021
502,Prince George's,4367,Prince George's Precinct 06-003,124,893,37,4243,4367,1.0,0.028394779024501948,0.9716052209754981,3437,0.2044882070070987,0.008472635676665903,0.7870391573162354
503,Prince George's,2231,Prince George's Precinct 18-011,68,405,34,2163,2231,1.0,0.03047960555804572,0.9695203944419543,1792,0.1815329448677723,0.01523980277902286,0.8032272523532048
504,Prince George's,2252,Prince George's Precinct 18-004,81,341,12,2171,2252,1.0,0.03596802841918295,0.9640319715808171,1899,0.1514209591474245,0.0053285968028419185,0.8432504440497336
505,Prince George's,3235,Prince George's Precinct 18-001,86,816,20,3149,3235,1.0,0.026584234930448224,0.9734157650695517,2399,0.252241112828439,0.0061823802163833074,0.7415765069551777
506,Prince George's,1927,Prince George's Precinct 02-007,906,553,225,1021,1927,1.0,0.4701608718214842,0.5298391281785159,1149,0.2869745718733783,0.1167618059159315,0.5962636222106902
507,Prince George's,1859,Prince George's Precinct 18-005,22,400,12,1837,1859,1.0,0.011834319526627219,0.9881656804733728,1447,0.2151694459386767,0.006455083378160301,0.778375470683163
508,Prince George's,2460,Prince George's Precinct 18-003,23,565,20,2437,2460,1.0,0.00934959349593496,0.990650406504065,1875,0.22967479674796748,0.008130081300813009,0.7621951219512195
509,Prince George's,158,Prince George's Precinct 18-012,5,37,0,153,158,1.0,0.03164556962025317,0.9683544303797469,121,0.23417721518987342,0.0,0.7658227848101266
510,Prince George's,3010,Prince George's Precinct 02-003,624,720,136,2386,3010,1.0,0.20730897009966778,0.7926910299003322,2154,0.23920265780730898,0.045182724252491695,0.7156146179401993
511,Prince George's,1792,Prince George's Precinct 18-009,52,513,26,1740,1792,1.0,0.029017857142857144,0.9709821428571429,1253,0.28627232142857145,0.014508928571428572,0.69921875
512,Prince George's,2682,Prince George's Precinct 06-019,56,553,15,2626,2682,1.0,0.020879940343027592,0.9791200596569725,2114,0.20618941088739745,0.005592841163310962,0.7882177479492916
513,Prince George's,2589,Prince George's Precinct 18-007,40,709,24,2549,2589,1.0,0.01544998068752414,0.9845500193124759,1856,0.2738509076863654,0.009269988412514484,0.7168791039011201
514,Prince George's,1021,Prince George's Precinct 18-010,7,324,12,1014,1021,1.0,0.0068560235063663075,0.9931439764936337,685,0.31733594515181196,0.011753183153770812,0.6709108716944172
515,Prince George's,3626,Prince George's Precinct 18-006,28,923,29,3598,3626,1.0,0.007722007722007722,0.9922779922779923,2674,0.2545504688361831,0.007997793712079426,0.7374517374517374
516,Prince George's,2067,Prince George's Precinct 18-002,31,402,14,2036,2067,1.0,0.014997581035316884,0.9850024189646831,1651,0.19448476052249636,0.006773101112723754,0.7987421383647799
517,Prince George's,1716,Prince George's Precinct 18-008,12,476,10,1704,1716,1.0,0.006993006993006993,0.993006993006993,1230,0.2773892773892774,0.005827505827505828,0.7167832167832168
518,Prince George's,2019,Prince George's Precinct 13-017,34,499,16,1985,2019,1.0,0.016840019811788013,0.9831599801882119,1504,0.24715205547300645,0.0079247152055473,0.7449232293214463
519,Prince George's,3377,Prince George's Precinct 13-002,56,514,15,3321,3377,1.0,0.01658276576843352,0.9834172342315665,2848,0.15220610008883625,0.004441812259401836,0.843352087651762
520,Prince George's,3376,Prince George's Precinct 13-016,73,856,39,3303,3376,1.0,0.021623222748815167,0.9783767772511849,2481,0.25355450236966826,0.0115521327014218,0.73489336492891
521,Prince George's,1837,Prince George's Precinct 06-023,120,492,26,1717,1837,1.0,0.065323897659227,0.934676102340773,1319,0.2678279804028307,0.014153511159499184,0.7180185084376701
522,Prince George's,2581,Prince George's Precinct 15-006,524,705,125,2057,2581,1.0,0.2030220844633863,0.7969779155366137,1751,0.2731499418829911,0.048430840759395584,0.6784192173576133
523,Prince George's,1908,Prince George's Precinct 15-002,268,497,35,1640,1908,1.0,0.14046121593291405,0.859538784067086,1376,0.26048218029350106,0.018343815513626835,0.7211740041928721
524,Prince George's,3547,Prince George's Precinct 06-020,113,979,37,3434,3547,1.0,0.0318579080913448,0.9681420919086552,2531,0.2760078939949253,0.010431350436989005,0.7135607555680857
525,Prince George's,3847,Prince George's Precinct 13-009,155,868,49,3692,3847,1.0,0.04029113595009098,0.9597088640499091,2930,0.22563036132050948,0.012737197816480375,0.7616324408630102
526,Prince George's,3713,Prince George's Precinct 13-007,71,947,38,3642,3713,1.0,0.019122003770535956,0.980877996229464,2728,0.2550498249394021,0.010234311877188257,0.7347158631834096
527,Prince George's,2328,Prince George's Precinct 13-001,22,382,7,2306,2328,1.0,0.009450171821305841,0.9905498281786942,1939,0.1640893470790378,0.003006872852233677,0.8329037800687286
528,Prince George's,3108,Prince George's Precinct 13-008,39,450,21,3069,3108,1.0,0.012548262548262547,0.9874517374517374,2637,0.14478764478764478,0.006756756756756757,0.8484555984555985
529,Prince George's,2837,Prince George's Precinct 13-014,46,848,54,2791,2837,1.0,0.016214310891787098,0.9837856891082128,1935,0.2989072964399013,0.01903419104688051,0.6820585125132181
530,Prince George's,2601,Prince George's Precinct 13-006,72,880,34,2529,2601,1.0,0.02768166089965398,0.972318339100346,1687,0.33833141099577085,0.013071895424836602,0.6485966935793925
531,Prince George's,2331,Prince George's Precinct 13-004,111,634,43,2220,2331,1.0,0.047619047619047616,0.9523809523809523,1654,0.271986271986272,0.018447018447018446,0.7095667095667095
532,Prince George's,3707,Prince George's Precinct 13-010,139,1002,48,3568,3707,1.0,0.03749662800107904,0.962503371998921,2657,0.2702994335041813,0.012948475856487725,0.716752090639331
533,Prince George's,2929,Prince George's Precinct 13-012,55,1048,69,2874,2929,1.0,0.018777739842949812,0.9812222601570502,1812,0.35780129737111643,0.023557528166609765,0.6186411744622738
534,Prince George's,3609,Prince George's Precinct 13-011,78,1213,69,3531,3609,1.0,0.021612635078969242,0.9783873649210307,2327,0.3361041839844832,0.019118869492934332,0.6447769465225824
535,Prince George's,2772,Prince George's Precinct 02-001,146,336,27,2626,2772,1.0,0.05266955266955267,0.9473304473304474,2409,0.12121212121212122,0.00974025974025974,0.8690476190476191
538,Prince George's,5983,Prince George's Precinct 02-008,376,721,74,5607,5983,1.0,0.06284472672572289,0.9371552732742772,5188,0.12050810630118669,0.012368377068360354,0.867123516630453
539,Prince George's,1018,Prince George's Precinct 16-001,194,141,32,824,1018,1.0,0.1905697445972495,0.8094302554027505,845,0.13850687622789784,0.03143418467583497,0.8300589390962672
540,Prince George's,21,Prince George's Precinct 02-098,3,0,0,18,21,1.0,0.14285714285714285,0.8571428571428571,21,0.0,0.0,1.0
541,Prince George's,2869,Prince George's Precinct 02-005,244,299,57,2625,2869,1.0,0.08504705472289996,0.9149529452771,2513,0.10421749738584873,0.019867549668874173,0.8759149529452771
542,Prince George's,28,Prince George's Precinct 19-005,8,0,1,20,28,1.0,0.2857142857142857,0.7142857142857143,27,0.0,0.03571428571428571,0.9642857142857143
543,Prince George's,3247,Prince George's Precinct 19-004,243,300,57,3004,3247,1.0,0.0748383122882661,0.9251616877117339,2890,0.09239297813366185,0.01755466584539575,0.8900523560209425
544,Prince George's,4769,Prince George's Precinct 19-001,1023,492,208,3746,4769,1.0,0.21451037953449362,0.7854896204655064,4069,0.1031662822394632,0.04361501362969176,0.853218704130845
545,Prince George's,5173,Prince George's Precinct 21-002,4074,263,145,1099,5173,1.0,0.7875507442489851,0.2124492557510149,4765,0.05084090469746762,0.028030156582254013,0.9211289387202783
546,Prince George's,3965,Prince George's Precinct 21-001,2283,381,209,1682,3965,1.0,0.5757881462799496,0.42421185372005044,3375,0.09609079445145019,0.05271122320302648,0.8511979823455234
547,Prince George's,4029,Prince George's Precinct 19-002,566,420,116,3463,4029,1.0,0.14048150905931994,0.8595184909406801,3493,0.10424422933730454,0.02879126334077935,0.8669645073219161
548,Talbot,3288,Talbot Precinct 01-005,2835,215,762,453,3288,1.0,0.8622262773722628,0.13777372262773724,2311,0.06538929440389295,0.23175182481751824,0.7028588807785888
549,Queen Anne's,1965,Queen Anne's Precinct 05-001,1696,138,594,269,1965,1.0,0.8631043256997456,0.13689567430025446,1233,0.07022900763358779,0.30229007633587784,0.6274809160305344
550,Kent,2183,Kent Precinct 05-001,1951,222,673,232,2183,1.0,0.8937242327072835,0.10627576729271644,1288,0.1016949152542373,0.30829134218964727,0.5900137425561154
551,Kent,1510,Kent Precinct 06-001,1162,138,341,348,1510,1.0,0.7695364238410596,0.2304635761589404,1031,0.0913907284768212,0.22582781456953643,0.6827814569536423
552,Kent,1044,Kent Precinct 07-001,813,162,230,231,1044,1.0,0.7787356321839081,0.22126436781609196,652,0.15517241379310345,0.22030651340996169,0.6245210727969349
553,Kent,1669,Kent Precinct 04-002,1050,198,188,619,1669,1.0,0.6291192330736968,0.3708807669263032,1283,0.11863391252246855,0.11264230077890952,0.768723786698622
554,Kent,1589,Kent Precinct 03-001,1256,164,465,333,1589,1.0,0.790434235368156,0.20956576463184393,960,0.10320956576463185,0.29263687853996223,0.604153555695406
555,Kent,3343,Kent Precinct 04-001,2785,261,308,558,3343,1.0,0.833084056236913,0.16691594376308705,2774,0.07807358659886329,0.09213281483697278,0.8297935985641639
556,Baltimore City,1090,Baltimore City Precinct 26-028,142,232,22,948,1090,1.0,0.13027522935779817,0.8697247706422019,836,0.21284403669724772,0.02018348623853211,0.7669724770642202
557,Baltimore City,1429,Baltimore City Precinct 26-027,322,280,80,1107,1429,1.0,0.22533240027991602,0.7746675997200839,1069,0.1959412176347096,0.05598320503848846,0.748075577326802
558,Baltimore City,1467,Baltimore City Precinct 27-007,472,223,96,995,1467,1.0,0.321745057941377,0.678254942058623,1148,0.1520109066121336,0.065439672801636,0.7825494205862304
559,Baltimore City,985,Baltimore City Precinct 26-030,419,177,90,566,985,1.0,0.42538071065989846,0.5746192893401015,718,0.17969543147208122,0.09137055837563451,0.7289340101522843
560,Baltimore County,3508,Baltimore County Precinct 15-022,3315,162,1127,193,3508,1.0,0.9449828962371721,0.05501710376282782,2219,0.046180159635119726,0.32126567844925885,0.6325541619156214
561,Baltimore County,4160,Baltimore County Precinct 15-021,3797,231,1315,363,4160,1.0,0.9127403846153846,0.08725961538461538,2614,0.05552884615384615,0.3161057692307692,0.6283653846153846
562,Baltimore County,4692,Baltimore County Precinct 15-020,4264,206,1099,428,4692,1.0,0.9087809036658141,0.09121909633418585,3387,0.04390451832907076,0.23422847399829497,0.7218670076726342
563,Baltimore County,2809,Baltimore County Precinct 15-015,2416,117,605,393,2809,1.0,0.8600925596297615,0.13990744037023853,2087,0.041651833392666426,0.21537913848344606,0.7429690281238875
564,Baltimore County,1897,Baltimore County Precinct 15-013,1758,88,617,139,1897,1.0,0.926726410121244,0.07327358987875593,1192,0.04638903531892462,0.32525039536109646,0.628360569319979
565,Baltimore County,2156,Baltimore County Precinct 15-012,1954,124,685,202,2156,1.0,0.9063079777365491,0.09369202226345083,1347,0.0575139146567718,0.3177179962894249,0.6247680890538033
566,Baltimore County,3144,Baltimore County Precinct 15-016,2489,143,536,655,3144,1.0,0.7916666666666666,0.20833333333333334,2465,0.045483460559796435,0.17048346055979643,0.7840330788804071
567,Baltimore County,3506,Baltimore County Precinct 15-017,1421,514,345,2085,3506,1.0,0.40530519110096974,0.5946948088990303,2647,0.1466058185966914,0.09840273816314889,0.7549914432401598
568,Baltimore County,5453,Baltimore County Precinct 15-023,1748,571,222,3705,5453,1.0,0.3205574912891986,0.6794425087108014,4660,0.10471300201723822,0.04071153493489822,0.8545754630478636
569,Baltimore County,975,Baltimore County Precinct 15-024,813,73,193,162,975,1.0,0.8338461538461538,0.16615384615384615,709,0.07487179487179488,0.19794871794871796,0.7271794871794872
570,Baltimore County,2919,Baltimore County Precinct 15-018,2086,209,633,833,2919,1.0,0.7146282973621103,0.2853717026378897,2077,0.07159986296676944,0.21685508735868447,0.7115450496745461
571,Baltimore County,3443,Baltimore County Precinct 15-019,3220,156,920,223,3443,1.0,0.9352309032820215,0.06476909671797851,2367,0.04530932326459483,0.267208829509149,0.6874818472262562
572,Baltimore County,1739,Baltimore County Precinct 15-026,1696,67,862,43,1739,1.0,0.9752731454859115,0.024726854514088556,810,0.03852788959171938,0.49568717653824035,0.4657849338700403
573,Baltimore County,2441,Baltimore County Precinct 12-012,2188,124,595,253,2441,1.0,0.8963539532978287,0.10364604670217124,1722,0.050798852929127405,0.2437525604260549,0.7054485866448177
574,Baltimore City,502,Baltimore City Precinct 26-001,417,19,61,85,502,1.0,0.8306772908366534,0.1693227091633466,422,0.037848605577689244,0.12151394422310757,0.8406374501992032
575,Baltimore City,2426,Baltimore City Precinct 26-002,1008,172,117,1418,2426,1.0,0.4154987633965375,0.5845012366034625,2137,0.07089859851607584,0.048227535037098104,0.8808738664468261
576,Baltimore City,2095,Baltimore City Precinct 26-003,1404,90,217,691,2095,1.0,0.6701670644391408,0.3298329355608592,1788,0.04295942720763723,0.1035799522673031,0.8534606205250597
577,Baltimore County,2668,Baltimore County Precinct 12-010,2310,203,460,358,2668,1.0,0.8658170914542729,0.13418290854572715,2005,0.07608695652173914,0.1724137931034483,0.7514992503748126
578,Baltimore County,2639,Baltimore County Precinct 12-008,2315,111,532,324,2639,1.0,0.8772262220538083,0.12277377794619174,1996,0.042061386888973096,0.20159151193633953,0.7563471011746874
579,Baltimore County,3982,Baltimore County Precinct 12-003,3387,166,777,595,3982,1.0,0.8505775991963838,0.14942240080361627,3039,0.04168759417378202,0.19512807634354595,0.763184329482672
580,Baltimore County,3256,Baltimore County Precinct 12-002,2763,140,593,493,3256,1.0,0.8485872235872236,0.15141277641277642,2523,0.042997542997543,0.1821253071253071,0.7748771498771498
581,Baltimore City,782,Baltimore City Precinct 26-005,514,52,89,268,782,1.0,0.6572890025575447,0.34271099744245526,641,0.06649616368286446,0.11381074168797954,0.819693094629156
582,Baltimore City,1623,Baltimore City Precinct 26-004,1098,71,173,525,1623,1.0,0.6765249537892791,0.3234750462107209,1379,0.04374614910659273,0.10659272951324707,0.8496611213801601
583,Baltimore City,1434,Baltimore City Precinct 26-007,799,91,122,635,1434,1.0,0.5571827057182706,0.44281729428172945,1221,0.06345885634588563,0.08507670850767085,0.8514644351464435
584,Baltimore City,1562,Baltimore City Precinct 26-014,1050,50,106,512,1562,1.0,0.6722151088348272,0.32778489116517284,1406,0.03201024327784891,0.0678617157490397,0.9001280409731114
585,Baltimore City,1463,Baltimore City Precinct 26-015,116,336,40,1347,1463,1.0,0.07928913192071087,0.9207108680792891,1087,0.22966507177033493,0.02734107997265892,0.7429938482570062
586,Baltimore City,4697,Baltimore City Precinct 26-029,597,724,115,4100,4697,1.0,0.12710240579093038,0.8728975942090696,3858,0.15414094102618692,0.02448371300830317,0.8213753459655099
587,Baltimore County,2846,Baltimore County Precinct 12-001,2343,94,531,503,2846,1.0,0.8232607167955025,0.17673928320449753,2221,0.03302881236823612,0.18657765284609978,0.7803935347856641
588,Baltimore County,4204,Baltimore County Precinct 12-007,3764,178,903,440,4204,1.0,0.8953377735490009,0.10466222645099905,3123,0.042340627973358705,0.2147954329210276,0.7428639391056137
589,Baltimore County,3540,Baltimore County Precinct 12-006,2774,189,507,766,3540,1.0,0.7836158192090396,0.21638418079096045,2844,0.053389830508474574,0.14322033898305084,0.8033898305084746
590,Baltimore County,3308,Baltimore County Precinct 12-005,2994,123,767,314,3308,1.0,0.9050785973397824,0.09492140266021766,2418,0.0371825876662636,0.23186215235792018,0.7309552599758162
591,Baltimore County,4898,Baltimore County Precinct 12-004,4398,191,1016,500,4898,1.0,0.897917517354022,0.10208248264597795,3691,0.03899550837076358,0.2074316047366272,0.7535728868926093
592,Baltimore County,2424,Baltimore County Precinct 15-001,1845,114,316,579,2424,1.0,0.7611386138613861,0.23886138613861385,1994,0.04702970297029703,0.13036303630363036,0.8226072607260726
593,Baltimore County,3263,Baltimore County Precinct 15-002,2829,161,785,434,3263,1.0,0.8669935642047196,0.1330064357952804,2317,0.04934109714986209,0.24057615691081827,0.7100827459393196
594,Baltimore County,1177,Baltimore County Precinct 15-014,1054,50,296,123,1177,1.0,0.8954970263381479,0.10450297366185217,831,0.04248088360237893,0.25148683092608326,0.7060322854715378
595,Anne Arundel,2234,Anne Arundel Precinct 03-013,2120,108,875,114,2234,1.0,0.9489704565801254,0.051029543419874666,1251,0.048343777976723366,0.39167412712623095,0.5599820948970456
596,Anne Arundel,2342,Anne Arundel Precinct 03-018,2095,118,860,247,2342,1.0,0.894534585824082,0.10546541417591802,1364,0.05038428693424424,0.3672075149444919,0.5824081981212639
597,Anne Arundel,2290,Anne Arundel Precinct 03-016,2008,110,640,282,2290,1.0,0.8768558951965065,0.12314410480349346,1540,0.048034934497816595,0.2794759825327511,0.6724890829694323
598,Anne Arundel,2081,Anne Arundel Precinct 03-001,1849,91,649,232,2081,1.0,0.8885151369533878,0.1114848630466122,1341,0.04372897645362806,0.3118692936088419,0.6444017299375301
599,Anne Arundel,3428,Anne Arundel Precinct 03-003,2995,167,894,433,3428,1.0,0.8736872812135356,0.1263127187864644,2367,0.04871645274212369,0.26079346557759625,0.69049008168028
600,Anne Arundel,2683,Anne Arundel Precinct 03-021,2255,164,638,428,2683,1.0,0.8404770778978755,0.1595229221021245,1881,0.06112560566530004,0.23779351472232577,0.7010808796123742
601,Anne Arundel,2353,Anne Arundel Precinct 03-007,2050,138,630,303,2353,1.0,0.8712282192945177,0.12877178070548237,1585,0.058648533786655334,0.26774330641733957,0.6736081597960051
602,Anne Arundel,1767,Anne Arundel Precinct 03-020,1677,77,645,90,1767,1.0,0.9490662139219015,0.050933786078098474,1045,0.04357668364459536,0.36502546689303905,0.5913978494623656
603,Anne Arundel,2826,Anne Arundel Precinct 03-024,2556,143,732,270,2826,1.0,0.9044585987261147,0.09554140127388536,1951,0.05060155697098372,0.25902335456475584,0.6903750884642604
604,Anne Arundel,2071,Anne Arundel Precinct 03-019,1963,93,772,108,2071,1.0,0.9478512795750845,0.0521487204249155,1206,0.04490584258812168,0.37276677933365526,0.5823273780782231
605,Anne Arundel,1896,Anne Arundel Precinct 03-014,1804,86,583,92,1896,1.0,0.9514767932489452,0.04852320675105485,1227,0.04535864978902954,0.30748945147679324,0.6471518987341772
606,Anne Arundel,1673,Anne Arundel Precinct 03-002,1598,65,470,75,1673,1.0,0.9551703526598924,0.04482964734010759,1138,0.038852361028093245,0.28093245666467426,0.6802151823072325
607,Anne Arundel,2247,Anne Arundel Precinct 03-010,2134,101,866,113,2247,1.0,0.94971072541166,0.05028927458834001,1280,0.04494882064975523,0.38540275923453493,0.5696484201157098
608,Anne Arundel,2451,Anne Arundel Precinct 03-011,2354,137,942,97,2451,1.0,0.9604243166054671,0.039575683394532844,1372,0.05589555283557732,0.3843329253365973,0.5597715218278254
609,Anne Arundel,1573,Anne Arundel Precinct 03-015,1519,106,655,54,1573,1.0,0.9656706929434202,0.034329307056579786,812,0.06738715829624921,0.41640178003814365,0.5162110616656072
610,Anne Arundel,2235,Anne Arundel Precinct 03-012,2128,102,870,107,2235,1.0,0.9521252796420582,0.04787472035794183,1263,0.04563758389261745,0.38926174496644295,0.5651006711409396
611,Baltimore County,1456,Baltimore County Precinct 12-009,1157,54,196,299,1456,1.0,0.7946428571428571,0.20535714285714285,1206,0.03708791208791209,0.1346153846153846,0.8282967032967034
612,Baltimore County,4122,Baltimore County Precinct 12-011,3270,241,642,852,4122,1.0,0.7933042212518195,0.2066957787481805,3239,0.05846676370693838,0.15574963609898107,0.7857836001940806
613,Baltimore County,1905,Baltimore County Precinct 12-013,167,413,19,1738,1905,1.0,0.08766404199475065,0.9123359580052494,1473,0.2167979002624672,0.009973753280839895,0.7732283464566929
614,Queen Anne's,2329,Queen Anne's Precinct 04-006,2231,170,915,98,2329,1.0,0.9579218548733361,0.0420781451266638,1244,0.072992700729927,0.3928724774581365,0.5341348218119365
615,Queen Anne's,2722,Queen Anne's Precinct 04-001,2538,182,854,184,2722,1.0,0.9324026451138868,0.06759735488611315,1686,0.0668626010286554,0.31373989713445993,0.6193975018368847
616,Anne Arundel,1837,Anne Arundel Precinct 05-014,1658,156,449,179,1837,1.0,0.9025585193249864,0.09744148067501361,1232,0.0849210669569951,0.24442025040827436,0.6706586826347305
617,Anne Arundel,1098,Anne Arundel Precinct 05-034,1013,120,334,85,1098,1.0,0.9225865209471766,0.07741347905282331,644,0.1092896174863388,0.30418943533697634,0.5865209471766849
618,Anne Arundel,1456,Anne Arundel Precinct 05-016,1317,107,358,139,1456,1.0,0.904532967032967,0.09546703296703296,991,0.07348901098901099,0.24587912087912087,0.6806318681318682
619,Anne Arundel,1144,Anne Arundel Precinct 05-009,1105,110,345,39,1144,1.0,0.9659090909090909,0.03409090909090909,689,0.09615384615384616,0.30157342657342656,0.6022727272727273
620,Anne Arundel,1735,Anne Arundel Precinct 03-023,1629,124,582,106,1735,1.0,0.9389048991354467,0.06109510086455332,1029,0.07146974063400577,0.33544668587896254,0.5930835734870317
621,Anne Arundel,999,Anne Arundel Precinct 05-010,929,83,279,70,999,1.0,0.92992992992993,0.07007007007007007,637,0.08308308308308308,0.27927927927927926,0.6376376376376376
622,Anne Arundel,1854,Anne Arundel Precinct 03-022,1472,183,574,382,1854,1.0,0.7939590075512406,0.20604099244875945,1097,0.09870550161812297,0.30960086299892126,0.5916936353829557
623,Anne Arundel,2079,Anne Arundel Precinct 03-017,1958,68,756,121,2079,1.0,0.9417989417989417,0.0582010582010582,1255,0.03270803270803271,0.36363636363636365,0.6036556036556037
624,Anne Arundel,1898,Anne Arundel Precinct 05-011,1645,210,531,253,1898,1.0,0.8667017913593256,0.1332982086406744,1157,0.11064278187565858,0.279768177028451,0.6095890410958904
625,Anne Arundel,2039,Anne Arundel Precinct 05-004,1832,209,623,207,2039,1.0,0.8984796468857283,0.1015203531142717,1207,0.10250122609122118,0.30554193231976456,0.5919568415890142
626,Anne Arundel,1847,Anne Arundel Precinct 05-005,1625,266,462,222,1847,1.0,0.8798050893340552,0.12019491066594477,1119,0.14401732539252843,0.25013535462912834,0.6058473199783433
627,Anne Arundel,1366,Anne Arundel Precinct 05-023,1291,197,377,75,1366,1.0,0.945095168374817,0.05490483162518302,792,0.14421669106881405,0.2759882869692533,0.5797950219619327
628,Anne Arundel,1716,Anne Arundel Precinct 05-003,1503,179,476,213,1716,1.0,0.8758741258741258,0.12412587412587413,1061,0.10431235431235432,0.2773892773892774,0.6182983682983683
629,Anne Arundel,2381,Anne Arundel Precinct 05-026,1899,449,957,482,2381,1.0,0.7975640487190256,0.20243595128097439,975,0.18857622847543049,0.4019319613607728,0.4094918101637967
630,Anne Arundel,2632,Anne Arundel Precinct 05-021,2196,306,723,436,2632,1.0,0.8343465045592705,0.1656534954407295,1603,0.11626139817629179,0.27469604863221886,0.6090425531914894
631,Anne Arundel,1760,Anne Arundel Precinct 06-030,1534,298,437,226,1760,1.0,0.8715909090909091,0.12840909090909092,1025,0.1693181818181818,0.24829545454545454,0.5823863636363636
632,Anne Arundel,1526,Anne Arundel Precinct 06-025,1416,232,506,110,1526,1.0,0.927916120576671,0.07208387942332896,788,0.15203145478374835,0.3315858453473132,0.5163826998689384
633,Anne Arundel,1818,Anne Arundel Precinct 05-020,1541,230,447,277,1818,1.0,0.8476347634763476,0.15236523652365236,1141,0.1265126512651265,0.24587458745874588,0.6276127612761276
634,Anne Arundel,1940,Anne Arundel Precinct 05-028,1748,98,284,192,1940,1.0,0.9010309278350516,0.09896907216494845,1558,0.050515463917525774,0.1463917525773196,0.8030927835051547
635,Anne Arundel,1531,Anne Arundel Precinct 05-027,1364,197,534,167,1531,1.0,0.8909209666884389,0.10907903331156107,800,0.1286740692357936,0.348791639451339,0.5225342913128674
636,Anne Arundel,1702,Anne Arundel Precinct 05-013,1627,183,640,75,1702,1.0,0.9559341950646298,0.04406580493537015,879,0.10752056404230317,0.37602820211515864,0.5164512338425382
637,Anne Arundel,2718,Anne Arundel Precinct 05-018,2265,258,590,453,2718,1.0,0.8333333333333334,0.16666666666666666,1870,0.09492273730684327,0.21707137601177337,0.6880058866813834
638,Anne Arundel,2136,Anne Arundel Precinct 05-022,1936,269,652,200,2136,1.0,0.9063670411985019,0.09363295880149813,1215,0.12593632958801498,0.3052434456928839,0.5688202247191011
639,Anne Arundel,2178,Anne Arundel Precinct 05-001,1856,258,814,322,2178,1.0,0.852157943067034,0.14784205693296604,1106,0.1184573002754821,0.37373737373737376,0.5078053259871441
640,Anne Arundel,2073,Anne Arundel Precinct 05-017,1891,285,711,182,2073,1.0,0.9122045344910757,0.08779546550892427,1077,0.13748191027496381,0.3429811866859624,0.5195369030390738
641,Anne Arundel,2525,Anne Arundel Precinct 05-002,2062,331,673,463,2525,1.0,0.8166336633663366,0.18336633663366336,1521,0.1310891089108911,0.26653465346534655,0.6023762376237624
642,Prince George's,2195,Prince George's Precinct 14-003,1525,302,378,670,2195,1.0,0.6947608200455581,0.3052391799544419,1515,0.13758542141230068,0.17220956719817768,0.6902050113895216
643,Prince George's,3107,Prince George's Precinct 14-009,934,789,304,2173,3107,1.0,0.30061152236884453,0.6993884776311554,2014,0.2539427100096556,0.09784357901512714,0.6482137109752173
644,Prince George's,3658,Prince George's Precinct 14-011,1034,743,363,2624,3658,1.0,0.2826681246582832,0.7173318753417168,2552,0.2031164570803718,0.0992345544013122,0.697648988518316
645,Prince George's,2812,Prince George's Precinct 14-005,1565,484,383,1247,2812,1.0,0.5565433854907539,0.44345661450924606,1945,0.1721194879089616,0.13620199146514936,0.6916785206258891
646,Prince George's,1482,Prince George's Precinct 07-017,301,442,73,1181,1482,1.0,0.20310391363022942,0.7968960863697706,967,0.2982456140350877,0.049257759784075573,0.6524966261808367
647,Prince George's,2094,Prince George's Precinct 07-003,1459,306,413,635,2094,1.0,0.6967526265520535,0.3032473734479465,1375,0.14613180515759314,0.19723018147086915,0.6566380133715377
648,Prince George's,3594,Prince George's Precinct 07-010,650,963,231,2944,3594,1.0,0.1808569838619922,0.8191430161380078,2400,0.2679465776293823,0.0642737896494157,0.667779632721202
649,Prince George's,1540,Prince George's Precinct 07-002,1095,226,314,445,1540,1.0,0.711038961038961,0.288961038961039,1000,0.14675324675324675,0.2038961038961039,0.6493506493506493
650,Prince George's,2018,Prince George's Precinct 14-004,1357,282,388,661,2018,1.0,0.6724479682854311,0.32755203171456887,1348,0.13974231912784935,0.19226957383548068,0.66798810703667
651,Prince George's,2095,Prince George's Precinct 07-004,1404,273,405,691,2095,1.0,0.6701670644391408,0.3298329355608592,1417,0.13031026252983294,0.19331742243436753,0.6763723150357995
652,Prince George's,1545,Prince George's Precinct 14-006,1146,193,342,399,1545,1.0,0.7417475728155339,0.258252427184466,1010,0.12491909385113269,0.22135922330097088,0.6537216828478964
653,Prince George's,2933,Prince George's Precinct 07-007,962,718,232,1971,2933,1.0,0.32799181725196047,0.6720081827480395,1983,0.24480054551653596,0.0790998977156495,0.6760995567678145
654,Anne Arundel,1620,Anne Arundel Precinct 07-026,1426,259,617,194,1620,1.0,0.8802469135802469,0.11975308641975309,744,0.15987654320987654,0.3808641975308642,0.45925925925925926
655,Anne Arundel,2128,Anne Arundel Precinct 04-010,1684,6,31,444,2128,1.0,0.7913533834586466,0.20864661654135339,2091,0.002819548872180451,0.01456766917293233,0.9826127819548872
656,Anne Arundel,2733,Anne Arundel Precinct 04-016,2032,221,329,701,2733,1.0,0.743505305525064,0.25649469447493595,2183,0.08086351994145627,0.12038053421148921,0.7987559458470546
657,Anne Arundel,1530,Anne Arundel Precinct 07-014,1357,223,474,173,1530,1.0,0.8869281045751634,0.1130718954248366,833,0.14575163398692811,0.30980392156862746,0.5444444444444444
658,Anne Arundel,2243,Anne Arundel Precinct 07-016,1754,306,461,489,2243,1.0,0.7819884083816317,0.21801159161836825,1476,0.13642443156486847,0.20552831029870708,0.6580472581364244
659,Anne Arundel,1864,Anne Arundel Precinct 07-015,1650,299,599,214,1864,1.0,0.8851931330472103,0.1148068669527897,966,0.1604077253218884,0.32135193133047213,0.5182403433476395
660,Anne Arundel,2124,Anne Arundel Precinct 07-018,1735,272,543,389,2124,1.0,0.8168549905838042,0.18314500941619585,1309,0.128060263653484,0.2556497175141243,0.6162900188323918
661,Anne Arundel,3122,Anne Arundel Precinct 04-023,2305,298,632,817,3122,1.0,0.7383087764253684,0.26169122357463165,2192,0.0954516335682255,0.20243433696348495,0.7021140294682896
662,Anne Arundel,2399,Anne Arundel Precinct 04-022,1498,288,327,901,2399,1.0,0.6244268445185494,0.3755731554814506,1784,0.1200500208420175,0.13630679449770738,0.7436431846602751
663,Anne Arundel,1929,Anne Arundel Precinct 04-008,1617,183,546,312,1929,1.0,0.838258164852255,0.16174183514774496,1200,0.09486780715396578,0.28304821150855364,0.6220839813374806
664,Anne Arundel,2249,Anne Arundel Precinct 07-008,1808,211,561,441,2249,1.0,0.8039128501556247,0.19608714984437528,1477,0.0938194753223655,0.24944419742107604,0.6567363272565585
665,Anne Arundel,2263,Anne Arundel Precinct 07-007,2076,192,699,187,2263,1.0,0.9173663278833407,0.0826336721166593,1372,0.08484312859036677,0.308882015024304,0.6062748563853292
666,Anne Arundel,1835,Anne Arundel Precinct 07-004,1530,178,493,305,1835,1.0,0.8337874659400545,0.16621253405994552,1164,0.09700272479564033,0.2686648501362398,0.6343324250681199
667,Anne Arundel,2323,Anne Arundel Precinct 07-011,1990,66,229,333,2323,1.0,0.8566508824795523,0.14334911752044768,2028,0.0284115368058545,0.09857942315970727,0.8730090400344382
668,Anne Arundel,1203,Anne Arundel Precinct 07-027,977,199,632,226,1203,1.0,0.8121363258520365,0.18786367414796343,372,0.16541978387364922,0.5253532834580216,0.3092269326683292
669,Anne Arundel,2006,Anne Arundel Precinct 07-013,1841,239,743,165,2006,1.0,0.9177467597208375,0.08225324027916252,1024,0.11914257228315055,0.37038883349950147,0.5104685942173479
670,Anne Arundel,2140,Anne Arundel Precinct 07-022,1966,158,660,174,2140,1.0,0.9186915887850468,0.08130841121495327,1322,0.07383177570093458,0.308411214953271,0.6177570093457944
671,Anne Arundel,2009,Anne Arundel Precinct 07-017,1700,148,370,309,2009,1.0,0.8461921353907417,0.15380786460925833,1491,0.07366849178695868,0.18417122946739672,0.7421602787456446
672,Anne Arundel,1853,Anne Arundel Precinct 07-020,1435,235,360,418,1853,1.0,0.7744198596869941,0.22558014031300594,1258,0.12682137075013492,0.19427954668105774,0.6788990825688074
673,Anne Arundel,2151,Anne Arundel Precinct 07-024,1764,250,687,387,2151,1.0,0.8200836820083682,0.1799163179916318,1214,0.11622501162250116,0.3193863319386332,0.5643886564388656
674,Anne Arundel,2719,Anne Arundel Precinct 04-021,1999,350,709,720,2719,1.0,0.7351967635159985,0.26480323648400145,1660,0.12872379551305627,0.2607576314821626,0.6105185730047812
675,Anne Arundel,1631,Anne Arundel Precinct 06-028,1259,198,464,372,1631,1.0,0.7719190680564071,0.22808093194359289,969,0.1213979153893317,0.28448804414469653,0.5941140404659718
676,Anne Arundel,2014,Anne Arundel Precinct 04-004,1753,211,679,261,2014,1.0,0.8704071499503475,0.12959285004965243,1124,0.10476663356504469,0.3371400198609732,0.5580933465739821
677,Anne Arundel,1699,Anne Arundel Precinct 07-023,1518,219,700,181,1699,1.0,0.8934667451442024,0.10653325485579752,780,0.1288993525603296,0.4120070629782225,0.45909358446144793
678,Anne Arundel,2203,Anne Arundel Precinct 07-012,2057,134,384,146,2203,1.0,0.9337267362687245,0.06627326373127554,1685,0.06082614616432138,0.1743077621425329,0.7648660916931457
679,Anne Arundel,1374,Anne Arundel Precinct 06-020,1317,205,382,57,1374,1.0,0.9585152838427947,0.04148471615720524,787,0.14919941775836973,0.2780203784570597,0.5727802037845706
680,Anne Arundel,2873,Anne Arundel Precinct 07-005,2447,244,749,426,2873,1.0,0.8517229376957883,0.14827706230421162,1880,0.08492864601461887,0.2607030978071702,0.6543682561782109
681,Anne Arundel,2103,Anne Arundel Precinct 06-019,1955,243,579,148,2103,1.0,0.9296243461721351,0.07037565382786495,1281,0.11554921540656206,0.275320970042796,0.609129814550642
682,Anne Arundel,1864,Anne Arundel Precinct 06-026,1752,250,658,112,1864,1.0,0.9399141630901288,0.060085836909871244,956,0.13412017167381973,0.3530042918454936,0.5128755364806867
683,Anne Arundel,1098,Anne Arundel Precinct 06-027,991,95,363,107,1098,1.0,0.9025500910746812,0.09744990892531877,640,0.08652094717668488,0.33060109289617484,0.5828779599271403
684,Anne Arundel,2583,Anne Arundel Precinct 04-015,2338,333,868,245,2583,1.0,0.9051490514905149,0.0948509485094851,1382,0.1289198606271777,0.33604336043360433,0.535036778939218
685,Anne Arundel,3191,Anne Arundel Precinct 06-021,2803,382,800,388,3191,1.0,0.8784080225634597,0.12159197743654027,2009,0.11971168912566593,0.25070510811657787,0.6295832027577561
686,Anne Arundel,1255,Anne Arundel Precinct 06-031,1182,183,517,73,1255,1.0,0.9418326693227091,0.05816733067729084,555,0.14581673306772908,0.4119521912350598,0.44223107569721115
687,Anne Arundel,3699,Anne Arundel Precinct 04-006,1002,695,210,2697,3699,1.0,0.2708840227088402,0.7291159772911597,2794,0.18788861854555286,0.05677210056772101,0.7553392808867262
688,Howard,1703,Howard Precinct 06-007,920,191,177,783,1703,1.0,0.540223135642983,0.45977686435701703,1335,0.11215502055196712,0.10393423370522607,0.7839107457428068
689,Howard,3903,Howard Precinct 06-029,1974,759,568,1929,3903,1.0,0.5057647963105304,0.49423520368946966,2576,0.19446579554189086,0.14552908019472202,0.6600051242633871
690,Howard,1011,Howard Precinct 06-030,438,184,105,573,1011,1.0,0.4332344213649852,0.5667655786350149,722,0.18199802176063304,0.10385756676557864,0.7141444114737884
691,Howard,2972,Howard Precinct 01-006,1817,258,366,1155,2972,1.0,0.6113728129205922,0.3886271870794078,2348,0.08681022880215343,0.12314939434724091,0.7900403768506057
692,Anne Arundel,5212,Anne Arundel Precinct 01-023,1471,27,44,3741,5212,1.0,0.28223330775134303,0.717766692248657,5141,0.005180353031465848,0.00844205679201842,0.9863775901765157
693,Anne Arundel,5070,Anne Arundel Precinct 01-022,3022,645,849,2048,5070,1.0,0.5960552268244576,0.4039447731755424,3576,0.12721893491124261,0.16745562130177516,0.7053254437869823
694,Howard,4044,Howard Precinct 01-015,1543,666,483,2501,4044,1.0,0.3815529179030663,0.6184470820969338,2895,0.16468842729970326,0.11943620178041543,0.7158753709198813
695,Anne Arundel,2020,Anne Arundel Precinct 04-020,1529,195,358,491,2020,1.0,0.7569306930693069,0.24306930693069306,1467,0.09653465346534654,0.17722772277227722,0.7262376237623762
696,Anne Arundel,1510,Anne Arundel Precinct 04-005,1100,195,231,410,1510,1.0,0.7284768211920529,0.271523178807947,1084,0.1291390728476821,0.15298013245033112,0.7178807947019867
697,Anne Arundel,1589,Anne Arundel Precinct 06-024,1066,347,318,523,1589,1.0,0.670862177470107,0.329137822529893,924,0.2183763373190686,0.2001258653241032,0.5814977973568282
698,Anne Arundel,1801,Anne Arundel Precinct 06-010,1437,122,259,364,1801,1.0,0.7978900610771793,0.20210993892282064,1420,0.06774014436424208,0.14380899500277625,0.7884508606329816
699,Anne Arundel,2354,Anne Arundel Precinct 06-003,448,316,84,1906,2354,1.0,0.1903143585386576,0.8096856414613424,1954,0.13423959218351741,0.0356839422259983,0.8300764655904843
700,Anne Arundel,3339,Anne Arundel Precinct 06-022,2543,290,512,796,3339,1.0,0.7616052710392333,0.2383947289607667,2537,0.0868523510032944,0.1533393231506439,0.7598083258460617
701,Anne Arundel,2337,Anne Arundel Precinct 06-014,603,466,134,1734,2337,1.0,0.25802310654685495,0.7419768934531451,1737,0.19940094137783482,0.05733846812152332,0.7432605905006419
702,Anne Arundel,1784,Anne Arundel Precinct 06-004,869,127,63,915,1784,1.0,0.48710762331838564,0.5128923766816144,1594,0.07118834080717489,0.03531390134529148,0.8934977578475336
703,Anne Arundel,1134,Anne Arundel Precinct 06-013,492,242,150,642,1134,1.0,0.43386243386243384,0.5661375661375662,742,0.21340388007054673,0.13227513227513227,0.654320987654321
704,Anne Arundel,1646,Anne Arundel Precinct 06-002,1480,290,543,166,1646,1.0,0.8991494532199271,0.10085054678007291,813,0.17618469015795868,0.3298906439854192,0.4939246658566221
705,Anne Arundel,1709,Anne Arundel Precinct 06-009,1578,248,427,131,1709,1.0,0.9233469865418373,0.07665301345816267,1034,0.14511410181392628,0.24985371562317144,0.6050321825629023
706,Anne Arundel,1407,Anne Arundel Precinct 06-005,1154,143,366,253,1407,1.0,0.820184790334044,0.17981520966595593,898,0.10163468372423597,0.2601279317697228,0.6382373845060412
707,Anne Arundel,1924,Anne Arundel Precinct 06-006,397,209,100,1527,1924,1.0,0.20634095634095634,0.7936590436590436,1615,0.10862785862785863,0.05197505197505198,0.8393970893970893
708,Anne Arundel,1590,Anne Arundel Precinct 06-023,1409,281,408,181,1590,1.0,0.8861635220125786,0.11383647798742139,901,0.17672955974842766,0.25660377358490566,0.5666666666666667
709,Anne Arundel,2555,Anne Arundel Precinct 06-017,1841,272,328,714,2555,1.0,0.7205479452054795,0.27945205479452057,1955,0.10645792563600782,0.12837573385518591,0.7651663405088063
710,Anne Arundel,1846,Anne Arundel Precinct 06-007,1193,190,175,653,1846,1.0,0.6462621885157096,0.35373781148429034,1481,0.10292524377031419,0.09479956663055254,0.8022751895991332
711,Anne Arundel,2292,Anne Arundel Precinct 06-015,921,231,209,1371,2292,1.0,0.4018324607329843,0.5981675392670157,1852,0.10078534031413612,0.0911867364746946,0.8080279232111692
712,Anne Arundel,1228,Anne Arundel Precinct 06-016,525,189,95,703,1228,1.0,0.42752442996742673,0.5724755700325733,944,0.15390879478827363,0.07736156351791532,0.7687296416938111
713,Anne Arundel,2314,Anne Arundel Precinct 06-001,1951,443,533,363,2314,1.0,0.8431287813310285,0.15687121866897147,1338,0.19144338807260156,0.2303370786516854,0.5782195332757131
714,Anne Arundel,2135,Anne Arundel Precinct 06-012,1373,339,374,762,2135,1.0,0.6430913348946136,0.35690866510538644,1422,0.15878220140515223,0.17517564402810304,0.6660421545667448
715,Anne Arundel,1420,Anne Arundel Precinct 06-008,1092,305,373,328,1420,1.0,0.7690140845070422,0.23098591549295774,742,0.2147887323943662,0.26267605633802815,0.5225352112676056
716,Anne Arundel,2303,Anne Arundel Precinct 06-018,1977,288,438,326,2303,1.0,0.8584455058619193,0.14155449413808077,1577,0.12505427702996091,0.19018671298306555,0.6847590099869735
717,Anne Arundel,6313,Anne Arundel Precinct 06-011,4882,176,247,1431,6313,1.0,0.7733248851576113,0.22667511484238873,5890,0.02787897988278156,0.03912561381276731,0.9329954063044511
718,Anne Arundel,1104,Anne Arundel Precinct 06-029,958,147,350,146,1104,1.0,0.8677536231884058,0.1322463768115942,607,0.1331521739130435,0.3170289855072464,0.5498188405797102
719,Prince George's,2532,Prince George's Precinct 05-012,333,875,131,2199,2532,1.0,0.13151658767772512,0.8684834123222749,1526,0.34557661927330174,0.05173775671406003,0.6026856240126383
720,Charles,3857,Charles Precinct 01-001,2541,472,670,1316,3857,1.0,0.6588021778584392,0.3411978221415608,2715,0.12237490277417683,0.17371013741249675,0.7039149598133264
721,Charles,3570,Charles Precinct 06-002,2072,645,684,1498,3570,1.0,0.5803921568627451,0.4196078431372549,2241,0.18067226890756302,0.1915966386554622,0.6277310924369748
722,Charles,1581,Charles Precinct 06-003,476,560,181,1105,1581,1.0,0.3010752688172043,0.6989247311827957,840,0.35420619860847563,0.11448450347881088,0.5313092979127134
723,Charles,1855,Charles Precinct 06-019,983,442,378,872,1855,1.0,0.5299191374663073,0.47008086253369274,1035,0.23827493261455526,0.2037735849056604,0.5579514824797843
724,Charles,2458,Charles Precinct 06-004,796,803,232,1662,2458,1.0,0.32384052074857606,0.676159479251424,1423,0.32668836452400324,0.09438567941415785,0.5789259560618389
725,Charles,1494,Charles Precinct 06-020,801,268,236,693,1494,1.0,0.536144578313253,0.463855421686747,990,0.17938420348058903,0.15796519410977242,0.6626506024096386
726,Charles,1968,Charles Precinct 06-010,596,892,261,1372,1968,1.0,0.30284552845528456,0.6971544715447154,815,0.4532520325203252,0.1326219512195122,0.4141260162601626
727,Charles,1478,Charles Precinct 06-021,501,375,177,977,1478,1.0,0.33897158322056836,0.6610284167794317,926,0.25372124492557513,0.11975642760487144,0.6265223274695535
728,Charles,3773,Charles Precinct 06-013,1407,797,471,2366,3773,1.0,0.37291280148423006,0.62708719851577,2505,0.21123774184998675,0.12483434932414524,0.663927908825868
729,Prince George's,2131,Prince George's Precinct 05-008,1047,501,284,1084,2131,1.0,0.4913186297512905,0.5086813702487095,1346,0.2351008916001877,0.1332707648991084,0.6316283435007038
730,Prince George's,3225,Prince George's Precinct 05-007,467,1056,206,2758,3225,1.0,0.1448062015503876,0.8551937984496124,1963,0.32744186046511625,0.06387596899224807,0.6086821705426356
731,Prince George's,1984,Prince George's Precinct 05-002,266,674,115,1718,1984,1.0,0.13407258064516128,0.8659274193548387,1195,0.3397177419354839,0.05796370967741935,0.6023185483870968
732,Prince George's,2501,Prince George's Precinct 12-014,295,689,128,2206,2501,1.0,0.11795281887245102,0.882047181127549,1684,0.27548980407836865,0.05117952818872451,0.6733306677329068
733,Prince George's,3254,Prince George's Precinct 12-010,477,935,177,2777,3254,1.0,0.14658881376767055,0.8534111862323295,2142,0.2873386601106331,0.054394591272280274,0.6582667486170867
734,Prince George's,3255,Prince George's Precinct 05-005,506,1058,184,2749,3255,1.0,0.1554531490015361,0.8445468509984639,2013,0.3250384024577573,0.0565284178187404,0.6184331797235023
735,Prince George's,1334,Prince George's Precinct 05-010,244,316,81,1090,1334,1.0,0.18290854572713644,0.8170914542728636,937,0.2368815592203898,0.060719640179910044,0.7023988005997002
736,Prince George's,522,Prince George's Precinct 05-009,88,161,39,434,522,1.0,0.1685823754789272,0.8314176245210728,322,0.30842911877394635,0.07471264367816093,0.6168582375478927
737,Prince George's,3343,Prince George's Precinct 05-001,752,1177,210,2591,3343,1.0,0.2249476518097517,0.7750523481902483,1956,0.352078970984146,0.06281782829793599,0.585103200717918
738,Prince George's,2929,Prince George's Precinct 05-004,274,851,91,2655,2929,1.0,0.09354728576305907,0.906452714236941,1987,0.2905428473881871,0.031068624103789688,0.6783885285080232
739,Prince George's,2112,Prince George's Precinct 05-011,181,630,74,1931,2112,1.0,0.08570075757575757,0.9142992424242424,1408,0.29829545454545453,0.035037878787878785,0.6666666666666666
740,Prince George's,2992,Prince George's Precinct 05-006,233,791,100,2759,2992,1.0,0.07787433155080214,0.9221256684491979,2101,0.26437165775401067,0.03342245989304813,0.7022058823529411
741,Prince George's,3474,Prince George's Precinct 12-005,353,717,106,3121,3474,1.0,0.10161197466896948,0.8983880253310305,2651,0.20639032815198619,0.03051237766263673,0.7630972941853771
742,Prince George's,2412,Prince George's Precinct 12-001,299,356,93,2113,2412,1.0,0.12396351575456054,0.8760364842454395,1963,0.14759535655058043,0.03855721393034826,0.8138474295190713
743,Prince George's,4027,Prince George's Precinct 12-011,258,939,80,3769,4027,1.0,0.06406754407747703,0.9359324559225229,3008,0.23317606158430593,0.019865905140302956,0.7469580332753911
744,Prince George's,2706,Prince George's Precinct 05-003,217,729,109,2489,2706,1.0,0.08019216555801921,0.9198078344419808,1868,0.26940133037694014,0.04028085735402809,0.6903178122690318
745,Dorchester,352,Dorchester Precinct 03-002,175,27,89,177,352,1.0,0.4971590909090909,0.5028409090909091,236,0.07670454545454546,0.2528409090909091,0.6704545454545454
746,Wicomico,723,Wicomico Precinct 01-002,643,96,259,80,723,1.0,0.8893499308437067,0.11065006915629322,368,0.13278008298755187,0.3582295988934993,0.5089903181189488
747,Dorchester,2143,Dorchester Precinct 14-001,1953,76,661,190,2143,1.0,0.9113392440503967,0.08866075594960336,1406,0.03546430237984134,0.30844610359309377,0.6560895940270649
748,Dorchester,1584,Dorchester Precinct 02-001,1461,75,564,123,1584,1.0,0.9223484848484849,0.07765151515151515,945,0.04734848484848485,0.3560606060606061,0.5965909090909091
749,Dorchester,445,Dorchester Precinct 02-002,249,70,109,196,445,1.0,0.5595505617977528,0.4404494382022472,266,0.15730337078651685,0.2449438202247191,0.597752808988764
750,Dorchester,2140,Dorchester Precinct 15-001,1678,152,533,462,2140,1.0,0.7841121495327102,0.21588785046728973,1455,0.07102803738317758,0.24906542056074765,0.6799065420560748
751,Caroline,3115,Caroline Precinct 04-001,2572,235,866,543,3115,1.0,0.8256821829855537,0.17431781701444624,2014,0.0754414125200642,0.27800963081861957,0.6465489566613162
752,Dorchester,1210,Dorchester Precinct 15-003,472,251,168,738,1210,1.0,0.39008264462809916,0.6099173553719008,791,0.20743801652892563,0.13884297520661157,0.6537190082644628
753,Dorchester,1557,Dorchester Precinct 01-001,1369,81,470,188,1557,1.0,0.8792549775208734,0.12074502247912652,1006,0.05202312138728324,0.3018625561978163,0.6461143224149004
754,Dorchester,128,Dorchester Precinct 15-002,105,10,34,23,128,1.0,0.8203125,0.1796875,84,0.078125,0.265625,0.65625
755,Dorchester,506,Dorchester Precinct 12-002,213,50,48,293,506,1.0,0.4209486166007905,0.5790513833992095,408,0.09881422924901186,0.09486166007905138,0.8063241106719368
756,Dorchester,387,Dorchester Precinct 12-001,270,23,94,117,387,1.0,0.6976744186046512,0.3023255813953488,270,0.059431524547803614,0.24289405684754523,0.6976744186046512
757,Caroline,3507,Caroline Precinct 05-001,2406,239,648,1101,3507,1.0,0.6860564585115483,0.31394354148845166,2620,0.06814941545480467,0.1847733105218135,0.7470772740233818
758,Caroline,1652,Caroline Precinct 08-001,1474,95,492,178,1652,1.0,0.8922518159806295,0.10774818401937046,1065,0.05750605326876514,0.29782082324455206,0.6446731234866828
759,Wicomico,1986,Wicomico Precinct 02-001,1571,152,554,415,1986,1.0,0.7910372608257804,0.20896273917421954,1280,0.07653575025176233,0.27895266868076535,0.6445115810674723
760,Wicomico,3096,Wicomico Precinct 16-001,2295,299,625,801,3096,1.0,0.7412790697674418,0.25872093023255816,2172,0.09657622739018087,0.2018733850129199,0.7015503875968992
761,Wicomico,2299,Wicomico Precinct 09-005,1878,192,357,421,2299,1.0,0.8168769030013049,0.18312309699869508,1750,0.08351457155284907,0.15528490648107873,0.7612005219660722
762,Wicomico,2337,Wicomico Precinct 09-003,1743,196,48,594,2337,1.0,0.7458279845956355,0.25417201540436457,2093,0.08386820710312366,0.02053915275994865,0.8955926401369276
763,Wicomico,2879,Wicomico Precinct 09-006,698,321,1088,2181,2879,1.0,0.24244529350468913,0.7575547064953109,1470,0.11149704758596735,0.3779089961792289,0.5105939562348037
764,Wicomico,110,Wicomico Precinct 15-002,100,21,71,10,110,1.0,0.9090909090909091,0.09090909090909091,18,0.19090909090909092,0.6454545454545455,0.16363636363636364
765,Wicomico,527,Wicomico Precinct 01-003,431,26,272,96,527,1.0,0.8178368121442126,0.18216318785578747,229,0.04933586337760911,0.5161290322580645,0.43453510436432635
766,Wicomico,584,Wicomico Precinct 10-002,542,9,26,42,584,1.0,0.928082191780822,0.07191780821917808,549,0.015410958904109588,0.04452054794520548,0.940068493150685
767,Wicomico,435,Wicomico Precinct 10-001,171,109,220,264,435,1.0,0.3931034482758621,0.6068965517241379,106,0.25057471264367814,0.5057471264367817,0.24367816091954023
768,Anne Arundel,1446,Anne Arundel Precinct 05-007,1323,156,546,123,1446,1.0,0.9149377593360996,0.08506224066390042,744,0.1078838174273859,0.3775933609958506,0.5145228215767634
769,Anne Arundel,1348,Anne Arundel Precinct 02-013,1068,135,393,280,1348,1.0,0.7922848664688428,0.20771513353115728,820,0.10014836795252226,0.29154302670623145,0.6083086053412463
770,Anne Arundel,1465,Anne Arundel Precinct 05-024,1398,133,540,67,1465,1.0,0.9542662116040955,0.04573378839590444,792,0.09078498293515358,0.36860068259385664,0.5406143344709897
771,Anne Arundel,918,Anne Arundel Precinct 05-029,841,59,315,77,918,1.0,0.9161220043572985,0.08387799564270153,544,0.06427015250544663,0.3431372549019608,0.5925925925925926
772,Anne Arundel,1829,Anne Arundel Precinct 05-025,1691,135,472,138,1829,1.0,0.9245489338436303,0.0754510661563696,1222,0.07381082558775287,0.25806451612903225,0.6681246582832149
773,Anne Arundel,1771,Anne Arundel Precinct 05-008,1550,191,583,221,1771,1.0,0.8752117447769622,0.12478825522303783,997,0.10784867306606437,0.32919254658385094,0.5629587803500847
774,Anne Arundel,512,Anne Arundel Precinct 05-032,276,79,124,236,512,1.0,0.5390625,0.4609375,309,0.154296875,0.2421875,0.603515625
775,Anne Arundel,1378,Anne Arundel Precinct 05-006,1331,200,431,47,1378,1.0,0.9658925979680697,0.034107402031930335,747,0.14513788098693758,0.3127721335268505,0.5420899854862119
776,Anne Arundel,1402,Anne Arundel Precinct 05-012,1244,109,396,158,1402,1.0,0.8873038516405135,0.11269614835948645,897,0.07774607703281027,0.28245363766048504,0.6398002853067047
777,Anne Arundel,956,Anne Arundel Precinct 05-030,750,83,261,206,956,1.0,0.7845188284518828,0.21548117154811716,612,0.08682008368200837,0.2730125523012552,0.6401673640167364
778,Anne Arundel,1159,Anne Arundel Precinct 03-009,1038,72,379,121,1159,1.0,0.8955996548748921,0.10440034512510785,708,0.062122519413287315,0.3270060396893874,0.6108714408973253
779,Anne Arundel,2203,Anne Arundel Precinct 03-005,1873,141,618,330,2203,1.0,0.8502042669087608,0.14979573309123922,1444,0.06400363141171131,0.2805265546981389,0.6554698138901498
780,Anne Arundel,584,Anne Arundel Precinct 05-031,419,50,117,165,584,1.0,0.7174657534246576,0.2825342465753425,417,0.08561643835616438,0.20034246575342465,0.714041095890411
781,Anne Arundel,2474,Anne Arundel Precinct 02-020,1732,175,459,742,2474,1.0,0.7000808407437349,0.29991915925626517,1840,0.07073565076798706,0.18552950687146322,0.7437348423605498
782,Anne Arundel,1793,Anne Arundel Precinct 02-011,1380,80,319,413,1793,1.0,0.769659788064696,0.23034021193530396,1394,0.044617958728388175,0.17791411042944785,0.7774679308421639
783,Anne Arundel,2031,Anne Arundel Precinct 02-012,1669,92,275,362,2031,1.0,0.8217626784835057,0.17823732151649435,1664,0.04529788281634663,0.13540128015755784,0.8193008370260956
784,Anne Arundel,3219,Anne Arundel Precinct 02-019,1615,233,269,1604,3219,1.0,0.501708605156881,0.49829139484311896,2717,0.07238272755514134,0.08356632494563529,0.8440509474992234
785,Anne Arundel,3140,Anne Arundel Precinct 03-008,2252,242,494,888,3140,1.0,0.7171974522292993,0.28280254777070063,2404,0.07707006369426751,0.1573248407643312,0.7656050955414013
786,Anne Arundel,2930,Anne Arundel Precinct 02-010,2396,137,573,534,2930,1.0,0.8177474402730376,0.18225255972696247,2220,0.04675767918088737,0.19556313993174063,0.757679180887372
787,Anne Arundel,3008,Anne Arundel Precinct 02-022,2642,158,630,366,3008,1.0,0.8783244680851063,0.12167553191489362,2220,0.052526595744680854,0.20944148936170212,0.738031914893617
788,Anne Arundel,2034,Anne Arundel Precinct 03-025,1099,253,281,935,2034,1.0,0.54031465093412,0.45968534906588004,1500,0.12438544739429695,0.13815142576204523,0.7374631268436578
789,Anne Arundel,3117,Anne Arundel Precinct 03-004,2564,179,764,553,3117,1.0,0.8225858196984279,0.17741418030157202,2174,0.057427013153673406,0.24510747513634906,0.6974655117099775
790,Anne Arundel,3560,Anne Arundel Precinct 03-006,2742,396,1208,818,3560,1.0,0.7702247191011236,0.22977528089887642,1956,0.11123595505617978,0.3393258426966292,0.549438202247191
791,Anne Arundel,1490,Anne Arundel Precinct 01-002,1350,121,576,140,1490,1.0,0.9060402684563759,0.09395973154362416,793,0.08120805369127516,0.3865771812080537,0.5322147651006711
792,Anne Arundel,1231,Anne Arundel Precinct 01-011,1154,99,460,77,1231,1.0,0.9374492282696995,0.06255077173030058,672,0.08042242079610074,0.3736799350121852,0.545897644191714
793,Anne Arundel,1787,Anne Arundel Precinct 01-007,1593,106,545,194,1787,1.0,0.8914381645215445,0.1085618354784555,1136,0.05931729155008394,0.3049804141018467,0.6357022943480694
794,Anne Arundel,1878,Anne Arundel Precinct 01-001,1569,150,612,309,1878,1.0,0.8354632587859425,0.1645367412140575,1116,0.07987220447284345,0.3258785942492013,0.5942492012779552
795,Anne Arundel,1406,Anne Arundel Precinct 01-010,1312,112,512,94,1406,1.0,0.9331436699857752,0.06685633001422475,782,0.07965860597439545,0.36415362731152207,0.5561877667140825
796,Baltimore County,1239,Baltimore County Precinct 13-006,980,73,233,259,1239,1.0,0.7909604519774012,0.20903954802259886,933,0.058918482647296204,0.1880548829701372,0.7530266343825666
797,Baltimore County,2979,Baltimore County Precinct 13-007,1367,210,290,1612,2979,1.0,0.4588788183954347,0.5411211816045652,2479,0.07049345417925479,0.09734810339039947,0.8321584424303458
798,Baltimore County,5380,Baltimore County Precinct 13-009,3849,338,825,1531,5380,1.0,0.7154275092936803,0.2845724907063197,4217,0.06282527881040892,0.1533457249070632,0.7838289962825279
799,Anne Arundel,2426,Anne Arundel Precinct 01-008,2132,141,692,294,2426,1.0,0.8788128606760099,0.12118713932399011,1593,0.058120362737015666,0.2852431986809563,0.656636438582028
800,Anne Arundel,2202,Anne Arundel Precinct 01-004,1450,269,331,752,2202,1.0,0.6584922797456857,0.34150772025431425,1602,0.12216167120799273,0.1503178928247048,0.7275204359673024
801,Anne Arundel,2201,Anne Arundel Precinct 01-014,1607,130,463,594,2201,1.0,0.7301226715129486,0.2698773284870513,1608,0.059064061790095414,0.21035892776010903,0.7305770104497955
802,Anne Arundel,4021,Anne Arundel Precinct 01-012,1909,341,262,2112,4021,1.0,0.4747575230042278,0.5252424769957722,3418,0.08480477493160905,0.06515792091519522,0.8500373041531957
803,Anne Arundel,2018,Anne Arundel Precinct 01-015,1685,152,513,333,2018,1.0,0.8349851337958375,0.16501486620416253,1353,0.0753221010901883,0.25421209117938554,0.6704658077304262
804,Baltimore County,2262,Baltimore County Precinct 13-008,1953,93,584,309,2262,1.0,0.863395225464191,0.13660477453580902,1585,0.04111405835543767,0.2581786030061892,0.7007073386383731
805,Baltimore City,3265,Baltimore City Precinct 25-005,822,354,121,2443,3265,1.0,0.2517611026033691,0.748238897396631,2790,0.10842266462480858,0.03705972434915773,0.8545176110260337
806,Anne Arundel,1443,Anne Arundel Precinct 01-013,1092,108,195,351,1443,1.0,0.7567567567567568,0.24324324324324326,1140,0.07484407484407485,0.13513513513513514,0.7900207900207901
807,Baltimore City,2660,Baltimore City Precinct 25-008,74,407,28,2586,2660,1.0,0.027819548872180452,0.9721804511278196,2225,0.15300751879699248,0.010526315789473684,0.8364661654135338
808,Baltimore City,1089,Baltimore City Precinct 25-009,9,278,6,1080,1089,1.0,0.008264462809917356,0.9917355371900827,805,0.25528007346189163,0.005509641873278237,0.7392102846648301
809,Baltimore City,1595,Baltimore City Precinct 25-010,46,284,19,1549,1595,1.0,0.02884012539184953,0.9711598746081505,1292,0.1780564263322884,0.011912225705329153,0.8100313479623824
810,Baltimore City,3555,Baltimore City Precinct 25-003,2570,265,404,985,3555,1.0,0.7229254571026723,0.2770745428973277,2886,0.07454289732770746,0.11364275668073136,0.8118143459915612
811,Baltimore City,929,Baltimore City Precinct 20-009,527,80,64,402,929,1.0,0.5672766415500539,0.4327233584499462,785,0.0861141011840689,0.0688912809472551,0.844994617868676
812,Baltimore City,1049,Baltimore City Precinct 20-005,28,228,15,1021,1049,1.0,0.02669208770257388,0.9733079122974261,806,0.21734985700667303,0.014299332697807437,0.7683508102955195
813,Baltimore City,3568,Baltimore City Precinct 25-004,2774,131,394,794,3568,1.0,0.7774663677130045,0.22253363228699552,3043,0.0367152466367713,0.11042600896860987,0.8528587443946188
814,Baltimore City,756,Baltimore City Precinct 20-010,333,71,21,423,756,1.0,0.44047619047619047,0.5595238095238095,664,0.09391534391534391,0.027777777777777776,0.8783068783068783
815,Baltimore City,2322,Baltimore City Precinct 20-003,54,402,14,2268,2322,1.0,0.023255813953488372,0.9767441860465116,1906,0.1731266149870801,0.006029285099052541,0.8208440999138673
816,Baltimore City,2303,Baltimore City Precinct 20-011,848,166,68,1455,2303,1.0,0.36821537125488496,0.6317846287451151,2069,0.07207989578810248,0.029526704298740773,0.8983933999131567
817,Baltimore City,950,Baltimore City Precinct 20-002,70,128,12,880,950,1.0,0.07368421052631578,0.9263157894736842,810,0.13473684210526315,0.01263157894736842,0.8526315789473684
818,Baltimore City,1760,Baltimore City Precinct 16-013,14,338,19,1746,1760,1.0,0.007954545454545454,0.9920454545454546,1403,0.19204545454545455,0.010795454545454546,0.7971590909090909
819,Baltimore City,1950,Baltimore City Precinct 16-012,10,432,24,1940,1950,1.0,0.005128205128205128,0.9948717948717949,1494,0.22153846153846155,0.012307692307692308,0.7661538461538462
820,Baltimore City,240,Baltimore City Precinct 20-004,4,60,7,236,240,1.0,0.016666666666666666,0.9833333333333333,173,0.25,0.029166666666666667,0.7208333333333333
821,Baltimore City,1495,Baltimore City Precinct 16-008,24,195,8,1471,1495,1.0,0.016053511705685617,0.9839464882943144,1292,0.13043478260869565,0.005351170568561873,0.8642140468227425
822,Baltimore City,901,Baltimore City Precinct 26-031,516,119,134,385,901,1.0,0.5726970033296337,0.42730299667036625,648,0.1320754716981132,0.14872364039955605,0.7192008879023307
823,Baltimore County,2920,Baltimore County Precinct 14-011,1954,268,491,966,2920,1.0,0.6691780821917809,0.3308219178082192,2161,0.09178082191780822,0.16815068493150684,0.7400684931506849
824,Baltimore County,2766,Baltimore County Precinct 14-007,2061,289,650,705,2766,1.0,0.745119305856833,0.25488069414316705,1827,0.10448300795372378,0.23499638467100506,0.6605206073752712
825,Baltimore County,3521,Baltimore County Precinct 14-008,1352,681,480,2169,3521,1.0,0.38398182334564046,0.6160181766543595,2360,0.1934109627946606,0.13632490769667707,0.6702641295086623
826,Baltimore City,2719,Baltimore City Precinct 27-008,1192,448,300,1527,2719,1.0,0.4383964692901802,0.5616035307098198,1971,0.16476645825671202,0.11033468186833395,0.7248988598749541
827,Baltimore City,2670,Baltimore City Precinct 27-011,1688,384,452,982,2670,1.0,0.6322097378277154,0.36779026217228467,1834,0.14382022471910114,0.16928838951310862,0.6868913857677903
828,Baltimore City,842,Baltimore City Precinct 27-010,645,94,159,197,842,1.0,0.7660332541567696,0.2339667458432304,589,0.11163895486935867,0.18883610451306412,0.6995249406175772
829,Baltimore County,4086,Baltimore County Precinct 09-022,3162,442,989,924,4086,1.0,0.7738619676945668,0.2261380323054332,2655,0.10817425354870289,0.24204601076847773,0.6497797356828194
830,Baltimore County,2181,Baltimore County Precinct 14-012,1973,180,726,208,2181,1.0,0.9046309032553874,0.09536909674461257,1275,0.08253094910591471,0.3328748280605227,0.5845942228335625
831,Baltimore County,723,Baltimore County Precinct 14-014,485,74,126,238,723,1.0,0.6708160442600276,0.32918395573997233,523,0.10235131396957123,0.17427385892116182,0.7233748271092669
832,Baltimore County,3444,Baltimore County Precinct 14-006,2936,324,1076,508,3444,1.0,0.8524970963995354,0.14750290360046459,2044,0.09407665505226481,0.3124274099883856,0.5934959349593496
833,Baltimore County,2262,Baltimore County Precinct 14-001,2044,171,753,218,2262,1.0,0.9036251105216623,0.09637488947833775,1338,0.07559681697612732,0.3328912466843501,0.5915119363395226
834,Baltimore County,2561,Baltimore County Precinct 14-010,1869,307,617,692,2561,1.0,0.7297930495900039,0.2702069504099961,1637,0.11987504880905896,0.24092151503319015,0.6392034361577509
835,Baltimore County,4471,Baltimore County Precinct 14-009,1738,661,510,2733,4471,1.0,0.38872735405949455,0.6112726459405055,3300,0.1478416461641691,0.11406844106463879,0.7380899127711922
836,Baltimore County,1191,Baltimore County Precinct 14-005,540,90,68,651,1191,1.0,0.4534005037783375,0.5465994962216625,1033,0.07556675062972293,0.05709487825356843,0.8673383711167086
837,Baltimore County,2619,Baltimore County Precinct 11-016,1527,176,265,1092,2619,1.0,0.5830469644902635,0.41695303550973656,2178,0.0672012218403971,0.10118365788468882,0.8316151202749141
838,Baltimore County,4063,Baltimore County Precinct 14-002,2593,429,947,1470,4063,1.0,0.6381983755845434,0.36180162441545655,2687,0.10558700467634753,0.23307900566084175,0.6613339896628108
839,Baltimore County,3933,Baltimore County Precinct 11-011,2948,307,851,985,3933,1.0,0.7495550470378846,0.25044495296211544,2775,0.07805746249682176,0.21637426900584794,0.7055682684973302
840,Baltimore County,3413,Baltimore County Precinct 09-023,2320,295,753,1093,3413,1.0,0.6797538822150601,0.32024611778493994,2365,0.08643422209200118,0.2206270143568708,0.692938763551128
841,Baltimore County,2956,Baltimore County Precinct 09-025,2214,287,691,742,2956,1.0,0.7489851150202977,0.2510148849797023,1978,0.09709066305818674,0.2337618403247632,0.6691474966170501
842,Baltimore County,2895,Baltimore County Precinct 11-009,2192,284,733,703,2895,1.0,0.7571675302245251,0.24283246977547496,1878,0.09810017271157168,0.2531951640759931,0.6487046632124353
843,Baltimore County,3895,Baltimore County Precinct 09-024,3019,439,1135,876,3895,1.0,0.7750962772785622,0.22490372272143774,2321,0.11270860077021823,0.2913992297817715,0.5958921694480103
844,Baltimore County,3694,Baltimore County Precinct 11-015,3631,277,776,63,3694,1.0,0.9829453167298322,0.01705468327016784,2641,0.07498646453708717,0.21007038440714673,0.7149431510557661
845,Baltimore County,731,Baltimore County Precinct 11-021,560,79,156,171,731,1.0,0.7660738714090287,0.23392612859097128,496,0.10807113543091655,0.213406292749658,0.6785225718194254
846,Baltimore County,2824,Baltimore County Precinct 11-008,2388,154,721,436,2824,1.0,0.8456090651558074,0.15439093484419264,1949,0.05453257790368272,0.2553116147308782,0.6901558073654391
847,Baltimore County,3720,Baltimore County Precinct 11-010,2780,312,735,940,3720,1.0,0.7473118279569892,0.25268817204301075,2673,0.08387096774193549,0.1975806451612903,0.7185483870967742
848,Baltimore County,1942,Baltimore County Precinct 11-018,1553,63,239,389,1942,1.0,0.7996910401647785,0.20030895983522143,1640,0.03244078269824923,0.12306900102986612,0.8444902162718847
849,Baltimore County,3460,Baltimore County Precinct 11-017,2820,244,1013,640,3460,1.0,0.815028901734104,0.18497109826589594,2203,0.07052023121387284,0.2927745664739884,0.6367052023121387
850,Baltimore County,2630,Baltimore County Precinct 15-003,2325,146,751,305,2630,1.0,0.8840304182509505,0.11596958174904944,1733,0.05551330798479087,0.2855513307984791,0.65893536121673
851,Baltimore County,3634,Baltimore County Precinct 14-013,1814,305,423,1820,3634,1.0,0.4991744634012108,0.5008255365987893,2906,0.08392955421023665,0.11640066042927903,0.7996697853604843
852,Baltimore County,3333,Baltimore County Precinct 15-011,2680,245,665,653,3333,1.0,0.804080408040804,0.19591959195919592,2423,0.0735073507350735,0.1995199519951995,0.726972697269727
853,Baltimore County,343,Baltimore County Precinct 14-004,274,54,122,69,343,1.0,0.7988338192419825,0.20116618075801748,167,0.15743440233236153,0.3556851311953353,0.4868804664723032
854,Dorchester,232,Dorchester Precinct 04-001,207,19,76,25,232,1.0,0.8922413793103449,0.10775862068965517,137,0.08189655172413793,0.3275862068965517,0.5905172413793104
855,Dorchester,427,Dorchester Precinct 16-001,400,19,184,27,427,1.0,0.936768149882904,0.06323185011709602,224,0.04449648711943794,0.4309133489461358,0.5245901639344263
856,Dorchester,271,Dorchester Precinct 05-001,247,6,106,24,271,1.0,0.9114391143911439,0.08856088560885608,159,0.02214022140221402,0.39114391143911437,0.5867158671586716
857,Dorchester,544,Dorchester Precinct 09-001,469,44,238,75,544,1.0,0.8621323529411765,0.13786764705882354,262,0.08088235294117647,0.4375,0.48161764705882354
858,Dorchester,182,Dorchester Precinct 13-001,166,8,105,16,182,1.0,0.9120879120879121,0.08791208791208792,69,0.04395604395604396,0.5769230769230769,0.3791208791208791
859,Dorchester,801,Dorchester Precinct 08-001,769,69,302,32,801,1.0,0.9600499375780275,0.039950062421972535,430,0.08614232209737828,0.37702871410736577,0.5368289637952559
860,Talbot,724,Talbot Precinct 02-002,701,76,247,23,724,1.0,0.9682320441988951,0.031767955801104975,401,0.10497237569060773,0.3411602209944751,0.5538674033149171
861,Talbot,2603,Talbot Precinct 02-001,2274,332,587,329,2603,1.0,0.8736073761044948,0.12639262389550518,1684,0.12754514022281982,0.22550902804456396,0.6469458317326162
862,Talbot,1245,Talbot Precinct 02-003,1065,136,386,180,1245,1.0,0.8554216867469879,0.14457831325301204,723,0.10923694779116466,0.3100401606425703,0.5807228915662651
863,Dorchester,834,Dorchester Precinct 07-003,668,78,236,166,834,1.0,0.8009592326139089,0.19904076738609114,520,0.09352517985611511,0.2829736211031175,0.6235011990407674
864,Dorchester,3660,Dorchester Precinct 07-002,756,579,125,2904,3660,1.0,0.20655737704918034,0.7934426229508197,2956,0.1581967213114754,0.03415300546448088,0.8076502732240437
865,Dorchester,2964,Dorchester Precinct 07-006,2484,240,742,480,2964,1.0,0.8380566801619433,0.16194331983805668,1982,0.08097165991902834,0.25033738191632926,0.6686909581646424
866,Dorchester,2345,Dorchester Precinct 07-001,1564,180,398,781,2345,1.0,0.6669509594882729,0.33304904051172707,1767,0.0767590618336887,0.1697228144989339,0.7535181236673774
867,Dorchester,768,Dorchester Precinct 07-004,446,65,76,322,768,1.0,0.5807291666666666,0.4192708333333333,627,0.08463541666666667,0.09895833333333333,0.81640625
868,Dorchester,197,Dorchester Precinct 07-007,79,53,18,118,197,1.0,0.4010152284263959,0.5989847715736041,126,0.26903553299492383,0.09137055837563451,0.6395939086294417
869,Dorchester,351,Dorchester Precinct 07-005,167,23,34,184,351,1.0,0.4757834757834758,0.5242165242165242,294,0.06552706552706553,0.09686609686609686,0.8376068376068376
870,Talbot,2495,Talbot Precinct 03-001,1972,245,691,523,2495,1.0,0.790380761523046,0.2096192384769539,1559,0.09819639278557114,0.2769539078156313,0.6248496993987976
871,Talbot,1083,Talbot Precinct 03-003,997,153,418,86,1083,1.0,0.9205909510618652,0.07940904893813482,512,0.14127423822714683,0.38596491228070173,0.4727608494921514
872,Talbot,4545,Talbot Precinct 01-001,3472,358,677,1073,4545,1.0,0.7639163916391639,0.23608360836083608,3510,0.07876787678767877,0.14895489548954896,0.7722772277227723
873,Talbot,3290,Talbot Precinct 01-003,2061,302,488,1229,3290,1.0,0.6264437689969605,0.37355623100303953,2500,0.09179331306990882,0.14832826747720365,0.7598784194528876
874,Talbot,5989,Talbot Precinct 01-002,4606,473,909,1383,5989,1.0,0.7690766405075973,0.23092335949240275,4607,0.07897812656536984,0.1517782601435966,0.7692436132910335
875,Somerset,1960,Somerset Precinct 07-001,1282,241,380,678,1960,1.0,0.6540816326530612,0.34591836734693876,1339,0.12295918367346939,0.19387755102040816,0.6831632653061225
876,Baltimore City,1038,Baltimore City Precinct 12-011,130,194,24,908,1038,1.0,0.1252408477842004,0.8747591522157996,820,0.18689788053949905,0.023121387283236993,0.789980732177264
877,Baltimore City,1718,Baltimore City Precinct 12-008,988,308,67,730,1718,1.0,0.5750873108265425,0.42491268917345754,1343,0.17927823050058206,0.0389988358556461,0.7817229336437719
878,Baltimore City,1916,Baltimore City Precinct 12-010,382,316,40,1534,1916,1.0,0.19937369519832984,0.8006263048016702,1560,0.1649269311064718,0.020876826722338204,0.81419624217119
879,Anne Arundel,3468,Anne Arundel Precinct 01-018,2157,335,422,1311,3468,1.0,0.6219723183391004,0.3780276816608997,2711,0.09659746251441753,0.12168396770472895,0.7817185697808535
880,Anne Arundel,1823,Anne Arundel Precinct 01-017,1402,104,336,421,1823,1.0,0.7690619857377948,0.23093801426220514,1383,0.05704882062534284,0.18431157432803072,0.7586396050466264
881,Anne Arundel,2523,Anne Arundel Precinct 01-016,1828,166,409,695,2523,1.0,0.724534284581847,0.275465715418153,1948,0.06579468886246533,0.16210860087197781,0.7720967102655569
882,Baltimore City,1139,Baltimore City Precinct 25-011,672,63,96,467,1139,1.0,0.5899912203687445,0.4100087796312555,980,0.0553116769095698,0.08428446005267778,0.8604038630377524
883,Baltimore City,2273,Baltimore City Precinct 25-012,1279,120,168,994,2273,1.0,0.5626924769027717,0.4373075230972283,1985,0.05279366476022877,0.07391113066432028,0.873295204575451
884,Baltimore City,1483,Baltimore City Precinct 25-014,468,143,46,1015,1483,1.0,0.3155765340525961,0.6844234659474039,1294,0.0964261631827377,0.031018206338503034,0.8725556304787593
885,Baltimore City,1262,Baltimore City Precinct 25-013,750,53,72,512,1262,1.0,0.5942947702060222,0.40570522979397783,1137,0.041996830427892234,0.05705229793977813,0.9009508716323297
886,Baltimore City,1628,Baltimore City Precinct 25-015,701,117,70,927,1628,1.0,0.4305896805896806,0.5694103194103194,1441,0.07186732186732187,0.042997542997543,0.8851351351351351
887,Baltimore City,2415,Baltimore City Precinct 25-016,1616,154,135,799,2415,1.0,0.6691511387163561,0.3308488612836439,2126,0.06376811594202898,0.055900621118012424,0.8803312629399586
888,Baltimore City,2673,Baltimore City Precinct 24-004,2448,334,450,225,2673,1.0,0.9158249158249159,0.08417508417508418,1889,0.12495323606434718,0.16835016835016836,0.7066965955854845
889,Baltimore City,878,Baltimore City Precinct 24-002,775,117,138,103,878,1.0,0.8826879271070615,0.11731207289293849,623,0.13325740318906606,0.1571753986332574,0.7095671981776766
890,Baltimore City,722,Baltimore City Precinct 24-001,632,136,138,90,722,1.0,0.8753462603878116,0.12465373961218837,448,0.1883656509695291,0.19113573407202217,0.6204986149584487
891,Baltimore City,1728,Baltimore City Precinct 24-003,1531,248,336,197,1728,1.0,0.8859953703703703,0.11400462962962964,1144,0.14351851851851852,0.19444444444444445,0.6620370370370371
892,Baltimore City,1994,Baltimore City Precinct 03-003,1421,214,210,573,1994,1.0,0.7126379137412236,0.28736208625877635,1570,0.10732196589769308,0.10531594784353059,0.7873620862587764
893,Baltimore City,3017,Baltimore City Precinct 24-005,2786,393,722,231,3017,1.0,0.9234338747099768,0.0765661252900232,1902,0.13026184951939013,0.23931057341730197,0.6304275770633079
894,Baltimore City,2635,Baltimore City Precinct 02-003,2167,357,262,468,2635,1.0,0.8223908918406072,0.1776091081593928,2016,0.13548387096774195,0.09943074003795066,0.7650853889943074
895,Baltimore City,2074,Baltimore City Precinct 02-002,1402,253,184,672,2074,1.0,0.6759884281581485,0.3240115718418515,1637,0.12198649951783992,0.08871745419479267,0.7892960462873674
896,Baltimore City,2117,Baltimore City Precinct 01-002,1706,327,228,411,2117,1.0,0.8058573452999528,0.19414265470004724,1562,0.15446386395843173,0.1076995748700992,0.737836561171469
897,Baltimore City,1947,Baltimore City Precinct 01-003,1710,146,262,237,1947,1.0,0.8782742681047766,0.12172573189522343,1539,0.07498715973292244,0.13456599897277863,0.7904468412942989
898,Baltimore City,2617,Baltimore City Precinct 05-001,202,253,19,2415,2617,1.0,0.07718761941153993,0.92281238058846,2345,0.09667558272831486,0.0072602216278181125,0.8960641956438671
899,Baltimore City,658,Baltimore City Precinct 10-004,17,141,4,641,658,1.0,0.025835866261398176,0.9741641337386018,513,0.21428571428571427,0.0060790273556231,0.7796352583586627
900,Baltimore City,5665,Baltimore City Precinct 10-003,789,71,5,4876,5665,1.0,0.13927625772285968,0.8607237422771403,5589,0.012533097969991174,0.00088261253309797,0.9865842894969109
901,Baltimore City,836,Baltimore City Precinct 03-002,231,109,17,605,836,1.0,0.27631578947368424,0.7236842105263158,710,0.1303827751196172,0.02033492822966507,0.8492822966507177
902,Calvert,2365,Calvert Precinct 01-004,1979,296,777,386,2365,1.0,0.8367864693446089,0.16321353065539113,1292,0.12515856236786468,0.3285412262156448,0.5463002114164904
903,Calvert,2363,Calvert Precinct 02-004,1630,355,683,733,2363,1.0,0.6898011002962336,0.3101988997037664,1325,0.15023275497249258,0.2890393567498942,0.5607278882776132
904,Calvert,2969,Calvert Precinct 01-003,2481,258,753,488,2969,1.0,0.8356348939036713,0.16436510609632873,1958,0.0868979454361738,0.2536207477265072,0.659481306837319
905,Calvert,3541,Calvert Precinct 01-006,2855,331,849,686,3541,1.0,0.806269415419373,0.19373058458062695,2361,0.09347641909065235,0.23976277887602374,0.6667608020333239
906,Calvert,2965,Calvert Precinct 02-005,2571,320,990,394,2965,1.0,0.8671163575042159,0.13288364249578416,1655,0.10792580101180438,0.33389544688026984,0.5581787521079258
907,Calvert,3099,Calvert Precinct 03-002,2465,364,657,634,3099,1.0,0.7954178767344304,0.20458212326556954,2078,0.11745724427234591,0.21200387221684414,0.6705388835108099
908,Calvert,2398,Calvert Precinct 03-001,2042,299,583,356,2398,1.0,0.8515429524603837,0.14845704753961636,1516,0.12468723936613844,0.24311926605504589,0.6321934945788157
909,Anne Arundel,2629,Anne Arundel Precinct 07-002,2349,307,798,280,2629,1.0,0.893495625713199,0.10650437428680107,1524,0.11677443895017117,0.303537466717383,0.5796880943324458
910,Talbot,757,Talbot Precinct 05-002,734,90,293,23,757,1.0,0.9696169088507266,0.03038309114927345,374,0.11889035667107001,0.3870541611624835,0.4940554821664465
911,Talbot,886,Talbot Precinct 05-001,809,132,261,77,886,1.0,0.9130925507900677,0.08690744920993228,493,0.1489841986455982,0.2945823927765237,0.5564334085778782
912,Dorchester,373,Dorchester Precinct 06-001,350,16,178,23,373,1.0,0.938337801608579,0.06166219839142091,179,0.04289544235924933,0.4772117962466488,0.47989276139410186
913,Baltimore City,2765,Baltimore City Precinct 07-004,124,379,17,2641,2765,1.0,0.04484629294755877,0.9551537070524412,2369,0.13707052441229656,0.006148282097649186,0.8567811934900542
914,Baltimore City,3497,Baltimore City Precinct 26-010,1389,240,190,2108,3497,1.0,0.3971975979410924,0.6028024020589077,3067,0.06863025450386046,0.054332284815556194,0.8770374606805833
915,Baltimore City,923,Baltimore City Precinct 26-012,85,102,11,838,923,1.0,0.09209100758396534,0.9079089924160346,810,0.1105092091007584,0.011917659804983749,0.8775731310942578
916,Baltimore City,3245,Baltimore City Precinct 08-010,18,788,32,3227,3245,1.0,0.005546995377503852,0.9944530046224962,2425,0.24283513097072418,0.009861325115562404,0.7473035439137135
917,Baltimore City,577,Baltimore City Precinct 08-011,13,126,4,564,577,1.0,0.022530329289428077,0.9774696707105719,447,0.21837088388214904,0.006932409012131715,0.7746967071057193
918,Baltimore City,1998,Baltimore City Precinct 08-003,70,338,29,1928,1998,1.0,0.035035035035035036,0.964964964964965,1631,0.16916916916916916,0.014514514514514515,0.8163163163163163
919,Baltimore City,1675,Baltimore City Precinct 26-019,143,355,36,1532,1675,1.0,0.0853731343283582,0.9146268656716418,1284,0.21194029850746268,0.021492537313432834,0.7665671641791045
920,Baltimore City,783,Baltimore City Precinct 26-020,50,170,15,733,783,1.0,0.06385696040868455,0.9361430395913155,598,0.21711366538952745,0.019157088122605363,0.7637292464878672
921,Baltimore City,1709,Baltimore City Precinct 26-011,785,81,120,924,1709,1.0,0.4593329432416618,0.5406670567583383,1508,0.047396138092451724,0.07021650087770626,0.882387361029842
922,Baltimore City,1355,Baltimore City Precinct 26-013,1074,43,160,281,1355,1.0,0.792619926199262,0.207380073800738,1152,0.03173431734317343,0.11808118081180811,0.8501845018450185
923,Baltimore City,339,Baltimore City Precinct 26-017,33,88,12,306,339,1.0,0.09734513274336283,0.9026548672566371,239,0.25958702064896755,0.035398230088495575,0.7050147492625368
924,Baltimore City,2928,Baltimore City Precinct 26-018,256,623,75,2672,2928,1.0,0.08743169398907104,0.912568306010929,2230,0.21277322404371585,0.025614754098360656,0.7616120218579235
925,Baltimore City,1249,Baltimore City Precinct 26-016,74,258,22,1175,1249,1.0,0.059247397918334666,0.9407526020816653,969,0.20656525220176142,0.017614091273018415,0.7758206565252201
926,Howard,2116,Howard Precinct 04-004,1753,236,825,363,2116,1.0,0.8284499054820416,0.1715500945179584,1055,0.11153119092627599,0.3898865784499055,0.4985822306238185
927,Carroll,6623,Carroll Precinct 14-002,6214,417,2586,409,6623,1.0,0.9382455080779103,0.061754491922089684,3620,0.06296240374452665,0.390457496602748,0.5465800996527254
928,Carroll,3192,Carroll Precinct 05-001,2872,342,1114,320,3192,1.0,0.899749373433584,0.10025062656641603,1736,0.10714285714285714,0.34899749373433586,0.543859649122807
929,Carroll,647,Carroll Precinct 05-006,626,97,210,21,647,1.0,0.9675425038639877,0.03245749613601236,340,0.14992272024729522,0.32457496136012365,0.5255023183925811
930,Howard,2206,Howard Precinct 03-002,1871,275,942,335,2206,1.0,0.8481414324569356,0.15185856754306437,989,0.12466001813236627,0.4270172257479601,0.4483227561196736
931,Carroll,2786,Carroll Precinct 14-001,2611,233,1153,175,2786,1.0,0.9371859296482412,0.06281407035175879,1400,0.083632447954056,0.41385498923187364,0.5025125628140703
932,Carroll,2559,Carroll Precinct 05-005,2276,223,973,283,2559,1.0,0.889409925752247,0.11059007424775302,1363,0.0871434153966393,0.38022665103556075,0.5326299335678
933,Carroll,2727,Carroll Precinct 09-001,2601,232,1535,126,2727,1.0,0.9537953795379538,0.0462046204620462,960,0.08507517418408507,0.5628896222955629,0.35203520352035206
934,Carroll,5574,Carroll Precinct 07-007,5011,427,1648,563,5574,1.0,0.8989953354861858,0.10100466451381414,3499,0.07660566917832795,0.2956584140653032,0.6277359167563689
935,Carroll,1903,Carroll Precinct 07-008,1759,117,701,144,1903,1.0,0.9243300052548608,0.07566999474513926,1085,0.061481870730425645,0.36836573830793484,0.5701523909616395
936,Carroll,960,Carroll Precinct 07-005,945,125,335,15,960,1.0,0.984375,0.015625,500,0.13020833333333334,0.3489583333333333,0.5208333333333334
937,Carroll,2365,Carroll Precinct 04-002,2282,129,967,83,2365,1.0,0.9649048625792812,0.03509513742071882,1269,0.05454545454545454,0.40887949260042283,0.5365750528541227
938,Carroll,2537,Carroll Precinct 07-006,2326,185,786,211,2537,1.0,0.9168309026409145,0.08316909735908554,1566,0.07292077256602286,0.30981474182104846,0.6172644856129287
939,Carroll,3647,Carroll Precinct 07-003,3100,220,653,547,3647,1.0,0.8500137098985467,0.14998629010145326,2774,0.060323553605703316,0.17905127502056484,0.7606251713737319
940,Carroll,2385,Carroll Precinct 07-001,2135,115,477,250,2385,1.0,0.8951781970649895,0.10482180293501048,1793,0.04821802935010482,0.2,0.7517819706498952
941,Carroll,7644,Carroll Precinct 05-004,6509,630,2829,1135,7644,1.0,0.8515175300889587,0.14848246991104133,4185,0.08241758241758242,0.37009419152276296,0.5474882260596546
942,Howard,3762,Howard Precinct 03-005,2617,413,905,1145,3762,1.0,0.6956406166932483,0.3043593833067517,2444,0.10978203083466241,0.24056353003721426,0.6496544391281234
943,Carroll,4313,Carroll Precinct 05-002,3922,451,1982,391,4313,1.0,0.9093438441919778,0.09065615580802226,1880,0.10456758636679805,0.4595409227915604,0.4358914908416415
944,St. Mary's,2003,St. Mary's Precinct 01-002,1697,195,600,306,2003,1.0,0.8472291562656016,0.1527708437343984,1208,0.09735396904643036,0.29955067398901647,0.6030953569645532
945,St. Mary's,3822,St. Mary's Precinct 01-001,3130,323,748,692,3822,1.0,0.8189429618001046,0.18105703819989535,2751,0.08451072736787023,0.19570905285190998,0.7197802197802198
946,Somerset,179,Somerset Precinct 10-001,171,23,61,8,179,1.0,0.9553072625698324,0.0446927374301676,95,0.12849162011173185,0.3407821229050279,0.5307262569832403
947,Dorchester,308,Dorchester Precinct 10-001,300,14,95,8,308,1.0,0.974025974025974,0.025974025974025976,199,0.045454545454545456,0.30844155844155846,0.6461038961038961
948,St. Mary's,3575,St. Mary's Precinct 08-003,2427,367,742,1148,3575,1.0,0.6788811188811189,0.3211188811188811,2466,0.10265734265734265,0.20755244755244756,0.6897902097902098
949,St. Mary's,2881,St. Mary's Precinct 08-005,2361,199,649,520,2881,1.0,0.8195071155848663,0.18049288441513364,2033,0.06907323845886845,0.2252690038181187,0.7056577577230129
950,St. Mary's,402,St. Mary's Precinct 08-008,339,51,127,63,402,1.0,0.8432835820895522,0.15671641791044777,224,0.12686567164179105,0.31592039800995025,0.5572139303482587
951,St. Mary's,1160,St. Mary's Precinct 08-010,735,95,177,425,1160,1.0,0.6336206896551724,0.36637931034482757,888,0.08189655172413793,0.15258620689655172,0.7655172413793103
952,St. Mary's,1548,St. Mary's Precinct 08-002,1377,125,518,171,1548,1.0,0.8895348837209303,0.11046511627906977,905,0.08074935400516796,0.33462532299741604,0.584625322997416
953,St. Mary's,2841,St. Mary's Precinct 06-003,2593,174,1033,248,2841,1.0,0.9127067933826117,0.08729320661738825,1634,0.061246040126715945,0.36360436466033086,0.5751495952129532
954,St. Mary's,2052,St. Mary's Precinct 08-006,1617,154,524,435,2052,1.0,0.7880116959064327,0.21198830409356725,1374,0.07504873294346978,0.2553606237816764,0.6695906432748538
955,Calvert,2874,Calvert Precinct 01-001,2444,386,758,430,2874,1.0,0.8503827418232429,0.14961725817675714,1730,0.13430758524704245,0.26374391092553934,0.6019485038274183
956,Calvert,2535,Calvert Precinct 01-007,2065,352,912,470,2535,1.0,0.814595660749507,0.1854043392504931,1271,0.1388560157790927,0.35976331360946745,0.5013806706114399
957,Calvert,3483,Calvert Precinct 01-005,2710,317,858,773,3483,1.0,0.7780648865920183,0.22193511340798164,2308,0.0910134941142693,0.2463393626184324,0.6626471432672983
958,Calvert,3411,Calvert Precinct 01-002,2504,367,628,907,3411,1.0,0.7340955731457051,0.26590442685429494,2416,0.10759308120785693,0.1841102316036353,0.7082966871885078
959,St. Mary's,2376,St. Mary's Precinct 02-002,2085,239,778,291,2376,1.0,0.8775252525252525,0.12247474747474747,1359,0.10058922558922559,0.3274410774410774,0.571969696969697
960,St. Mary's,2833,St. Mary's Precinct 02-001,2361,285,932,472,2833,1.0,0.8333921637839746,0.1666078362160254,1616,0.10060007059654077,0.3289798799858807,0.5704200494175785
961,St. Mary's,3761,St. Mary's Precinct 08-009,1768,390,358,1993,3761,1.0,0.47008774262164316,0.5299122573783568,3013,0.10369582557830365,0.09518745014623771,0.8011167242754587
962,St. Mary's,2579,St. Mary's Precinct 08-007,1260,347,410,1319,2579,1.0,0.48856145792943,0.5114385420705699,1822,0.1345482745250097,0.1589763474214812,0.7064753780535091
963,St. Mary's,3761,St. Mary's Precinct 08-001,2189,291,461,1572,3761,1.0,0.5820260568997607,0.4179739431002393,3009,0.07737303908534963,0.12257378356819995,0.8000531773464504
964,St. Mary's,5431,St. Mary's Precinct 08-004,3460,530,1022,1971,5431,1.0,0.6370834100533972,0.36291658994660286,3879,0.09758792119315043,0.18817897256490518,0.7142331062419444
965,Baltimore County,3555,Baltimore County Precinct 08-011,2068,159,442,1487,3555,1.0,0.5817158931082982,0.4182841068917018,2954,0.04472573839662447,0.12433192686357243,0.8309423347398031
966,Baltimore County,2505,Baltimore County Precinct 08-006,1379,607,418,1126,2505,1.0,0.550499001996008,0.449500998003992,1480,0.24231536926147704,0.16686626746506986,0.590818363273453
967,Baltimore County,1757,Baltimore County Precinct 08-003,1549,211,531,208,1757,1.0,0.8816163915765509,0.11838360842344905,1015,0.12009106431417188,0.3022196926579397,0.5776892430278885
968,Baltimore County,2017,Baltimore County Precinct 08-022,1757,305,640,260,2017,1.0,0.8710956866633615,0.12890431333663857,1072,0.15121467526028756,0.3173029251363411,0.5314823996033713
969,Baltimore County,2489,Baltimore County Precinct 08-001,2208,227,776,281,2489,1.0,0.8871032543190036,0.11289674568099639,1486,0.09120128565689031,0.3117717959019687,0.597026918441141
970,Baltimore County,1888,Baltimore County Precinct 08-025,1659,173,524,229,1888,1.0,0.878707627118644,0.12129237288135593,1191,0.0916313559322034,0.2775423728813559,0.6308262711864406
971,Baltimore County,2437,Baltimore County Precinct 08-004,2117,287,950,320,2437,1.0,0.8686910135412392,0.13130898645876077,1200,0.11776774723020107,0.38982355354944603,0.4924086992203529
972,Baltimore County,1477,Baltimore County Precinct 10-002,1372,135,648,105,1477,1.0,0.9289099526066351,0.07109004739336493,694,0.09140148950575491,0.43872714962762355,0.4698713608666215
973,Baltimore County,1876,Baltimore County Precinct 10-004,1797,137,913,79,1876,1.0,0.9578891257995735,0.04211087420042644,826,0.0730277185501066,0.48667377398720685,0.44029850746268656
974,Baltimore County,3018,Baltimore County Precinct 10-001,2857,287,1269,161,3018,1.0,0.9466534128561962,0.053346587143803845,1462,0.0950960901259112,0.42047713717693835,0.48442677269715045
975,Baltimore County,3508,Baltimore County Precinct 05-001,3315,255,1445,193,3508,1.0,0.9449828962371721,0.05501710376282782,1808,0.07269099201824401,0.41191562143671606,0.5153933865450399
976,Baltimore County,1975,Baltimore County Precinct 06-001,1875,130,819,100,1975,1.0,0.9493670886075949,0.05063291139240506,1026,0.06582278481012659,0.41468354430379745,0.5194936708860759
977,Baltimore County,2338,Baltimore County Precinct 06-002,2220,182,979,118,2338,1.0,0.9495295124037639,0.0504704875962361,1177,0.07784431137724551,0.4187339606501283,0.5034217279726262
978,Baltimore County,2472,Baltimore County Precinct 07-003,2274,236,1007,198,2472,1.0,0.9199029126213593,0.08009708737864078,1229,0.09546925566343042,0.40736245954692557,0.49716828478964403
979,Baltimore County,1071,Baltimore County Precinct 07-002,1032,108,500,39,1071,1.0,0.9635854341736695,0.036414565826330535,463,0.10084033613445378,0.4668534080298786,0.4323062558356676
980,Baltimore County,3153,Baltimore County Precinct 07-001,2987,247,1284,166,3153,1.0,0.9473517285125278,0.05264827148747225,1622,0.07833809070726293,0.4072312083729781,0.514430700919759
981,St. Mary's,210,St. Mary's Precinct 09-001,181,31,61,29,210,1.0,0.861904761904762,0.1380952380952381,118,0.14761904761904762,0.2904761904761905,0.5619047619047619
982,Baltimore City,2683,Baltimore City Precinct 26-024,242,414,41,2441,2683,1.0,0.09019754006708908,0.9098024599329109,2228,0.15430488259411107,0.01528140141632501,0.8304137159895639
983,Baltimore City,2299,Baltimore City Precinct 26-025,146,238,29,2153,2299,1.0,0.06350587211831231,0.9364941278816877,2032,0.10352327098738583,0.012614180078294911,0.8838625489343193
984,Baltimore City,1812,Baltimore City Precinct 26-026,482,286,122,1330,1812,1.0,0.26600441501103755,0.7339955849889624,1404,0.15783664459161148,0.0673289183222958,0.7748344370860927
985,Baltimore City,2585,Baltimore City Precinct 27-005,1273,450,259,1312,2585,1.0,0.49245647969052225,0.5075435203094778,1876,0.17408123791102514,0.10019342359767891,0.725725338491296
986,Baltimore City,3355,Baltimore City Precinct 27-006,959,595,198,2396,3355,1.0,0.28584202682563337,0.7141579731743666,2562,0.17734724292101342,0.05901639344262295,0.7636363636363637
987,Baltimore City,780,Baltimore City Precinct 27-019,33,161,18,747,780,1.0,0.04230769230769231,0.9576923076923077,601,0.2064102564102564,0.023076923076923078,0.7705128205128206
988,Baltimore City,2289,Baltimore City Precinct 27-015,400,448,99,1889,2289,1.0,0.17474879860200962,0.8252512013979904,1742,0.19571865443425077,0.04325032765399738,0.7610310179117519
989,Baltimore County,3836,Baltimore County Precinct 09-020,464,727,140,3372,3836,1.0,0.12095933263816476,0.8790406673618353,2969,0.1895203336809176,0.0364963503649635,0.7739833159541188
990,Baltimore County,2342,Baltimore County Precinct 09-028,897,419,198,1445,2342,1.0,0.38300597779675494,0.6169940222032451,1725,0.1789069171648164,0.08454312553373185,0.7365499573014518
991,Baltimore County,2528,Baltimore County Precinct 09-019,1774,296,571,754,2528,1.0,0.7017405063291139,0.29825949367088606,1661,0.11708860759493671,0.22587025316455697,0.6570411392405063
992,Baltimore City,2647,Baltimore City Precinct 27-014,1453,445,334,1194,2647,1.0,0.5489233094068757,0.4510766905931243,1868,0.16811484699659993,0.12618058179070646,0.7057045712126936
993,Baltimore City,3409,Baltimore City Precinct 27-013,915,466,215,2494,3409,1.0,0.26840715752420063,0.7315928424757994,2728,0.13669697858609564,0.06306834848929305,0.8002346729246114
994,Baltimore City,1492,Baltimore City Precinct 27-009,843,291,185,649,1492,1.0,0.5650134048257373,0.43498659517426275,1016,0.1950402144772118,0.1239946380697051,0.6809651474530831
995,Baltimore City,762,Baltimore City Precinct 27-012,550,82,116,212,762,1.0,0.7217847769028871,0.2782152230971129,564,0.10761154855643044,0.15223097112860892,0.7401574803149606
996,Baltimore County,3661,Baltimore County Precinct 09-021,3095,377,1066,566,3661,1.0,0.8453974323955203,0.15460256760447966,2218,0.1029773285987435,0.29117727396886095,0.6058453974323955
997,Baltimore County,2909,Baltimore County Precinct 09-029,2172,13,3,737,2909,1.0,0.7466483327603988,0.25335166723960123,2893,0.00446888965280165,0.0010312822275696115,0.9944998281196288
998,Baltimore County,2194,Baltimore County Precinct 09-012,1804,256,425,390,2194,1.0,0.8222424794895169,0.17775752051048313,1513,0.11668185961713765,0.19371011850501368,0.6896080218778486
999,Baltimore County,2160,Baltimore County Precinct 09-007,1829,264,847,331,2160,1.0,0.8467592592592592,0.15324074074074073,1049,0.12222222222222222,0.3921296296296296,0.48564814814814816
1000,Baltimore County,2993,Baltimore County Precinct 09-011,2118,351,398,875,2993,1.0,0.707651186100902,0.2923488138990979,2244,0.11727363848980955,0.13297694620781825,0.7497494153023722
1001,Baltimore County,5056,Baltimore County Precinct 09-010,3865,628,983,1191,5056,1.0,0.7644382911392406,0.2355617088607595,3445,0.12420886075949367,0.1944224683544304,0.681368670886076
1002,Baltimore County,1644,Baltimore County Precinct 08-015,1440,240,651,204,1644,1.0,0.8759124087591241,0.12408759124087591,753,0.145985401459854,0.395985401459854,0.458029197080292
1003,Baltimore County,1925,Baltimore County Precinct 08-014,1650,191,499,275,1925,1.0,0.8571428571428571,0.14285714285714285,1235,0.09922077922077922,0.25922077922077924,0.6415584415584416
1004,Baltimore County,2163,Baltimore County Precinct 08-012,1905,295,871,258,2163,1.0,0.8807212205270458,0.11927877947295423,997,0.13638465094775776,0.4026814609338881,0.4609338881183541
1005,Baltimore County,5466,Baltimore County Precinct 08-005,3011,70,282,2455,5466,1.0,0.5508598609586535,0.44914013904134653,5114,0.012806439809732895,0.05159165751920966,0.9356019026710575
1006,Baltimore County,1075,Baltimore County Precinct 09-016,915,145,360,160,1075,1.0,0.8511627906976744,0.14883720930232558,570,0.13488372093023257,0.33488372093023255,0.5302325581395348
1007,Baltimore County,1627,Baltimore County Precinct 09-017,1118,201,329,509,1627,1.0,0.6871542716656422,0.3128457283343577,1097,0.12354025814382298,0.20221266133988935,0.6742470805162877
1008,Baltimore County,26,Baltimore County Precinct 09-027,20,2,7,6,26,1.0,0.7692307692307693,0.23076923076923078,17,0.07692307692307693,0.2692307692307692,0.6538461538461539
1009,Baltimore County,2576,Baltimore County Precinct 09-018,1975,295,551,601,2576,1.0,0.7666925465838509,0.23330745341614906,1730,0.11451863354037267,0.2138975155279503,0.671583850931677
1010,Baltimore County,1631,Baltimore County Precinct 09-009,1412,217,719,219,1631,1.0,0.8657265481299816,0.1342734518700184,695,0.13304721030042918,0.44083384426732064,0.42611894543225015
1011,Baltimore County,1132,Baltimore County Precinct 09-026,975,150,400,157,1132,1.0,0.8613074204946997,0.13869257950530034,582,0.13250883392226148,0.35335689045936397,0.5141342756183745
1012,Baltimore County,1592,Baltimore County Precinct 09-008,1465,217,688,127,1592,1.0,0.9202261306532663,0.07977386934673367,687,0.13630653266331658,0.4321608040201005,0.4315326633165829
1013,Baltimore County,2194,Baltimore County Precinct 08-007,1336,306,463,858,2194,1.0,0.6089334548769371,0.3910665451230629,1425,0.13947128532360983,0.21103008204193255,0.6494986326344576
1014,Baltimore City,751,Baltimore City Precinct 27-037,547,145,129,204,751,1.0,0.7283621837549934,0.27163781624500666,477,0.19307589880159787,0.17177097203728361,0.6351531291611185
1015,Baltimore City,1727,Baltimore City Precinct 27-038,993,319,93,734,1727,1.0,0.57498552403011,0.42501447596989,1315,0.18471337579617833,0.05385060799073538,0.7614360162130863
1016,Baltimore City,1669,Baltimore City Precinct 27-042,1261,391,331,408,1669,1.0,0.7555422408627921,0.2444577591372079,947,0.23427201917315757,0.1983223487118035,0.5674056321150389
1017,Baltimore City,1155,Baltimore City Precinct 27-044,1034,352,209,121,1155,1.0,0.8952380952380953,0.10476190476190476,594,0.3047619047619048,0.18095238095238095,0.5142857142857142
1018,Baltimore City,1487,Baltimore City Precinct 27-040,1289,316,354,198,1487,1.0,0.8668459986550101,0.13315400134498992,817,0.2125084061869536,0.23806321452589105,0.5494283792871554
1019,Baltimore City,742,Baltimore City Precinct 27-039,645,233,160,97,742,1.0,0.8692722371967655,0.1307277628032345,349,0.3140161725067385,0.215633423180593,0.47035040431266845
1020,Baltimore City,1929,Baltimore City Precinct 27-041,1446,405,306,483,1929,1.0,0.749611197511664,0.25038880248833595,1218,0.2099533437013997,0.15863141524105753,0.6314152410575428
1021,Baltimore County,3216,Baltimore County Precinct 09-003,2807,658,823,409,3216,1.0,0.8728233830845771,0.1271766169154229,1735,0.20460199004975124,0.25590796019900497,0.5394900497512438
1022,Baltimore County,3358,Baltimore County Precinct 03-008,2894,540,688,464,3358,1.0,0.8618225134008338,0.13817748659916618,2130,0.16081000595592615,0.20488385944014295,0.6343061346039309
1023,Baltimore County,2600,Baltimore County Precinct 09-001,2400,412,894,200,2600,1.0,0.9230769230769231,0.07692307692307693,1294,0.15846153846153846,0.34384615384615386,0.4976923076923077
1024,Baltimore County,2246,Baltimore County Precinct 08-017,2079,283,922,167,2246,1.0,0.9256455921638468,0.07435440783615316,1041,0.12600178094390027,0.41050756901157615,0.4634906500445236
1025,Baltimore County,879,Baltimore County Precinct 08-018,784,114,361,95,879,1.0,0.8919226393629124,0.1080773606370876,404,0.1296928327645051,0.41069397042093286,0.459613196814562
1026,Baltimore County,2530,Baltimore County Precinct 08-019,2247,248,879,283,2530,1.0,0.8881422924901186,0.11185770750988143,1403,0.09802371541501977,0.3474308300395257,0.5545454545454546
1027,Baltimore County,2751,Baltimore County Precinct 08-009,2153,310,1034,598,2751,1.0,0.7826245001817521,0.2173754998182479,1407,0.11268629589240277,0.3758633224282079,0.5114503816793893
1028,Baltimore County,2173,Baltimore County Precinct 08-010,1965,241,887,208,2173,1.0,0.9042797975149562,0.09572020248504372,1045,0.11090658076392085,0.4081914404049701,0.4809019788311091
1029,Baltimore County,1707,Baltimore County Precinct 08-020,1487,144,431,220,1707,1.0,0.8711189220855302,0.12888107791446984,1132,0.0843585237258348,0.252489748096075,0.6631517281780902
1030,Baltimore County,1541,Baltimore County Precinct 09-002,1463,248,595,78,1541,1.0,0.9493835171966256,0.050616482803374434,698,0.1609344581440623,0.3861129136924075,0.45295262816353016
1031,Baltimore County,4116,Baltimore County Precinct 09-004,3440,347,474,676,4116,1.0,0.8357628765792031,0.16423712342079688,3295,0.08430515063168124,0.1151603498542274,0.8005344995140914
1032,Baltimore County,3650,Baltimore County Precinct 09-005,3293,510,917,357,3650,1.0,0.9021917808219178,0.09780821917808219,2223,0.13972602739726028,0.25123287671232875,0.609041095890411
1033,Baltimore County,6430,Baltimore County Precinct 09-006,4497,123,192,1933,6430,1.0,0.6993779160186625,0.3006220839813375,6115,0.019129082426127528,0.029860031104199068,0.9510108864696734
1034,Baltimore County,621,Baltimore County Precinct 08-016,526,131,273,95,621,1.0,0.8470209339774557,0.1529790660225443,217,0.2109500805152979,0.4396135265700483,0.3494363929146538
1035,Baltimore County,2667,Baltimore County Precinct 08-013,2348,311,949,319,2667,1.0,0.880389951256093,0.11961004874390702,1407,0.11661042369703788,0.35583052118485187,0.5275590551181102
1036,Baltimore City,1338,Baltimore City Precinct 09-010,254,296,28,1084,1338,1.0,0.1898355754857997,0.8101644245142003,1014,0.22122571001494767,0.02092675635276532,0.757847533632287
1037,Baltimore City,1402,Baltimore City Precinct 09-003,246,311,41,1156,1402,1.0,0.1754636233951498,0.8245363766048502,1050,0.22182596291012838,0.029243937232524966,0.7489300998573466
1038,Baltimore City,1166,Baltimore City Precinct 09-002,133,209,29,1033,1166,1.0,0.11406518010291596,0.885934819897084,928,0.1792452830188679,0.024871355060034305,0.7958833619210978
1039,Baltimore City,1002,Baltimore City Precinct 09-009,76,184,20,926,1002,1.0,0.07584830339321358,0.9241516966067864,798,0.18363273453093812,0.01996007984031936,0.7964071856287425
1040,Baltimore City,1958,Baltimore City Precinct 09-004,484,515,65,1474,1958,1.0,0.24719101123595505,0.7528089887640449,1378,0.263023493360572,0.03319713993871297,0.7037793667007151
1041,Baltimore City,1717,Baltimore City Precinct 09-005,367,368,54,1350,1717,1.0,0.21374490390215492,0.786255096097845,1295,0.21432731508444963,0.0314502038439138,0.7542224810716366
1042,Baltimore City,782,Baltimore City Precinct 09-001,41,147,7,741,782,1.0,0.052429667519181586,0.9475703324808185,628,0.18797953964194372,0.008951406649616368,0.80306905370844
1043,Baltimore City,970,Baltimore City Precinct 27-036,32,197,10,938,970,1.0,0.032989690721649485,0.9670103092783505,763,0.20309278350515464,0.010309278350515464,0.7865979381443299
1044,Baltimore City,3261,Baltimore City Precinct 27-035,98,441,45,3163,3261,1.0,0.03005213124808341,0.9699478687519166,2775,0.13523459061637536,0.013799448022079117,0.8509659613615456
1045,Baltimore City,1481,Baltimore City Precinct 27-026,265,205,41,1216,1481,1.0,0.17893315327481432,0.8210668467251857,1235,0.13841998649561107,0.027683997299122215,0.8338960162052668
1046,Baltimore City,1722,Baltimore City Precinct 27-027,33,291,19,1689,1722,1.0,0.01916376306620209,0.980836236933798,1412,0.16898954703832753,0.011033681765389082,0.8199767711962834
1047,Baltimore City,1372,Baltimore City Precinct 27-028,32,241,14,1340,1372,1.0,0.023323615160349854,0.9766763848396501,1117,0.17565597667638483,0.01020408163265306,0.8141399416909622
1048,Baltimore City,858,Baltimore City Precinct 27-029,10,191,16,848,858,1.0,0.011655011655011656,0.9883449883449883,651,0.22261072261072262,0.018648018648018648,0.7587412587412588
1049,Baltimore City,1643,Baltimore City Precinct 09-008,18,303,15,1625,1643,1.0,0.010955569080949483,0.9890444309190505,1325,0.18441874619598295,0.009129640900791236,0.8064516129032258
1050,Baltimore City,1933,Baltimore City Precinct 09-006,142,505,44,1791,1933,1.0,0.0734609415416451,0.9265390584583549,1384,0.2612519399896534,0.022762545266425245,0.7159855147439214
1051,Baltimore City,1819,Baltimore City Precinct 09-007,152,421,24,1667,1819,1.0,0.08356239692138538,0.9164376030786147,1374,0.2314458493677845,0.013194062671797692,0.7553600879604178
1052,Baltimore City,1296,Baltimore City Precinct 27-025,35,256,30,1261,1296,1.0,0.02700617283950617,0.9729938271604939,1010,0.19753086419753085,0.023148148148148147,0.779320987654321
1053,Baltimore City,1047,Baltimore City Precinct 27-024,138,111,13,909,1047,1.0,0.1318051575931232,0.8681948424068768,923,0.10601719197707736,0.012416427889207259,0.8815663801337154
1054,Baltimore City,588,Baltimore City Precinct 27-023,30,171,14,558,588,1.0,0.05102040816326531,0.9489795918367347,403,0.29081632653061223,0.023809523809523808,0.685374149659864
1055,Baltimore City,1632,Baltimore City Precinct 27-034,121,361,39,1511,1632,1.0,0.0741421568627451,0.9258578431372549,1232,0.22120098039215685,0.02389705882352941,0.7549019607843137
1056,Baltimore City,2316,Baltimore City Precinct 27-033,564,526,95,1752,2316,1.0,0.24352331606217617,0.7564766839378239,1695,0.22711571675302245,0.041018998272884286,0.7318652849740933
1057,Baltimore City,2778,Baltimore City Precinct 27-032,1010,495,168,1768,2778,1.0,0.36357091432685384,0.6364290856731462,2115,0.17818574514038876,0.06047516198704104,0.7613390928725702
1058,Baltimore County,2581,Baltimore County Precinct 09-014,1807,540,425,774,2581,1.0,0.7001162340178225,0.2998837659821775,1616,0.20922123208058893,0.164664858581945,0.6261139093374661
1059,Baltimore County,2145,Baltimore County Precinct 09-013,2025,490,623,120,2145,1.0,0.9440559440559441,0.055944055944055944,1032,0.22843822843822845,0.29044289044289046,0.4811188811188811
1060,Baltimore City,1703,Baltimore City Precinct 27-030,58,281,27,1645,1703,1.0,0.03405754550792719,0.9659424544920728,1395,0.1650029359953024,0.015854374633000587,0.819142689371697
1061,Baltimore City,2334,Baltimore City Precinct 27-031,141,525,49,2193,2334,1.0,0.060411311053984576,0.9395886889460154,1760,0.2249357326478149,0.02099400171379606,0.7540702656383891
1062,Baltimore City,2547,Baltimore City Precinct 27-022,207,608,60,2340,2547,1.0,0.0812720848056537,0.9187279151943463,1879,0.2387122104436592,0.023557126030624265,0.7377306635257165
1063,Baltimore City,2765,Baltimore City Precinct 27-021,234,577,65,2531,2765,1.0,0.08462929475587704,0.915370705244123,2123,0.20867992766726945,0.023508137432188065,0.7678119349005424
1064,Baltimore City,2623,Baltimore City Precinct 27-020,377,501,80,2246,2623,1.0,0.14372855508959206,0.856271444910408,2042,0.19100266869996188,0.030499428135722456,0.7784979031643157
1065,Baltimore County,3415,Baltimore County Precinct 09-015,1933,496,429,1482,3415,1.0,0.5660322108345535,0.43396778916544654,2490,0.1452415812591508,0.12562225475841873,0.7291361639824304
1066,Baltimore City,1108,Baltimore City Precinct 08-001,657,22,7,451,1108,1.0,0.5929602888086642,0.40703971119133575,1079,0.019855595667870037,0.00631768953068592,0.973826714801444
1067,Baltimore City,1540,Baltimore City Precinct 08-002,183,276,49,1357,1540,1.0,0.11883116883116883,0.8811688311688312,1215,0.17922077922077922,0.031818181818181815,0.788961038961039
1068,Baltimore City,2756,Baltimore City Precinct 26-021,263,574,69,2493,2756,1.0,0.09542815674891146,0.9045718432510885,2113,0.20827285921625543,0.025036284470246733,0.7666908563134979
1069,Baltimore City,813,Baltimore City Precinct 26-022,102,140,26,711,813,1.0,0.12546125461254612,0.8745387453874539,647,0.17220172201722017,0.03198031980319803,0.7958179581795818
1070,Baltimore City,586,Baltimore City Precinct 27-002,406,193,96,180,586,1.0,0.6928327645051194,0.30716723549488056,297,0.3293515358361775,0.16382252559726962,0.5068259385665529
1071,Baltimore City,2370,Baltimore City Precinct 27-001,734,455,168,1636,2370,1.0,0.309704641350211,0.6902953586497891,1747,0.19198312236286919,0.07088607594936709,0.7371308016877637
1072,Baltimore City,3583,Baltimore City Precinct 27-018,801,363,154,2782,3583,1.0,0.22355567959810216,0.7764443204018978,3066,0.10131174993022607,0.042980742394641364,0.8557075076751326
1073,Baltimore City,1263,Baltimore City Precinct 27-017,466,267,99,797,1263,1.0,0.36896278701504354,0.6310372129849564,897,0.21140142517814728,0.07838479809976247,0.7102137767220903
1074,Baltimore City,642,Baltimore City Precinct 27-003,342,154,57,300,642,1.0,0.5327102803738317,0.4672897196261682,431,0.2398753894080997,0.08878504672897196,0.6713395638629284
1075,Baltimore City,676,Baltimore City Precinct 27-004,338,112,76,338,676,1.0,0.5,0.5,488,0.16568047337278108,0.11242603550295859,0.7218934911242604
1076,Baltimore City,796,Baltimore City Precinct 27-016,371,164,68,425,796,1.0,0.46608040201005024,0.5339195979899497,564,0.20603015075376885,0.08542713567839195,0.7085427135678392
1077,Baltimore City,1296,Baltimore City Precinct 26-023,120,217,30,1176,1296,1.0,0.09259259259259259,0.9074074074074074,1049,0.16743827160493827,0.023148148148148147,0.8094135802469136
1078,Baltimore City,1224,Baltimore City Precinct 15-022,11,321,22,1213,1224,1.0,0.008986928104575163,0.9910130718954249,881,0.2622549019607843,0.017973856209150325,0.7197712418300654
1079,Baltimore City,2136,Baltimore City Precinct 15-024,9,347,16,2127,2136,1.0,0.004213483146067416,0.9957865168539326,1773,0.16245318352059926,0.00749063670411985,0.8300561797752809
1080,Baltimore City,964,Baltimore City Precinct 27-055,16,175,7,948,964,1.0,0.016597510373443983,0.983402489626556,782,0.18153526970954356,0.007261410788381743,0.8112033195020747
1081,Baltimore City,951,Baltimore City Precinct 15-025,20,149,6,931,951,1.0,0.02103049421661409,0.9789695057833859,796,0.15667718191377497,0.006309148264984227,0.8370136698212408
1082,Baltimore City,614,Baltimore City Precinct 27-054,17,85,4,597,614,1.0,0.02768729641693811,0.9723127035830619,525,0.13843648208469056,0.006514657980456026,0.8550488599348535
1083,Baltimore City,804,Baltimore City Precinct 27-058,10,128,11,794,804,1.0,0.012437810945273632,0.9875621890547264,665,0.15920398009950248,0.013681592039800995,0.8271144278606966
1084,Baltimore City,1983,Baltimore City Precinct 27-053,65,308,29,1918,1983,1.0,0.03277861825516894,0.9672213817448311,1646,0.15532022188603126,0.014624306606152295,0.8300554715078164
1085,Baltimore City,3199,Baltimore City Precinct 27-052,85,608,43,3114,3199,1.0,0.026570803376055017,0.973429196623945,2548,0.19005939356048765,0.013441700531416068,0.7964989059080962
1086,Baltimore City,2203,Baltimore City Precinct 15-023,61,371,16,2142,2203,1.0,0.027689514298683614,0.9723104857013164,1816,0.1684067181116659,0.007262823422605538,0.8243304584657285
1087,Baltimore City,1066,Baltimore City Precinct 13-005,806,188,108,260,1066,1.0,0.7560975609756098,0.24390243902439024,770,0.17636022514071295,0.10131332082551595,0.7223264540337712
1088,Baltimore City,1038,Baltimore City Precinct 27-048,156,263,44,882,1038,1.0,0.15028901734104047,0.8497109826589595,731,0.25337186897880537,0.04238921001926782,0.7042389210019268
1089,Baltimore City,827,Baltimore City Precinct 27-043,692,223,128,135,827,1.0,0.8367593712212817,0.16324062877871826,476,0.26964933494558646,0.154776299879081,0.5755743651753326
1090,Baltimore City,1140,Baltimore City Precinct 27-050,691,428,82,449,1140,1.0,0.606140350877193,0.393859649122807,630,0.37543859649122807,0.07192982456140351,0.5526315789473685
1091,Baltimore City,390,Baltimore City Precinct 27-051,146,64,7,244,390,1.0,0.37435897435897436,0.6256410256410256,319,0.1641025641025641,0.017948717948717947,0.8179487179487179
1092,Baltimore City,2674,Baltimore City Precinct 27-049,2164,728,359,510,2674,1.0,0.8092744951383695,0.1907255048616305,1587,0.27225130890052357,0.1342557965594615,0.593492894540015
1093,Baltimore County,4060,Baltimore County Precinct 03-009,2908,555,664,1152,4060,1.0,0.716256157635468,0.28374384236453204,2841,0.13669950738916256,0.16354679802955666,0.6997536945812808
1094,Baltimore City,777,Baltimore City Precinct 13-006,30,174,7,747,777,1.0,0.03861003861003861,0.9613899613899614,596,0.22393822393822393,0.009009009009009009,0.767052767052767
1095,Baltimore City,1244,Baltimore City Precinct 13-004,1098,172,226,146,1244,1.0,0.882636655948553,0.11736334405144695,846,0.1382636655948553,0.18167202572347266,0.680064308681672
1096,Baltimore City,2273,Baltimore City Precinct 13-003,1980,348,256,293,2273,1.0,0.8710954685437747,0.12890453145622524,1669,0.15310162780466344,0.11262648482182139,0.7342718873735152
1097,Baltimore City,2199,Baltimore City Precinct 13-011,1953,377,215,246,2199,1.0,0.888130968622101,0.11186903137789904,1607,0.17144156434743066,0.09777171441564347,0.7307867212369259
1098,Baltimore City,1290,Baltimore City Precinct 13-012,1174,368,209,116,1290,1.0,0.9100775193798449,0.08992248062015504,713,0.28527131782945736,0.162015503875969,0.5527131782945737
1099,Baltimore City,2558,Baltimore City Precinct 13-001,1793,275,98,765,2558,1.0,0.700938232994527,0.29906176700547304,2185,0.1075058639562158,0.03831118060985145,0.8541829554339327
1100,Baltimore City,1628,Baltimore City Precinct 27-047,1104,222,156,524,1628,1.0,0.6781326781326781,0.32186732186732187,1250,0.13636363636363635,0.09582309582309582,0.7678132678132679
1101,Baltimore City,1385,Baltimore City Precinct 13-002,1103,244,141,282,1385,1.0,0.7963898916967509,0.2036101083032491,1000,0.17617328519855596,0.10180505415162455,0.7220216606498195
1102,Baltimore City,802,Baltimore City Precinct 27-046,669,288,126,133,802,1.0,0.8341645885286783,0.1658354114713217,388,0.35910224438902744,0.1571072319201995,0.4837905236907731
1103,Baltimore City,4732,Baltimore City Precinct 27-045,3995,528,268,737,4732,1.0,0.8442519019442096,0.15574809805579037,3936,0.11158072696534235,0.0566356720202874,0.8317836010143702
1104,Baltimore City,1486,Baltimore City Precinct 12-003,862,185,60,624,1486,1.0,0.5800807537012113,0.4199192462987887,1241,0.12449528936742935,0.040376850605652756,0.8351278600269179
1105,Baltimore City,1587,Baltimore City Precinct 12-006,1031,199,42,556,1587,1.0,0.649653434152489,0.350346565847511,1346,0.12539382482671707,0.026465028355387523,0.8481411468178954
1106,Baltimore City,1914,Baltimore City Precinct 12-005,1218,233,50,696,1914,1.0,0.6363636363636364,0.36363636363636365,1631,0.12173458725182863,0.02612330198537095,0.8521421107628004
1107,Baltimore City,3814,Baltimore City Precinct 12-004,2068,209,78,1746,3814,1.0,0.5422128998426848,0.45778710015731516,3527,0.05479811221814368,0.02045097011012061,0.9247509176717357
1108,Baltimore City,2306,Baltimore City Precinct 12-002,1529,57,41,777,2306,1.0,0.663052905464007,0.3369470945359931,2208,0.024718126626192542,0.01777970511708586,0.9575021682567216
1109,Baltimore City,2090,Baltimore City Precinct 12-001,1535,705,331,555,2090,1.0,0.7344497607655502,0.26555023923444976,1054,0.3373205741626794,0.1583732057416268,0.5043062200956938
1110,Montgomery,1766,Montgomery Precinct 07-028,1362,486,299,404,1766,1.0,0.7712344280860702,0.2287655719139298,981,0.27519818799546997,0.16930917327293318,0.5554926387315968
1111,Montgomery,3027,Montgomery Precinct 10-012,1945,666,443,1082,3027,1.0,0.6425503799141064,0.35744962008589365,1918,0.22001982160555006,0.14634952097786588,0.6336306574165841
1112,Montgomery,1301,Montgomery Precinct 04-032,978,344,221,323,1301,1.0,0.7517294388931591,0.2482705611068409,736,0.2644119907763259,0.16986933128362797,0.5657186779400462
1113,Montgomery,2349,Montgomery Precinct 10-011,1333,372,146,1016,2349,1.0,0.56747552149851,0.43252447850149,1831,0.1583652618135377,0.06215410813111963,0.7794806300553427
1114,Montgomery,1957,Montgomery Precinct 04-013,1683,649,427,274,1957,1.0,0.8599897802759325,0.14001021972406746,881,0.3316300459887583,0.21819110884006132,0.4501788451711804
1115,Montgomery,2330,Montgomery Precinct 07-018,2050,783,300,280,2330,1.0,0.8798283261802575,0.12017167381974249,1247,0.3360515021459227,0.12875536480686695,0.5351931330472103
1116,Montgomery,2454,Montgomery Precinct 07-024,2091,671,435,363,2454,1.0,0.8520782396088019,0.14792176039119803,1348,0.2734311328443358,0.17726161369193155,0.5493072534637327
1117,Montgomery,1711,Montgomery Precinct 07-027,1486,479,326,225,1711,1.0,0.8684979544126242,0.1315020455873758,906,0.2799532437171245,0.19053185271770895,0.5295149035651666
1118,Montgomery,3393,Montgomery Precinct 07-013,2701,834,521,692,3393,1.0,0.7960506926024168,0.20394930739758327,2038,0.2458001768346596,0.1535514294134984,0.600648393751842
1119,Montgomery,2602,Montgomery Precinct 07-012,2240,767,363,362,2602,1.0,0.8608762490392006,0.13912375096079937,1472,0.2947732513451191,0.13950807071483473,0.5657186779400462
1120,Montgomery,4520,Montgomery Precinct 07-004,3440,951,418,1080,4520,1.0,0.7610619469026548,0.23893805309734514,3151,0.21039823008849556,0.09247787610619469,0.6971238938053097
1121,Montgomery,1823,Montgomery Precinct 07-007,1553,611,252,270,1823,1.0,0.8518924849149753,0.14810751508502468,960,0.3351618211738892,0.13823368074602305,0.5266044980800878
1122,Montgomery,3525,Montgomery Precinct 07-011,2810,930,304,715,3525,1.0,0.7971631205673759,0.2028368794326241,2291,0.26382978723404255,0.08624113475177304,0.6499290780141844
1123,Montgomery,5321,Montgomery Precinct 07-026,3875,1016,344,1446,5321,1.0,0.7282465701935726,0.27175342980642736,3961,0.19094155233978574,0.06464950197331329,0.744408945686901
1124,Montgomery,2181,Montgomery Precinct 07-001,1599,408,186,582,2181,1.0,0.7331499312242091,0.2668500687757909,1587,0.18707015130674004,0.08528198074277854,0.7276478679504814
1125,Montgomery,1793,Montgomery Precinct 07-002,1663,571,416,130,1793,1.0,0.9274958170663692,0.07250418293363078,806,0.3184606804238706,0.2320133853876185,0.4495259341885109
1126,Montgomery,2058,Montgomery Precinct 07-006,1844,512,317,214,2058,1.0,0.8960155490767736,0.10398445092322643,1229,0.2487852283770651,0.15403304178814384,0.597181729834791
1127,Montgomery,1085,Montgomery Precinct 07-021,993,370,203,92,1085,1.0,0.9152073732718894,0.0847926267281106,512,0.34101382488479265,0.1870967741935484,0.471889400921659
1128,Montgomery,2548,Montgomery Precinct 07-020,1786,553,408,762,2548,1.0,0.7009419152276295,0.2990580847723705,1587,0.21703296703296704,0.16012558869701726,0.6228414442700158
1129,Montgomery,2356,Montgomery Precinct 07-025,1718,572,351,638,2356,1.0,0.7292020373514432,0.2707979626485569,1433,0.2427843803056027,0.14898132427843802,0.6082342954159593
1130,Montgomery,3378,Montgomery Precinct 07-010,2587,726,375,791,3378,1.0,0.7658377738306691,0.23416222616933097,2277,0.21492007104795738,0.11101243339253997,0.6740674955595026
1131,Montgomery,1339,Montgomery Precinct 07-031,1068,323,128,271,1339,1.0,0.7976101568334578,0.20238984316654218,888,0.24122479462285287,0.09559372666168783,0.6631814787154593
1132,Montgomery,3359,Montgomery Precinct 04-018,2439,635,485,920,3359,1.0,0.7261089610002978,0.2738910389997023,2239,0.1890443584400119,0.14438821077701697,0.6665674307829711
1133,Montgomery,2203,Montgomery Precinct 04-028,1437,226,67,766,2203,1.0,0.6522923286427599,0.3477076713572401,1910,0.10258738084430322,0.03041307308216069,0.8669995460735361
1134,Montgomery,3906,Montgomery Precinct 04-031,2703,645,271,1203,3906,1.0,0.6920122887864824,0.30798771121351765,2990,0.1651305683563748,0.06938044034818229,0.7654889912954429
1135,Montgomery,3257,Montgomery Precinct 04-010,2452,552,402,805,3257,1.0,0.7528400368437212,0.24715996315627878,2303,0.16948111759287687,0.12342646607307338,0.7070924163340497
1136,Montgomery,2490,Montgomery Precinct 04-017,1774,578,257,716,2490,1.0,0.7124497991967872,0.28755020080321286,1655,0.2321285140562249,0.10321285140562249,0.6646586345381527
1137,Montgomery,3550,Montgomery Precinct 04-008,2235,678,276,1315,3550,1.0,0.6295774647887324,0.3704225352112676,2596,0.19098591549295774,0.07774647887323943,0.7312676056338028
1138,Baltimore County,2293,Baltimore County Precinct 02-005,122,711,62,2171,2293,1.0,0.053205407762756216,0.9467945922372438,1520,0.3100741386829481,0.02703881378107283,0.662887047535979
1139,Baltimore County,2631,Baltimore County Precinct 02-009,196,538,56,2435,2631,1.0,0.07449638920562524,0.9255036107943747,2037,0.20448498669707335,0.021284682630178638,0.774230330672748
1140,Baltimore County,3860,Baltimore County Precinct 02-014,432,919,116,3428,3860,1.0,0.11191709844559586,0.8880829015544042,2825,0.23808290155440415,0.03005181347150259,0.7318652849740933
1141,Baltimore County,578,Baltimore County Precinct 02-025,458,213,155,120,578,1.0,0.7923875432525952,0.20761245674740483,210,0.3685121107266436,0.2681660899653979,0.3633217993079585
1142,Baltimore County,398,Baltimore County Precinct 02-028,16,73,5,382,398,1.0,0.04020100502512563,0.9597989949748744,320,0.18341708542713567,0.01256281407035176,0.8040201005025126
1143,Baltimore County,2934,Baltimore County Precinct 02-007,310,578,56,2624,2934,1.0,0.1056578050443081,0.8943421949556919,2300,0.19700068166325835,0.0190865712338105,0.7839127471029311
1144,Baltimore County,532,Baltimore County Precinct 02-023,170,146,71,362,532,1.0,0.31954887218045114,0.6804511278195489,315,0.2744360902255639,0.13345864661654136,0.5921052631578947
1145,Baltimore County,2750,Baltimore County Precinct 02-008,424,767,115,2326,2750,1.0,0.15418181818181817,0.8458181818181818,1868,0.2789090909090909,0.04181818181818182,0.6792727272727273
1146,Baltimore County,1761,Baltimore County Precinct 03-014,1271,195,380,490,1761,1.0,0.7217490062464509,0.2782509937535491,1186,0.11073253833049404,0.21578648495173197,0.673480976717774
1147,Baltimore County,3988,Baltimore County Precinct 02-029,1361,630,157,2627,3988,1.0,0.34127382146439317,0.6587261785356068,3201,0.1579739217652959,0.039368104312938815,0.8026579739217653
1148,Baltimore County,2503,Baltimore County Precinct 02-026,1337,471,267,1166,2503,1.0,0.5341590091889732,0.46584099081102676,1765,0.188174190970835,0.1066719936076708,0.7051538154214942
1149,Baltimore County,4357,Baltimore County Precinct 04-001,2178,535,362,2179,4357,1.0,0.4998852421390865,0.5001147578609135,3460,0.12279091117741565,0.08308469130135414,0.7941243975212302
1150,Baltimore County,4438,Baltimore County Precinct 02-015,1185,886,167,3253,4438,1.0,0.26701216764308244,0.7329878323569176,3385,0.1996394772420009,0.03762956286615592,0.7627309598918431
1151,Baltimore County,4253,Baltimore County Precinct 04-002,1859,591,444,2394,4253,1.0,0.4371032212555843,0.5628967787444157,3218,0.1389607335998119,0.10439689630848813,0.7566423700917
1152,Baltimore County,6218,Baltimore County Precinct 04-014,2105,533,170,4113,6218,1.0,0.3385332904470891,0.6614667095529109,5515,0.08571888066902542,0.027339980701190092,0.8869411386297845
1153,Baltimore County,2859,Baltimore County Precinct 03-012,1558,431,270,1301,2859,1.0,0.5449457852395942,0.45505421476040575,2158,0.15075201119272472,0.0944386149003148,0.7548093739069605
1154,Baltimore County,3010,Baltimore County Precinct 04-003,2691,452,799,319,3010,1.0,0.8940199335548172,0.10598006644518272,1759,0.15016611295681062,0.2654485049833887,0.5843853820598006
1155,Baltimore County,3867,Baltimore County Precinct 02-002,159,819,74,3708,3867,1.0,0.041117145073700546,0.9588828549262994,2974,0.2117920868890613,0.019136281355055598,0.7690716317558831
1156,Baltimore County,3676,Baltimore County Precinct 02-004,165,808,68,3511,3676,1.0,0.04488574537540805,0.955114254624592,2800,0.21980413492927095,0.018498367791077257,0.7616974972796517
1157,Baltimore County,1730,Baltimore County Precinct 02-001,101,553,46,1629,1730,1.0,0.05838150289017341,0.9416184971098266,1131,0.3196531791907514,0.026589595375722544,0.653757225433526
1158,Baltimore County,3654,Baltimore County Precinct 03-001,569,968,161,3085,3654,1.0,0.15571975916803504,0.844280240831965,2525,0.2649151614668856,0.044061302681992334,0.6910235358511221
1159,Baltimore County,1886,Baltimore County Precinct 03-004,949,443,252,937,1886,1.0,0.5031813361611877,0.4968186638388123,1191,0.23488865323435842,0.13361611876988336,0.6314952279957582
1160,Baltimore County,2455,Baltimore County Precinct 03-003,535,744,161,1920,2455,1.0,0.21792260692464357,0.7820773930753564,1550,0.3030549898167006,0.06558044806517312,0.6313645621181263
1161,Baltimore County,3558,Baltimore County Precinct 03-005,2386,628,405,1172,3558,1.0,0.670601461495222,0.32939853850477796,2525,0.1765036537380551,0.11382799325463744,0.7096683530073075
1162,Baltimore County,2978,Baltimore County Precinct 03-002,1405,573,208,1573,2978,1.0,0.4717931497649429,0.5282068502350571,2197,0.19241101410342512,0.06984553391537945,0.7377434519811954
1163,Baltimore City,2988,Baltimore City Precinct 28-006,115,576,61,2873,2988,1.0,0.03848728246318608,0.9615127175368139,2351,0.1927710843373494,0.020414993306559572,0.786813922356091
1164,Baltimore City,1374,Baltimore City Precinct 28-007,38,323,25,1336,1374,1.0,0.027656477438136828,0.9723435225618632,1026,0.23508005822416303,0.018195050946142648,0.7467248908296943
1165,Baltimore City,1808,Baltimore City Precinct 28-005,29,379,25,1779,1808,1.0,0.016039823008849558,0.9839601769911505,1404,0.20962389380530974,0.013827433628318585,0.7765486725663717
1166,Baltimore City,2470,Baltimore City Precinct 28-002,50,491,33,2420,2470,1.0,0.020242914979757085,0.979757085020243,1946,0.19878542510121458,0.013360323886639677,0.7878542510121458
1167,Baltimore City,882,Baltimore City Precinct 28-004,11,161,17,871,882,1.0,0.012471655328798186,0.9875283446712018,704,0.18253968253968253,0.01927437641723356,0.7981859410430839
1168,Baltimore City,1074,Baltimore City Precinct 15-002,22,182,12,1052,1074,1.0,0.020484171322160148,0.9795158286778398,880,0.16945996275605213,0.0111731843575419,0.819366852886406
1169,Baltimore City,2856,Baltimore City Precinct 15-009,38,569,43,2818,2856,1.0,0.01330532212885154,0.9866946778711485,2244,0.19922969187675071,0.015056022408963586,0.7857142857142857
1170,Carroll,2549,Carroll Precinct 05-003,2418,249,1095,131,2549,1.0,0.9486072969792075,0.05139270302079247,1205,0.09768536681051393,0.42958022754021186,0.4727344056492742
1171,Baltimore County,1541,Baltimore County Precinct 02-019,893,169,321,648,1541,1.0,0.5794938351719663,0.42050616482803377,1051,0.10966904607397794,0.20830629461388708,0.682024659312135
1172,Baltimore County,1285,Baltimore County Precinct 02-018,223,392,120,1062,1285,1.0,0.1735408560311284,0.8264591439688715,773,0.3050583657587549,0.0933852140077821,0.601556420233463
1173,Baltimore County,37,Baltimore County Precinct 02-022,11,10,7,26,37,1.0,0.2972972972972973,0.7027027027027027,20,0.2702702702702703,0.1891891891891892,0.5405405405405406
1174,Baltimore County,823,Baltimore County Precinct 02-020,304,211,67,519,823,1.0,0.36938031591737547,0.6306196840826246,545,0.25637910085054677,0.08140947752126367,0.6622114216281896
1175,Baltimore County,4946,Baltimore County Precinct 02-012,664,863,170,4282,4946,1.0,0.13424989890820865,0.8657501010917914,3913,0.17448443186413262,0.0343712090578245,0.7911443590780428
1176,Baltimore County,2695,Baltimore County Precinct 02-024,283,656,93,2412,2695,1.0,0.10500927643784787,0.8949907235621521,1946,0.24341372912801484,0.03450834879406308,0.7220779220779221
1177,Baltimore County,1072,Baltimore County Precinct 02-021,779,136,360,293,1072,1.0,0.726679104477612,0.2733208955223881,576,0.12686567164179105,0.3358208955223881,0.5373134328358209
1178,Baltimore County,2206,Baltimore County Precinct 02-027,459,599,138,1747,2206,1.0,0.20806890299184044,0.7919310970081596,1469,0.271532184950136,0.06255666364460562,0.6659111514052584
1179,Baltimore County,2794,Baltimore County Precinct 04-012,1642,782,624,1152,2794,1.0,0.5876879026485325,0.41231209735146745,1388,0.27988546886184684,0.22333571939871152,0.49677881173944166
1180,Baltimore County,3497,Baltimore County Precinct 04-006,2072,337,430,1425,3497,1.0,0.5925078638833285,0.40749213611667146,2730,0.09636831569917072,0.12296253931941664,0.7806691449814126
1181,Carroll,6184,Carroll Precinct 04-001,5840,411,2357,344,6184,1.0,0.944372574385511,0.055627425614489,3416,0.06646183699870634,0.38114489003880986,0.5523932729624839
1182,Carroll,4802,Carroll Precinct 08-001,4594,247,1888,208,4802,1.0,0.9566847147022074,0.043315285297792584,2667,0.0514369012911287,0.3931695127030404,0.5553935860058309
1183,Baltimore County,4554,Baltimore County Precinct 04-007,2661,554,743,1893,4554,1.0,0.5843214756258235,0.4156785243741766,3257,0.12165129556433904,0.16315327184892403,0.7151954325867369
1184,Baltimore County,2479,Baltimore County Precinct 04-010,1427,272,309,1052,2479,1.0,0.5756353368293666,0.4243646631706333,1898,0.10972166196046793,0.12464703509479629,0.7656313029447358
1185,Baltimore County,4026,Baltimore County Precinct 04-008,3005,430,863,1021,4026,1.0,0.7463984103328366,0.25360158966716345,2733,0.10680576254346746,0.21435668156979631,0.6788375558867362
1186,Baltimore County,1997,Baltimore County Precinct 04-009,1790,176,672,207,1997,1.0,0.8963445167751627,0.10365548322483725,1149,0.08813219829744617,0.33650475713570355,0.5753630445668503
1187,Carroll,7419,Carroll Precinct 07-004,6548,452,1743,871,7419,1.0,0.8825987329828818,0.11740126701711821,5224,0.060924652918183046,0.23493732308936513,0.7041380239924518
1188,Carroll,4295,Carroll Precinct 03-001,4156,239,1615,139,4295,1.0,0.9676367869615833,0.032363213038416765,2441,0.05564610011641444,0.3760186263096624,0.5683352735739232
1189,Carroll,3836,Carroll Precinct 07-002,3328,183,1089,508,3836,1.0,0.867570385818561,0.132429614181439,2564,0.04770594369134515,0.28388946819603755,0.6684045881126173
1190,Carroll,5993,Carroll Precinct 06-001,5728,270,2300,265,5993,1.0,0.9557817453695978,0.04421825463040214,3423,0.0450525613215418,0.38378107792424493,0.5711663607542132
1191,Carroll,3510,Carroll Precinct 08-002,3268,170,1381,242,3510,1.0,0.931054131054131,0.06894586894586895,1959,0.04843304843304843,0.39344729344729346,0.5581196581196581
1192,Carroll,2717,Carroll Precinct 08-003,2574,150,1056,143,2717,1.0,0.9473684210526315,0.05263157894736842,1511,0.05520794994479205,0.38866396761133604,0.5561280824438719
1193,Carroll,4591,Carroll Precinct 06-002,4324,248,1940,267,4591,1.0,0.9418427357874102,0.05815726421258985,2403,0.054018732302330646,0.4225658897843607,0.5234153779133086
1194,Baltimore County,5767,Baltimore County Precinct 02-011,1008,909,246,4759,5767,1.0,0.17478758453268597,0.825212415467314,4612,0.15762094676608288,0.04265649384428646,0.7997225593896307
1195,Baltimore County,4341,Baltimore County Precinct 02-010,384,1021,136,3957,4341,1.0,0.0884588804422944,0.9115411195577056,3184,0.235199262842663,0.0313291868233126,0.7334715503340244
1196,Baltimore County,3194,Baltimore County Precinct 02-017,337,718,102,2857,3194,1.0,0.10551033187226048,0.8944896681277396,2374,0.2247964934251722,0.031934877896055106,0.7432686286787727
1197,Baltimore County,1512,Baltimore County Precinct 02-016,259,367,78,1253,1512,1.0,0.1712962962962963,0.8287037037037037,1067,0.24272486772486773,0.051587301587301584,0.7056878306878307
1198,Baltimore County,3573,Baltimore County Precinct 02-013,562,824,159,3011,3573,1.0,0.15729079205149735,0.8427092079485027,2590,0.230618527847747,0.04450041981528128,0.7248810523369718
1199,Baltimore County,3132,Baltimore County Precinct 02-003,421,696,139,2711,3132,1.0,0.13441890166028098,0.8655810983397191,2297,0.2222222222222222,0.04438058748403576,0.7333971902937421
1200,Baltimore County,3378,Baltimore County Precinct 02-006,350,782,96,3028,3378,1.0,0.10361160449970397,0.896388395500296,2500,0.23149792776791,0.028419182948490232,0.7400828892835998
1201,Baltimore City,1822,Baltimore City Precinct 03-001,235,256,21,1587,1822,1.0,0.12897914379802414,0.8710208562019759,1545,0.14050493962678376,0.011525795828759604,0.8479692645444566
1202,Baltimore City,356,Baltimore City Precinct 05-002,41,69,1,315,356,1.0,0.1151685393258427,0.8848314606741573,286,0.19382022471910113,0.0028089887640449437,0.8033707865168539
1203,Baltimore City,1273,Baltimore City Precinct 10-002,8,322,15,1265,1273,1.0,0.006284367635506678,0.9937156323644933,936,0.25294579732914374,0.01178318931657502,0.7352710133542812
1204,Baltimore City,987,Baltimore City Precinct 10-001,13,285,13,974,987,1.0,0.013171225937183385,0.9868287740628167,689,0.2887537993920973,0.013171225937183385,0.6980749746707193
1205,Baltimore City,1789,Baltimore City Precinct 09-015,22,391,12,1767,1789,1.0,0.012297372833985467,0.9877026271660145,1386,0.21855785354946897,0.006707657909446618,0.7747344885410844
1206,Baltimore City,1316,Baltimore City Precinct 12-007,363,368,28,953,1316,1.0,0.27583586626139817,0.7241641337386018,920,0.2796352583586626,0.02127659574468085,0.6990881458966566
1207,Baltimore City,1357,Baltimore City Precinct 09-014,18,356,14,1339,1357,1.0,0.013264554163596167,0.9867354458364038,987,0.262343404568902,0.010316875460574797,0.7273397199705232
1208,Baltimore City,364,Baltimore City Precinct 09-011,6,41,0,358,364,1.0,0.016483516483516484,0.9835164835164835,323,0.11263736263736264,0.0,0.8873626373626373
1209,Baltimore City,917,Baltimore City Precinct 09-013,12,130,6,905,917,1.0,0.013086150490730643,0.9869138495092693,781,0.14176663031624864,0.006543075245365322,0.8516902944383861
1210,Baltimore City,1609,Baltimore City Precinct 09-012,36,336,22,1573,1609,1.0,0.022374145431945307,0.9776258545680547,1251,0.20882535736482288,0.013673088875077687,0.7775015537600994
1211,Baltimore City,1368,Baltimore City Precinct 02-001,706,171,86,662,1368,1.0,0.5160818713450293,0.48391812865497075,1111,0.125,0.06286549707602339,0.8121345029239766
1212,Baltimore City,1117,Baltimore City Precinct 06-004,528,263,61,589,1117,1.0,0.4726947179946285,0.5273052820053715,793,0.23545210384959714,0.05461056401074306,0.7099373321396598
1213,Baltimore City,475,Baltimore City Precinct 06-003,44,121,9,431,475,1.0,0.09263157894736843,0.9073684210526316,345,0.25473684210526315,0.018947368421052633,0.7263157894736842
1214,Baltimore City,1050,Baltimore City Precinct 07-001,14,202,4,1036,1050,1.0,0.013333333333333334,0.9866666666666667,844,0.19238095238095237,0.0038095238095238095,0.8038095238095239
1215,Baltimore City,441,Baltimore City Precinct 08-007,11,345,18,430,441,1.0,0.024943310657596373,0.9750566893424036,78,0.782312925170068,0.04081632653061224,0.17687074829931973
1216,Baltimore City,250,Baltimore City Precinct 07-002,11,30,8,239,250,1.0,0.044,0.956,212,0.12,0.032,0.848
1217,Baltimore City,819,Baltimore City Precinct 06-002,107,101,12,712,819,1.0,0.13064713064713065,0.8693528693528694,706,0.12332112332112333,0.014652014652014652,0.8620268620268621
1218,Baltimore City,2445,Baltimore City Precinct 07-003,84,381,36,2361,2445,1.0,0.0343558282208589,0.9656441717791411,2028,0.1558282208588957,0.014723926380368098,0.8294478527607362
1219,Baltimore City,986,Baltimore City Precinct 08-008,30,254,143,956,986,1.0,0.030425963488843813,0.9695740365111561,589,0.25760649087221094,0.14503042596348883,0.5973630831643002
1220,Baltimore City,1928,Baltimore City Precinct 08-006,31,471,33,1897,1928,1.0,0.016078838174273857,0.9839211618257261,1424,0.24429460580912862,0.01711618257261411,0.7385892116182573
1221,Baltimore City,1774,Baltimore City Precinct 08-005,22,351,21,1752,1774,1.0,0.012401352874859075,0.9875986471251409,1402,0.19785794813979707,0.011837655016910935,0.790304396843292
1222,Baltimore City,1071,Baltimore City Precinct 08-009,21,17,5,1050,1071,1.0,0.0196078431372549,0.9803921568627451,1049,0.015873015873015872,0.004668534080298786,0.9794584500466853
1223,Baltimore City,473,Baltimore City Precinct 08-004,8,88,5,465,473,1.0,0.016913319238900635,0.9830866807610994,380,0.18604651162790697,0.010570824524312896,0.8033826638477801
1224,Baltimore City,951,Baltimore City Precinct 26-008,818,106,168,133,951,1.0,0.8601472134595163,0.1398527865404837,677,0.11146161934805468,0.17665615141955837,0.711882229232387
1225,Baltimore City,2859,Baltimore City Precinct 01-004,2482,230,347,377,2859,1.0,0.8681357117873383,0.13186428821266177,2282,0.08044770898915705,0.12137110877929345,0.7981811822315495
1226,Baltimore City,3180,Baltimore City Precinct 01-005,2843,317,539,337,3180,1.0,0.8940251572327044,0.1059748427672956,2324,0.09968553459119497,0.16949685534591194,0.730817610062893
1227,Baltimore City,3113,Baltimore City Precinct 26-009,2667,271,488,446,3113,1.0,0.856729842595567,0.14327015740443302,2354,0.08705428846771603,0.1567619659492451,0.7561837455830389
1228,Baltimore City,1478,Baltimore City Precinct 26-006,963,75,136,515,1478,1.0,0.6515561569688768,0.34844384303112313,1267,0.05074424898511502,0.09201623815967523,0.8572395128552097
1229,Baltimore City,1558,Baltimore City Precinct 01-001,1017,181,150,541,1558,1.0,0.6527599486521181,0.3472400513478819,1227,0.11617458279845956,0.0962772785622593,0.7875481386392811
1230,Baltimore City,3120,Baltimore City Precinct 06-005,1381,365,139,1739,3120,1.0,0.4426282051282051,0.5573717948717949,2616,0.11698717948717949,0.04455128205128205,0.8384615384615385
1231,Baltimore City,1744,Baltimore City Precinct 06-001,198,243,27,1546,1744,1.0,0.11353211009174312,0.8864678899082569,1474,0.1393348623853211,0.01548165137614679,0.8451834862385321
1232,Baltimore City,1555,Baltimore City Precinct 23-001,1384,147,213,171,1555,1.0,0.890032154340836,0.10996784565916398,1195,0.09453376205787781,0.1369774919614148,0.7684887459807074
1233,Baltimore City,1449,Baltimore City Precinct 22-002,1253,296,246,196,1449,1.0,0.8647342995169082,0.13526570048309178,907,0.20427881297446515,0.16977225672877846,0.6259489302967564
1234,Baltimore City,1095,Baltimore City Precinct 22-001,797,206,144,298,1095,1.0,0.7278538812785388,0.27214611872146116,745,0.18812785388127853,0.13150684931506848,0.680365296803653
1235,Baltimore City,1382,Baltimore City Precinct 19-001,24,315,12,1358,1382,1.0,0.017366136034732273,0.9826338639652678,1055,0.22793053545586106,0.008683068017366137,0.7633863965267728
1236,Baltimore City,1137,Baltimore City Precinct 16-003,9,188,8,1128,1137,1.0,0.0079155672823219,0.9920844327176781,941,0.16534740545294635,0.007036059806508356,0.8276165347405453
1237,Baltimore City,1737,Baltimore City Precinct 16-002,27,253,16,1710,1737,1.0,0.015544041450777202,0.9844559585492227,1468,0.14565342544617155,0.009211283822682787,0.8451352907311457
1238,Baltimore City,985,Baltimore City Precinct 16-001,18,165,10,967,985,1.0,0.018274111675126905,0.9817258883248731,810,0.16751269035532995,0.01015228426395939,0.8223350253807107
1239,Baltimore City,1226,Baltimore City Precinct 18-001,14,230,10,1212,1226,1.0,0.011419249592169658,0.9885807504078303,986,0.18760195758564438,0.008156606851549755,0.8042414355628059
1240,Baltimore City,1367,Baltimore City Precinct 17-002,16,391,33,1351,1367,1.0,0.011704462326261888,0.9882955376737381,943,0.28602779809802487,0.024140453547915143,0.68983174835406
1241,Baltimore City,1008,Baltimore City Precinct 14-003,24,173,14,984,1008,1.0,0.023809523809523808,0.9761904761904762,821,0.17162698412698413,0.013888888888888888,0.814484126984127
1242,Baltimore City,1794,Baltimore City Precinct 15-019,31,20,3,1763,1794,1.0,0.017279821627647716,0.9827201783723523,1771,0.011148272017837236,0.0016722408026755853,0.9871794871794872
1243,Baltimore City,529,Baltimore City Precinct 14-005,4,116,1,525,529,1.0,0.007561436672967864,0.9924385633270322,412,0.21928166351606806,0.001890359168241966,0.77882797731569
1244,Baltimore City,1897,Baltimore City Precinct 13-008,110,438,40,1787,1897,1.0,0.05798629414865577,0.9420137058513443,1419,0.23089088033737482,0.021085925144965736,0.7480231945176594
1245,Baltimore City,1483,Baltimore City Precinct 13-007,15,320,23,1468,1483,1.0,0.010114632501685773,0.9898853674983142,1140,0.2157788267026298,0.015509103169251517,0.7687120701281187
1246,Baltimore City,2314,Baltimore City Precinct 14-004,223,532,53,2091,2314,1.0,0.09636992221261884,0.9036300777873811,1729,0.22990492653414002,0.022904062229904928,0.7471910112359551
1247,Baltimore City,1277,Baltimore City Precinct 13-009,88,277,19,1189,1277,1.0,0.06891151135473766,0.9310884886452623,981,0.2169146436961629,0.014878621769772905,0.7682067345340642
1248,Baltimore City,1887,Baltimore City Precinct 13-010,272,400,53,1615,1887,1.0,0.14414414414414414,0.8558558558558559,1434,0.21197668256491786,0.028086910439851617,0.7599364069952306
1249,Baltimore City,588,Baltimore City Precinct 04-003,33,141,6,555,588,1.0,0.05612244897959184,0.9438775510204082,441,0.23979591836734693,0.01020408163265306,0.75
1250,Baltimore City,2521,Baltimore City Precinct 04-002,1231,275,76,1290,2521,1.0,0.48829829432764776,0.5117017056723523,2170,0.10908369694565649,0.03014676715589052,0.860769535898453
1251,Baltimore City,1979,Baltimore City Precinct 17-001,162,42,3,1817,1979,1.0,0.08185952501263265,0.9181404749873674,1934,0.021222839818089943,0.0015159171298635675,0.9772612430520465
1252,Baltimore City,1028,Baltimore City Precinct 11-004,115,10,1,913,1028,1.0,0.11186770428015565,0.8881322957198443,1017,0.009727626459143969,0.0009727626459143969,0.9892996108949417
1253,Baltimore City,1704,Baltimore City Precinct 11-003,892,390,107,812,1704,1.0,0.5234741784037559,0.4765258215962441,1207,0.22887323943661972,0.06279342723004695,0.7083333333333334
1254,Baltimore City,2097,Baltimore City Precinct 04-001,924,60,25,1173,2097,1.0,0.4406294706723891,0.5593705293276109,2012,0.02861230329041488,0.011921793037672867,0.9594659036719122
1255,Baltimore City,2967,Baltimore City Precinct 11-006,1600,448,104,1367,2967,1.0,0.5392652510953826,0.46073474890461746,2415,0.15099427030670712,0.03505224132119986,0.813953488372093
1256,Baltimore City,870,Baltimore City Precinct 11-005,547,247,42,323,870,1.0,0.628735632183908,0.37126436781609196,581,0.28390804597701147,0.04827586206896552,0.667816091954023
1257,Baltimore City,645,Baltimore City Precinct 11-002,302,137,16,343,645,1.0,0.4682170542635659,0.5317829457364341,492,0.2124031007751938,0.024806201550387597,0.7627906976744186
1258,Baltimore City,1818,Baltimore City Precinct 11-007,1109,318,89,709,1818,1.0,0.61001100110011,0.38998899889988997,1411,0.17491749174917492,0.048954895489548955,0.7761276127612762
1259,Baltimore City,1899,Baltimore City Precinct 11-001,1177,360,95,722,1899,1.0,0.6197998946814113,0.3802001053185887,1444,0.1895734597156398,0.050026329647182725,0.7604002106371774
1260,Baltimore City,1670,Baltimore City Precinct 14-002,830,202,25,840,1670,1.0,0.49700598802395207,0.5029940119760479,1443,0.12095808383233533,0.014970059880239521,0.8640718562874251
1261,Baltimore City,1524,Baltimore City Precinct 14-001,930,237,46,594,1524,1.0,0.610236220472441,0.38976377952755903,1241,0.15551181102362205,0.030183727034120734,0.8143044619422573
1262,Baltimore City,2304,Baltimore City Precinct 12-009,1078,318,100,1226,2304,1.0,0.4678819444444444,0.5321180555555556,1886,0.13802083333333334,0.043402777777777776,0.8185763888888888
1263,Baltimore City,1485,Baltimore City Precinct 12-012,447,260,34,1038,1485,1.0,0.301010101010101,0.6989898989898989,1191,0.1750841750841751,0.022895622895622896,0.802020202020202
1264,Montgomery,3965,Montgomery Precinct 07-008,2981,607,258,984,3965,1.0,0.7518284993694829,0.24817150063051702,3100,0.15308953341740228,0.06506935687263556,0.7818411097099621
1265,Montgomery,2847,Montgomery Precinct 07-009,2231,631,327,616,2847,1.0,0.7836318932209343,0.21636810677906568,1889,0.22163681067790658,0.1148577449947313,0.6635054443273621
1266,Montgomery,1400,Montgomery Precinct 07-032,1222,310,278,178,1400,1.0,0.8728571428571429,0.12714285714285714,812,0.22142857142857142,0.19857142857142857,0.58
1267,Montgomery,1964,Montgomery Precinct 07-016,1563,558,346,401,1964,1.0,0.7958248472505092,0.20417515274949083,1060,0.28411405295315684,0.17617107942973523,0.539714867617108
1268,Montgomery,3443,Montgomery Precinct 04-004,2536,796,348,907,3443,1.0,0.7365669474295672,0.26343305257043276,2299,0.23119372640139413,0.10107464420563463,0.6677316293929713
1269,Montgomery,5607,Montgomery Precinct 04-015,2542,250,136,3065,5607,1.0,0.45336186909220616,0.5466381309077938,5221,0.04458712323880863,0.024255395041911897,0.9311574817192795
1270,Montgomery,4958,Montgomery Precinct 13-025,1182,567,240,3776,4958,1.0,0.23840258168616377,0.7615974183138362,4151,0.11436062928600242,0.048406615570794675,0.837232755143203
1271,Montgomery,2485,Montgomery Precinct 13-034,1903,605,321,582,2485,1.0,0.7657947686116701,0.23420523138833,1559,0.24346076458752516,0.12917505030181087,0.6273641851106639
1272,Montgomery,2625,Montgomery Precinct 13-040,1669,573,304,956,2625,1.0,0.6358095238095238,0.3641904761904762,1748,0.21828571428571428,0.1158095238095238,0.6659047619047619
1273,Montgomery,1874,Montgomery Precinct 06-009,1464,360,687,410,1874,1.0,0.7812166488794023,0.21878335112059766,827,0.192102454642476,0.3665955176093917,0.4413020277481323
1274,Montgomery,2092,Montgomery Precinct 06-001,1647,338,530,445,2092,1.0,0.7872848948374761,0.2127151051625239,1224,0.1615678776290631,0.25334608030592737,0.5850860420650096
1275,Montgomery,4802,Montgomery Precinct 06-011,1585,502,409,3217,4802,1.0,0.33007080383173676,0.6699291961682632,3891,0.10453977509371096,0.08517284464806331,0.8102873802582258
1276,Montgomery,3610,Montgomery Precinct 06-007,1633,461,449,1977,3610,1.0,0.4523545706371191,0.5476454293628809,2700,0.12770083102493074,0.12437673130193906,0.7479224376731302
1277,Montgomery,4116,Montgomery Precinct 06-010,1639,526,288,2477,4116,1.0,0.39820213799805637,0.6017978620019436,3302,0.12779397473275025,0.06997084548104957,0.8022351797862002
1278,Montgomery,4374,Montgomery Precinct 02-004,2221,593,426,2153,4374,1.0,0.5077732053040696,0.4922267946959305,3355,0.13557384545038867,0.09739368998628258,0.7670324645633287
1279,Montgomery,3017,Montgomery Precinct 06-006,1327,490,424,1690,3017,1.0,0.4398409015578389,0.560159098442161,2103,0.16241299303944315,0.14053695724229368,0.6970500497182631
1280,Montgomery,2009,Montgomery Precinct 06-005,1479,688,688,530,2009,1.0,0.7361871577899453,0.26381284221005474,633,0.3424589347934296,0.3424589347934296,0.31508213041314087
1281,Montgomery,1603,Montgomery Precinct 06-014,922,196,172,681,1603,1.0,0.5751715533374921,0.4248284466625078,1235,0.1222707423580786,0.10729881472239551,0.7704304429195259
1282,Montgomery,1874,Montgomery Precinct 06-013,1179,333,284,695,1874,1.0,0.6291355389541089,0.37086446104589116,1257,0.17769477054429028,0.15154749199573106,0.6707577374599787
1283,Montgomery,2208,Montgomery Precinct 06-004,1418,596,332,790,2208,1.0,0.6422101449275363,0.35778985507246375,1280,0.26992753623188404,0.1503623188405797,0.5797101449275363
1284,Montgomery,3777,Montgomery Precinct 09-027,2856,720,536,921,3777,1.0,0.756155679110405,0.24384432088959493,2521,0.19062748212867356,0.14191157002912363,0.6674609478422028
1285,Montgomery,2727,Montgomery Precinct 04-020,1503,863,883,1224,2727,1.0,0.5511551155115512,0.44884488448844884,981,0.31646497983131644,0.3237990465713238,0.35973597359735976
1286,Montgomery,3226,Montgomery Precinct 04-024,1681,425,360,1545,3226,1.0,0.5210787352758834,0.47892126472411656,2441,0.13174209547427154,0.1115933044017359,0.7566646001239926
1287,Montgomery,3648,Montgomery Precinct 06-008,1578,378,263,2070,3648,1.0,0.43256578947368424,0.5674342105263158,3007,0.10361842105263158,0.07209429824561403,0.8242872807017544
1288,Montgomery,4395,Montgomery Precinct 09-035,3188,693,625,1207,4395,1.0,0.7253697383390216,0.27463026166097837,3077,0.157679180887372,0.1422070534698521,0.7001137656427758
1289,Baltimore City,1691,Baltimore City Precinct 16-009,6,372,14,1685,1691,1.0,0.0035481963335304554,0.9964518036664696,1305,0.21998817267888823,0.00827912477823773,0.7717327025428741
1290,Baltimore City,1025,Baltimore City Precinct 16-010,10,200,7,1015,1025,1.0,0.00975609756097561,0.9902439024390244,818,0.1951219512195122,0.006829268292682927,0.7980487804878049
1291,Baltimore City,936,Baltimore City Precinct 16-011,6,194,7,930,936,1.0,0.00641025641025641,0.9935897435897436,735,0.20726495726495728,0.007478632478632479,0.7852564102564102
1292,Baltimore City,365,Baltimore City Precinct 15-012,13,50,5,352,365,1.0,0.03561643835616438,0.9643835616438357,310,0.136986301369863,0.0136986301369863,0.8493150684931506
1293,Baltimore City,1645,Baltimore City Precinct 15-007,21,321,21,1624,1645,1.0,0.01276595744680851,0.9872340425531915,1303,0.1951367781155015,0.01276595744680851,0.79209726443769
1294,Baltimore City,754,Baltimore City Precinct 15-013,5,140,5,749,754,1.0,0.006631299734748011,0.993368700265252,609,0.1856763925729443,0.006631299734748011,0.8076923076923077
1295,Baltimore City,813,Baltimore City Precinct 15-015,5,144,5,808,813,1.0,0.006150061500615006,0.993849938499385,664,0.17712177121771217,0.006150061500615006,0.8167281672816729
1296,Baltimore City,1295,Baltimore City Precinct 15-014,10,303,19,1285,1295,1.0,0.007722007722007722,0.9922779922779923,973,0.23397683397683397,0.014671814671814672,0.7513513513513513
1297,Baltimore City,1699,Baltimore City Precinct 15-006,17,445,27,1682,1699,1.0,0.010005885815185403,0.9899941141848146,1227,0.2619187757504414,0.015891701000588582,0.72218952324897
1298,Baltimore City,964,Baltimore City Precinct 16-007,6,322,17,958,964,1.0,0.006224066390041493,0.9937759336099585,625,0.33402489626556015,0.017634854771784232,0.6483402489626556
1299,Baltimore City,1884,Baltimore City Precinct 16-006,7,348,23,1877,1884,1.0,0.0037154989384288748,0.9962845010615711,1513,0.18471337579617833,0.012208067940552018,0.8030785562632696
1300,Baltimore City,1791,Baltimore City Precinct 20-001,30,366,22,1761,1791,1.0,0.01675041876046901,0.983249581239531,1403,0.20435510887772193,0.012283640424343942,0.7833612506979342
1301,Baltimore City,764,Baltimore City Precinct 16-004,12,117,9,752,764,1.0,0.015706806282722512,0.9842931937172775,638,0.1531413612565445,0.011780104712041885,0.8350785340314136
1302,Baltimore City,2126,Baltimore City Precinct 16-005,27,392,22,2099,2126,1.0,0.012699905926622766,0.9873000940733773,1712,0.18438381937911572,0.010348071495766699,0.8052681091251176
1303,Baltimore City,1404,Baltimore City Precinct 15-018,4,577,29,1400,1404,1.0,0.002849002849002849,0.9971509971509972,798,0.41096866096866097,0.020655270655270654,0.5683760683760684
1304,Baltimore City,1040,Baltimore City Precinct 15-016,9,201,8,1031,1040,1.0,0.008653846153846154,0.9913461538461539,831,0.19326923076923078,0.007692307692307693,0.7990384615384616
1305,Baltimore City,2987,Baltimore City Precinct 15-020,37,482,29,2950,2987,1.0,0.012387010378305993,0.987612989621694,2476,0.16136591898225644,0.009708737864077669,0.8289253431536658
1306,Baltimore City,1237,Baltimore City Precinct 15-021,14,241,8,1223,1237,1.0,0.01131770412287793,0.9886822958771221,988,0.1948261924009701,0.0064672594987873885,0.7987065481002426
1307,Baltimore City,1807,Baltimore City Precinct 15-017,23,404,21,1784,1807,1.0,0.012728278915329275,0.9872717210846708,1382,0.22357498616491422,0.01162147205312673,0.7648035417819591
1308,Baltimore City,1062,Baltimore City Precinct 25-006,24,237,14,1038,1062,1.0,0.022598870056497175,0.9774011299435028,811,0.2231638418079096,0.013182674199623353,0.763653483992467
1309,Baltimore City,596,Baltimore City Precinct 25-007,133,96,19,463,596,1.0,0.2231543624161074,0.7768456375838926,481,0.1610738255033557,0.031879194630872486,0.8070469798657718
1310,Baltimore City,2234,Baltimore City Precinct 21-003,992,255,111,1242,2234,1.0,0.4440465532676813,0.5559534467323187,1868,0.11414503133393017,0.049686660698299016,0.8361683079677709
1311,Baltimore City,3343,Baltimore City Precinct 19-002,1090,273,76,2253,3343,1.0,0.3260544421178582,0.6739455578821418,2994,0.08166317678731679,0.02273407119353874,0.8956027520191445
1312,Baltimore City,489,Baltimore City Precinct 21-004,246,84,31,243,489,1.0,0.5030674846625767,0.49693251533742333,374,0.17177914110429449,0.06339468302658487,0.7648261758691206
1313,Baltimore City,1952,Baltimore City Precinct 18-002,558,269,63,1394,1952,1.0,0.2858606557377049,0.7141393442622951,1620,0.13780737704918034,0.03227459016393443,0.8299180327868853
1314,Baltimore City,1673,Baltimore City Precinct 21-002,672,315,76,1001,1673,1.0,0.401673640167364,0.5983263598326359,1282,0.18828451882845187,0.045427375971309025,0.766288105200239
1315,Baltimore City,2033,Baltimore City Precinct 23-003,1802,193,316,231,2033,1.0,0.8863748155435317,0.11362518445646827,1524,0.09493359567142154,0.15543531726512544,0.749631087063453
1316,Baltimore City,1153,Baltimore City Precinct 21-001,755,116,53,398,1153,1.0,0.6548135299219427,0.34518647007805725,984,0.10060711188204684,0.04596704249783174,0.8534258456201215
1317,Baltimore City,1038,Baltimore City Precinct 23-002,584,181,78,454,1038,1.0,0.5626204238921002,0.4373795761078998,779,0.174373795761079,0.07514450867052024,0.7504816955684007
1318,Baltimore City,2506,Baltimore City Precinct 20-007,148,414,41,2358,2506,1.0,0.05905826017557861,0.9409417398244214,2051,0.16520351157222665,0.01636073423782921,0.8184357541899442
1319,Baltimore City,2106,Baltimore City Precinct 28-010,255,429,81,1851,2106,1.0,0.12108262108262108,0.8789173789173789,1596,0.2037037037037037,0.038461538461538464,0.7578347578347578
1320,Baltimore City,458,Baltimore City Precinct 28-012,55,226,87,403,458,1.0,0.12008733624454149,0.8799126637554585,145,0.49344978165938863,0.18995633187772926,0.3165938864628821
1321,Baltimore City,2423,Baltimore City Precinct 28-009,274,410,47,2149,2423,1.0,0.1130829550144449,0.8869170449855551,1966,0.1692117210070161,0.01939744118860916,0.8113908378043747
1322,Baltimore City,1962,Baltimore City Precinct 28-011,173,439,56,1789,1962,1.0,0.08817533129459736,0.9118246687054027,1467,0.2237512742099898,0.02854230377166157,0.7477064220183486
1323,Baltimore City,3079,Baltimore City Precinct 20-006,15,668,34,3064,3079,1.0,0.004871711594673595,0.9951282884053264,2377,0.21695355634946412,0.01104254628126015,0.7720038973692758
1324,Baltimore City,3001,Baltimore City Precinct 16-014,29,683,45,2972,3001,1.0,0.009663445518160613,0.9903365544818394,2273,0.22759080306564478,0.014995001666111295,0.7574141952682439
1325,Baltimore City,1740,Baltimore City Precinct 28-008,83,288,18,1657,1740,1.0,0.04770114942528736,0.9522988505747126,1434,0.16551724137931034,0.010344827586206896,0.8241379310344827
1326,Baltimore City,1451,Baltimore City Precinct 15-011,43,304,27,1408,1451,1.0,0.029634734665747762,0.9703652653342523,1120,0.20951068228807718,0.018607856650585803,0.771881461061337
1327,Baltimore City,1492,Baltimore City Precinct 15-010,39,401,27,1453,1492,1.0,0.02613941018766756,0.9738605898123325,1064,0.2687667560321716,0.018096514745308313,0.7131367292225201
1328,Anne Arundel,1793,Anne Arundel Precinct 04-013,1507,104,477,286,1793,1.0,0.8404907975460123,0.15950920245398773,1212,0.05800334634690463,0.2660345789180145,0.6759620747350809
1329,Anne Arundel,2683,Anne Arundel Precinct 02-021,2136,238,918,547,2683,1.0,0.7961237420797614,0.20387625792023853,1527,0.0887066716362281,0.34215430488259413,0.5691390234811778
1330,Anne Arundel,1317,Anne Arundel Precinct 05-015,1236,85,371,81,1317,1.0,0.9384965831435079,0.06150341685649203,861,0.06454062262718299,0.28170083523158695,0.6537585421412301
1331,Anne Arundel,1928,Anne Arundel Precinct 02-018,1261,232,291,667,1928,1.0,0.654045643153527,0.345954356846473,1405,0.12033195020746888,0.15093360995850622,0.7287344398340249
1332,Anne Arundel,2386,Anne Arundel Precinct 02-015,1415,295,384,971,2386,1.0,0.5930427493713327,0.4069572506286672,1707,0.12363788767812238,0.16093880972338642,0.7154233025984912
1333,Anne Arundel,1151,Anne Arundel Precinct 05-033,988,123,616,163,1151,1.0,0.8583840139009556,0.1416159860990443,412,0.10686359687228497,0.5351867940920938,0.3579496090356212
1334,Anne Arundel,2500,Anne Arundel Precinct 02-004,1644,294,501,856,2500,1.0,0.6576,0.3424,1705,0.1176,0.2004,0.682
1335,Anne Arundel,2846,Anne Arundel Precinct 02-009,1587,295,374,1259,2846,1.0,0.5576247364722418,0.44237526352775824,2177,0.10365425158116655,0.1314125087842586,0.7649332396345748
1336,Anne Arundel,2844,Anne Arundel Precinct 02-007,2016,236,564,828,2844,1.0,0.7088607594936709,0.2911392405063291,2044,0.0829817158931083,0.19831223628691982,0.7187060478199718
1337,Anne Arundel,2177,Anne Arundel Precinct 01-009,1913,106,599,264,2177,1.0,0.8787322002756086,0.12126779972439136,1472,0.048690858980248046,0.27514928801102434,0.6761598530087276
1338,Anne Arundel,2304,Anne Arundel Precinct 02-003,1599,144,470,705,2304,1.0,0.6940104166666666,0.3059895833333333,1690,0.0625,0.20399305555555555,0.7335069444444444
1339,Anne Arundel,3752,Anne Arundel Precinct 02-017,1881,281,249,1871,3752,1.0,0.5013326226012793,0.4986673773987207,3222,0.07489339019189765,0.06636460554371001,0.8587420042643923
1340,Anne Arundel,4380,Anne Arundel Precinct 02-014,1844,394,216,2536,4380,1.0,0.42100456621004567,0.5789954337899543,3770,0.08995433789954338,0.049315068493150684,0.860730593607306
1341,Anne Arundel,1399,Anne Arundel Precinct 02-002,1086,171,394,313,1399,1.0,0.7762687634024303,0.2237312365975697,834,0.1222301644031451,0.2816297355253753,0.5961401000714797
1342,Anne Arundel,3009,Anne Arundel Precinct 02-005,1892,175,382,1117,3009,1.0,0.6287803256895979,0.37121967431040215,2452,0.0581588567630442,0.12695247590561648,0.8148886673313394
1343,Anne Arundel,2023,Anne Arundel Precinct 02-006,1608,116,378,415,2023,1.0,0.7948591201186357,0.2051408798813643,1529,0.05734058329214039,0.18685121107266436,0.7558082056351952
1344,Anne Arundel,2540,Anne Arundel Precinct 01-003,2035,146,524,505,2540,1.0,0.8011811023622047,0.19881889763779528,1870,0.05748031496062992,0.2062992125984252,0.7362204724409449
1345,Anne Arundel,1582,Anne Arundel Precinct 02-016,1282,75,343,300,1582,1.0,0.8103666245259166,0.18963337547408343,1164,0.04740834386852086,0.2168141592920354,0.7357774968394437
1346,Anne Arundel,2689,Anne Arundel Precinct 02-008,2286,165,651,403,2689,1.0,0.8501301599107475,0.1498698400892525,1873,0.061361100780959466,0.24209743399033098,0.6965414652287095
1347,Anne Arundel,1929,Anne Arundel Precinct 04-014,1789,157,575,140,1929,1.0,0.9274235355106273,0.07257646448937273,1197,0.08138932089165371,0.29808190772420945,0.6205287713841369
1348,Anne Arundel,1584,Anne Arundel Precinct 05-019,1501,132,483,83,1584,1.0,0.94760101010101,0.052398989898989896,969,0.08333333333333333,0.30492424242424243,0.6117424242424242
1349,Howard,2057,Howard Precinct 02-008,1283,329,516,774,2057,1.0,0.6237238697131745,0.3762761302868255,1212,0.15994166261545942,0.25085075352455033,0.5892075838599903
1350,Baltimore County,4946,Baltimore County Precinct 01-017,607,931,184,4339,4946,1.0,0.12272543469470279,0.8772745653052972,3831,0.18823291548726243,0.0372017792155277,0.7745653052972099
1351,Baltimore County,3184,Baltimore County Precinct 01-012,2973,424,947,211,3184,1.0,0.9337311557788944,0.06626884422110553,1813,0.13316582914572864,0.2974246231155779,0.5694095477386935
1352,Baltimore County,2703,Baltimore County Precinct 01-011,2226,354,791,477,2703,1.0,0.8235294117647058,0.17647058823529413,1558,0.1309655937846837,0.2926378098409175,0.5763965963743988
1353,Baltimore County,2485,Baltimore County Precinct 01-013,2365,438,793,120,2485,1.0,0.9517102615694165,0.0482897384305835,1254,0.1762575452716298,0.31911468812877264,0.5046277665995976
1354,Baltimore County,3127,Baltimore County Precinct 01-010,2439,439,658,688,3127,1.0,0.7799808122801407,0.2200191877198593,2030,0.14039015030380556,0.21042532779021425,0.6491845219059802
1355,Baltimore County,3549,Baltimore County Precinct 01-003,1415,617,409,2134,3549,1.0,0.3987038602423218,0.6012961397576783,2523,0.17385178923640462,0.11524373062834602,0.7109044801352493
1356,Baltimore County,3716,Baltimore County Precinct 01-004,1339,701,445,2377,3716,1.0,0.36033369214208827,0.6396663078579118,2570,0.1886437029063509,0.1197524219590958,0.6916038751345532
1357,Baltimore County,2265,Baltimore County Precinct 01-002,437,406,111,1828,2265,1.0,0.19293598233995585,0.8070640176600441,1748,0.17924944812362031,0.04900662251655629,0.7717439293598234
1358,Howard,2252,Howard Precinct 01-008,1565,274,454,687,2252,1.0,0.6949378330373002,0.30506216696269983,1524,0.1216696269982238,0.20159857904085257,0.6767317939609236
1359,Howard,1598,Howard Precinct 01-013,988,295,474,610,1598,1.0,0.6182728410513142,0.38172715894868586,829,0.1846057571964956,0.29662077596996245,0.518773466833542
1360,Howard,2627,Howard Precinct 01-001,2032,424,820,595,2627,1.0,0.7735059002664636,0.22649409973353635,1383,0.16140083745717548,0.3121431290445375,0.5264560334982871
1361,Baltimore County,5998,Baltimore County Precinct 01-014,3956,230,732,2042,5998,1.0,0.6595531843947983,0.34044681560520174,5036,0.0383461153717906,0.12204068022674225,0.8396132044014671
1362,Baltimore County,2893,Baltimore County Precinct 13-004,2610,229,918,283,2893,1.0,0.9021776702385067,0.09782232976149326,1746,0.07915658486000691,0.3173176633252679,0.6035257518147252
1363,Baltimore County,3240,Baltimore County Precinct 13-003,2835,223,865,405,3240,1.0,0.875,0.125,2152,0.06882716049382716,0.26697530864197533,0.6641975308641975
1364,Baltimore County,2641,Baltimore County Precinct 13-002,2319,162,597,322,2641,1.0,0.8780764861794774,0.12192351382052254,1882,0.06134040136312003,0.22605073835668307,0.7126088602801969
1365,Baltimore County,2840,Baltimore County Precinct 13-005,2397,218,898,443,2840,1.0,0.8440140845070423,0.15598591549295773,1724,0.07676056338028169,0.31619718309859157,0.6070422535211267
1366,Baltimore County,3604,Baltimore County Precinct 01-009,1703,407,334,1901,3604,1.0,0.47253052164261933,0.5274694783573807,2863,0.11293007769145394,0.09267480577136515,0.7943951165371809
1367,Baltimore County,3870,Baltimore County Precinct 01-015,2674,417,660,1196,3870,1.0,0.6909560723514212,0.3090439276485788,2793,0.10775193798449613,0.17054263565891473,0.7217054263565892
1368,Baltimore County,2349,Baltimore County Precinct 01-007,1200,322,285,1149,2349,1.0,0.5108556832694764,0.4891443167305236,1742,0.13707960834397617,0.12132822477650064,0.7415921668795232
1369,Baltimore County,4333,Baltimore County Precinct 01-008,3296,520,792,1037,4333,1.0,0.7606738979921532,0.23932610200784676,3021,0.12000923147934456,0.18278329102238633,0.6972074774982691
1370,Baltimore County,4435,Baltimore County Precinct 01-005,1415,838,352,3020,4435,1.0,0.31905298759864714,0.6809470124013529,3245,0.18895152198421647,0.07936865839909808,0.7316798196166855
1371,Baltimore County,4619,Baltimore County Precinct 01-001,871,944,186,3748,4619,1.0,0.1885689543191167,0.8114310456808833,3489,0.204373240961247,0.040268456375838924,0.755358302662914
1372,Baltimore County,4031,Baltimore County Precinct 01-006,733,1045,220,3298,4031,1.0,0.18184073430910444,0.8181592656908956,2766,0.25924088315554455,0.054577028032746215,0.6861820888117093
1373,Baltimore County,4012,Baltimore County Precinct 13-001,2036,273,435,1976,4012,1.0,0.5074775672981057,0.49252243270189433,3304,0.06804586241276171,0.1084247258225324,0.8235294117647058
1374,Baltimore County,2661,Baltimore County Precinct 01-016,2481,351,674,180,2661,1.0,0.9323562570462233,0.06764374295377677,1636,0.1319052987598647,0.2532882375046975,0.6148064637354378
1375,Baltimore City,2932,Baltimore City Precinct 28-015,976,376,157,1956,2932,1.0,0.3328785811732606,0.6671214188267395,2399,0.12824010914051842,0.05354706684856753,0.818212824010914
1376,Baltimore City,2794,Baltimore City Precinct 25-001,329,615,91,2465,2794,1.0,0.11775232641374374,0.8822476735862562,2088,0.22011453113815319,0.032569792412312094,0.7473156764495347
1377,Baltimore City,742,Baltimore City Precinct 28-014,55,127,19,687,742,1.0,0.07412398921832884,0.9258760107816711,596,0.1711590296495957,0.025606469002695417,0.8032345013477089
1378,Baltimore City,2138,Baltimore City Precinct 25-002,205,382,62,1933,2138,1.0,0.09588400374181479,0.9041159962581852,1694,0.17867165575304023,0.028999064546304958,0.7923292797006548
1379,Baltimore City,1494,Baltimore City Precinct 28-013,105,231,24,1389,1494,1.0,0.07028112449799197,0.929718875502008,1239,0.15461847389558234,0.01606425702811245,0.8293172690763052
1380,Baltimore City,714,Baltimore City Precinct 20-008,104,100,16,610,714,1.0,0.14565826330532214,0.8543417366946778,598,0.1400560224089636,0.022408963585434174,0.8375350140056023
1381,Montgomery,3114,Montgomery Precinct 09-033,1608,169,133,1506,3114,1.0,0.5163776493256262,0.4836223506743738,2812,0.054271034039820164,0.04271034039820167,0.9030186255619782
1382,Montgomery,5213,Montgomery Precinct 09-006,2366,673,422,2847,5213,1.0,0.4538653366583541,0.5461346633416458,4118,0.12910032610780742,0.08095146748513332,0.7899482064070593
1383,Montgomery,2473,Montgomery Precinct 06-003,1678,492,449,795,2473,1.0,0.6785281035179943,0.32147189648200564,1532,0.19894864536999596,0.1815608572583906,0.6194904973716134
1384,Montgomery,6411,Montgomery Precinct 09-008,2167,577,292,4244,6411,1.0,0.3380127905163001,0.6619872094836999,5542,0.090001559819061,0.04554671658087662,0.8644517236000624
1385,Montgomery,3028,Montgomery Precinct 09-029,1472,450,317,1556,3028,1.0,0.4861294583883752,0.5138705416116248,2261,0.14861294583883752,0.1046895640686922,0.7466974900924703
1386,Montgomery,4029,Montgomery Precinct 09-018,1196,392,204,2833,4029,1.0,0.2968478530652767,0.7031521469347233,3433,0.0972946140481509,0.05063291139240506,0.852072474559444
1387,Montgomery,4242,Montgomery Precinct 09-034,1276,469,212,2966,4242,1.0,0.3008015087223008,0.6991984912776992,3561,0.11056105610561057,0.04997642621404998,0.8394625176803394
1388,Montgomery,3583,Montgomery Precinct 09-013,2194,600,450,1389,3583,1.0,0.6123360312587217,0.38766396874127823,2533,0.1674574379012001,0.1255930784259001,0.7069494836728998
1389,Montgomery,3560,Montgomery Precinct 09-003,1141,321,167,2419,3560,1.0,0.3205056179775281,0.6794943820224719,3072,0.09016853932584269,0.04691011235955056,0.8629213483146068
1390,Montgomery,2530,Montgomery Precinct 09-024,734,303,169,1796,2530,1.0,0.2901185770750988,0.7098814229249012,2058,0.11976284584980237,0.06679841897233202,0.8134387351778656
1391,Montgomery,5966,Montgomery Precinct 09-016,1159,392,138,4807,5966,1.0,0.1942675159235669,0.8057324840764332,5436,0.06570566543747905,0.02313107609788803,0.911163258464633
1392,Montgomery,3092,Montgomery Precinct 09-030,1208,436,301,1884,3092,1.0,0.3906856403622251,0.6093143596377749,2355,0.1410090556274256,0.09734799482535576,0.7616429495472187
1393,Montgomery,2943,Montgomery Precinct 09-011,1407,491,374,1536,2943,1.0,0.4780835881753313,0.5219164118246687,2078,0.16683656133197416,0.12708120965001699,0.7060822290180089
1394,Montgomery,3185,Montgomery Precinct 09-012,1599,582,388,1586,3185,1.0,0.5020408163265306,0.49795918367346936,2215,0.1827315541601256,0.1218210361067504,0.695447409733124
1395,Montgomery,3625,Montgomery Precinct 02-005,2174,542,416,1451,3625,1.0,0.5997241379310345,0.40027586206896554,2667,0.14951724137931036,0.11475862068965517,0.7357241379310345
1396,Montgomery,3808,Montgomery Precinct 02-008,1638,350,397,2170,3808,1.0,0.43014705882352944,0.5698529411764706,3061,0.09191176470588236,0.10425420168067227,0.8038340336134454
1397,Frederick,2241,Frederick Precinct 07-003,2023,349,684,218,2241,1.0,0.9027219991075413,0.09727800089245872,1208,0.15573404730031237,0.30522088353413657,0.5390450691655511
1398,Montgomery,407,Montgomery Precinct 02-007,369,7,21,38,407,1.0,0.9066339066339066,0.09336609336609336,379,0.0171990171990172,0.051597051597051594,0.9312039312039312
1399,Montgomery,4880,Montgomery Precinct 02-001,1835,601,462,3045,4880,1.0,0.3760245901639344,0.6239754098360656,3817,0.12315573770491803,0.09467213114754099,0.782172131147541
1400,Montgomery,4636,Montgomery Precinct 02-011,1893,642,508,2743,4636,1.0,0.40832614322691974,0.5916738567730803,3486,0.13848144952545297,0.1095772217428818,0.7519413287316652
1401,Montgomery,2216,Montgomery Precinct 02-006,1328,360,356,888,2216,1.0,0.5992779783393501,0.4007220216606498,1500,0.1624548736462094,0.16064981949458484,0.6768953068592057
1402,Montgomery,2500,Montgomery Precinct 09-025,933,362,270,1567,2500,1.0,0.3732,0.6268,1868,0.1448,0.108,0.7472
1403,Montgomery,2308,Montgomery Precinct 12-004,1876,308,635,432,2308,1.0,0.8128249566724437,0.18717504332755633,1365,0.13344887348353554,0.2751299826689775,0.591421143847487
1404,Montgomery,3657,Montgomery Precinct 12-005,2314,309,603,1343,3657,1.0,0.6327590921520372,0.3672409078479628,2745,0.0844954881050041,0.16488925348646433,0.7506152584085316
1405,Montgomery,2594,Montgomery Precinct 12-002,2223,263,734,371,2594,1.0,0.8569776407093292,0.14302235929067078,1597,0.10138781804163455,0.28296067848882034,0.6156515034695451
1406,Montgomery,2048,Montgomery Precinct 04-026,1442,343,226,606,2048,1.0,0.7041015625,0.2958984375,1479,0.16748046875,0.1103515625,0.72216796875
1407,Montgomery,2523,Montgomery Precinct 04-023,1989,42,49,534,2523,1.0,0.7883472057074911,0.2116527942925089,2432,0.016646848989298454,0.019421323820848196,0.9639318271898534
1408,Montgomery,2581,Montgomery Precinct 04-021,1825,643,433,756,2581,1.0,0.7070902750871755,0.29290972491282447,1505,0.24912824486633087,0.1677644323905463,0.5831073227431228
1409,Howard,1452,Howard Precinct 02-005,1077,217,376,375,1452,1.0,0.7417355371900827,0.25826446280991733,859,0.1494490358126722,0.25895316804407714,0.5915977961432507
1410,Howard,2087,Howard Precinct 02-015,1499,271,508,588,2087,1.0,0.7182558696693819,0.2817441303306181,1308,0.12985146142788692,0.2434115955917585,0.6267369429803545
1411,Howard,2065,Howard Precinct 02-018,1679,288,600,386,2065,1.0,0.8130750605326876,0.18692493946731234,1177,0.13946731234866827,0.29055690072639223,0.5699757869249394
1412,Howard,2274,Howard Precinct 02-011,1600,259,478,674,2274,1.0,0.7036059806508356,0.2963940193491645,1537,0.113896218117854,0.2102022867194371,0.6759014951627089
1413,Howard,1532,Howard Precinct 02-019,1154,201,494,378,1532,1.0,0.7532637075718016,0.24673629242819844,837,0.13120104438642297,0.3224543080939948,0.5463446475195822
1414,Howard,327,Howard Precinct 02-021,278,62,93,49,327,1.0,0.8501529051987767,0.14984709480122324,172,0.18960244648318042,0.28440366972477066,0.5259938837920489
1415,Howard,2492,Howard Precinct 02-012,1768,330,479,724,2492,1.0,0.709470304975923,0.29052969502407705,1683,0.13242375601926162,0.19221508828250403,0.6753611556982343
1416,Howard,1902,Howard Precinct 02-006,1286,238,418,616,1902,1.0,0.676130389064143,0.323869610935857,1246,0.12513144058885384,0.21976866456361724,0.655099894847529
1417,Howard,4633,Howard Precinct 02-009,1730,352,288,2903,4633,1.0,0.37340815886034967,0.6265918411396504,3993,0.07597668897042953,0.06216274552126052,0.8618605655083099
1418,Howard,1313,Howard Precinct 02-024,1031,190,372,282,1313,1.0,0.7852246763137852,0.21477532368621477,751,0.1447067783701447,0.2833206397562833,0.571972581873572
1419,Howard,1532,Howard Precinct 02-007,1267,219,562,265,1532,1.0,0.827023498694517,0.17297650130548303,751,0.1429503916449086,0.3668407310704961,0.4902088772845953
1420,Prince George's,6329,Prince George's Precinct 15-005,503,1542,133,5826,6329,1.0,0.07947543055775004,0.9205245694422499,4654,0.24364038552693948,0.02101437825880866,0.7353452362142519
1421,Prince George's,2130,Prince George's Precinct 03-004,136,669,56,1994,2130,1.0,0.06384976525821597,0.936150234741784,1405,0.31408450704225355,0.02629107981220657,0.6596244131455399
1422,Prince George's,2572,Prince George's Precinct 03-005,235,548,49,2337,2572,1.0,0.09136858475894245,0.9086314152410575,1975,0.2130637636080871,0.019051321928460343,0.7678849144634525
1423,Prince George's,3005,Prince George's Precinct 03-003,330,1047,146,2675,3005,1.0,0.10981697171381032,0.8901830282861897,1812,0.34841930116472547,0.04858569051580699,0.6029950083194675
1424,Prince George's,2643,Prince George's Precinct 07-012,84,853,47,2559,2643,1.0,0.03178206583427923,0.9682179341657208,1743,0.3227393113885736,0.017782822550132426,0.659477866061294
1425,Prince George's,1936,Prince George's Precinct 13-013,57,587,56,1879,1936,1.0,0.029442148760330578,0.9705578512396694,1293,0.303202479338843,0.028925619834710745,0.6678719008264463
1426,Prince George's,2052,Prince George's Precinct 07-013,142,672,75,1910,2052,1.0,0.06920077972709551,0.9307992202729045,1305,0.32748538011695905,0.03654970760233918,0.6359649122807017
1427,Prince George's,2806,Prince George's Precinct 03-006,90,1016,77,2716,2806,1.0,0.03207412687099073,0.9679258731290092,1713,0.3620812544547398,0.02744119743406985,0.6104775481111903
1428,Prince George's,2583,Prince George's Precinct 07-015,80,1258,102,2503,2583,1.0,0.03097173828881146,0.9690282617111885,1223,0.4870305845915602,0.03948896631823461,0.4734804490902052
1429,Prince George's,3410,Prince George's Precinct 07-011,119,1090,75,3291,3410,1.0,0.034897360703812316,0.9651026392961877,2245,0.3196480938416422,0.021994134897360705,0.658357771260997
1430,Prince George's,3276,Prince George's Precinct 07-009,309,1104,129,2967,3276,1.0,0.09432234432234432,0.9056776556776557,2043,0.336996336996337,0.039377289377289376,0.6236263736263736
1431,Prince George's,3105,Prince George's Precinct 03-002,469,848,126,2636,3105,1.0,0.15104669887278582,0.8489533011272141,2131,0.27310789049919487,0.04057971014492753,0.6863123993558776
1432,Prince George's,2246,Prince George's Precinct 07-006,744,573,205,1502,2246,1.0,0.3312555654496883,0.6687444345503116,1468,0.25512021371326804,0.091273374888691,0.653606411398041
1433,Prince George's,2272,Prince George's Precinct 07-008,707,479,162,1565,2272,1.0,0.31117957746478875,0.6888204225352113,1631,0.2108274647887324,0.07130281690140845,0.7178697183098591
1434,Prince George's,1809,Prince George's Precinct 07-014,794,403,215,1015,1809,1.0,0.4389165284687673,0.5610834715312327,1191,0.22277501381978995,0.11885019347705915,0.6583747927031509
1435,Prince George's,5609,Prince George's Precinct 07-001,1105,1537,323,4504,5609,1.0,0.19700481369228026,0.8029951863077197,3749,0.274023890176502,0.05758602246389731,0.6683900873596006
1436,Prince George's,2447,Prince George's Precinct 14-007,635,639,157,1812,2447,1.0,0.2595014303228443,0.7404985696771557,1651,0.2611360850020433,0.0641601961585615,0.6747037188393952
1437,Prince George's,2578,Prince George's Precinct 14-001,1082,663,260,1496,2578,1.0,0.4197051978277735,0.5802948021722265,1655,0.25717610550814585,0.1008533747090768,0.6419705197827773
1438,Prince George's,1468,Prince George's Precinct 07-016,687,290,206,781,1468,1.0,0.46798365122615804,0.532016348773842,972,0.19754768392370572,0.14032697547683923,0.662125340599455
1439,Prince George's,1951,Prince George's Precinct 14-010,641,482,160,1310,1951,1.0,0.3285494618144541,0.6714505381855459,1309,0.24705279343926193,0.08200922603792926,0.6709379805228088
1440,Prince George's,2627,Prince George's Precinct 07-005,1543,384,404,1084,2627,1.0,0.5873620098972212,0.41263799010277885,1839,0.14617434335744195,0.15378759040730872,0.7000380662352493
1441,Montgomery,1933,Montgomery Precinct 13-031,950,464,160,983,1933,1.0,0.49146404552509054,0.5085359544749095,1309,0.24004138644593895,0.08277289187790998,0.6771857216761511
1442,Montgomery,1911,Montgomery Precinct 13-059,1023,408,179,888,1911,1.0,0.5353218210361067,0.46467817896389324,1324,0.21350078492935637,0.09366823652537938,0.6928309785452642
1443,Montgomery,3612,Montgomery Precinct 13-027,1645,649,260,1967,3612,1.0,0.45542635658914726,0.5445736434108527,2703,0.17967884828349945,0.07198228128460686,0.7483388704318937
1444,Montgomery,4634,Montgomery Precinct 13-030,871,422,176,3763,4634,1.0,0.18795856711264566,0.8120414328873543,4036,0.09106603366422097,0.03798014674147605,0.870953819594303
1445,Montgomery,4064,Montgomery Precinct 13-029,1148,548,224,2916,4064,1.0,0.2824803149606299,0.71751968503937,3292,0.13484251968503938,0.05511811023622047,0.8100393700787402
1446,Montgomery,1911,Montgomery Precinct 13-053,1016,410,236,895,1911,1.0,0.531658817373103,0.4683411826268969,1265,0.21454735740450026,0.12349555206698064,0.6619570905285191
1447,Montgomery,4095,Montgomery Precinct 13-032,1317,661,142,2778,4095,1.0,0.32161172161172163,0.6783882783882784,3292,0.16141636141636143,0.03467643467643468,0.8039072039072039
1448,Montgomery,4453,Montgomery Precinct 13-044,1126,519,192,3327,4453,1.0,0.2528632382663373,0.7471367617336627,3742,0.11655064001796542,0.04311699977543229,0.8403323602066023
1449,Montgomery,2314,Montgomery Precinct 13-010,1108,402,59,1206,2314,1.0,0.4788245462402766,0.5211754537597234,1853,0.17372515125324114,0.02549697493517718,0.8007778738115817
1450,Montgomery,3425,Montgomery Precinct 13-005,1473,664,134,1952,3425,1.0,0.4300729927007299,0.56992700729927,2627,0.19386861313868614,0.03912408759124088,0.7670072992700729
1451,Montgomery,2283,Montgomery Precinct 13-019,1401,666,249,882,2283,1.0,0.6136662286465178,0.38633377135348224,1368,0.29172141918528255,0.10906701708278581,0.5992115637319316
1452,Montgomery,2350,Montgomery Precinct 13-050,1442,634,149,908,2350,1.0,0.6136170212765958,0.38638297872340427,1567,0.26978723404255317,0.06340425531914894,0.6668085106382978
1453,Montgomery,3765,Montgomery Precinct 13-013,1279,696,111,2486,3765,1.0,0.3397078353253652,0.6602921646746348,2958,0.1848605577689243,0.02948207171314741,0.7856573705179283
1454,Montgomery,2381,Montgomery Precinct 13-023,1843,706,425,538,2381,1.0,0.7740445191096178,0.2259554808903822,1250,0.2965140697186056,0.17849643007139857,0.5249895002099958
1455,Montgomery,1565,Montgomery Precinct 13-042,700,357,132,865,1565,1.0,0.4472843450479233,0.5527156549520766,1076,0.2281150159744409,0.08434504792332269,0.6875399361022364
1456,Montgomery,1679,Montgomery Precinct 13-057,841,238,98,838,1679,1.0,0.5008933889219773,0.4991066110780226,1343,0.14175104228707563,0.058368076235854674,0.7998808814770697
1457,Montgomery,2284,Montgomery Precinct 13-063,625,233,124,1659,2284,1.0,0.2736427320490368,0.7263572679509632,1927,0.1020140105078809,0.0542907180385289,0.8436952714535902
1458,Montgomery,3381,Montgomery Precinct 13-011,1574,831,268,1807,3381,1.0,0.4655427388346643,0.5344572611653357,2282,0.24578527062999111,0.0792664892043774,0.6749482401656315
1459,Montgomery,2099,Montgomery Precinct 13-033,1120,461,261,979,2099,1.0,0.533587422582182,0.466412577417818,1377,0.21962839447355884,0.12434492615531205,0.6560266793711291
1460,Montgomery,1827,Montgomery Precinct 13-020,1491,418,420,336,1827,1.0,0.8160919540229885,0.1839080459770115,989,0.2287903667214012,0.22988505747126436,0.5413245758073344
1461,Prince George's,5205,Prince George's Precinct 17-007,218,787,49,4987,5205,1.0,0.04188280499519693,0.9581171950048031,4369,0.15120076849183478,0.00941402497598463,0.8393852065321806
1462,Prince George's,3271,Prince George's Precinct 17-006,182,263,44,3089,3271,1.0,0.05564047691837359,0.9443595230816264,2964,0.08040354631611128,0.013451543870376031,0.9061449098135127
1463,Montgomery,2481,Montgomery Precinct 13-006,1675,991,74,806,2481,1.0,0.675130995566304,0.3248690044336961,1416,0.3994357114066909,0.029826682789197905,0.5707376058041113
1464,Prince George's,6128,Prince George's Precinct 17-011,159,655,36,5969,6128,1.0,0.025946475195822456,0.9740535248041775,5437,0.1068864229765013,0.00587467362924282,0.8872389033942559
1465,Prince George's,1828,Prince George's Precinct 17-005,235,372,38,1593,1828,1.0,0.12855579868708972,0.8714442013129103,1418,0.20350109409190373,0.020787746170678335,0.7757111597374179
1466,Prince George's,11788,Prince George's Precinct 17-003,289,399,40,11499,11788,1.0,0.024516457414319646,0.9754835425856804,11349,0.033847980997624705,0.0033932813030200203,0.9627587376993553
1467,Prince George's,2108,Prince George's Precinct 20-004,210,554,68,1898,2108,1.0,0.09962049335863378,0.9003795066413662,1486,0.26280834914611007,0.03225806451612903,0.7049335863377609
1468,Prince George's,4017,Prince George's Precinct 13-015,398,884,103,3619,4017,1.0,0.0990789146128952,0.9009210853871048,3030,0.22006472491909385,0.02564102564102564,0.7542942494398805
1469,Prince George's,2880,Prince George's Precinct 20-008,292,772,93,2588,2880,1.0,0.10138888888888889,0.8986111111111111,2015,0.26805555555555555,0.03229166666666667,0.6996527777777778
1470,Prince George's,4069,Prince George's Precinct 14-002,436,888,100,3633,4069,1.0,0.10715163430818384,0.8928483656918161,3081,0.21823543868272302,0.024576062914721062,0.7571884984025559
1471,Prince George's,1627,Prince George's Precinct 20-009,352,561,87,1275,1627,1.0,0.21634910878918254,0.7836508912108174,979,0.34480639213275965,0.05347264904732637,0.6017209588199139
1472,Prince George's,3117,Prince George's Precinct 21-013,555,732,101,2562,3117,1.0,0.17805582290664101,0.821944177093359,2284,0.23484119345524543,0.032402951555983314,0.7327558549887713
1473,Prince George's,2475,Prince George's Precinct 10-011,490,470,124,1985,2475,1.0,0.19797979797979798,0.802020202020202,1881,0.1898989898989899,0.050101010101010104,0.76
1474,Prince George's,3268,Prince George's Precinct 14-008,577,419,74,2691,3268,1.0,0.17656058751529988,0.8234394124847001,2775,0.12821297429620562,0.022643818849449205,0.8491432068543452
1475,Prince George's,1816,Prince George's Precinct 10-010,503,386,121,1313,1816,1.0,0.27698237885462557,0.7230176211453745,1309,0.21255506607929514,0.06662995594713657,0.7208149779735683
1476,Montgomery,2828,Montgomery Precinct 13-028,772,280,154,2056,2828,1.0,0.272984441301273,0.727015558698727,2394,0.09900990099009901,0.054455445544554455,0.8465346534653465
1477,Montgomery,2804,Montgomery Precinct 13-001,1219,459,263,1585,2804,1.0,0.4347360912981455,0.5652639087018545,2082,0.1636947218259629,0.09379457917261055,0.7425106990014265
1478,Montgomery,3327,Montgomery Precinct 13-055,474,352,43,2853,3327,1.0,0.1424706943192065,0.8575293056807936,2932,0.10580102194168921,0.012924556657649534,0.8812744214006613
1479,Montgomery,4237,Montgomery Precinct 13-054,3592,1126,739,645,4237,1.0,0.8477696483360868,0.15223035166391313,2372,0.2657540712768468,0.17441586027849892,0.5598300684446542
1480,Montgomery,2942,Montgomery Precinct 13-069,2441,650,446,501,2942,1.0,0.8297076818490823,0.17029231815091775,1846,0.22093813732154996,0.15159755268524813,0.6274643099932019
1481,Montgomery,2381,Montgomery Precinct 13-061,1119,843,435,1262,2381,1.0,0.46997060058798823,0.5300293994120118,1103,0.35405291894162116,0.18269634607307852,0.4632507349853003
1482,Montgomery,1528,Montgomery Precinct 05-022,892,387,190,636,1528,1.0,0.5837696335078534,0.4162303664921466,951,0.2532722513089005,0.1243455497382199,0.6223821989528796
1483,Montgomery,3868,Montgomery Precinct 05-009,1730,921,554,2138,3868,1.0,0.44725956566701136,0.5527404343329886,2393,0.23810754912099277,0.14322647362978283,0.6186659772492245
1484,Montgomery,3207,Montgomery Precinct 05-016,1526,795,462,1681,3207,1.0,0.4758341128780792,0.5241658871219208,1950,0.24789522918615528,0.14405986903648269,0.608044901777362
1485,Montgomery,2145,Montgomery Precinct 08-010,1308,397,353,837,2145,1.0,0.6097902097902098,0.3902097902097902,1395,0.1850815850815851,0.16456876456876457,0.6503496503496503
1486,Montgomery,2954,Montgomery Precinct 08-011,1813,550,449,1141,2954,1.0,0.6137440758293838,0.3862559241706161,1955,0.18618821936357483,0.15199729180771834,0.6618144888287069
1487,Montgomery,3717,Montgomery Precinct 08-002,2746,747,881,971,3717,1.0,0.7387678235135863,0.2612321764864138,2089,0.2009685230024213,0.2370191014258811,0.5620123755716976
1488,Montgomery,3819,Montgomery Precinct 08-006,2643,621,833,1176,3819,1.0,0.6920659858601729,0.3079340141398272,2365,0.16260801256873528,0.2181199266823776,0.6192720607488872
1489,Montgomery,3868,Montgomery Precinct 05-011,1493,582,217,2375,3868,1.0,0.3859875904860393,0.6140124095139607,3069,0.15046535677352638,0.05610134436401241,0.7934332988624612
1490,Montgomery,2076,Montgomery Precinct 05-008,519,767,314,1557,2076,1.0,0.25,0.75,995,0.3694605009633911,0.151252408477842,0.47928709055876684
1491,Montgomery,3479,Montgomery Precinct 05-015,1827,553,562,1652,3479,1.0,0.5251509054325956,0.47484909456740443,2364,0.158953722334004,0.161540672607071,0.679505605058925
1492,Montgomery,3713,Montgomery Precinct 05-001,1392,705,401,2321,3713,1.0,0.37489900350121197,0.625100996498788,2607,0.189873417721519,0.10799892270401293,0.7021276595744681
1493,Montgomery,3773,Montgomery Precinct 05-017,1397,667,310,2376,3773,1.0,0.37026239067055394,0.6297376093294461,2796,0.1767824012721972,0.08216273522395971,0.7410548635038431
1494,Montgomery,3392,Montgomery Precinct 05-019,1731,482,456,1661,3392,1.0,0.5103183962264151,0.4896816037735849,2454,0.1420990566037736,0.13443396226415094,0.7234669811320755
1495,Montgomery,1722,Montgomery Precinct 05-018,1069,241,312,653,1722,1.0,0.6207897793263647,0.3792102206736353,1169,0.13995354239256677,0.18118466898954705,0.6788617886178862
1496,Howard,2112,Howard Precinct 05-011,1724,355,729,388,2112,1.0,0.8162878787878788,0.18371212121212122,1028,0.16808712121212122,0.34517045454545453,0.48674242424242425
1497,Howard,1558,Howard Precinct 05-020,1249,263,577,309,1558,1.0,0.8016688061617459,0.19833119383825418,718,0.168806161745828,0.3703465982028241,0.46084724005134786
1498,Howard,1752,Howard Precinct 04-006,1451,258,793,301,1752,1.0,0.8281963470319634,0.17180365296803654,701,0.14726027397260275,0.4526255707762557,0.4001141552511416
1499,Howard,1427,Howard Precinct 04-002,1273,220,721,154,1427,1.0,0.8920812894183602,0.1079187105816398,486,0.15416958654519972,0.5052557813594954,0.3405746320953048
1500,Howard,2228,Howard Precinct 05-019,1846,340,858,382,2228,1.0,0.8285457809694794,0.17145421903052063,1030,0.1526032315978456,0.3850987432675045,0.4622980251346499
1501,Howard,2504,Howard Precinct 05-001,1817,372,826,687,2504,1.0,0.7256389776357828,0.2743610223642173,1306,0.1485623003194888,0.32987220447284343,0.5215654952076677
1502,Howard,1727,Howard Precinct 03-006,1346,251,624,381,1727,1.0,0.7793862188766647,0.22061378112333527,852,0.1453387376954256,0.3613202084539664,0.493341053850608
1503,Prince George's,4719,Prince George's Precinct 01-001,1090,767,289,3629,4719,1.0,0.23098114007204917,0.7690188599279508,3663,0.162534435261708,0.06124178851451579,0.7762237762237763
1504,Montgomery,4171,Montgomery Precinct 05-002,955,606,81,3216,4171,1.0,0.22896187964516904,0.771038120354831,3484,0.14528889954447374,0.01941980340445936,0.8352912970510669
1505,Montgomery,5053,Montgomery Precinct 05-021,610,639,103,4443,5053,1.0,0.12072036414011478,0.8792796358598852,4311,0.12645952899267762,0.020383930338412824,0.8531565406689096
1506,Prince George's,3119,Prince George's Precinct 01-004,1032,420,315,2087,3119,1.0,0.3308752805386342,0.6691247194613659,2384,0.1346585444052581,0.10099390830394357,0.7643475472907983
1507,Prince George's,3959,Prince George's Precinct 10-013,1179,746,251,2780,3959,1.0,0.2978024753725688,0.7021975246274311,2962,0.18843142207628188,0.06339984844657742,0.7481687294771406
1508,Prince George's,3293,Prince George's Precinct 10-005,2310,536,681,983,3293,1.0,0.7014880048587914,0.29851199514120863,2076,0.16276951108411783,0.20680230792590343,0.6304281809899788
1509,Howard,2158,Howard Precinct 05-006,1511,559,783,647,2158,1.0,0.7001853568118629,0.29981464318813716,816,0.25903614457831325,0.3628359592215014,0.37812789620018533
1510,Howard,2369,Howard Precinct 06-028,1575,445,685,794,2369,1.0,0.6648374841705361,0.33516251582946394,1239,0.18784297171802447,0.2891515407344871,0.5230054875474884
1511,Howard,1568,Howard Precinct 06-032,1213,222,463,355,1568,1.0,0.7735969387755102,0.2264030612244898,883,0.14158163265306123,0.29528061224489793,0.5631377551020408
1512,Howard,1414,Howard Precinct 06-003,1102,250,368,312,1414,1.0,0.7793493635077794,0.22065063649222066,796,0.1768033946251768,0.26025459688826025,0.562942008486563
1513,Howard,2320,Howard Precinct 05-005,1501,432,660,819,2320,1.0,0.6469827586206897,0.35301724137931034,1228,0.18620689655172415,0.28448275862068967,0.5293103448275862
1514,Howard,1265,Howard Precinct 05-013,838,255,197,427,1265,1.0,0.6624505928853754,0.3375494071146245,813,0.2015810276679842,0.15573122529644268,0.6426877470355731
1515,Prince George's,3641,Prince George's Precinct 10-006,792,719,216,2849,3641,1.0,0.2175226586102719,0.7824773413897281,2706,0.19747322164240594,0.059324361439165064,0.743202416918429
1516,Prince George's,5674,Prince George's Precinct 10-012,1116,1048,227,4558,5674,1.0,0.19668664081776524,0.8033133591822348,4399,0.18470215015861827,0.04000704970038774,0.775290800140994
1517,Prince George's,2589,Prince George's Precinct 10-008,672,336,157,1917,2589,1.0,0.25955967555040554,0.7404403244495944,2096,0.12977983777520277,0.06064117419853225,0.8095789880262649
1518,Prince George's,2312,Prince George's Precinct 10-007,684,386,184,1628,2312,1.0,0.2958477508650519,0.7041522491349481,1742,0.16695501730103807,0.07958477508650519,0.7534602076124568
1519,Montgomery,2978,Montgomery Precinct 04-016,1734,725,558,1244,2978,1.0,0.5822699798522498,0.4177300201477502,1695,0.24345198119543318,0.18737407656145064,0.5691739422431162
1520,Montgomery,3619,Montgomery Precinct 09-031,2072,517,289,1547,3619,1.0,0.5725338491295938,0.4274661508704062,2813,0.14285714285714285,0.07985631389886709,0.77728654324399
1521,Montgomery,2298,Montgomery Precinct 04-025,1598,484,399,700,2298,1.0,0.6953872932985204,0.30461270670147955,1415,0.21061792863359444,0.17362924281984335,0.6157528285465622
1522,Montgomery,3285,Montgomery Precinct 04-002,2202,602,401,1083,3285,1.0,0.6703196347031963,0.32968036529680367,2282,0.1832572298325723,0.12207001522070016,0.6946727549467275
1523,Montgomery,4300,Montgomery Precinct 04-005,1924,456,336,2376,4300,1.0,0.4474418604651163,0.5525581395348838,3508,0.10604651162790697,0.07813953488372093,0.815813953488372
1524,Montgomery,4790,Montgomery Precinct 04-030,2487,506,227,2303,4790,1.0,0.5192066805845511,0.48079331941544884,4057,0.10563674321503132,0.04739039665970773,0.846972860125261
1525,Montgomery,4662,Montgomery Precinct 04-003,3043,842,512,1619,4662,1.0,0.6527241527241527,0.34727584727584726,3308,0.1806091806091806,0.10982410982410983,0.7095667095667095
1526,Montgomery,5108,Montgomery Precinct 04-001,2098,648,360,3010,5108,1.0,0.4107282693813626,0.5892717306186375,4100,0.12685982772122162,0.07047768206734534,0.8026624902114331
1527,Montgomery,2330,Montgomery Precinct 04-019,1228,293,249,1102,2330,1.0,0.527038626609442,0.47296137339055794,1788,0.1257510729613734,0.10686695278969957,0.7673819742489271
1528,Montgomery,4373,Montgomery Precinct 09-002,1270,554,383,3103,4373,1.0,0.2904184770180654,0.7095815229819346,3436,0.1266864852504002,0.08758289503773153,0.7857306197118683
1529,Montgomery,2013,Montgomery Precinct 09-010,999,116,75,1014,2013,1.0,0.496274217585693,0.503725782414307,1822,0.057625434674615006,0.037257824143070044,0.905116741182315
1530,Montgomery,2692,Montgomery Precinct 09-020,900,344,213,1792,2692,1.0,0.3343239227340267,0.6656760772659732,2135,0.1277860326894502,0.07912332838038633,0.7930906389301634
1531,Montgomery,6198,Montgomery Precinct 09-007,1690,606,170,4508,6198,1.0,0.27266860277508875,0.7273313972249112,5422,0.09777347531461762,0.027428202646014845,0.8747983220393676
1532,Montgomery,2732,Montgomery Precinct 09-021,1219,374,384,1513,2732,1.0,0.44619326500732065,0.5538067349926794,1974,0.13689604685212298,0.14055636896046853,0.7225475841874085
1533,Montgomery,3032,Montgomery Precinct 01-003,1503,665,522,1529,3032,1.0,0.495712401055409,0.5042875989445911,1845,0.21932717678100264,0.17216358839050133,0.6085092348284961
1534,Montgomery,2208,Montgomery Precinct 09-036,721,343,248,1487,2208,1.0,0.32653985507246375,0.6734601449275363,1617,0.15534420289855072,0.11231884057971014,0.7323369565217391
1535,Montgomery,2513,Montgomery Precinct 09-014,1479,443,384,1034,2513,1.0,0.5885395941106247,0.41146040588937527,1686,0.176283326701154,0.15280541185833665,0.6709112614405094
1536,Montgomery,2630,Montgomery Precinct 09-037,879,367,224,1751,2630,1.0,0.33422053231939164,0.6657794676806084,2039,0.13954372623574143,0.08517110266159696,0.7752851711026616
1537,Montgomery,3688,Montgomery Precinct 09-004,1261,506,330,2427,3688,1.0,0.34191973969631234,0.6580802603036876,2852,0.13720173535791758,0.08947939262472886,0.7733188720173536
1538,Montgomery,2392,Montgomery Precinct 01-004,896,350,291,1496,2392,1.0,0.3745819397993311,0.6254180602006689,1751,0.14632107023411373,0.12165551839464883,0.7320234113712375
1539,Montgomery,1813,Montgomery Precinct 01-006,1015,243,338,798,1813,1.0,0.5598455598455598,0.44015444015444016,1232,0.13403199117484832,0.18643132928847214,0.6795366795366795
1540,Montgomery,2859,Montgomery Precinct 01-005,1725,410,608,1134,2859,1.0,0.6033578174186779,0.39664218258132217,1841,0.14340678558936693,0.21266176984959775,0.6439314445610353
1541,Prince George's,4015,Prince George's Precinct 17-001,867,861,114,3148,4015,1.0,0.21594022415940226,0.7840597758405977,3040,0.21444582814445828,0.028393524283935243,0.7571606475716065
1542,Prince George's,4299,Prince George's Precinct 17-004,184,470,37,4115,4299,1.0,0.04280065131425913,0.9571993486857409,3792,0.10932775063968364,0.008606652709932543,0.8820655966503839
1543,Prince George's,4706,Prince George's Precinct 16-004,679,570,122,4027,4706,1.0,0.14428389290267743,0.8557161070973226,4014,0.12112197195070123,0.02592435189120272,0.852953676158096
1544,Prince George's,2240,Prince George's Precinct 17-002,384,391,76,1856,2240,1.0,0.17142857142857143,0.8285714285714286,1773,0.17455357142857142,0.033928571428571426,0.7915178571428572
1545,Prince George's,2034,Prince George's Precinct 02-002,261,313,64,1773,2034,1.0,0.12831858407079647,0.8716814159292036,1657,0.15388397246804325,0.03146509341199607,0.8146509341199607
1547,Prince George's,951,Prince George's Precinct 16-002,359,217,73,592,951,1.0,0.3774973711882229,0.6225026288117771,661,0.22818086225026288,0.07676130389064142,0.6950578338590957
1548,Prince George's,4706,Prince George's Precinct 16-003,1856,1134,252,2850,4706,1.0,0.3943901402464938,0.6056098597535061,3320,0.2409689757756056,0.05354866128346791,0.7054823629409265
1549,Prince George's,154,Prince George's Precinct 16-005,43,23,12,111,154,1.0,0.2792207792207792,0.7207792207792207,119,0.14935064935064934,0.07792207792207792,0.7727272727272727
1550,Prince George's,6797,Prince George's Precinct 17-010,330,756,87,6467,6797,1.0,0.048550831249080474,0.9514491687509196,5954,0.11122554067971163,0.012799764602030307,0.8759746947182581
1551,Prince George's,5527,Prince George's Precinct 17-008,1048,477,104,4479,5527,1.0,0.1896146191423919,0.8103853808576081,4946,0.08630360050660395,0.018816717930161028,0.894879681563235
1552,Prince George's,3704,Prince George's Precinct 17-009,589,361,72,3115,3704,1.0,0.1590172786177106,0.8409827213822895,3271,0.0974622030237581,0.019438444924406047,0.8830993520518359
1553,Prince George's,1964,Prince George's Precinct 19-003,1471,654,235,493,1964,1.0,0.7489816700610998,0.2510183299389002,1075,0.3329938900203666,0.11965376782077393,0.5473523421588594
1554,Prince George's,465,Prince George's Precinct 21-012,342,146,92,123,465,1.0,0.7354838709677419,0.2645161290322581,227,0.3139784946236559,0.1978494623655914,0.4881720430107527
1555,Prince George's,10748,Prince George's Precinct 21-017,6779,251,85,3969,10748,1.0,0.6307219947897283,0.36927800521027165,10412,0.023353181987346483,0.007908448083364347,0.9687383699292892
1556,Montgomery,3296,Montgomery Precinct 13-018,1232,758,131,2064,3296,1.0,0.3737864077669903,0.6262135922330098,2407,0.22997572815533981,0.039745145631067964,0.7302791262135923
1557,Montgomery,6272,Montgomery Precinct 13-022,1086,758,94,5186,6272,1.0,0.17315051020408162,0.8268494897959183,5420,0.12085459183673469,0.014987244897959183,0.8641581632653061
1558,Montgomery,2160,Montgomery Precinct 05-003,883,961,337,1277,2160,1.0,0.40879629629629627,0.5912037037037037,862,0.4449074074074074,0.15601851851851853,0.3990740740740741
1559,Prince George's,5990,Prince George's Precinct 17-012,431,524,55,5559,5990,1.0,0.07195325542570952,0.9280467445742905,5411,0.08747913188647746,0.009181969949916527,0.903338898163606
1560,Montgomery,5829,Montgomery Precinct 05-014,601,338,79,5228,5829,1.0,0.10310516383599246,0.8968948361640076,5412,0.05798593240693086,0.013552925030022303,0.9284611425630468
1561,Montgomery,3086,Montgomery Precinct 05-010,859,377,137,2227,3086,1.0,0.2783538561244329,0.721646143875567,2572,0.12216461438755671,0.04439403758911212,0.8334413480233311
1562,Montgomery,2340,Montgomery Precinct 05-005,1093,566,236,1247,2340,1.0,0.4670940170940171,0.5329059829059829,1538,0.24188034188034188,0.10085470085470086,0.6572649572649573
1563,Montgomery,4504,Montgomery Precinct 05-006,1382,755,328,3122,4504,1.0,0.30683836589698044,0.6931616341030196,3421,0.16762877442273535,0.07282415630550622,0.7595470692717584
1565,Prince George's,2857,Prince George's Precinct 21-005,441,397,111,2416,2857,1.0,0.1543577178858943,0.8456422821141057,2349,0.13895694784739238,0.03885194259712986,0.8221911095554778
1566,Prince George's,2323,Prince George's Precinct 21-015,1101,264,153,1222,2323,1.0,0.47395609126130006,0.5260439087387,1906,0.113646147223418,0.06586310804993543,0.8204907447266466
1567,Prince George's,1633,Prince George's Precinct 21-014,475,333,138,1158,1633,1.0,0.2908756889161053,0.7091243110838946,1162,0.2039191671769749,0.08450704225352113,0.711573790569504
1568,Prince George's,5119,Prince George's Precinct 01-003,746,667,124,4373,5119,1.0,0.14573158820082047,0.8542684117991796,4328,0.13029888650126978,0.02422348114866185,0.8454776323500683
1569,Montgomery,1247,Montgomery Precinct 05-004,492,538,239,755,1247,1.0,0.3945469125902165,0.6054530874097834,470,0.4314354450681636,0.19165998396150763,0.3769045709703288
1570,Howard,1476,Howard Precinct 05-023,899,293,179,577,1476,1.0,0.6090785907859079,0.39092140921409213,1004,0.19850948509485095,0.12127371273712736,0.6802168021680217
1571,Howard,2674,Howard Precinct 05-009,883,376,187,1791,2674,1.0,0.33021690351533284,0.6697830964846672,2111,0.1406133133881825,0.06993268511593119,0.7894540014958863
1572,Howard,837,Howard Precinct 05-002,604,193,127,233,837,1.0,0.7216248506571087,0.27837514934289126,517,0.23058542413381122,0.15173237753882915,0.6176821983273596
1573,Howard,70,Howard Precinct 02-022,57,14,8,13,70,1.0,0.8142857142857143,0.18571428571428572,48,0.2,0.11428571428571428,0.6857142857142857
1574,Howard,2055,Howard Precinct 03-003,1577,285,651,478,2055,1.0,0.767396593673966,0.23260340632603407,1119,0.1386861313868613,0.3167883211678832,0.5445255474452555
1575,Howard,1663,Howard Precinct 03-001,1335,215,537,328,1663,1.0,0.8027660853878533,0.19723391461214673,911,0.12928442573662058,0.32291040288635,0.5478051713770294
1576,Howard,228,Howard Precinct 03-004,180,25,64,48,228,1.0,0.7894736842105263,0.21052631578947367,139,0.10964912280701754,0.2807017543859649,0.6096491228070176
1577,Howard,2119,Howard Precinct 02-017,1305,321,489,814,2119,1.0,0.6158565361019349,0.38414346389806514,1309,0.1514865502595564,0.23076923076923078,0.6177442189712128
1578,Howard,2614,Howard Precinct 05-015,1651,547,395,963,2614,1.0,0.6315990818668707,0.3684009181331293,1672,0.20925784238714615,0.15110941086457536,0.6396327467482785
1579,Howard,2031,Howard Precinct 05-008,1199,451,181,832,2031,1.0,0.5903495814869523,0.4096504185130478,1399,0.2220580994583949,0.08911866075824718,0.6888232397833579
1580,Howard,2609,Howard Precinct 05-004,1301,537,240,1308,2609,1.0,0.49865848984285166,0.5013415101571483,1832,0.20582598696818705,0.09198926791874282,0.7021847451130702
1581,Howard,802,Howard Precinct 06-012,491,196,122,311,802,1.0,0.6122194513715711,0.3877805486284289,484,0.24438902743142144,0.15211970074812967,0.6034912718204489
1582,Howard,2061,Howard Precinct 06-008,763,354,172,1298,2061,1.0,0.37020863658418246,0.6297913634158175,1535,0.1717612809315866,0.08345463367297429,0.744784085395439
1583,Howard,2606,Howard Precinct 06-017,1064,521,226,1542,2606,1.0,0.40828856485034537,0.5917114351496546,1859,0.19992325402916347,0.08672294704528012,0.7133537989255564
1584,Howard,2144,Howard Precinct 06-009,765,513,194,1379,2144,1.0,0.3568097014925373,0.6431902985074627,1437,0.2392723880597015,0.09048507462686567,0.6702425373134329
1585,Howard,850,Howard Precinct 05-014,658,168,171,192,850,1.0,0.7741176470588236,0.22588235294117648,511,0.1976470588235294,0.2011764705882353,0.6011764705882353
1586,Howard,1183,Howard Precinct 02-010,877,255,288,306,1183,1.0,0.7413355874894336,0.2586644125105664,640,0.21555367709213863,0.24344885883347422,0.5409974640743872
1587,Howard,3236,Howard Precinct 05-003,1699,594,255,1537,3236,1.0,0.5250309023485785,0.47496909765142153,2387,0.18355995055624227,0.0788009888751545,0.7376390605686032
1588,Howard,2420,Howard Precinct 05-016,1314,315,205,1106,2420,1.0,0.5429752066115703,0.4570247933884298,1900,0.13016528925619836,0.08471074380165289,0.7851239669421488
1589,Howard,993,Howard Precinct 02-014,745,225,174,248,993,1.0,0.7502517623363545,0.2497482376636455,594,0.22658610271903323,0.17522658610271905,0.5981873111782477
1590,Howard,1506,Howard Precinct 06-005,939,325,243,567,1506,1.0,0.6235059760956175,0.37649402390438247,938,0.2158034528552457,0.16135458167330677,0.6228419654714475
1591,Howard,1730,Howard Precinct 06-031,773,375,147,957,1730,1.0,0.44682080924855494,0.5531791907514451,1208,0.21676300578034682,0.08497109826589595,0.6982658959537572
1592,Howard,1628,Howard Precinct 06-010,1035,445,311,593,1628,1.0,0.6357493857493858,0.3642506142506142,872,0.27334152334152334,0.19103194103194104,0.5356265356265356
1593,Howard,1514,Howard Precinct 06-011,851,407,307,663,1514,1.0,0.5620871862615587,0.4379128137384412,800,0.26882430647291944,0.20277410832232498,0.5284015852047557
1594,Howard,1798,Howard Precinct 06-021,607,291,112,1191,1798,1.0,0.3375973303670745,0.6624026696329255,1395,0.1618464961067853,0.06229143492769744,0.7758620689655172
1595,Howard,1657,Howard Precinct 06-014,910,457,217,747,1657,1.0,0.5491852745926373,0.4508147254073627,983,0.27579963789981893,0.13095956547978274,0.5932407966203983
1596,Howard,2698,Howard Precinct 06-016,1280,508,294,1418,2698,1.0,0.4744255003706449,0.5255744996293551,1896,0.1882876204595997,0.10896960711638251,0.7027427724240178
1597,Howard,1142,Howard Precinct 06-006,821,379,217,321,1142,1.0,0.7189141856392294,0.28108581436077057,546,0.3318739054290718,0.19001751313485113,0.47810858143607704
1598,Howard,1146,Howard Precinct 02-020,847,163,183,299,1146,1.0,0.7390924956369983,0.26090750436300175,800,0.14223385689354276,0.15968586387434555,0.6980802792321117
1599,Howard,965,Howard Precinct 02-013,738,213,191,227,965,1.0,0.7647668393782383,0.23523316062176167,561,0.22072538860103627,0.19792746113989637,0.5813471502590674
1600,Howard,2258,Howard Precinct 02-004,994,294,251,1264,2258,1.0,0.4402125775022144,0.5597874224977857,1713,0.13020372010628875,0.11116031886625333,0.7586359610274579
1601,Howard,2706,Howard Precinct 02-003,2051,392,698,655,2706,1.0,0.7579453067257945,0.24205469327420548,1616,0.14486326681448633,0.2579453067257945,0.5971914264597191
1602,Anne Arundel,6637,Anne Arundel Precinct 04-007,3576,321,157,3061,6637,1.0,0.5387976495404551,0.461202350459545,6159,0.04836522525237306,0.023655265933403648,0.9279795088142233
1603,Anne Arundel,2138,Anne Arundel Precinct 04-019,624,346,95,1514,2138,1.0,0.29186155285313375,0.7081384471468662,1697,0.1618334892422825,0.04443405051449953,0.793732460243218
1604,Anne Arundel,1672,Anne Arundel Precinct 04-011,1012,211,313,660,1672,1.0,0.6052631578947368,0.39473684210526316,1148,0.12619617224880383,0.18720095693779903,0.6866028708133971
1605,Anne Arundel,1787,Anne Arundel Precinct 04-012,1244,165,363,543,1787,1.0,0.6961387800783436,0.30386121992165643,1259,0.0923335198656967,0.20313374370453274,0.7045327364297705
1606,Anne Arundel,1872,Anne Arundel Precinct 04-003,1469,156,452,403,1872,1.0,0.7847222222222222,0.2152777777777778,1264,0.08333333333333333,0.24145299145299146,0.6752136752136753
1607,Anne Arundel,2203,Anne Arundel Precinct 04-002,1531,288,436,672,2203,1.0,0.6949614162505674,0.3050385837494326,1479,0.1307308216068997,0.1979119382660009,0.6713572401270994
1608,Anne Arundel,3982,Anne Arundel Precinct 04-024,1617,456,207,2365,3982,1.0,0.40607734806629836,0.5939226519337016,3319,0.11451531893520844,0.051983927674535406,0.8335007533902562
1609,Anne Arundel,2792,Anne Arundel Precinct 04-018,453,643,438,2339,2792,1.0,0.16224928366762179,0.8377507163323782,1711,0.23030085959885388,0.15687679083094555,0.6128223495702005
1610,Anne Arundel,2335,Anne Arundel Precinct 02-023,1669,270,536,666,2335,1.0,0.7147751605995717,0.28522483940042825,1529,0.11563169164882227,0.22955032119914348,0.6548179871520342
1611,Anne Arundel,2103,Anne Arundel Precinct 02-024,1550,178,439,553,2103,1.0,0.7370423204945317,0.2629576795054684,1486,0.08464098906324298,0.20874940561103186,0.7066096053257251
1612,Anne Arundel,2435,Anne Arundel Precinct 01-020,1182,353,368,1253,2435,1.0,0.4854209445585216,0.5145790554414784,1714,0.14496919917864476,0.151129363449692,0.7039014373716632
1613,Anne Arundel,2219,Anne Arundel Precinct 01-021,618,350,118,1601,2219,1.0,0.2785038305543037,0.7214961694456963,1751,0.15772870662460567,0.05317710680486706,0.7890941865705272
1614,Anne Arundel,2392,Anne Arundel Precinct 01-019,966,338,289,1426,2392,1.0,0.40384615384615385,0.5961538461538461,1765,0.14130434782608695,0.12081939799331104,0.737876254180602
1615,Anne Arundel,1877,Anne Arundel Precinct 01-005,1116,209,297,761,1877,1.0,0.5945657964837506,0.4054342035162493,1371,0.11134789557805008,0.1582312200319659,0.730420884389984
1616,Anne Arundel,1391,Anne Arundel Precinct 01-024,699,197,200,692,1391,1.0,0.5025161754133717,0.4974838245866283,994,0.14162473040977713,0.14378145219266714,0.7145938173975557
1617,Anne Arundel,1706,Anne Arundel Precinct 02-001,1287,160,418,419,1706,1.0,0.7543962485345839,0.2456037514654162,1128,0.09378663540445487,0.24501758499413834,0.6611957796014069
1618,Anne Arundel,2031,Anne Arundel Precinct 01-006,1005,376,360,1026,2031,1.0,0.4948301329394387,0.5051698670605613,1295,0.18513047759724274,0.17725258493353027,0.637616937469227
1619,Howard,1701,Howard Precinct 01-010,1139,220,306,562,1701,1.0,0.6696061140505585,0.3303938859494415,1175,0.12933568489124045,0.17989417989417988,0.6907701352145796
1620,Howard,366,Howard Precinct 01-007,217,73,85,149,366,1.0,0.592896174863388,0.40710382513661203,208,0.1994535519125683,0.23224043715846995,0.5683060109289617
1621,Howard,2763,Howard Precinct 01-003,1793,341,404,970,2763,1.0,0.6489323199420919,0.35106768005790806,2018,0.12341657618530583,0.14621787911690193,0.7303655446977922
1622,Howard,357,Howard Precinct 01-012,290,136,220,67,357,1.1596091205211727,0.8123249299719888,0.1876750700280112,1,0.38095238095238093,0.6162464985994398,0.0028011204481792717
1623,Howard,595,Howard Precinct 01-005,437,99,193,158,595,1.0,0.7344537815126051,0.26554621848739496,303,0.16638655462184873,0.3243697478991597,0.5092436974789916
1624,Howard,1106,Howard Precinct 02-025,895,204,356,211,1106,1.0,0.8092224231464737,0.19077757685352623,546,0.1844484629294756,0.321880650994575,0.4936708860759494
1625,Howard,2449,Howard Precinct 02-016,1747,410,542,702,2449,1.0,0.7133523887300939,0.28664761126990607,1497,0.16741527153940383,0.2213148223764802,0.6112699060841159
1626,Howard,1747,Howard Precinct 01-009,1011,302,333,736,1747,1.0,0.5787063537492845,0.4212936462507155,1112,0.1728677733257012,0.19061247853463079,0.636519748139668
1627,Howard,1552,Howard Precinct 01-014,1128,262,543,424,1552,1.0,0.7268041237113402,0.27319587628865977,747,0.16881443298969073,0.34987113402061853,0.48131443298969073
1628,Howard,2886,Howard Precinct 01-002,1980,170,452,906,2886,1.0,0.6860706860706861,0.31392931392931395,2264,0.058905058905058906,0.15661815661815662,0.7844767844767845
1629,Howard,2586,Howard Precinct 01-004,1819,466,859,767,2586,1.0,0.7034029389017789,0.2965970610982212,1261,0.18020108275328692,0.33217324052590874,0.4876256767208043
1630,Howard,1159,Howard Precinct 01-011,906,136,222,253,1159,1.0,0.7817083692838654,0.2182916307161346,801,0.11734253666954271,0.1915444348576359,0.6911130284728214
1631,Howard,2733,Howard Precinct 02-002,1860,418,614,873,2733,1.0,0.6805708013172338,0.3194291986827662,1701,0.15294548115623857,0.22466154409074277,0.6223929747530187
1632,Howard,2180,Howard Precinct 02-001,1181,327,355,999,2180,1.0,0.541743119266055,0.45825688073394494,1498,0.15,0.1628440366972477,0.6871559633027523
1633,Howard,2500,Howard Precinct 02-023,936,198,168,1564,2500,1.0,0.3744,0.6256,2134,0.0792,0.0672,0.8536
1634,Prince George's,2446,Prince George's Precinct 21-007,1279,433,285,1167,2446,1.0,0.5228945216680294,0.4771054783319706,1728,0.17702371218315618,0.11651676206050696,0.7064595257563369
1635,Prince George's,3916,Prince George's Precinct 02-009,227,696,59,3689,3916,1.0,0.057967313585291114,0.9420326864147089,3161,0.177732379979571,0.015066394279877425,0.8072012257405515
1636,Prince George's,3022,Prince George's Precinct 02-010,285,422,67,2737,3022,1.0,0.0943084050297816,0.9056915949702184,2533,0.13964262078093978,0.022170747849106553,0.8381866313699536
1637,Prince George's,3459,Prince George's Precinct 02-006,329,638,106,3130,3459,1.0,0.09511419485400405,0.9048858051459959,2715,0.18444637178375253,0.030644694998554496,0.784908933217693
1638,Prince George's,2119,Prince George's Precinct 02-004,309,347,98,1810,2119,1.0,0.1458235016517225,0.8541764983482775,1674,0.16375648890986313,0.04624823029731005,0.7899952807928268
1639,Prince George's,3067,Prince George's Precinct 20-007,21,513,18,3046,3067,1.0,0.006847081838930551,0.9931529181610694,2536,0.16726442777958916,0.0058689272905119005,0.8268666449298989
1640,Prince George's,2332,Prince George's Precinct 20-012,113,356,12,2219,2332,1.0,0.04845626072041166,0.9515437392795884,1964,0.15265866209262435,0.005145797598627788,0.8421955403087479
1641,Prince George's,1239,Prince George's Precinct 21-009,565,234,81,674,1239,1.0,0.45601291364003227,0.5439870863599677,924,0.18886198547215496,0.06537530266343826,0.7457627118644068
1642,Prince George's,2546,Prince George's Precinct 20-005,461,474,102,2085,2546,1.0,0.18106834249803613,0.8189316575019638,1970,0.1861743912018853,0.04006284367635507,0.7737627651217597
1643,Prince George's,2412,Prince George's Precinct 20-006,332,440,97,2080,2412,1.0,0.13764510779436154,0.8623548922056384,1875,0.1824212271973466,0.04021558872305141,0.777363184079602
1644,Prince George's,1798,Prince George's Precinct 21-016,304,509,98,1494,1798,1.0,0.16907675194660735,0.8309232480533927,1191,0.28309232480533925,0.054505005561735265,0.6624026696329255
1645,Prince George's,3234,Prince George's Precinct 21-004,1237,342,173,1997,3234,1.0,0.38249845392702536,0.6175015460729747,2719,0.10575139146567718,0.053494124922696354,0.8407544836116265
1646,Prince George's,2721,Prince George's Precinct 21-010,1330,366,238,1391,2721,1.0,0.48879088570378537,0.5112091142962146,2117,0.1345093715545755,0.0874678427048879,0.7780227857405365
1647,Prince George's,850,Prince George's Precinct 01-008,369,132,46,481,850,1.0,0.43411764705882355,0.5658823529411765,672,0.15529411764705883,0.05411764705882353,0.7905882352941176
1649,Prince George's,2859,Prince George's Precinct 01-005,1391,484,385,1468,2859,1.0,0.48653375306051067,0.5134662469394893,1990,0.16928996152500875,0.13466246939489332,0.6960475690800979
1650,Prince George's,4986,Prince George's Precinct 21-008,194,363,35,4792,4986,1.0,0.03890894504612916,0.9610910549538708,4588,0.07280385078219014,0.007019655034095467,0.9201764941837144
1652,Prince George's,3492,Prince George's Precinct 21-003,1976,883,256,1516,3492,1.0,0.565864833906071,0.434135166093929,2353,0.25286368843069873,0.07331042382588775,0.6738258877434136
1653,Prince George's,2659,Prince George's Precinct 21-006,1934,702,302,725,2659,1.0,0.7273411056788266,0.27265889432117335,1655,0.2640090259496051,0.1135765325310267,0.6224144415193682
1654,Prince George's,2024,Prince George's Precinct 01-002,921,250,145,1103,2024,1.0,0.4550395256916996,0.5449604743083004,1629,0.12351778656126482,0.0716403162055336,0.8048418972332015
1655,Prince George's,1731,Prince George's Precinct 01-006,330,440,71,1401,1731,1.0,0.19064124783362218,0.8093587521663779,1220,0.2541883304448296,0.04101675332177932,0.7047949162333911
1656,Prince George's,2436,Prince George's Precinct 13-003,24,628,26,2412,2436,1.0,0.009852216748768473,0.9901477832512315,1782,0.25779967159277506,0.010673234811165846,0.7315270935960592
1657,Prince George's,1716,Prince George's Precinct 20-002,186,249,21,1530,1716,1.0,0.10839160839160839,0.8916083916083916,1446,0.1451048951048951,0.012237762237762238,0.8426573426573427
1658,Prince George's,957,Prince George's Precinct 20-013,19,134,13,938,957,1.0,0.019853709508881923,0.9801462904911181,810,0.1400208986415883,0.013584117032392894,0.8463949843260188
1659,Prince George's,1875,Prince George's Precinct 20-003,26,586,23,1849,1875,1.0,0.013866666666666666,0.9861333333333333,1266,0.31253333333333333,0.012266666666666667,0.6752
1660,Prince George's,2857,Prince George's Precinct 20-011,168,621,36,2689,2857,1.0,0.05880294014700735,0.9411970598529926,2200,0.21736086804340218,0.012600630031501575,0.7700385019250963
1661,Prince George's,3387,Prince George's Precinct 20-001,567,699,182,2820,3387,1.0,0.16740478299379982,0.8325952170062002,2506,0.20637732506643047,0.05373486861529377,0.7398878063182758
1662,Prince George's,3358,Prince George's Precinct 21-018,545,680,91,2813,3358,1.0,0.16229898749255509,0.8377010125074449,2587,0.20250148898153664,0.027099463966646812,0.7703990470518166
1663,Prince George's,3792,Prince George's Precinct 21-011,512,626,109,3280,3792,1.0,0.1350210970464135,0.8649789029535865,3057,0.16508438818565402,0.028744725738396624,0.8061708860759493
1664,Prince George's,2484,Prince George's Precinct 20-010,566,408,144,1918,2484,1.0,0.2278582930756844,0.7721417069243156,1932,0.1642512077294686,0.057971014492753624,0.7777777777777778
1665,Prince George's,3859,Prince George's Precinct 13-005,536,1302,99,3323,3859,1.0,0.1388960870691889,0.8611039129308111,2458,0.3373931070225447,0.025654314589271834,0.6369525783881834
1666,Prince George's,3469,Prince George's Precinct 10-001,531,397,82,2938,3469,1.0,0.15307004900547708,0.846929950994523,2990,0.1144422023637936,0.02363793600461228,0.8619198616315941
1667,Prince George's,4592,Prince George's Precinct 10-002,1524,715,277,3068,4592,1.0,0.3318815331010453,0.6681184668989547,3600,0.155705574912892,0.06032229965156794,0.7839721254355401
1668,Prince George's,3148,Prince George's Precinct 10-004,732,554,108,2416,3148,1.0,0.23252858958068615,0.7674714104193139,2486,0.17598475222363405,0.03430749682337993,0.7897077509529861
1669,Howard,2070,Howard Precinct 06-024,1087,327,262,983,2070,1.0,0.5251207729468599,0.4748792270531401,1481,0.15797101449275364,0.12657004830917876,0.7154589371980676
1670,Prince George's,2617,Prince George's Precinct 10-003,1178,317,218,1439,2617,1.0,0.45013374092472297,0.5498662590752771,2082,0.12113106610622851,0.08330149025601834,0.7955674436377531
1671,Howard,2038,Howard Precinct 06-015,813,383,250,1225,2038,1.0,0.3989205103042198,0.6010794896957802,1405,0.18792934249263984,0.12266928361138371,0.6894013738959764
1672,Prince George's,4448,Prince George's Precinct 10-009,845,474,117,3603,4448,1.0,0.18997302158273383,0.8100269784172662,3857,0.10656474820143885,0.026303956834532374,0.8671312949640287
1673,Anne Arundel,3177,Anne Arundel Precinct 04-017,1534,283,235,1643,3177,1.0,0.4828454516839786,0.5171545483160214,2659,0.08907774630154233,0.0739691532892666,0.836953100409191
1674,Anne Arundel,2642,Anne Arundel Precinct 04-001,1022,317,241,1620,2642,1.0,0.38682816048448143,0.6131718395155186,2084,0.11998485995457986,0.09121877365632097,0.7887963663890991
1675,Howard,2652,Howard Precinct 06-034,914,364,189,1738,2652,1.0,0.34464555052790347,0.6553544494720965,2099,0.13725490196078433,0.07126696832579185,0.7914781297134238
1676,Howard,3014,Howard Precinct 06-002,1196,616,351,1818,3014,1.0,0.39681486396814863,0.6031851360318513,2047,0.20437956204379562,0.11645653616456536,0.679163901791639
1677,Anne Arundel,2646,Anne Arundel Precinct 04-009,961,652,318,1685,2646,1.0,0.36318972033257746,0.6368102796674225,1676,0.24640967498110355,0.12018140589569161,0.6334089191232048
1678,Howard,2624,Howard Precinct 06-035,1067,665,412,1557,2624,1.0,0.4066310975609756,0.5933689024390244,1547,0.2534298780487805,0.15701219512195122,0.5895579268292683
1679,Howard,734,Howard Precinct 06-023,589,189,203,145,734,1.0,0.8024523160762943,0.19754768392370572,342,0.2574931880108992,0.276566757493188,0.4659400544959128
1680,Howard,732,Howard Precinct 06-025,584,142,249,148,732,1.0,0.7978142076502732,0.20218579234972678,341,0.19398907103825136,0.3401639344262295,0.46584699453551914
1681,Howard,1711,Howard Precinct 06-018,1218,347,366,493,1711,1.0,0.711864406779661,0.288135593220339,998,0.20280537697253068,0.21390999415546463,0.5832846288720047
1682,Howard,2583,Howard Precinct 06-026,1654,613,402,929,2583,1.0,0.6403406891211769,0.3596593108788231,1568,0.2373209446380178,0.15563298490127758,0.6070460704607046
1683,Howard,2014,Howard Precinct 06-004,1661,511,605,353,2014,1.0,0.8247269116186693,0.17527308838133068,898,0.25372393247269115,0.30039721946375375,0.4458788480635551
1684,Howard,2046,Howard Precinct 06-027,920,405,275,1126,2046,1.0,0.4496578690127077,0.5503421309872922,1366,0.19794721407624633,0.13440860215053763,0.667644183773216
1685,Howard,2202,Howard Precinct 06-001,1204,229,338,998,2202,1.0,0.5467756584922797,0.45322434150772023,1635,0.10399636693914623,0.15349682107175294,0.7425068119891008
1686,Howard,2052,Howard Precinct 06-033,1179,297,338,873,2052,1.0,0.5745614035087719,0.42543859649122806,1417,0.14473684210526316,0.16471734892787523,0.6905458089668616
1687,Howard,2183,Howard Precinct 06-020,1321,423,317,862,2183,1.0,0.6051305542830967,0.39486944571690336,1443,0.19377004122766833,0.14521300961978928,0.6610169491525424
1688,Howard,1571,Howard Precinct 06-013,1066,285,220,505,1571,1.0,0.6785486950986632,0.3214513049013367,1066,0.18141311266709104,0.1400381922342457,0.6785486950986632
1689,Howard,1813,Howard Precinct 06-022,1127,370,248,686,1813,1.0,0.6216216216216216,0.3783783783783784,1195,0.20408163265306123,0.13678985107556535,0.6591285162713734
1690,Howard,2296,Howard Precinct 06-019,970,504,199,1326,2296,1.0,0.42247386759581884,0.5775261324041812,1593,0.21951219512195122,0.08667247386759581,0.693815331010453
1691,Howard,2941,Howard Precinct 05-022,1846,703,625,1095,2941,1.0,0.6276776606596396,0.3723223393403604,1613,0.23903434206052362,0.21251275076504592,0.5484529071744305
1692,Howard,2781,Howard Precinct 05-010,1666,564,588,1115,2781,1.0,0.5990650845019777,0.4009349154980223,1629,0.20280474649406688,0.21143473570658036,0.5857605177993528
1693,Howard,2429,Howard Precinct 05-021,1336,438,197,1093,2429,1.0,0.5500205846027172,0.4499794153972828,1794,0.18032111980238782,0.08110333470564018,0.738575545491972
1694,Howard,1794,Howard Precinct 05-017,1247,403,293,547,1794,1.0,0.6950947603121517,0.3049052396878484,1098,0.2246376811594203,0.1633221850613155,0.6120401337792643
1695,Howard,1525,Howard Precinct 05-018,826,226,130,699,1525,1.0,0.5416393442622951,0.4583606557377049,1169,0.1481967213114754,0.08524590163934426,0.7665573770491804
1696,Howard,1777,Howard Precinct 05-007,997,400,217,780,1777,1.0,0.5610579628587508,0.4389420371412493,1160,0.22509848058525606,0.1221159257175014,0.6527855936972425
1697,Howard,1870,Howard Precinct 05-012,1022,438,257,848,1870,1.0,0.546524064171123,0.453475935828877,1175,0.23422459893048128,0.1374331550802139,0.6283422459893048
1698,Baltimore City,1766,Baltimore City Precinct 15-001,42,348,33,1724,1766,1.0,0.02378255945639864,0.9762174405436014,1385,0.1970554926387316,0.01868629671574179,0.7842582106455266
1699,Baltimore City,571,Baltimore City Precinct 28-003,5,119,7,566,571,1.0,0.008756567425569177,0.9912434325744308,445,0.2084063047285464,0.012259194395796848,0.7793345008756567
1700,Baltimore City,1228,Baltimore City Precinct 27-061,324,134,50,904,1228,1.0,0.26384364820846906,0.7361563517915309,1044,0.10912052117263844,0.04071661237785016,0.8501628664495114
1701,Baltimore City,1238,Baltimore City Precinct 27-056,13,221,7,1225,1238,1.0,0.01050080775444265,0.9894991922455574,1010,0.17851373182552505,0.005654281098546042,0.815831987075929
1702,Baltimore City,2460,Baltimore City Precinct 27-057,36,389,23,2424,2460,1.0,0.014634146341463415,0.9853658536585366,2048,0.15813008130081302,0.00934959349593496,0.832520325203252
1703,Baltimore City,1163,Baltimore City Precinct 27-059,32,165,11,1131,1163,1.0,0.027515047291487533,0.9724849527085124,987,0.1418744625967326,0.009458297506448839,0.8486672398968186
1704,Baltimore City,1669,Baltimore City Precinct 28-001,105,263,32,1564,1669,1.0,0.06291192330736968,0.9370880766926303,1374,0.15757938885560216,0.019173157579388856,0.823247453565009
1705,Baltimore City,3062,Baltimore City Precinct 27-067,1028,342,237,2034,3062,1.0,0.3357282821685173,0.6642717178314826,2483,0.11169170476812541,0.07740039190071848,0.8109079033311561
1706,Baltimore City,2688,Baltimore City Precinct 27-062,1151,198,244,1537,2688,1.0,0.42819940476190477,0.5718005952380952,2246,0.07366071428571429,0.09077380952380952,0.8355654761904762
1707,Baltimore City,2392,Baltimore City Precinct 27-066,1756,223,468,636,2392,1.0,0.7341137123745819,0.26588628762541805,1701,0.09322742474916387,0.1956521739130435,0.7111204013377926
1708,Baltimore County,2385,Baltimore County Precinct 03-006,2216,435,695,169,2385,1.0,0.929140461215933,0.07085953878406709,1255,0.18238993710691823,0.2914046121593291,0.5262054507337526
1709,Baltimore City,1675,Baltimore City Precinct 27-063,770,240,228,905,1675,1.0,0.4597014925373134,0.5402985074626866,1207,0.14328358208955225,0.13611940298507463,0.7205970149253731
1710,Baltimore City,3698,Baltimore City Precinct 27-065,2866,309,634,832,3698,1.0,0.775013520822066,0.22498647917793402,2755,0.08355868036776636,0.17144402379664683,0.7449972958355868
1711,Baltimore City,997,Baltimore City Precinct 27-060,171,253,105,826,997,1.0,0.1715145436308927,0.8284854563691073,639,0.25376128385155466,0.10531594784353059,0.6409227683049148
1712,Baltimore City,1689,Baltimore City Precinct 27-064,1206,174,386,483,1689,1.0,0.7140319715808171,0.28596802841918295,1129,0.10301953818827708,0.2285375962107756,0.6684428656009473
1713,Baltimore County,3977,Baltimore County Precinct 03-007,3337,518,1309,640,3977,1.0,0.8390746794065879,0.1609253205934121,2150,0.13024893135529295,0.3291425697762132,0.5406084988684938
1714,Baltimore County,3393,Baltimore County Precinct 03-011,2447,561,587,946,3393,1.0,0.7211906867079281,0.2788093132920719,2245,0.16534040671971706,0.1730032419687592,0.6616563513115237
1715,Baltimore County,2089,Baltimore County Precinct 03-013,1842,310,570,247,2089,1.0,0.8817616084250838,0.11823839157491622,1209,0.14839636189564384,0.2728578267113451,0.578745811393011
1716,Baltimore County,2964,Baltimore County Precinct 03-010,2695,544,853,269,2964,1.0,0.9092442645074224,0.0907557354925776,1567,0.18353576248313092,0.2877867746288799,0.5286774628879892
1717,Baltimore County,1906,Baltimore County Precinct 08-008,1709,185,555,197,1906,1.0,0.8966421825813221,0.10335781741867786,1166,0.09706190975865688,0.29118572927597064,0.6117523609653726
1718,Baltimore County,2959,Baltimore County Precinct 04-005,2071,292,476,888,2959,1.0,0.6998986143967557,0.30010138560324434,2191,0.09868198715782359,0.16086515714768504,0.7404528556944914
1719,Baltimore County,3908,Baltimore County Precinct 04-004,2966,555,814,942,3908,1.0,0.7589559877175026,0.24104401228249744,2539,0.14201637666325487,0.2082906857727738,0.6496929375639714
1720,Baltimore County,533,Baltimore County Precinct 04-013,478,75,203,55,533,1.0,0.8968105065666041,0.10318949343339587,255,0.14071294559099437,0.3808630393996248,0.47842401500938087
1721,Baltimore County,433,Baltimore County Precinct 04-011,383,23,130,50,433,1.0,0.8845265588914549,0.11547344110854503,280,0.053117782909930716,0.3002309468822171,0.6466512702078522
1722,Baltimore County,685,Baltimore County Precinct 08-023,608,91,259,77,685,1.0,0.8875912408759125,0.11240875912408758,335,0.13284671532846715,0.3781021897810219,0.48905109489051096
1723,Baltimore County,510,Baltimore County Precinct 08-021,438,53,187,72,510,1.0,0.8588235294117647,0.1411764705882353,270,0.10392156862745099,0.36666666666666664,0.5294117647058824
1724,Baltimore County,994,Baltimore County Precinct 08-024,886,114,419,108,994,1.0,0.8913480885311871,0.10865191146881288,461,0.11468812877263582,0.4215291750503018,0.46378269617706236
1725,Baltimore County,3725,Baltimore County Precinct 08-002,3308,238,1072,417,3725,1.0,0.8880536912751678,0.11194630872483222,2415,0.06389261744966443,0.28778523489932883,0.6483221476510067
1726,Baltimore City,818,Baltimore City Precinct 15-008,13,201,28,805,818,1.0,0.01589242053789731,0.9841075794621027,589,0.24572127139364303,0.034229828850855744,0.7200488997555012
1727,Baltimore City,2394,Baltimore City Precinct 15-003,33,565,45,2361,2394,1.0,0.013784461152882205,0.9862155388471178,1784,0.23600668337510441,0.018796992481203006,0.7451963241436925
1728,Baltimore City,1024,Baltimore City Precinct 15-004,8,191,14,1016,1024,1.0,0.0078125,0.9921875,819,0.1865234375,0.013671875,0.7998046875
1729,Baltimore City,1372,Baltimore City Precinct 15-005,11,316,45,1361,1372,1.0,0.008017492711370262,0.9919825072886297,1011,0.2303206997084548,0.03279883381924198,0.7368804664723032
1730,Somerset,739,Somerset Precinct 12-001,638,58,194,101,739,1.0,0.8633288227334236,0.13667117726657646,487,0.07848443843031123,0.2625169147496617,0.6589986468200271
1731,Somerset,404,Somerset Precinct 08-002,370,29,182,34,404,1.0,0.9158415841584159,0.08415841584158416,193,0.07178217821782178,0.4504950495049505,0.4777227722772277
1732,Somerset,1465,Somerset Precinct 08-001,1201,106,474,264,1465,1.0,0.8197952218430035,0.1802047781569966,885,0.07235494880546076,0.3235494880546075,0.6040955631399317
1733,Somerset,71,Somerset Precinct 10-002,70,2,31,1,71,1.0,0.9859154929577465,0.014084507042253521,38,0.028169014084507043,0.43661971830985913,0.5352112676056338
1734,Somerset,396,Somerset Precinct 14-001,370,29,138,26,396,1.0,0.9343434343434344,0.06565656565656566,229,0.07323232323232323,0.3484848484848485,0.5782828282828283
1735,Somerset,301,Somerset Precinct 09-001,242,34,105,59,301,1.0,0.8039867109634552,0.19601328903654486,162,0.11295681063122924,0.3488372093023256,0.5382059800664452
1736,Somerset,487,Somerset Precinct 06-001,372,55,102,115,487,1.0,0.7638603696098563,0.23613963039014374,330,0.11293634496919917,0.20944558521560575,0.6776180698151951
1737,Somerset,139,Somerset Precinct 11-001,113,13,56,26,139,1.0,0.8129496402877698,0.18705035971223022,70,0.09352517985611511,0.4028776978417266,0.5035971223021583
1738,Harford,2157,Harford Precinct 01-002,1667,201,680,490,2157,1.0,0.7728326379230412,0.22716736207695873,1276,0.09318497913769123,0.31525266573945293,0.5915623551228558
1739,Harford,2040,Harford Precinct 01-041,1629,278,660,411,2040,1.0,0.7985294117647059,0.20147058823529412,1102,0.13627450980392156,0.3235294117647059,0.5401960784313725
1740,Harford,3676,Harford Precinct 01-001,1714,399,331,1962,3676,1.0,0.4662676822633297,0.5337323177366703,2946,0.10854189336235039,0.09004352557127313,0.8014145810663765
1741,Harford,3478,Harford Precinct 01-004,2572,387,865,906,3478,1.0,0.7395054629097182,0.26049453709028175,2226,0.11127084531339851,0.2487061529614721,0.6400230017251294
1742,Harford,3873,Harford Precinct 01-006,1543,386,226,2330,3873,1.0,0.3983991737671056,0.6016008262328943,3261,0.09966434288665117,0.058352698166795766,0.8419829589465531
1743,Harford,2164,Harford Precinct 03-007,1998,134,951,166,2164,1.0,0.9232902033271719,0.0767097966728281,1079,0.06192236598890943,0.43946395563770796,0.4986136783733826
1744,Harford,2054,Harford Precinct 03-014,1919,104,672,135,2054,1.0,0.9342745861733204,0.06572541382667965,1278,0.05063291139240506,0.32716650438169426,0.6222005842259006
1745,Harford,3462,Harford Precinct 03-003,3325,186,1607,137,3462,1.0,0.9604274985557482,0.039572501444251874,1669,0.053726169844020795,0.46418255343731946,0.48209127671865976
1746,Harford,2794,Harford Precinct 03-008,2645,169,1050,149,2794,1.0,0.9466714387974231,0.05332856120257695,1575,0.06048675733715104,0.3758052970651396,0.5637079455977094
1747,Harford,3241,Harford Precinct 03-009,2986,234,1231,255,3241,1.0,0.9213205800678803,0.07867941993211972,1776,0.07219993829065104,0.3798210428879975,0.5479790188213515
1748,Harford,3003,Harford Precinct 03-013,2807,199,1228,196,3003,1.0,0.9347319347319347,0.06526806526806526,1576,0.06626706626706627,0.4089244089244089,0.5248085248085248
1749,Harford,3352,Harford Precinct 03-010,2942,211,844,410,3352,1.0,0.8776849642004774,0.12231503579952267,2297,0.06294749403341289,0.25178997613365156,0.6852625298329356
1750,Harford,2607,Harford Precinct 03-024,2426,147,807,181,2607,1.0,0.9305715381664749,0.06942846183352512,1653,0.05638665132336018,0.3095512082853855,0.6340621403912543
1751,Harford,2554,Harford Precinct 03-015,2121,144,649,433,2554,1.0,0.8304620203602192,0.16953797963978073,1761,0.056382145653876274,0.2541111981205951,0.6895066562255285
1752,Harford,2186,Harford Precinct 01-007,1978,80,604,208,2186,1.0,0.9048490393412626,0.09515096065873742,1502,0.036596523330283626,0.27630375114364136,0.687099725526075
1753,Harford,3096,Harford Precinct 01-015,2442,263,800,654,3096,1.0,0.7887596899224806,0.21124031007751937,2033,0.0849483204134367,0.25839793281653745,0.6566537467700259
1754,Harford,2678,Harford Precinct 01-009,2194,172,701,484,2678,1.0,0.8192681105302465,0.18073188946975355,1805,0.0642270351008215,0.26176250933532486,0.6740104555638536
1755,Harford,3303,Harford Precinct 01-008,2689,286,1108,614,3303,1.0,0.8141083863154708,0.18589161368452922,1909,0.08658795034816834,0.3354526188313654,0.5779594308204662
1756,Harford,2527,Harford Precinct 03-016,2247,152,748,280,2527,1.0,0.889196675900277,0.11080332409972299,1627,0.06015037593984962,0.29600316580926,0.6438464582508904
1757,Harford,1005,Harford Precinct 01-021,871,55,288,134,1005,1.0,0.8666666666666667,0.13333333333333333,662,0.05472636815920398,0.2865671641791045,0.6587064676616915
1758,Harford,3462,Harford Precinct 01-013,2644,238,648,818,3462,1.0,0.7637203928365107,0.2362796071634893,2576,0.06874638937030618,0.18717504332755633,0.7440785673021375
1759,Harford,2938,Harford Precinct 01-011,2628,191,1003,310,2938,1.0,0.8944860449285228,0.10551395507147719,1744,0.06501021102791014,0.34138869979577946,0.5936010891763104
1760,Harford,2684,Harford Precinct 01-012,2311,208,1019,373,2684,1.0,0.8610283159463488,0.13897168405365126,1457,0.07749627421758569,0.37965722801788376,0.5428464977645305
1761,Harford,3797,Harford Precinct 01-014,3420,282,1322,377,3797,1.0,0.9007110877008164,0.09928891229918356,2193,0.07426915986304977,0.3481696075849355,0.5775612325520147
1762,Harford,2630,Harford Precinct 03-012,2339,177,655,291,2630,1.0,0.8893536121673004,0.11064638783269962,1798,0.06730038022813688,0.24904942965779467,0.6836501901140685
1763,Harford,1993,Harford Precinct 03-011,1840,116,678,153,1993,1.0,0.9232313095835424,0.0767686904164576,1199,0.05820371299548419,0.3401906673356749,0.601605619668841
1764,Harford,2372,Harford Precinct 03-017,2236,171,820,136,2372,1.0,0.9426644182124789,0.05733558178752108,1381,0.07209106239460371,0.3456998313659359,0.5822091062394603
1765,Harford,2779,Harford Precinct 03-018,2379,209,809,400,2779,1.0,0.8560633321338611,0.1439366678661389,1761,0.07520690896005758,0.2911119107592659,0.6336811802806765
1766,Harford,2558,Harford Precinct 03-019,2363,208,1019,195,2558,1.0,0.9237685691946833,0.07623143080531665,1331,0.08131352619233777,0.3983580922595778,0.5203283815480845
1767,Harford,2823,Harford Precinct 03-021,2432,206,1008,391,2823,1.0,0.8614948636202622,0.13850513637973788,1609,0.07297201558625575,0.357066950053135,0.5699610343606093
1768,Worcester,2575,Worcester Precinct 03-002,2428,160,558,147,2575,1.0,0.9429126213592233,0.0570873786407767,1857,0.062135922330097085,0.21669902912621358,0.7211650485436893
1769,Worcester,6559,Worcester Precinct 07-001,5942,518,1644,617,6559,1.0,0.9059307821314224,0.09406921786857753,4397,0.07897545357524013,0.2506479646287544,0.6703765817960055
1770,Carroll,7060,Carroll Precinct 13-001,6426,591,2724,634,7060,1.0,0.9101983002832861,0.08980169971671388,3745,0.08371104815864022,0.3858356940509915,0.5304532577903682
1771,Montgomery,5066,Montgomery Precinct 02-002,2200,641,503,2866,5066,1.0,0.43426766679826295,0.5657323332017371,3922,0.12652980655349388,0.09928938018160284,0.7741808132649033
1772,Montgomery,4594,Montgomery Precinct 02-003,1819,551,334,2775,4594,1.0,0.3959512407488028,0.6040487592511972,3709,0.11993905093600349,0.07270352633870265,0.8073574227252939
1773,Montgomery,4893,Montgomery Precinct 04-014,2595,742,419,2298,4893,1.0,0.530349478847333,0.4696505211526671,3732,0.15164520743919885,0.0856325362763131,0.7627222562844881
1774,Montgomery,8267,Montgomery Precinct 05-013,1288,745,86,6979,8267,1.0,0.15580016934801016,0.8441998306519899,7436,0.0901173339784686,0.010402806338454095,0.8994798596830773
1775,Montgomery,5042,Montgomery Precinct 05-023,1026,897,238,4016,5042,1.0,0.203490678302261,0.796509321697739,3907,0.1779055930186434,0.04720349067830226,0.7748909163030543
1776,Montgomery,7187,Montgomery Precinct 05-012,3273,898,394,3914,7187,1.0,0.45540559343258663,0.5445944065674134,5895,0.12494782245721442,0.05482120495338806,0.8202309725893975
1777,Montgomery,4205,Montgomery Precinct 06-002,2503,445,575,1702,4205,1.0,0.595243757431629,0.404756242568371,3185,0.10582639714625446,0.1367419738406659,0.7574316290130797
1778,Montgomery,4050,Montgomery Precinct 07-019,3278,1140,627,772,4050,1.0,0.8093827160493827,0.19061728395061728,2283,0.2814814814814815,0.15481481481481482,0.5637037037037037
1779,Montgomery,3999,Montgomery Precinct 07-023,3100,1008,625,899,3999,1.0,0.7751937984496124,0.2248062015503876,2366,0.25206301575393847,0.15628907226806701,0.5916479119779945
1780,Montgomery,3316,Montgomery Precinct 09-005,1609,518,322,1707,3316,1.0,0.4852231604342581,0.5147768395657418,2476,0.15621230398069963,0.0971049457177322,0.7466827503015682
1781,Montgomery,5404,Montgomery Precinct 09-009,1874,740,323,3530,5404,1.0,0.34678016284233903,0.653219837157661,4341,0.13693560325684678,0.05977054034048853,0.8032938564026647
1782,Montgomery,4358,Montgomery Precinct 09-022,1537,563,435,2821,4358,1.0,0.3526847177604406,0.6473152822395595,3360,0.12918770078017439,0.09981642955484167,0.7709958696649839
1783,Montgomery,5285,Montgomery Precinct 13-021,1585,1024,72,3700,5285,1.0,0.29990539262062443,0.7000946073793756,4189,0.19375591296121097,0.013623462630085147,0.7926206244087038
1784,Montgomery,5580,Montgomery Precinct 13-015,1569,1005,257,4011,5580,1.0,0.28118279569892474,0.7188172043010753,4318,0.18010752688172044,0.046057347670250895,0.7738351254480287
1785,Montgomery,4493,Montgomery Precinct 13-058,2208,950,336,2285,4493,1.0,0.4914311150678834,0.5085688849321166,3207,0.2114400178054752,0.07478299577119965,0.7137769864233252
1786,Montgomery,3906,Montgomery Precinct 13-038,3422,1031,931,484,3906,1.0,0.8760880696364567,0.12391193036354327,1944,0.26395289298515107,0.23835125448028674,0.4976958525345622
1787,Montgomery,5201,Montgomery Precinct 13-002,1770,943,365,3431,5201,1.0,0.34031916939050183,0.6596808306094982,3893,0.18131128629109786,0.07017881176696789,0.7485099019419342
1788,Montgomery,4646,Montgomery Precinct 13-056,1538,623,262,3108,4646,1.0,0.3310374515712441,0.6689625484287559,3761,0.1340938441670254,0.056392595781317265,0.8095135600516573
1789,Montgomery,5489,Montgomery Precinct 13-049,1754,315,85,3735,5489,1.0,0.31954818728365825,0.6804518127163418,5089,0.057387502277281836,0.015485516487520496,0.9271269812351977
1790,Montgomery,2651,Montgomery Precinct 13-014,1982,823,266,669,2651,1.0,0.7476423990946812,0.2523576009053187,1562,0.3104488872123727,0.1003394945303659,0.5892116182572614
1791,Montgomery,6281,Montgomery Precinct 09-015,2477,945,390,3804,6281,1.0,0.39436395478427,0.60563604521573,4946,0.1504537494029613,0.06209202356312689,0.7874542270339118
1792,Montgomery,7135,Montgomery Precinct 09-028,2268,403,267,4867,7135,1.0,0.3178696566222845,0.6821303433777155,6465,0.056482130343377714,0.03742116327960757,0.9060967063770147
1793,Montgomery,5420,Montgomery Precinct 09-026,1771,920,395,3649,5420,1.0,0.3267527675276753,0.6732472324723248,4105,0.16974169741697417,0.07287822878228782,0.757380073800738
1794,Carroll,4768,Carroll Precinct 04-003,4514,276,1885,254,4768,1.0,0.9467281879194631,0.05327181208053691,2607,0.057885906040268456,0.3953439597315436,0.5467701342281879
1795,Frederick,4416,Frederick Precinct 02-005,3731,810,693,685,4416,1.0,0.8448822463768116,0.15511775362318841,2913,0.18342391304347827,0.15692934782608695,0.6596467391304348
1796,Frederick,6484,Frederick Precinct 02-004,2621,675,543,3863,6484,1.0,0.4042257865515114,0.5957742134484886,5266,0.1041024059222702,0.0837446020974707,0.8121529919802591
1797,Montgomery,3644,Montgomery Precinct 08-007,2562,603,846,1082,3644,1.0,0.7030735455543359,0.2969264544456641,2195,0.16547749725576288,0.23216245883644346,0.6023600439077936
1798,Montgomery,4038,Montgomery Precinct 13-068,1615,1300,122,2423,4038,1.0,0.39995047052996535,0.6000495294700346,2616,0.3219415552253591,0.030212976721149084,0.6478454680534919
1799,Queen Anne's,3460,Queen Anne's Precinct 02-001,2950,288,1022,510,3460,1.0,0.8526011560693642,0.14739884393063585,2150,0.08323699421965318,0.2953757225433526,0.6213872832369942
1800,Queen Anne's,6268,Queen Anne's Precinct 03-002,5455,375,1741,813,6268,1.0,0.870293554562859,0.12970644543714102,4152,0.05982769623484365,0.27776005105296747,0.6624122527121888
1801,Queen Anne's,5103,Queen Anne's Precinct 04-002,4556,304,1457,547,5103,1.0,0.8928081520674114,0.10719184793258868,3342,0.059572800313541056,0.2855183225553596,0.6549088771310994
1802,Queen Anne's,3757,Queen Anne's Precinct 04-003,3516,249,1247,241,3757,1.0,0.9358530742613788,0.06414692573862124,2261,0.06627628426936386,0.3319137609795049,0.6018099547511312
1803,Queen Anne's,4917,Queen Anne's Precinct 05-002,4108,422,1424,809,4917,1.0,0.8354687817775066,0.1645312182224934,3071,0.08582468985153549,0.2896074842383567,0.6245678259101078
1804,Washington,1117,Washington Precinct 24-001,918,26,142,199,1117,1.0,0.8218442256042973,0.17815577439570277,949,0.023276633840644583,0.12712623097582812,0.8495971351835273
1805,Washington,5439,Washington Precinct 17-001,4429,313,570,1010,5439,1.0,0.8143041000183857,0.18569589998161426,4556,0.057547343261628976,0.10479867622724766,0.8376539805111234
1806,Wicomico,619,Wicomico Precinct 01-001,507,8,37,112,619,1.0,0.8190630048465266,0.18093699515347333,574,0.012924071082390954,0.05977382875605816,0.9273021001615509
1807,Wicomico,1374,Wicomico Precinct 07-001,1108,141,451,266,1374,1.0,0.8064046579330422,0.19359534206695778,782,0.10262008733624454,0.3282387190684134,0.5691411935953421
1808,Worcester,2745,Worcester Precinct 01-002,2016,74,252,729,2745,1.0,0.7344262295081967,0.26557377049180325,2419,0.02695810564663024,0.09180327868852459,0.8812386156648452
