,COUNTY,VAP,NAME,WVAP,SEN12D,SEN12R,OVAP,TOT_VOTES,factor,WVAP_pct,OVAP_pct,SEN12None,SEN12D_pct,SEN12R_pct,SEN12None_pct
0,Somerset,404,Somerset Precinct 02-001,324,67,87,80,404,1.0,0.801980198019802,0.19801980198019803,250,0.16584158415841585,0.21534653465346534,0.6188118811881188
1,Somerset,726,Somerset Precinct 05-001,591,128,193,135,726,1.0,0.8140495867768595,0.1859504132231405,405,0.1763085399449036,0.26584022038567495,0.5578512396694215
2,Somerset,1165,Somerset Precinct 03-001,861,199,274,304,1165,1.0,0.7390557939914163,0.2609442060085837,692,0.17081545064377682,0.2351931330472103,0.5939914163090129
3,Somerset,217,Somerset Precinct 13-003,159,27,50,58,217,1.0,0.7327188940092166,0.2672811059907834,140,0.12442396313364056,0.2304147465437788,0.6451612903225806
4,Somerset,3664,Somerset Precinct 13-002,1072,55,79,2592,3664,1.0,0.2925764192139738,0.7074235807860262,3530,0.015010917030567686,0.02156113537117904,0.9634279475982532
5,Somerset,151,Somerset Precinct 13-001,122,13,43,29,151,1.0,0.8079470198675497,0.19205298013245034,95,0.08609271523178808,0.2847682119205298,0.6291390728476821
6,Somerset,2355,Somerset Precinct 01-002,1257,353,226,1098,2355,1.0,0.5337579617834395,0.4662420382165605,1776,0.14989384288747346,0.09596602972399151,0.7541401273885351
7,Somerset,186,Somerset Precinct 01-003,56,118,45,130,186,1.0,0.3010752688172043,0.6989247311827957,23,0.6344086021505376,0.24193548387096775,0.12365591397849462
8,Somerset,1267,Somerset Precinct 15-002,234,423,67,1033,1267,1.0,0.18468823993685873,0.8153117600631413,777,0.3338595106550908,0.05288082083662194,0.6132596685082873
9,Somerset,1039,Somerset Precinct 01-001,633,165,99,406,1039,1.0,0.6092396535129933,0.39076034648700675,775,0.1588065447545717,0.09528392685274302,0.7459095283926853
10,Somerset,3771,Somerset Precinct 15-001,692,399,79,3079,3771,1.0,0.18350570140546274,0.8164942985945373,3293,0.10580747812251393,0.020949350304958897,0.8732431715725272
11,Worcester,2315,Worcester Precinct 01-001,1155,763,354,1160,2315,1.0,0.49892008639308855,0.5010799136069114,1198,0.32958963282937365,0.15291576673866092,0.5174946004319655
12,Somerset,919,Somerset Precinct 04-001,711,138,185,208,919,1.0,0.7736670293797606,0.22633297062023938,596,0.1501632208922742,0.20130576713819368,0.6485310119695321
13,Dorchester,70,Dorchester Precinct 18-001,65,8,19,5,70,1.0,0.9285714285714286,0.07142857142857142,43,0.11428571428571428,0.2714285714285714,0.6142857142857143
14,Dorchester,49,Dorchester Precinct 11-001,44,14,12,5,49,1.0,0.8979591836734694,0.10204081632653061,23,0.2857142857142857,0.24489795918367346,0.46938775510204084
15,Dorchester,145,Dorchester Precinct 13-002,79,56,22,66,145,1.0,0.5448275862068965,0.45517241379310347,67,0.38620689655172413,0.15172413793103448,0.46206896551724136
16,Dorchester,206,Dorchester Precinct 17-001,169,42,38,37,206,1.0,0.8203883495145631,0.1796116504854369,126,0.20388349514563106,0.18446601941747573,0.6116504854368932
17,Dorchester,63,Dorchester Precinct 14-002,39,9,11,24,63,1.0,0.6190476190476191,0.38095238095238093,43,0.14285714285714285,0.1746031746031746,0.6825396825396826
18,Wicomico,1349,Wicomico Precinct 17-001,1025,319,269,324,1349,1.0,0.759822090437361,0.24017790956263899,761,0.23647146034099334,0.1994069681245367,0.56412157153447
19,Dorchester,308,Dorchester Precinct 03-001,274,47,56,34,308,1.0,0.8896103896103896,0.11038961038961038,205,0.1525974025974026,0.18181818181818182,0.6655844155844156
20,Cecil,4593,Cecil Precinct 05-003,4361,682,1185,232,4593,1.0,0.9494883518397561,0.05051164816024385,2726,0.14848682778140648,0.25800130633572826,0.5935118658828652
21,Kent,1682,Kent Precinct 01-002,1494,308,389,188,1682,1.0,0.8882282996432818,0.1117717003567182,985,0.18311533888228299,0.23127229488703924,0.5856123662306778
22,Cecil,2280,Cecil Precinct 02-001,2088,397,493,192,2280,1.0,0.9157894736842105,0.08421052631578947,1390,0.17412280701754385,0.2162280701754386,0.6096491228070176
23,Cecil,2076,Cecil Precinct 02-002,1934,416,432,142,2076,1.0,0.9315992292870906,0.06840077071290944,1228,0.2003853564547206,0.20809248554913296,0.5915221579961464
24,Cecil,4897,Cecil Precinct 05-002,4539,748,978,358,4897,1.0,0.9268940167449459,0.07310598325505412,3171,0.15274657953849297,0.19971411068000816,0.6475393097814989
25,Cecil,3665,Cecil Precinct 09-001,3546,507,1153,119,3665,1.0,0.9675306957708049,0.03246930422919509,2005,0.1383356070941337,0.3145975443383356,0.5470668485675307
26,Cecil,2554,Cecil Precinct 05-004,2220,347,300,334,2554,1.0,0.8692247454972593,0.1307752545027408,1907,0.13586530931871574,0.11746280344557557,0.7466718872357087
27,Cecil,4984,Cecil Precinct 05-001,4641,718,880,343,4984,1.0,0.9311797752808989,0.06882022471910113,3386,0.1440609951845907,0.17656500802568217,0.6793739967897271
28,Cecil,7016,Cecil Precinct 03-002,6111,1094,1109,905,7016,1.0,0.8710091220068416,0.1289908779931585,4813,0.15592930444697833,0.1580672748004561,0.6860034207525656
29,Cecil,6045,Cecil Precinct 03-003,4995,788,647,1050,6045,1.0,0.826302729528536,0.17369727047146402,4610,0.1303556658395368,0.10703060380479736,0.7626137303556658
30,Cecil,4668,Cecil Precinct 04-001,4445,963,1153,223,4668,1.0,0.9522279348757497,0.04777206512425022,2552,0.20629820051413883,0.24700085689802914,0.5467009425878321
31,Cecil,6876,Cecil Precinct 03-001,5322,1065,822,1554,6876,1.0,0.7739965095986039,0.22600349040139617,4989,0.15488656195462477,0.11954624781849912,0.7255671902268761
32,Cecil,1863,Cecil Precinct 04-002,1152,388,194,711,1863,1.0,0.6183574879227053,0.38164251207729466,1281,0.2082662372517445,0.10413311862587225,0.6876006441223832
33,Worcester,596,Worcester Precinct 04-001,490,92,132,106,596,1.0,0.8221476510067114,0.17785234899328858,372,0.15436241610738255,0.2214765100671141,0.6241610738255033
34,Worcester,2209,Worcester Precinct 02-001,1098,540,199,1111,2209,1.0,0.49705749207786326,0.5029425079221367,1470,0.24445450430058852,0.09008601177003168,0.6654594839293798
35,Worcester,2685,Worcester Precinct 04-002,2330,370,571,355,2685,1.0,0.8677839851024208,0.13221601489757914,1744,0.1378026070763501,0.21266294227188082,0.6495344506517691
36,Worcester,714,Worcester Precinct 02-002,560,128,131,154,714,1.0,0.7843137254901961,0.21568627450980393,455,0.1792717086834734,0.18347338935574228,0.6372549019607843
37,Wicomico,2459,Wicomico Precinct 15-001,1971,355,578,488,2459,1.0,0.8015453436356242,0.19845465636437576,1526,0.14436762911752746,0.23505490036600243,0.6205774705164702
38,Wicomico,2235,Wicomico Precinct 16-002,1532,452,405,703,2235,1.0,0.6854586129753915,0.3145413870246085,1378,0.20223713646532437,0.18120805369127516,0.6165548098434005
39,Wicomico,2655,Wicomico Precinct 08-004,2377,390,771,278,2655,1.0,0.8952919020715631,0.10470809792843691,1494,0.14689265536723164,0.2903954802259887,0.5627118644067797
40,Wicomico,1417,Wicomico Precinct 08-003,1099,206,203,318,1417,1.0,0.7755822159491884,0.2244177840508116,1008,0.14537755822159493,0.1432604093154552,0.7113620324629499
41,Wicomico,3627,Wicomico Precinct 13-003,2905,238,208,722,3627,1.0,0.8009374138406397,0.19906258615936034,3181,0.06561896884477529,0.05734767025089606,0.8770333609043286
42,Wicomico,5667,Wicomico Precinct 13-001,4424,596,392,1243,5667,1.0,0.7806599611787541,0.2193400388212458,4679,0.10517028410093524,0.06917240162343391,0.8256573142756308
43,Wicomico,250,Wicomico Precinct 09-004,167,46,30,83,250,1.0,0.668,0.332,174,0.184,0.12,0.696
44,Wicomico,3486,Wicomico Precinct 09-002,433,1199,71,3053,3486,1.0,0.12421113023522662,0.8757888697647733,2216,0.34394721744119333,0.020367183017785426,0.6356855995410212
45,Wicomico,4914,Wicomico Precinct 13-002,2595,765,258,2319,4914,1.0,0.5280830280830281,0.4719169719169719,3891,0.15567765567765568,0.052503052503052504,0.7918192918192918
46,Wicomico,942,Wicomico Precinct 08-002,842,120,149,100,942,1.0,0.8938428874734607,0.10615711252653928,673,0.12738853503184713,0.15817409766454352,0.7144373673036093
47,Wicomico,4839,Wicomico Precinct 05-002,2095,833,239,2744,4839,1.0,0.43294069022525317,0.5670593097747468,3767,0.17214300475304814,0.04939036991113867,0.7784666253358132
48,Wicomico,1862,Wicomico Precinct 09-001,1151,267,167,711,1862,1.0,0.6181525241675617,0.3818474758324382,1428,0.14339419978517723,0.08968850698174007,0.7669172932330827
49,Wicomico,1802,Wicomico Precinct 08-001,1508,203,393,294,1802,1.0,0.8368479467258602,0.16315205327413984,1206,0.11265260821309656,0.2180910099889012,0.6692563817980022
50,Wicomico,4054,Wicomico Precinct 05-004,3069,475,487,985,4054,1.0,0.7570300937345831,0.24296990626541687,3092,0.1171682289097188,0.12012826837691169,0.7627035027133695
51,Wicomico,2944,Wicomico Precinct 05-003,2205,471,606,739,2944,1.0,0.7489809782608695,0.25101902173913043,1867,0.15998641304347827,0.20584239130434784,0.634171195652174
52,Wicomico,1613,Wicomico Precinct 05-005,1432,208,341,181,1613,1.0,0.8877867327960323,0.11221326720396776,1064,0.12895226286422815,0.21140731556106634,0.6596404215747055
53,Wicomico,513,Wicomico Precinct 11-002,265,136,63,248,513,1.0,0.5165692007797271,0.4834307992202729,314,0.2651072124756335,0.12280701754385964,0.6120857699805068
54,Wicomico,3288,Wicomico Precinct 11-001,2372,597,525,916,3288,1.0,0.7214111922141119,0.27858880778588807,2166,0.18156934306569342,0.15967153284671534,0.6587591240875912
55,Wicomico,3390,Wicomico Precinct 05-006,2762,457,631,628,3390,1.0,0.8147492625368732,0.18525073746312684,2302,0.13480825958702064,0.18613569321533924,0.6790560471976401
56,Anne Arundel,2236,Anne Arundel Precinct 07-025,1913,428,499,323,2236,1.0,0.8555456171735242,0.14445438282647585,1309,0.19141323792486584,0.22316636851520572,0.5854203935599285
57,Anne Arundel,1839,Anne Arundel Precinct 07-003,1501,433,335,338,1839,1.0,0.8162044589450789,0.18379554105492116,1071,0.23545405111473627,0.1821642196846112,0.5823817292006526
58,Anne Arundel,2418,Anne Arundel Precinct 07-010,2221,394,560,197,2418,1.0,0.9185277088502894,0.08147229114971051,1464,0.16294458229942102,0.23159636062861869,0.6054590570719603
59,Anne Arundel,2785,Anne Arundel Precinct 07-019,2513,382,523,272,2785,1.0,0.9023339317773789,0.09766606822262118,1880,0.13716337522441652,0.18779174147217234,0.6750448833034112
60,Anne Arundel,2923,Anne Arundel Precinct 07-006,2723,425,608,200,2923,1.0,0.9315771467670202,0.06842285323297982,1890,0.14539856312008212,0.20800547382825862,0.6465959630516592
61,Wicomico,1426,Wicomico Precinct 05-007,1279,158,336,147,1426,1.0,0.896914446002805,0.10308555399719495,932,0.11079943899018233,0.23562412342215988,0.6535764375876578
62,Wicomico,662,Wicomico Precinct 06-001,619,69,163,43,662,1.0,0.9350453172205438,0.0649546827794562,430,0.1042296072507553,0.24622356495468278,0.649546827794562
63,Wicomico,2682,Wicomico Precinct 04-001,2441,298,569,241,2682,1.0,0.9101416853094706,0.08985831469052946,1815,0.1111111111111111,0.2121551081282625,0.6767337807606264
64,Wicomico,1593,Wicomico Precinct 14-001,1453,193,334,140,1593,1.0,0.9121155053358443,0.08788449466415568,1066,0.12115505335844319,0.20966729441305712,0.6691776522284997
65,Worcester,1868,Worcester Precinct 04-003,1543,258,337,325,1868,1.0,0.826017130620985,0.173982869379015,1273,0.1381156316916488,0.180406852248394,0.6814775160599572
66,Worcester,2502,Worcester Precinct 02-003,1154,694,217,1348,2502,1.0,0.4612310151878497,0.5387689848121503,1591,0.2773780975219824,0.08673061550759392,0.6358912869704236
67,Worcester,2723,Worcester Precinct 03-003,2418,436,644,305,2723,1.0,0.8879911861917004,0.11200881380829968,1643,0.1601175174439956,0.2365038560411311,0.6033786265148733
68,Worcester,1802,Worcester Precinct 06-002,1664,290,427,138,1802,1.0,0.9234184239733629,0.07658157602663707,1085,0.1609322974472808,0.2369589345172031,0.602108768035516
69,Worcester,2430,Worcester Precinct 05-002,2271,445,550,159,2430,1.0,0.9345679012345679,0.0654320987654321,1435,0.1831275720164609,0.22633744855967078,0.5905349794238683
70,Worcester,4184,Worcester Precinct 05-001,3965,679,1050,219,4184,1.0,0.9476577437858509,0.05234225621414914,2455,0.1622848948374761,0.25095602294455066,0.5867590822179732
71,Worcester,1964,Worcester Precinct 03-001,1858,273,569,106,1964,1.0,0.9460285132382892,0.0539714867617108,1122,0.1390020366598778,0.28971486761710796,0.5712830957230143
72,Worcester,2243,Worcester Precinct 06-001,2142,337,618,101,2243,1.0,0.9549710209540794,0.04502897904592064,1288,0.1502452073116362,0.2755238519839501,0.5742309407044137
73,Worcester,1917,Worcester Precinct 06-003,1754,332,540,163,1917,1.0,0.9149713093375065,0.08502869066249348,1045,0.17318727177882107,0.28169014084507044,0.5451225873761085
74,Montgomery,3490,Montgomery Precinct 04-007,1550,794,293,1940,3490,1.0,0.44412607449856734,0.5558739255014327,2403,0.22750716332378224,0.08395415472779369,0.688538681948424
75,Montgomery,2962,Montgomery Precinct 04-006,1536,670,275,1426,2962,1.0,0.5185685347738015,0.4814314652261985,2017,0.2261985145172181,0.09284267386900742,0.6809588116137745
76,Montgomery,1587,Montgomery Precinct 04-027,360,225,41,1227,1587,1.0,0.22684310018903592,0.7731568998109641,1321,0.14177693761814744,0.0258349086326402,0.8323881537492124
77,Montgomery,1951,Montgomery Precinct 04-009,995,519,163,956,1951,1.0,0.5099948744233727,0.4900051255766274,1269,0.26601742696053304,0.08354689902614044,0.6504356740133265
78,Montgomery,3199,Montgomery Precinct 13-051,2034,883,370,1165,3199,1.0,0.6358236949046577,0.36417630509534227,1946,0.27602375742419505,0.1156611441075336,0.6083150984682714
79,Montgomery,1806,Montgomery Precinct 04-034,1249,559,365,557,1806,1.0,0.6915836101882613,0.30841638981173863,882,0.30952380952380953,0.20210409745293467,0.4883720930232558
80,Montgomery,2832,Montgomery Precinct 13-043,911,703,225,1921,2832,1.0,0.321680790960452,0.678319209039548,1904,0.24823446327683615,0.07944915254237288,0.672316384180791
81,Montgomery,2301,Montgomery Precinct 13-045,911,579,196,1390,2301,1.0,0.3959148196436332,0.6040851803563668,1526,0.2516297262059974,0.08518035636679705,0.6631899174272056
82,Montgomery,4265,Montgomery Precinct 13-036,1040,809,177,3225,4265,1.0,0.24384525205158264,0.7561547479484173,3279,0.18968347010550995,0.04150058616647128,0.7688159437280188
83,Montgomery,3162,Montgomery Precinct 13-037,1002,618,178,2160,3162,1.0,0.31688804554079697,0.683111954459203,2366,0.1954459203036053,0.056293485135989876,0.7482605945604048
84,Montgomery,3854,Montgomery Precinct 13-035,962,915,223,2892,3854,1.0,0.24961079398028022,0.7503892060197198,2716,0.23741567202906072,0.05786196159833939,0.7047223663725999
85,Montgomery,5497,Montgomery Precinct 13-064,833,1154,112,4664,5497,1.0,0.15153720211024194,0.8484627978897581,4231,0.20993269055848646,0.02037474986356194,0.7696925595779516
86,Montgomery,2249,Montgomery Precinct 13-052,1568,563,310,681,2249,1.0,0.6971987550022232,0.3028012449977768,1376,0.25033348154735435,0.1378390395731436,0.611827478879502
87,Montgomery,2706,Montgomery Precinct 08-003,2131,735,556,575,2706,1.0,0.7875092387287509,0.21249076127124908,1415,0.27161862527716185,0.20546932742054694,0.5229120473022912
88,Montgomery,2330,Montgomery Precinct 13-046,1386,539,333,944,2330,1.0,0.5948497854077254,0.4051502145922747,1458,0.23133047210300428,0.14291845493562233,0.6257510729613734
89,Montgomery,1337,Montgomery Precinct 08-004,1020,366,293,317,1337,1.0,0.762902019446522,0.23709798055347794,678,0.2737471952131638,0.21914734480179507,0.5071054599850411
90,Montgomery,2775,Montgomery Precinct 08-008,1990,713,541,785,2775,1.0,0.7171171171171171,0.2828828828828829,1521,0.2569369369369369,0.19495495495495496,0.5481081081081081
91,Montgomery,3472,Montgomery Precinct 08-009,2306,1049,551,1166,3472,1.0,0.6641705069124424,0.3358294930875576,1872,0.30213133640552997,0.15869815668202766,0.5391705069124424
92,Montgomery,3315,Montgomery Precinct 08-001,2336,1031,607,979,3315,1.0,0.7046757164404224,0.2953242835595777,1677,0.3110105580693816,0.18310708898944192,0.5058823529411764
93,Montgomery,2576,Montgomery Precinct 08-012,1661,759,470,915,2576,1.0,0.6447981366459627,0.35520186335403725,1347,0.29464285714285715,0.18245341614906832,0.5229037267080745
94,Montgomery,2565,Montgomery Precinct 08-005,2188,737,643,377,2565,1.0,0.8530214424951267,0.1469785575048733,1185,0.28732943469785577,0.250682261208577,0.4619883040935672
95,Montgomery,3510,Montgomery Precinct 01-002,2324,904,708,1186,3510,1.0,0.6621082621082621,0.3378917378917379,1898,0.25754985754985754,0.20170940170940171,0.5407407407407407
96,Montgomery,3657,Montgomery Precinct 12-003,2956,882,1059,701,3657,1.0,0.8083128247197157,0.1916871752802844,1716,0.24118129614438064,0.2895816242821985,0.4692370795734208
97,Montgomery,2213,Montgomery Precinct 12-001,1875,463,661,338,2213,1.0,0.8472661545413466,0.1527338454586534,1089,0.20921825576140984,0.29868956168097605,0.4920921825576141
98,Montgomery,2541,Montgomery Precinct 01-001,2052,547,708,489,2541,1.0,0.807556080283353,0.19244391971664698,1286,0.21526957890594253,0.27863046044864226,0.5060999606454152
99,Howard,1720,Howard Precinct 04-003,1518,319,614,202,1720,1.0,0.8825581395348837,0.11744186046511627,787,0.18546511627906978,0.3569767441860465,0.4575581395348837
100,Frederick,3630,Frederick Precinct 14-001,3427,705,1183,203,3630,1.0,0.9440771349862259,0.0559228650137741,1742,0.19421487603305784,0.3258953168044077,0.47988980716253443
101,Frederick,2062,Frederick Precinct 03-001,1930,388,641,132,2062,1.0,0.9359844810863239,0.06401551891367604,1033,0.18816682832201745,0.31086323957322987,0.5009699321047527
102,Frederick,4117,Frederick Precinct 23-001,3207,813,939,910,4117,1.0,0.7789652659703667,0.22103473402963322,2365,0.19747388875394706,0.22807869808112705,0.5744474131649259
103,Frederick,674,Frederick Precinct 24-003,646,142,162,28,674,1.0,0.9584569732937686,0.04154302670623145,370,0.21068249258160238,0.2403560830860534,0.5489614243323442
104,Frederick,2134,Frederick Precinct 03-003,1924,386,715,210,2134,1.0,0.901593252108716,0.09840674789128398,1033,0.18088097469540768,0.33505154639175255,0.48406747891283974
105,Frederick,1667,Frederick Precinct 24-001,1533,409,495,134,1667,1.0,0.9196160767846431,0.08038392321535692,763,0.2453509298140372,0.2969406118776245,0.45770845830833834
106,Frederick,3265,Frederick Precinct 02-015,2683,698,621,582,3265,1.0,0.8217457886676875,0.1782542113323124,1946,0.21378254211332312,0.1901990811638591,0.5960183767228178
107,Frederick,3578,Frederick Precinct 26-001,3149,799,945,429,3578,1.0,0.8801006148686417,0.1198993851313583,1834,0.22330911123532698,0.2641140301844606,0.5125768585802124
108,Washington,2005,Washington Precinct 07-002,1820,294,600,185,2005,1.0,0.9077306733167082,0.09226932668329177,1111,0.14663341645885286,0.29925187032418954,0.5541147132169576
109,Washington,2584,Washington Precinct 07-001,2474,288,739,110,2584,1.0,0.9574303405572755,0.04256965944272446,1557,0.11145510835913312,0.28599071207430343,0.6025541795665634
110,Washington,883,Washington Precinct 14-001,858,101,277,25,883,1.0,0.9716874292185731,0.028312570781426953,505,0.1143827859569649,0.31370328425821065,0.5719139297848245
111,Washington,1184,Washington Precinct 14-002,1120,155,266,64,1184,1.0,0.9459459459459459,0.05405405405405406,763,0.13091216216216217,0.22466216216216217,0.6444256756756757
112,Frederick,1799,Frederick Precinct 10-001,1737,201,539,62,1799,1.0,0.9655364091161757,0.03446359088382435,1059,0.11172873818788216,0.29961089494163423,0.5886603668704836
113,Frederick,2997,Frederick Precinct 15-001,2874,438,914,123,2997,1.0,0.958958958958959,0.04104104104104104,1645,0.14614614614614616,0.30497163830497165,0.5488822155488822
114,Frederick,3794,Frederick Precinct 15-002,3627,491,1045,167,3794,1.0,0.955983131259884,0.04401686874011597,2258,0.1294148655772272,0.2754348972061149,0.5951502372166578
115,Frederick,1007,Frederick Precinct 04-001,964,108,301,43,1007,1.0,0.9572989076464746,0.04270109235352532,598,0.10724925521350546,0.29890764647467727,0.5938430983118173
116,Frederick,4025,Frederick Precinct 07-002,2268,1265,1110,1757,4025,1.0,0.5634782608695652,0.4365217391304348,1650,0.3142857142857143,0.27577639751552796,0.40993788819875776
117,Frederick,2425,Frederick Precinct 09-001,2177,544,871,248,2425,1.0,0.8977319587628866,0.1022680412371134,1010,0.2243298969072165,0.35917525773195874,0.41649484536082476
118,Frederick,2868,Frederick Precinct 09-006,2447,659,784,421,2868,1.0,0.8532078103207811,0.14679218967921898,1425,0.2297768479776848,0.2733612273361227,0.49686192468619245
119,Frederick,3752,Frederick Precinct 13-001,3415,761,1036,337,3752,1.0,0.910181236673774,0.08981876332622601,1955,0.20282515991471214,0.27611940298507465,0.5210554371002132
120,Frederick,3625,Frederick Precinct 09-007,3267,732,1112,358,3625,1.0,0.9012413793103449,0.09875862068965517,1781,0.20193103448275862,0.30675862068965515,0.49131034482758623
121,Frederick,3137,Frederick Precinct 09-004,2926,621,1123,211,3137,1.0,0.932738284985655,0.06726171501434491,1393,0.1979598342365317,0.3579853363085751,0.4440548294548932
122,Frederick,3312,Frederick Precinct 09-002,3071,656,1051,241,3312,1.0,0.9272342995169082,0.07276570048309179,1605,0.19806763285024154,0.31733091787439616,0.4846014492753623
123,Frederick,1427,Frederick Precinct 09-005,1331,290,418,96,1427,1.0,0.9327259985984583,0.0672740014015417,719,0.20322354590049055,0.29292221443587946,0.50385423966363
124,Frederick,3254,Frederick Precinct 26-002,2717,613,881,537,3254,1.0,0.8349723417332514,0.16502765826674862,1760,0.18838352796558083,0.2707437000614628,0.5408727719729564
125,Frederick,2580,Frederick Precinct 11-001,2415,321,735,165,2580,1.0,0.936046511627907,0.06395348837209303,1524,0.12441860465116279,0.28488372093023256,0.5906976744186047
126,Frederick,1877,Frederick Precinct 08-001,1780,283,604,97,1877,1.0,0.94832179009057,0.051678209909429944,990,0.1507725093233884,0.3217900905700586,0.527437400106553
127,Frederick,1703,Frederick Precinct 17-001,1646,196,539,57,1703,1.0,0.9665296535525543,0.03347034644744568,968,0.11509101585437463,0.31650029359953025,0.5684086905460951
128,Frederick,4393,Frederick Precinct 18-001,3975,859,1516,418,4393,1.0,0.9048486228090143,0.09515137719098565,2018,0.19553835647621215,0.34509446847256997,0.4593671750512178
129,Howard,1498,Howard Precinct 04-001,1349,252,527,149,1498,1.0,0.9005340453938585,0.09946595460614152,719,0.16822429906542055,0.35180240320427236,0.47997329773030706
130,Frederick,2489,Frederick Precinct 18-002,2395,362,875,94,2489,1.0,0.9622338288469264,0.03776617115307352,1252,0.1454399357171555,0.3515468059461631,0.5030132583366814
131,Howard,1440,Howard Precinct 04-005,1280,266,587,160,1440,1.0,0.8888888888888888,0.1111111111111111,587,0.18472222222222223,0.4076388888888889,0.4076388888888889
132,Carroll,2986,Carroll Precinct 09-002,2814,389,1000,172,2986,1.0,0.942397856664434,0.05760214333556597,1597,0.1302746148693905,0.33489618218352313,0.5348292029470864
133,Frederick,1309,Frederick Precinct 19-001,1228,166,483,81,1309,1.0,0.9381207028265852,0.061879297173414824,660,0.12681436210847977,0.3689839572192513,0.5042016806722689
134,Carroll,1186,Carroll Precinct 12-001,1086,167,258,100,1186,1.0,0.9156829679595279,0.08431703204047218,761,0.14080944350758853,0.2175379426644182,0.6416526138279932
135,Carroll,2833,Carroll Precinct 11-001,2645,381,821,188,2833,1.0,0.9336392516766678,0.06636074832333215,1631,0.13448641016590188,0.2897987998588069,0.5757147899752912
136,Frederick,1991,Frederick Precinct 24-002,1555,426,508,436,1991,1.0,0.7810145655449523,0.21898543445504773,1057,0.21396283274736314,0.2551481667503767,0.5308890005022602
137,Frederick,3176,Frederick Precinct 03-002,3012,597,1078,164,3176,1.0,0.9483627204030227,0.05163727959697733,1501,0.18797229219143577,0.3394206549118388,0.47260705289672544
138,Frederick,3128,Frederick Precinct 16-001,2963,608,1071,165,3128,1.0,0.9472506393861893,0.05274936061381074,1449,0.19437340153452684,0.3423913043478261,0.4632352941176471
139,Frederick,1661,Frederick Precinct 06-001,1618,224,605,43,1661,1.0,0.9741119807344973,0.02588801926550271,832,0.13485851896447923,0.36423841059602646,0.5009030704394943
140,Frederick,2498,Frederick Precinct 21-001,2294,431,681,204,2498,1.0,0.9183346677341874,0.08166533226581266,1386,0.17253803042433946,0.27261809447558044,0.55484387510008
141,Frederick,1672,Frederick Precinct 02-014,1157,406,316,515,1672,1.0,0.6919856459330144,0.30801435406698563,950,0.24282296650717702,0.18899521531100477,0.5681818181818182
142,Frederick,2944,Frederick Precinct 02-006,2149,685,622,795,2944,1.0,0.7299592391304348,0.27004076086956524,1637,0.23267663043478262,0.2112771739130435,0.556046195652174
143,Frederick,2897,Frederick Precinct 01-002,1883,726,539,1014,2897,1.0,0.64998274076631,0.35001725923369004,1632,0.25060407317915084,0.1860545391784605,0.5633413876423887
144,Frederick,2912,Frederick Precinct 02-016,1692,605,348,1220,2912,1.0,0.5810439560439561,0.41895604395604397,1959,0.20776098901098902,0.11950549450549451,0.6727335164835165
146,Frederick,92,Frederick Precinct 23-002,90,5,10,2,92,1.0,0.9782608695652174,0.021739130434782608,77,0.05434782608695652,0.10869565217391304,0.8369565217391305
147,Frederick,2535,Frederick Precinct 02-017,1087,593,212,1448,2535,1.0,0.4287968441814596,0.5712031558185404,1730,0.2339250493096647,0.08362919132149901,0.6824457593688363
148,Frederick,5267,Frederick Precinct 02-008,2880,723,513,2387,5267,1.0,0.5468008353901652,0.45319916460983484,4031,0.13726979305107273,0.09739889880387317,0.7653313081450541
149,Frederick,4053,Frederick Precinct 02-013,2109,831,432,1944,4053,1.0,0.5203552923760177,0.47964470762398226,2790,0.20503330866025166,0.10658771280532939,0.688378978534419
150,Frederick,3697,Frederick Precinct 02-001,2254,902,389,1443,3697,1.0,0.6096835271842034,0.39031647281579657,2406,0.24398160670814173,0.105220449012713,0.6507979442791453
151,Frederick,1499,Frederick Precinct 02-002,1162,282,158,337,1499,1.0,0.7751834556370913,0.2248165443629086,1059,0.18812541694462975,0.10540360240160107,0.7064709806537692
152,Frederick,3655,Frederick Precinct 02-011,2395,665,284,1260,3655,1.0,0.655266757865937,0.3447332421340629,2706,0.18194254445964433,0.07770177838577291,0.7403556771545827
153,Frederick,1931,Frederick Precinct 07-004,1435,493,462,496,1931,1.0,0.7431382703262558,0.25686172967374415,976,0.2553081305023304,0.2392542723977214,0.5054375970999482
154,Frederick,1452,Frederick Precinct 09-003,1268,282,350,184,1452,1.0,0.8732782369146006,0.12672176308539945,820,0.19421487603305784,0.24104683195592286,0.5647382920110193
155,Frederick,3429,Frederick Precinct 02-003,2866,816,420,563,3429,1.0,0.8358121901428988,0.16418780985710119,2193,0.2379702537182852,0.12248468941382328,0.6395450568678915
156,Frederick,3603,Frederick Precinct 02-007,2732,796,541,871,3603,1.0,0.7582570080488482,0.24174299195115181,2266,0.2209270052733833,0.15015265056897031,0.6289203441576464
157,Frederick,1560,Frederick Precinct 02-018,1056,399,400,504,1560,1.0,0.676923076923077,0.3230769230769231,761,0.25576923076923075,0.2564102564102564,0.4878205128205128
158,Frederick,1203,Frederick Precinct 09-008,1049,291,267,154,1203,1.0,0.8719866999168745,0.12801330008312553,645,0.24189526184538654,0.22194513715710723,0.5361596009975063
159,Frederick,584,Frederick Precinct 13-002,482,56,103,102,584,1.0,0.8253424657534246,0.17465753424657535,425,0.0958904109589041,0.17636986301369864,0.7277397260273972
160,Frederick,1787,Frederick Precinct 21-002,1398,429,394,389,1787,1.0,0.7823167319529939,0.21768326804700616,964,0.2400671516508114,0.22048125349748182,0.5394515948517068
161,Frederick,3099,Frederick Precinct 21-003,2373,672,729,726,3099,1.0,0.7657308809293321,0.23426911907066797,1698,0.21684414327202323,0.23523717328170377,0.547918683446273
162,Frederick,4379,Frederick Precinct 02-010,2919,977,692,1460,4379,1.0,0.6665905457867093,0.3334094542132907,2710,0.22311029915505823,0.15802694679150492,0.6188627540534368
163,Frederick,2457,Frederick Precinct 20-001,2341,330,705,116,2457,1.0,0.9527879527879528,0.04721204721204721,1422,0.1343101343101343,0.2869352869352869,0.5787545787545788
164,Washington,1945,Washington Precinct 08-000,1896,328,584,49,1945,1.0,0.9748071979434447,0.02519280205655527,1033,0.1686375321336761,0.30025706940874036,0.5311053984575835
165,Frederick,2373,Frederick Precinct 12-001,2028,452,647,345,2373,1.0,0.854614412136536,0.14538558786346398,1274,0.19047619047619047,0.2726506531816266,0.5368731563421829
166,Frederick,1222,Frederick Precinct 22-001,1156,251,367,66,1222,1.0,0.9459901800327333,0.054009819967266774,604,0.20540098199672668,0.30032733224222585,0.49427168576104746
167,Washington,1846,Washington Precinct 19-000,1762,303,586,84,1846,1.0,0.9544962080173348,0.04550379198266522,957,0.16413867822318526,0.3174431202600217,0.5184182015167931
168,Washington,2585,Washington Precinct 06-002,2446,416,695,139,2585,1.0,0.9462282398452612,0.053771760154738876,1474,0.1609284332688588,0.2688588007736944,0.5702127659574469
169,Washington,2120,Washington Precinct 06-001,2021,321,600,99,2120,1.0,0.9533018867924529,0.046698113207547166,1199,0.15141509433962264,0.2830188679245283,0.565566037735849
170,Washington,2992,Washington Precinct 16-000,2783,393,795,209,2992,1.0,0.9301470588235294,0.06985294117647059,1804,0.13135026737967914,0.2657085561497326,0.6029411764705882
171,Washington,3446,Washington Precinct 02-000,3270,449,789,176,3446,1.0,0.9489262913522926,0.05107370864770749,2208,0.1302959953569356,0.2289611143354614,0.640742890307603
172,Washington,3981,Washington Precinct 23-000,3821,396,1075,160,3981,1.0,0.9598090931926652,0.04019090680733484,2510,0.09947249434815374,0.270032655111781,0.6304948505400653
173,Washington,2569,Washington Precinct 26-003,2433,399,677,136,2569,1.0,0.9470611132736473,0.05293888672635266,1493,0.1553133514986376,0.2635266640716232,0.5811599844297392
174,Washington,3543,Washington Precinct 26-001,3247,496,728,296,3543,1.0,0.9164549816539656,0.08354501834603444,2319,0.13999435506632796,0.20547558566186847,0.6545300592718035
175,Washington,2281,Washington Precinct 26-002,2020,370,480,261,2281,1.0,0.8855765015344147,0.11442349846558526,1431,0.16220955721174923,0.2104340201665936,0.6273564226216571
176,Washington,2361,Washington Precinct 10-002,1969,393,588,392,2361,1.0,0.833968657348581,0.1660313426514189,1380,0.16645489199491742,0.24904701397712833,0.5844980940279543
177,Washington,1736,Washington Precinct 03-004,1327,296,151,409,1736,1.0,0.7644009216589862,0.23559907834101382,1289,0.17050691244239632,0.0869815668202765,0.7425115207373272
178,Washington,2009,Washington Precinct 03-003,1620,311,271,389,2009,1.0,0.8063713290194127,0.19362867098058736,1427,0.15480338476854155,0.13489298158287705,0.7103036336485814
179,Washington,1404,Washington Precinct 03-002,1228,246,180,176,1404,1.0,0.8746438746438746,0.12535612535612536,978,0.1752136752136752,0.1282051282051282,0.6965811965811965
180,Washington,2964,Washington Precinct 13-001,2854,330,809,110,2964,1.0,0.9628879892037787,0.037112010796221326,1825,0.11133603238866396,0.27294197031039136,0.6157219973009447
181,Washington,2396,Washington Precinct 25-004,1777,413,337,619,2396,1.0,0.741652754590985,0.25834724540901505,1646,0.17237061769616027,0.14065108514190316,0.6869782971619366
182,Washington,2917,Washington Precinct 25-002,2460,352,249,457,2917,1.0,0.8433321906067878,0.1566678093932122,2316,0.12067192320877614,0.08536167295166266,0.7939664038395612
183,Washington,1556,Washington Precinct 13-002,1358,220,364,198,1556,1.0,0.8727506426735219,0.12724935732647816,972,0.14138817480719795,0.23393316195372751,0.6246786632390745
184,Washington,947,Washington Precinct 10-004,919,109,206,28,947,1.0,0.9704329461457233,0.029567053854276663,632,0.11510031678986272,0.21752903907074975,0.6673706441393875
185,Washington,4870,Washington Precinct 10-001,3171,405,659,1699,4870,1.0,0.651129363449692,0.34887063655030803,3806,0.08316221765913757,0.1353182751540041,0.7815195071868584
186,Washington,1255,Washington Precinct 03-001,1023,157,85,232,1255,1.0,0.8151394422310757,0.1848605577689243,1013,0.1250996015936255,0.06772908366533864,0.8071713147410359
187,Washington,1160,Washington Precinct 25-001,490,270,44,670,1160,1.0,0.4224137931034483,0.5775862068965517,846,0.23275862068965517,0.03793103448275862,0.7293103448275862
188,Washington,2628,Washington Precinct 22-001,1978,416,244,650,2628,1.0,0.7526636225266362,0.24733637747336376,1968,0.1582952815829528,0.0928462709284627,0.7488584474885844
189,Washington,2275,Washington Precinct 22-002,1694,308,264,581,2275,1.0,0.7446153846153846,0.2553846153846154,1703,0.13538461538461538,0.11604395604395605,0.7485714285714286
190,Washington,1661,Washington Precinct 10-003,1445,262,355,216,1661,1.0,0.8699578567128236,0.1300421432871764,1044,0.15773630343166767,0.21372667068031306,0.6285370258880193
191,Washington,2430,Washington Precinct 21-002,1997,395,403,433,2430,1.0,0.8218106995884774,0.17818930041152264,1632,0.16255144032921812,0.16584362139917697,0.671604938271605
192,Washington,1170,Washington Precinct 21-003,1051,233,288,119,1170,1.0,0.8982905982905983,0.10170940170940171,649,0.19914529914529913,0.24615384615384617,0.5547008547008547
193,Washington,2431,Washington Precinct 27-001,2230,378,737,201,2431,1.0,0.9173179761415056,0.08268202385849445,1316,0.15549156725627314,0.3031674208144796,0.5413410119292472
194,Washington,2591,Washington Precinct 21-001,2125,347,340,466,2591,1.0,0.8201466615206484,0.17985333847935162,1904,0.1339251254341953,0.13122346584330374,0.734851408722501
195,Washington,3190,Washington Precinct 27-002,2627,485,664,563,3190,1.0,0.8235109717868339,0.17648902821316614,2041,0.15203761755485892,0.20815047021943572,0.6398119122257053
196,Washington,2782,Washington Precinct 18-002,2491,400,559,291,2782,1.0,0.8953989935298347,0.10460100647016535,1823,0.14378145219266714,0.20093457943925233,0.6552839683680806
197,Washington,3320,Washington Precinct 18-003,2539,500,541,781,3320,1.0,0.7647590361445783,0.23524096385542168,2279,0.15060240963855423,0.16295180722891567,0.6864457831325301
198,Washington,2141,Washington Precinct 18-001,2034,275,631,107,2141,1.0,0.9500233535730966,0.04997664642690332,1235,0.12844465203176086,0.29472209248014947,0.5768332554880897
199,Washington,2206,Washington Precinct 09-000,2147,272,629,59,2206,1.0,0.9732547597461468,0.02674524025385313,1305,0.12330009066183137,0.28513145965548503,0.5915684496826836
200,Charles,2592,Charles Precinct 03-001,1691,590,394,901,2592,1.0,0.652391975308642,0.34760802469135804,1608,0.22762345679012347,0.15200617283950618,0.6203703703703703
201,Charles,1606,Charles Precinct 02-001,1303,346,356,303,1606,1.0,0.811332503113325,0.18866749688667497,904,0.21544209215442092,0.22166874221668742,0.5628891656288917
202,Charles,3125,Charles Precinct 10-001,1544,941,370,1581,3125,1.0,0.49408,0.50592,1814,0.30112,0.1184,0.58048
203,Charles,2755,Charles Precinct 07-002,1062,1018,207,1693,2755,1.0,0.385480943738657,0.6145190562613431,1530,0.36950998185117967,0.0751361161524501,0.5553539019963702
204,Charles,3366,Charles Precinct 07-003,1393,1159,297,1973,3366,1.0,0.4138443256090315,0.5861556743909685,1910,0.3443256090314914,0.08823529411764706,0.5674390968508616
205,Charles,1655,Charles Precinct 07-001,1311,260,193,344,1655,1.0,0.7921450151057402,0.20785498489425983,1202,0.15709969788519637,0.11661631419939578,0.7262839879154078
206,Charles,2514,Charles Precinct 07-004,947,939,188,1567,2514,1.0,0.37669053301511535,0.6233094669848847,1387,0.373508353221957,0.07478122513922036,0.5517104216388226
207,St. Mary's,1701,St. Mary's Precinct 03-004,1508,257,428,193,1701,1.0,0.8865373309817755,0.11346266901822458,1016,0.15108759553204,0.2516166960611405,0.5972957084068196
208,St. Mary's,2001,St. Mary's Precinct 03-003,1791,303,487,210,2001,1.0,0.8950524737631185,0.10494752623688156,1211,0.15142428785607195,0.2433783108445777,0.6051974012993503
209,Charles,2440,Charles Precinct 01-002,1878,493,638,562,2440,1.0,0.769672131147541,0.230327868852459,1309,0.20204918032786887,0.2614754098360656,0.5364754098360656
210,Charles,1733,Charles Precinct 04-002,1449,264,432,284,1733,1.0,0.8361223312175419,0.16387766878245816,1037,0.15233698788228506,0.24927870744373917,0.5983843046739757
211,Charles,2359,Charles Precinct 01-003,1637,428,372,722,2359,1.0,0.6939381093683764,0.3060618906316236,1559,0.1814328105129292,0.15769393810936838,0.6608732513777024
212,Charles,2485,Charles Precinct 01-004,1976,464,484,509,2485,1.0,0.7951710261569417,0.20482897384305834,1537,0.18672032193158955,0.19476861167002013,0.6185110663983904
213,Charles,3599,Charles Precinct 05-001,2920,656,705,679,3599,1.0,0.81133648235621,0.18866351764378994,2238,0.18227285357043624,0.19588774659627675,0.6218393998332871
214,Charles,2563,Charles Precinct 04-001,2230,356,618,333,2563,1.0,0.870074131876707,0.12992586812329301,1589,0.1388997268825595,0.24112368318376903,0.6199765899336714
215,Charles,2392,Charles Precinct 08-001,1757,490,528,635,2392,1.0,0.7345317725752508,0.2654682274247492,1374,0.2048494983277592,0.22073578595317725,0.5744147157190636
216,Charles,2371,Charles Precinct 06-001,1797,505,485,574,2371,1.0,0.7579080556727119,0.24209194432728806,1381,0.21299029945170814,0.20455504006748207,0.5824546604808097
217,Charles,3623,Charles Precinct 06-014,1425,1107,354,2198,3623,1.0,0.3933204526635385,0.6066795473364615,2162,0.3055478884902015,0.09770908087220535,0.5967430306375932
218,Allegany,1719,Allegany Precinct 29-002,1637,289,493,82,1719,1.0,0.9522978475858057,0.0477021524141943,937,0.16812100058173357,0.28679464805119254,0.5450843513670739
219,Allegany,3235,Allegany Precinct 06-006,1942,245,380,1293,3235,1.0,0.6003091190108192,0.3996908809891808,2610,0.07573415765069552,0.11746522411128284,0.8068006182380216
220,Allegany,1207,Allegany Precinct 06-005,1034,223,252,173,1207,1.0,0.8566694283347142,0.14333057166528584,732,0.18475559237779618,0.2087821043910522,0.6064623032311516
221,Allegany,800,Allegany Precinct 06-003,740,151,117,60,800,1.0,0.925,0.075,532,0.18875,0.14625,0.665
222,Allegany,1902,Allegany Precinct 29-001,1833,302,565,69,1902,1.0,0.9637223974763407,0.03627760252365931,1035,0.1587802313354364,0.297055730809674,0.5441640378548895
223,Allegany,1522,Allegany Precinct 06-001,1409,279,253,113,1522,1.0,0.9257555847568988,0.07424441524310119,990,0.18331143232588698,0.1662286465177398,0.6504599211563732
224,Allegany,1679,Allegany Precinct 20-000,1648,167,450,31,1679,1.0,0.9815366289458011,0.01846337105419893,1062,0.09946396664681358,0.26801667659321027,0.6325193567599762
225,Allegany,928,Allegany Precinct 04-005,911,148,161,17,928,1.0,0.9816810344827587,0.018318965517241378,619,0.15948275862068967,0.17349137931034483,0.6670258620689655
226,Allegany,1457,Allegany Precinct 04-003,1352,231,205,105,1457,1.0,0.9279341111873713,0.0720658888126287,1021,0.15854495538778313,0.14070006863417983,0.700754975978037
227,Allegany,1118,Allegany Precinct 04-002,951,154,117,167,1118,1.0,0.8506261180679785,0.14937388193202147,847,0.13774597495527727,0.10465116279069768,0.7576028622540251
228,Allegany,1603,Allegany Precinct 04-008,1511,263,276,92,1603,1.0,0.9426076107298814,0.05739238927011853,1064,0.16406737367436058,0.17217716781035558,0.6637554585152838
229,Allegany,1425,Allegany Precinct 04-004,1355,270,305,70,1425,1.0,0.9508771929824561,0.04912280701754386,850,0.18947368421052632,0.21403508771929824,0.5964912280701754
230,Allegany,856,Allegany Precinct 14-000,766,127,85,90,856,1.0,0.8948598130841121,0.10514018691588785,644,0.1483644859813084,0.09929906542056074,0.7523364485981309
231,Allegany,1491,Allegany Precinct 05-004,1387,224,208,104,1491,1.0,0.9302481556002683,0.06975184439973173,1059,0.15023474178403756,0.13950368879946345,0.710261569416499
232,Allegany,2358,Allegany Precinct 23-000,2120,332,429,238,2358,1.0,0.899067005937235,0.10093299406276506,1597,0.14079728583545378,0.18193384223918574,0.6772688719253604
233,Allegany,624,Allegany Precinct 05-006,619,99,150,5,624,1.0,0.9919871794871795,0.008012820512820512,375,0.15865384615384615,0.2403846153846154,0.6009615384615384
234,Allegany,2552,Allegany Precinct 22-001,2173,314,360,379,2552,1.0,0.8514890282131662,0.14851097178683387,1878,0.12304075235109718,0.14106583072100312,0.7358934169278997
235,Allegany,3185,Allegany Precinct 16-000,1973,200,473,1212,3185,1.0,0.6194662480376766,0.38053375196232336,2512,0.06279434850863422,0.14850863422291993,0.7886970172684459
236,Allegany,1346,Allegany Precinct 34-000,1324,230,434,22,1346,1.0,0.9836552748885586,0.01634472511144131,682,0.17087667161961367,0.3224368499257058,0.5066864784546805
237,Allegany,956,Allegany Precinct 21-000,934,120,291,22,956,1.0,0.9769874476987448,0.02301255230125523,545,0.12552301255230125,0.3043933054393305,0.5700836820083682
238,Allegany,944,Allegany Precinct 02-000,924,108,242,20,944,1.0,0.9788135593220338,0.0211864406779661,594,0.11440677966101695,0.2563559322033898,0.6292372881355932
239,Allegany,852,Allegany Precinct 03-000,839,78,242,13,852,1.0,0.9847417840375586,0.015258215962441314,532,0.09154929577464789,0.284037558685446,0.6244131455399061
240,Allegany,746,Allegany Precinct 01-000,734,63,258,12,746,1.0,0.9839142091152815,0.0160857908847185,425,0.08445040214477212,0.34584450402144773,0.5697050938337802
241,Washington,2643,Washington Precinct 05-000,2584,265,715,59,2643,1.0,0.9776768823306848,0.022323117669315173,1663,0.100264850548619,0.270525917517972,0.629209231933409
242,Frederick,3605,Frederick Precinct 25-001,3213,740,667,392,3605,1.0,0.8912621359223301,0.1087378640776699,2198,0.20527045769764216,0.18502080443828017,0.6097087378640776
243,Washington,1589,Washington Precinct 15-000,1563,130,463,26,1589,1.0,0.9836375078665828,0.016362492133417242,996,0.08181246066708622,0.29137822529893015,0.6268093140339837
244,Washington,2398,Washington Precinct 04-000,2339,269,759,59,2398,1.0,0.9753961634695579,0.024603836530442035,1370,0.1121768140116764,0.3165137614678899,0.5713094245204337
245,Washington,563,Washington Precinct 11-002,546,93,119,17,563,1.0,0.9698046181172292,0.03019538188277087,351,0.16518650088809947,0.2113676731793961,0.6234458259325044
246,Washington,2586,Washington Precinct 01-000,2492,433,702,94,2586,1.0,0.9636504253673627,0.03634957463263728,1451,0.1674400618716164,0.271461716937355,0.5610982211910286
247,Washington,1721,Washington Precinct 20-000,1673,217,481,48,1721,1.0,0.9721092388146426,0.02789076118535735,1023,0.12608948285880303,0.27948866937826844,0.5944218477629285
248,Washington,6302,Washington Precinct 12-000,3018,251,569,3284,6302,1.0,0.4788955887019994,0.5211044112980007,5482,0.03982862583306887,0.0902887972072358,0.8698825769596953
249,Washington,929,Washington Precinct 11-001,892,181,226,37,929,1.0,0.9601722282023681,0.03982777179763186,522,0.19483315392895587,0.2432723358449946,0.5618945102260495
250,Garrett,746,Garrett Precinct 08-002,735,48,220,11,746,1.0,0.985254691689008,0.014745308310991957,478,0.064343163538874,0.2949061662198391,0.6407506702412868
251,Garrett,572,Garrett Precinct 08-001,565,62,149,7,572,1.0,0.9877622377622378,0.012237762237762238,361,0.10839160839160839,0.26048951048951047,0.6311188811188811
252,Garrett,1056,Garrett Precinct 14-002,1037,85,352,19,1056,1.0,0.9820075757575758,0.017992424242424244,619,0.08049242424242424,0.3333333333333333,0.5861742424242424
253,Garrett,1898,Garrett Precinct 07-000,1852,187,482,46,1898,1.0,0.9757639620653319,0.02423603793466807,1229,0.09852476290832456,0.25395152792413067,0.6475237091675448
254,Garrett,2642,Garrett Precinct 16-000,2604,257,639,38,2642,1.0,0.9856169568508706,0.014383043149129448,1746,0.09727479182437547,0.24186222558667675,0.6608629825889477
255,Garrett,1535,Garrett Precinct 10-000,1521,173,434,14,1535,1.0,0.9908794788273616,0.009120521172638436,928,0.11270358306188925,0.28273615635179156,0.6045602605863192
256,Garrett,2412,Garrett Precinct 14-001,2373,247,631,39,2412,1.0,0.9838308457711443,0.01616915422885572,1534,0.10240464344941957,0.26160862354892206,0.6359867330016584
257,Garrett,1811,Garrett Precinct 06-000,1677,239,466,134,1811,1.0,0.9260077305356157,0.07399226946438432,1106,0.1319712865819989,0.25731639977912757,0.6107123136388736
258,Garrett,562,Garrett Precinct 13-000,558,88,121,4,562,1.0,0.9928825622775801,0.0071174377224199285,353,0.15658362989323843,0.21530249110320285,0.6281138790035588
259,Garrett,1486,Garrett Precinct 01-000,1470,191,474,16,1486,1.0,0.9892328398384926,0.010767160161507403,821,0.1285329744279946,0.3189771197846568,0.5524899057873486
260,Garrett,1547,Garrett Precinct 02-000,1514,185,421,33,1547,1.0,0.9786683904330963,0.021331609566903685,941,0.1195862960568843,0.27213962508080153,0.6082740788623141
261,Garrett,1443,Garrett Precinct 05-000,1420,168,520,23,1443,1.0,0.9840609840609841,0.01593901593901594,755,0.11642411642411643,0.36036036036036034,0.5232155232155232
262,Garrett,725,Garrett Precinct 12-000,708,74,253,17,725,1.0,0.976551724137931,0.023448275862068966,398,0.10206896551724139,0.3489655172413793,0.5489655172413793
263,Garrett,655,Garrett Precinct 04-000,637,67,216,18,655,1.0,0.9725190839694656,0.02748091603053435,372,0.10229007633587786,0.3297709923664122,0.5679389312977099
264,Garrett,140,Garrett Precinct 11-000,136,9,52,4,140,1.0,0.9714285714285714,0.02857142857142857,79,0.06428571428571428,0.37142857142857144,0.5642857142857143
265,Allegany,2806,Allegany Precinct 08-000,2755,284,692,51,2806,1.0,0.9818246614397719,0.018175338560228082,1830,0.10121168923734854,0.2466143977191732,0.6521739130434783
266,Allegany,1114,Allegany Precinct 09-000,1103,106,314,11,1114,1.0,0.9901256732495511,0.009874326750448833,694,0.09515260323159784,0.28186714542190305,0.6229802513464991
267,Allegany,1650,Allegany Precinct 10-000,1628,132,508,22,1650,1.0,0.9866666666666667,0.013333333333333334,1010,0.08,0.30787878787878786,0.6121212121212121
268,Allegany,1273,Allegany Precinct 31-000,1251,151,337,22,1273,1.0,0.9827179890023566,0.01728201099764336,785,0.11861743912018853,0.26472898664571876,0.6166535742340927
269,Garrett,627,Garrett Precinct 03-002,615,87,191,12,627,1.0,0.9808612440191388,0.019138755980861243,349,0.13875598086124402,0.30462519936204147,0.5566188197767146
270,Garrett,2171,Garrett Precinct 03-001,2136,196,683,35,2171,1.0,0.9838783970520497,0.016121602947950252,1292,0.09028097650852142,0.3146015660985721,0.5951174573929064
271,Garrett,421,Garrett Precinct 15-000,419,72,152,2,421,1.0,0.995249406175772,0.004750593824228029,197,0.171021377672209,0.36104513064133015,0.4679334916864608
272,Garrett,988,Garrett Precinct 09-000,964,174,337,24,988,1.0,0.9757085020242915,0.024291497975708502,477,0.17611336032388664,0.3410931174089069,0.48279352226720645
273,Allegany,1685,Allegany Precinct 18-000,1660,135,515,25,1685,1.0,0.9851632047477745,0.01483679525222552,1035,0.08011869436201781,0.3056379821958457,0.6142433234421365
274,Allegany,4960,Allegany Precinct 26-000,3677,370,466,1283,4960,1.0,0.7413306451612903,0.2586693548387097,4124,0.07459677419354839,0.0939516129032258,0.8314516129032258
275,Allegany,1016,Allegany Precinct 11-000,971,217,234,45,1016,1.0,0.9557086614173228,0.04429133858267716,565,0.21358267716535434,0.23031496062992127,0.5561023622047244
276,Allegany,2829,Allegany Precinct 12-000,2623,412,562,206,2829,1.0,0.9271827500883705,0.07281724991162955,1855,0.1456344998232591,0.19865676917638742,0.6557087310003534
277,Allegany,1572,Allegany Precinct 24-000,1544,186,415,28,1572,1.0,0.9821882951653944,0.017811704834605598,971,0.1183206106870229,0.2639949109414758,0.6176844783715013
278,Allegany,1653,Allegany Precinct 07-002,1584,255,573,69,1653,1.0,0.9582577132486388,0.041742286751361164,825,0.1542649727767695,0.3466424682395644,0.49909255898366606
279,Allegany,1346,Allegany Precinct 29-003,1304,236,333,42,1346,1.0,0.9687964338781575,0.031203566121842496,777,0.17533432392273401,0.2473997028231798,0.5772659732540861
280,Allegany,1884,Allegany Precinct 13-000,1845,250,457,39,1884,1.0,0.9792993630573248,0.020700636942675158,1177,0.1326963906581741,0.24256900212314225,0.6247346072186837
281,Allegany,3275,Allegany Precinct 07-001,2017,284,443,1258,3275,1.0,0.6158778625954199,0.3841221374045802,2548,0.0867175572519084,0.13526717557251908,0.7780152671755726
282,Harford,3035,Harford Precinct 03-023,2597,516,624,438,3035,1.0,0.8556836902800659,0.1443163097199341,1895,0.1700164744645799,0.20560131795716638,0.6243822075782537
283,Harford,3016,Harford Precinct 03-022,2720,474,722,296,3016,1.0,0.9018567639257294,0.09814323607427056,1820,0.15716180371352786,0.23938992042440319,0.603448275862069
284,Harford,3085,Harford Precinct 04-001,2968,438,1057,117,3085,1.0,0.9620745542949757,0.03792544570502431,1590,0.1419773095623987,0.3426256077795786,0.5153970826580226
285,Harford,2129,Harford Precinct 04-006,2056,294,696,73,2129,1.0,0.9657116016909347,0.03428839830906529,1139,0.13809300140911226,0.3269140441521841,0.5349929544387036
286,Harford,2731,Harford Precinct 04-003,2662,358,874,69,2731,1.0,0.9747345294763823,0.025265470523617724,1499,0.13108751373123398,0.3200292932991578,0.5488831929696082
287,Harford,2632,Harford Precinct 04-004,2493,364,791,139,2632,1.0,0.9471884498480243,0.05281155015197568,1477,0.13829787234042554,0.300531914893617,0.5611702127659575
288,Harford,4062,Harford Precinct 03-005,3803,533,1166,259,4062,1.0,0.9362383062530774,0.0637616937469227,2363,0.13121614967996062,0.28705071393402265,0.5817331363860168
289,Harford,2376,Harford Precinct 05-002,2261,337,695,115,2376,1.0,0.9515993265993266,0.0484006734006734,1344,0.14183501683501684,0.2925084175084175,0.5656565656565656
290,Harford,1712,Harford Precinct 03-004,1595,251,508,117,1712,1.0,0.9316588785046729,0.0683411214953271,953,0.1466121495327103,0.2967289719626168,0.5566588785046729
291,Harford,2679,Harford Precinct 05-003,2566,334,774,113,2679,1.0,0.9578200821201941,0.0421799178798059,1571,0.12467338559163867,0.2889137737961926,0.5864128406121687
292,Harford,1922,Harford Precinct 01-003,1115,450,185,807,1922,1.0,0.5801248699271592,0.4198751300728408,1287,0.23413111342351717,0.09625390218522373,0.6696149843912591
293,Harford,2731,Harford Precinct 01-005,1671,649,303,1060,2731,1.0,0.6118637861589161,0.3881362138410839,1779,0.23764188941779568,0.11094837056023435,0.6514097400219699
294,Harford,3854,Harford Precinct 01-010,2529,862,594,1325,3854,1.0,0.656201349247535,0.34379865075246496,2398,0.22366372599896212,0.15412558380902958,0.6222106901920083
295,Harford,3035,Harford Precinct 01-019,1562,915,249,1473,3035,1.0,0.514662273476112,0.48533772652388796,1871,0.3014827018121911,0.08204283360790775,0.6164744645799012
296,Harford,1603,Harford Precinct 02-019,986,77,63,617,1603,1.0,0.6150966936993137,0.3849033063006862,1463,0.048034934497816595,0.039301310043668124,0.9126637554585153
297,Harford,2076,Harford Precinct 01-018,1562,444,346,514,2076,1.0,0.7524084778420038,0.24759152215799615,1286,0.2138728323699422,0.16666666666666666,0.6194605009633911
298,Harford,1794,Harford Precinct 01-017,1518,284,376,276,1794,1.0,0.8461538461538461,0.15384615384615385,1134,0.15830546265328874,0.20958751393534003,0.6321070234113713
299,Harford,3477,Harford Precinct 01-016,2382,741,451,1095,3477,1.0,0.6850733390854185,0.31492666091458155,2285,0.21311475409836064,0.12970951970089156,0.6571757262007478
300,Harford,3030,Harford Precinct 01-020,1753,734,376,1277,3030,1.0,0.5785478547854785,0.42145214521452146,1920,0.24224422442244226,0.12409240924092409,0.6336633663366337
301,Harford,2453,Harford Precinct 03-020,2282,369,613,171,2453,1.0,0.9302894415002039,0.06971055849979617,1471,0.15042804728903383,0.24989808397880148,0.5996738687321647
302,Harford,2703,Harford Precinct 03-002,2479,440,723,224,2703,1.0,0.9171291157972623,0.0828708842027377,1540,0.16278209396966334,0.26748057713651496,0.5697373288938217
303,Harford,1877,Harford Precinct 02-003,1397,462,239,480,1877,1.0,0.7442727757059137,0.2557272242940863,1176,0.24613745338305806,0.12733084709643047,0.6265316995205115
304,Harford,327,Harford Precinct 02-001,263,56,73,64,327,1.0,0.8042813455657493,0.19571865443425077,198,0.1712538226299694,0.22324159021406728,0.6055045871559633
305,Harford,2551,Harford Precinct 02-015,1517,747,244,1034,2551,1.0,0.5946687573500588,0.4053312426499412,1560,0.29282634261074086,0.09564876519012153,0.6115248921991376
306,Harford,3443,Harford Precinct 02-010,1918,812,302,1525,3443,1.0,0.5570723206505954,0.4429276793494046,2329,0.2358408364798141,0.08771420273017717,0.6764449607900087
307,Harford,2679,Harford Precinct 02-014,1630,548,190,1049,2679,1.0,0.6084359835759612,0.3915640164240388,1941,0.2045539380365808,0.07092198581560284,0.7245240761478163
308,Harford,2411,Harford Precinct 02-011,1702,566,412,709,2411,1.0,0.705931148900871,0.294068851099129,1433,0.23475736209041892,0.1708834508502696,0.5943591870593115
309,Harford,264,Harford Precinct 02-004,242,31,51,22,264,1.0,0.9166666666666666,0.08333333333333333,182,0.11742424242424243,0.19318181818181818,0.6893939393939394
310,Harford,3615,Harford Precinct 02-002,3332,626,845,283,3615,1.0,0.9217150760719225,0.07828492392807745,2144,0.1731673582295989,0.23374827109266944,0.5930843706777317
311,Kent,703,Kent Precinct 03-002,547,146,110,156,703,1.0,0.7780938833570412,0.22190611664295876,447,0.20768136557610242,0.15647226173541964,0.635846372688478
312,Harford,295,Harford Precinct 02-005,242,14,20,53,295,1.0,0.8203389830508474,0.17966101694915254,261,0.04745762711864407,0.06779661016949153,0.8847457627118644
313,Harford,137,Harford Precinct 06-005,57,63,31,80,137,1.0,0.41605839416058393,0.583941605839416,43,0.45985401459854014,0.22627737226277372,0.31386861313868614
314,Harford,794,Harford Precinct 06-007,641,71,55,153,794,1.0,0.8073047858942065,0.19269521410579346,668,0.08942065491183879,0.06926952141057935,0.8413098236775819
315,Harford,3367,Harford Precinct 06-006,2576,735,741,791,3367,1.0,0.7650727650727651,0.23492723492723494,1891,0.2182952182952183,0.22007722007722008,0.5616275616275617
316,Harford,2179,Harford Precinct 06-003,1655,576,300,524,2179,1.0,0.7595227168425883,0.24047728315741165,1303,0.2643414410279945,0.13767783386874713,0.5979807251032584
317,Harford,2603,Harford Precinct 06-001,1942,556,228,661,2603,1.0,0.746062235881675,0.253937764118325,1819,0.2135996926623127,0.08759124087591241,0.6988090664617749
318,Harford,340,Harford Precinct 06-004,310,54,41,30,340,1.0,0.9117647058823529,0.08823529411764706,245,0.1588235294117647,0.12058823529411765,0.7205882352941176
319,Harford,1986,Harford Precinct 06-002,1564,521,460,422,1986,1.0,0.7875125881168177,0.21248741188318226,1005,0.2623363544813696,0.23162134944612287,0.5060422960725075
320,Harford,1712,Harford Precinct 05-004,1537,277,374,175,1712,1.0,0.8977803738317757,0.1022196261682243,1061,0.16179906542056074,0.21845794392523366,0.6197429906542056
321,Harford,2884,Harford Precinct 05-001,2747,374,728,137,2884,1.0,0.95249653259362,0.04750346740638003,1782,0.12968099861303745,0.2524271844660194,0.6178918169209431
322,Cecil,3106,Cecil Precinct 08-001,2998,379,832,108,3106,1.0,0.9652285898261429,0.03477141017385705,1895,0.12202189311010947,0.2678686413393432,0.6101094655505473
323,Cecil,2976,Cecil Precinct 07-001,2676,441,678,300,2976,1.0,0.8991935483870968,0.10080645161290322,1857,0.14818548387096775,0.22782258064516128,0.623991935483871
324,Cecil,2543,Cecil Precinct 06-002,2437,458,831,106,2543,1.0,0.9583169484860401,0.04168305151395989,1254,0.1801022414471097,0.32677939441604403,0.49311836413684623
325,Cecil,1360,Cecil Precinct 07-003,1200,170,202,160,1360,1.0,0.8823529411764706,0.11764705882352941,988,0.125,0.14852941176470588,0.7264705882352941
326,Cecil,4824,Cecil Precinct 07-002,4018,798,741,806,4824,1.0,0.8329187396351575,0.16708126036484244,3285,0.1654228855721393,0.15360696517412936,0.6809701492537313
327,Cecil,5437,Cecil Precinct 06-001,5216,642,1359,221,5437,1.0,0.9593525841456686,0.04064741585433143,3436,0.11807982343203972,0.2499540187603458,0.6319661578076144
328,Talbot,3502,Talbot Precinct 04-001,3079,402,887,423,3502,1.0,0.8792118789263278,0.12078812107367219,2213,0.11479154768703598,0.25328383780696745,0.6319246145059966
329,Caroline,1679,Caroline Precinct 06-001,1505,229,417,174,1679,1.0,0.8963668850506253,0.10363311494937463,1033,0.13639070875521145,0.24836212030970817,0.6152471709350804
330,Queen Anne's,1487,Queen Anne's Precinct 06-001,1354,176,412,133,1487,1.0,0.9105581708137189,0.0894418291862811,899,0.1183591123066577,0.27706792199058505,0.6045729657027572
331,Caroline,5431,Caroline Precinct 03-001,4422,647,785,1009,5431,1.0,0.8142146934266249,0.18578530657337508,3999,0.11913091511692138,0.14454060025777943,0.7363284846252992
332,Caroline,2698,Caroline Precinct 07-001,2113,423,576,585,2698,1.0,0.7831727205337287,0.2168272794662713,1699,0.15678280207561157,0.2134914751667902,0.6297257227575982
333,Caroline,4170,Caroline Precinct 02-001,3650,505,800,520,4170,1.0,0.8752997601918465,0.12470023980815348,2865,0.1211031175059952,0.19184652278177458,0.6870503597122302
334,Kent,1602,Kent Precinct 02-001,1238,223,331,364,1602,1.0,0.7727840199750312,0.2272159800249688,1048,0.13920099875156056,0.2066167290886392,0.6541822721598003
335,Queen Anne's,2401,Queen Anne's Precinct 07-001,2007,371,425,394,2401,1.0,0.8359017076218243,0.16409829237817575,1605,0.15451895043731778,0.17700957934194086,0.6684714702207414
336,Queen Anne's,2015,Queen Anne's Precinct 01-001,1735,206,411,280,2015,1.0,0.8610421836228288,0.13895781637717122,1398,0.1022332506203474,0.20397022332506204,0.6937965260545905
337,Caroline,2467,Caroline Precinct 01-001,1711,206,342,756,2467,1.0,0.6935549250101337,0.30644507498986623,1919,0.08350222942845562,0.13862991487636805,0.7778678556951764
338,Kent,1324,Kent Precinct 01-001,1011,236,263,313,1324,1.0,0.763595166163142,0.236404833836858,825,0.1782477341389728,0.1986404833836858,0.6231117824773413
339,Cecil,3990,Cecil Precinct 01-001,3666,642,834,324,3990,1.0,0.9187969924812031,0.081203007518797,2514,0.16090225563909774,0.20902255639097744,0.6300751879699248
340,Anne Arundel,3247,Anne Arundel Precinct 07-009,2512,508,355,735,3247,1.0,0.7736372035725285,0.2263627964274715,2384,0.15645210963966738,0.10933169079149985,0.7342161995688328
341,Calvert,2692,Calvert Precinct 02-003,2313,435,658,379,2692,1.0,0.8592124814264487,0.14078751857355126,1599,0.16158989598811294,0.24442793462109955,0.5939821693907875
342,Calvert,2653,Calvert Precinct 02-006,2176,459,599,477,2653,1.0,0.8202035431586883,0.17979645684131174,1595,0.17301168488503582,0.22578213343384848,0.6012061816811157
343,Calvert,3474,Calvert Precinct 02-008,2865,631,579,609,3474,1.0,0.8246977547495682,0.17530224525043178,2264,0.18163500287852619,0.16666666666666666,0.6516983304548072
344,Calvert,3228,Calvert Precinct 03-003,2225,745,556,1003,3228,1.0,0.6892812887236679,0.3107187112763321,1927,0.23079306071871128,0.17224287484510534,0.5969640644361834
345,Calvert,1651,Calvert Precinct 02-007,1552,300,485,99,1651,1.0,0.9400363416111448,0.05996365838885524,866,0.18170805572380375,0.29376135675348275,0.5245305875227135
346,Calvert,2880,Calvert Precinct 03-005,2457,554,678,423,2880,1.0,0.853125,0.146875,1648,0.19236111111111112,0.23541666666666666,0.5722222222222222
347,Calvert,2230,Calvert Precinct 03-007,1946,376,543,284,2230,1.0,0.8726457399103139,0.1273542600896861,1311,0.16860986547085202,0.24349775784753364,0.5878923766816143
348,Calvert,3074,Calvert Precinct 03-004,2642,613,628,432,3074,1.0,0.8594664931685101,0.1405335068314899,1833,0.19941444372153547,0.20429407937540664,0.596291476903058
349,Calvert,2683,Calvert Precinct 03-008,2217,557,527,466,2683,1.0,0.8263138278046962,0.17368617219530377,1599,0.20760342899739098,0.19642191576593365,0.5959746552366754
350,Anne Arundel,2407,Anne Arundel Precinct 07-021,2072,409,604,335,2407,1.0,0.8608226007478189,0.13917739925218114,1394,0.16992106356460324,0.2509347735770669,0.5791441628583299
351,Anne Arundel,2960,Anne Arundel Precinct 07-001,2718,527,673,242,2960,1.0,0.9182432432432432,0.08175675675675675,1760,0.17804054054054055,0.22736486486486487,0.5945945945945946
352,Frederick,4356,Frederick Precinct 01-001,3809,1044,1220,547,4356,1.0,0.8744260789715336,0.12557392102846648,2092,0.2396694214876033,0.2800734618916437,0.480257116620753
353,Montgomery,2107,Montgomery Precinct 03-002,1792,495,630,315,2107,1.0,0.8504983388704319,0.14950166112956811,982,0.2349311817750356,0.29900332225913623,0.4660654959658282
354,Montgomery,2553,Montgomery Precinct 03-001,2159,675,684,394,2553,1.0,0.8456717587152369,0.15432824128476302,1194,0.26439482961222094,0.2679200940070505,0.46768507638072854
355,Montgomery,1784,Montgomery Precinct 11-000,1537,478,453,247,1784,1.0,0.8615470852017937,0.1384529147982063,853,0.2679372197309417,0.2539237668161435,0.4781390134529148
356,Frederick,2131,Frederick Precinct 07-001,1866,463,638,265,2131,1.0,0.8756452369779446,0.12435476302205538,1030,0.21726888784608164,0.2993899577663069,0.48334115438761144
357,Montgomery,2683,Montgomery Precinct 10-010,2126,822,534,557,2683,1.0,0.7923965710026091,0.20760342899739098,1327,0.30637346254193065,0.19903093551994036,0.49459560193812896
358,Montgomery,2533,Montgomery Precinct 10-002,1848,650,629,685,2533,1.0,0.7295696802210817,0.2704303197789183,1254,0.2566127121989735,0.2483221476510067,0.49506514015001973
359,Montgomery,1582,Montgomery Precinct 10-001,1196,338,336,386,1582,1.0,0.7560050568900126,0.24399494310998734,908,0.213653603034134,0.21238938053097345,0.5739570164348925
360,Montgomery,1642,Montgomery Precinct 10-013,1102,590,204,540,1642,1.0,0.6711327649208283,0.32886723507917176,848,0.35931790499390986,0.12423873325213154,0.5164433617539586
361,Montgomery,2293,Montgomery Precinct 10-006,1631,874,328,662,2293,1.0,0.7112952464020933,0.28870475359790665,1091,0.38116005233318795,0.14304404709986918,0.4757959005669429
362,Montgomery,2754,Montgomery Precinct 10-007,2119,941,474,635,2754,1.0,0.7694262890341321,0.23057371096586782,1339,0.3416848220769789,0.1721132897603486,0.48620188816267246
363,Montgomery,2878,Montgomery Precinct 07-003,2258,1236,315,620,2878,1.0,0.7845726198749131,0.21542738012508686,1327,0.4294649061848506,0.10945100764419737,0.46108408617095203
364,Montgomery,2119,Montgomery Precinct 07-022,1760,1015,205,359,2119,1.0,0.830580462482303,0.16941953751769703,899,0.4789995280792827,0.09674374705049552,0.4242567248702218
365,Montgomery,2648,Montgomery Precinct 10-009,1916,689,613,732,2648,1.0,0.7235649546827795,0.2764350453172205,1346,0.2601963746223565,0.23149546827794562,0.5083081570996979
366,Montgomery,1510,Montgomery Precinct 10-004,1093,598,225,417,1510,1.0,0.723841059602649,0.276158940397351,687,0.39602649006622515,0.1490066225165563,0.4549668874172185
367,Montgomery,2274,Montgomery Precinct 10-005,1625,817,357,649,2274,1.0,0.7145998240985049,0.2854001759014952,1100,0.3592788038698329,0.15699208443271767,0.4837291116974494
368,Montgomery,3358,Montgomery Precinct 04-012,2173,1193,499,1185,3358,1.0,0.6471113758189398,0.35288862418106015,1666,0.3552709946396665,0.14860035735556879,0.49612864800476475
369,Montgomery,2320,Montgomery Precinct 10-003,1721,724,397,599,2320,1.0,0.7418103448275862,0.25818965517241377,1199,0.3120689655172414,0.1711206896551724,0.5168103448275863
370,Montgomery,3272,Montgomery Precinct 07-015,2621,1292,447,651,3272,1.0,0.801039119804401,0.19896088019559902,1533,0.39486552567237165,0.13661369193154035,0.468520782396088
371,St. Mary's,2659,St. Mary's Precinct 07-001,2221,529,455,438,2659,1.0,0.8352764197066567,0.16472358029334336,1675,0.19894697254606994,0.17111696126363293,0.6299360661902971
372,St. Mary's,2636,St. Mary's Precinct 04-003,2211,438,556,425,2636,1.0,0.8387708649468892,0.16122913505311076,1642,0.1661608497723824,0.2109256449165402,0.6229135053110774
373,St. Mary's,2127,St. Mary's Precinct 04-002,1873,311,416,254,2127,1.0,0.8805829807240244,0.11941701927597555,1400,0.1462153267512929,0.19558062999529854,0.6582040432534085
374,St. Mary's,2525,St. Mary's Precinct 03-002,1979,482,395,546,2525,1.0,0.7837623762376238,0.21623762376237624,1648,0.1908910891089109,0.15643564356435644,0.6526732673267327
375,St. Mary's,2671,St. Mary's Precinct 04-001,2400,443,588,271,2671,1.0,0.8985398727068513,0.10146012729314863,1640,0.16585548483713966,0.22014226881317858,0.6140022463496818
376,St. Mary's,3052,St. Mary's Precinct 05-001,2652,530,666,400,3052,1.0,0.8689384010484927,0.1310615989515072,1856,0.17365661861074705,0.2182175622542595,0.6081258191349934
377,St. Mary's,3010,St. Mary's Precinct 05-002,2584,482,577,426,3010,1.0,0.8584717607973422,0.1415282392026578,1951,0.1601328903654485,0.19169435215946845,0.6481727574750831
378,Charles,2571,Charles Precinct 09-002,1957,501,491,614,2571,1.0,0.7611824192921043,0.23881758070789577,1579,0.19486581096849476,0.190976273823415,0.6141579152080903
379,St. Mary's,2846,St. Mary's Precinct 05-003,2609,376,652,237,2846,1.0,0.9167252283907238,0.08327477160927618,1818,0.13211524947294448,0.22909346451159524,0.6387912860154603
380,St. Mary's,2045,St. Mary's Precinct 03-001,1545,314,321,500,2045,1.0,0.7555012224938875,0.24449877750611246,1410,0.15354523227383862,0.1569682151589242,0.6894865525672371
381,St. Mary's,2258,St. Mary's Precinct 06-004,1826,351,464,432,2258,1.0,0.8086802480070859,0.1913197519929141,1443,0.15544729849424269,0.20549158547387067,0.6390611160318866
382,St. Mary's,2382,St. Mary's Precinct 06-002,2168,329,537,214,2382,1.0,0.910159529806885,0.08984047019311503,1516,0.13811922753988246,0.22544080604534006,0.6364399664147775
383,St. Mary's,2804,St. Mary's Precinct 03-005,2463,276,457,341,2804,1.0,0.8783880171184023,0.12161198288159772,2071,0.09843081312410841,0.162981455064194,0.7385877318116976
384,St. Mary's,1613,St. Mary's Precinct 06-001,1464,268,379,149,1613,1.0,0.907625542467452,0.09237445753254804,966,0.1661500309981401,0.23496590204587725,0.5988840669559826
385,Calvert,3560,Calvert Precinct 02-002,2532,704,630,1028,3560,1.0,0.7112359550561798,0.28876404494382024,2226,0.19775280898876405,0.17696629213483145,0.6252808988764045
386,Calvert,3011,Calvert Precinct 02-001,2414,605,591,597,3011,1.0,0.8017270009963468,0.19827299900365328,1815,0.20092992361341747,0.19628030554633014,0.6027897708402524
387,Charles,2356,Charles Precinct 09-001,1447,642,465,909,2356,1.0,0.6141765704584041,0.38582342954159593,1249,0.27249575551782684,0.19736842105263158,0.5301358234295416
388,Prince George's,1692,Prince George's Precinct 08-001,980,408,143,712,1692,1.0,0.5791962174940898,0.42080378250591016,1141,0.24113475177304963,0.08451536643026004,0.6743498817966903
389,Prince George's,2531,Prince George's Precinct 11-002,511,1192,117,2020,2531,1.0,0.20189648360331885,0.7981035163966812,1222,0.47096009482418016,0.04622678783089688,0.48281311734492294
390,Prince George's,3507,Prince George's Precinct 15-001,574,1554,116,2933,3507,1.0,0.16367265469061876,0.8363273453093812,1837,0.4431137724550898,0.03307670373538637,0.5238095238095238
391,Prince George's,3267,Prince George's Precinct 15-004,469,1133,95,2798,3267,1.0,0.1435567799204163,0.8564432200795837,2039,0.3468013468013468,0.029078665442301806,0.6241199877563514
392,Prince George's,2065,Prince George's Precinct 04-001,1341,543,317,724,2065,1.0,0.6493946731234866,0.3506053268765133,1205,0.262953995157385,0.15351089588377723,0.5835351089588378
393,Calvert,2367,Calvert Precinct 03-006,2018,426,681,349,2367,1.0,0.8525559780312632,0.1474440219687368,1260,0.17997465145754118,0.2877059569074778,0.532319391634981
394,Prince George's,1133,Prince George's Precinct 03-001,419,381,103,714,1133,1.0,0.3698146513680494,0.6301853486319505,649,0.33627537511032657,0.09090909090909091,0.5728155339805825
395,Frederick,5452,Frederick Precinct 05-001,4981,586,1093,471,5452,1.0,0.9136096845194424,0.08639031548055759,3773,0.10748349229640498,0.20047688921496698,0.692039618488628
396,Carroll,1084,Carroll Precinct 10-001,1040,84,311,44,1084,1.0,0.959409594095941,0.04059040590405904,689,0.07749077490774908,0.28690036900369004,0.6356088560885609
397,Carroll,7012,Carroll Precinct 01-001,6558,793,1674,454,7012,1.0,0.9352538505419281,0.06474614945807187,4545,0.11309184255561894,0.23873359954363949,0.6481745579007416
398,Carroll,1424,Carroll Precinct 02-001,1389,196,503,35,1424,1.0,0.9754213483146067,0.02457865168539326,725,0.13764044943820225,0.3532303370786517,0.5091292134831461
399,Carroll,1786,Carroll Precinct 02-002,1731,227,527,55,1786,1.0,0.9692049272116461,0.030795072788353865,1032,0.1270996640537514,0.29507278835386336,0.5778275475923852
400,Prince George's,1983,Prince George's Precinct 12-002,167,794,34,1816,1983,1.0,0.08421583459404942,0.9157841654059505,1155,0.40040342914775595,0.01714573877962683,0.5824508320726173
401,Prince George's,4528,Prince George's Precinct 12-009,53,1299,11,4475,4528,1.0,0.011704946996466431,0.9882950530035336,3218,0.2868816254416961,0.002429328621908127,0.7106890459363958
402,Prince George's,4488,Prince George's Precinct 12-004,126,1541,42,4362,4488,1.0,0.02807486631016043,0.9719251336898396,2905,0.3433600713012478,0.009358288770053475,0.6472816399286988
403,Prince George's,4072,Prince George's Precinct 12-006,80,1372,25,3992,4072,1.0,0.019646365422396856,0.9803536345776032,2675,0.3369351669941061,0.006139489194499017,0.6569253438113949
404,Prince George's,3288,Prince George's Precinct 12-012,212,1266,35,3076,3288,1.0,0.06447688564476886,0.9355231143552312,1987,0.38503649635036497,0.010644768856447688,0.6043187347931873
405,Prince George's,2724,Prince George's Precinct 12-016,113,753,24,2611,2724,1.0,0.041483113069016156,0.9585168869309838,1947,0.276431718061674,0.00881057268722467,0.7147577092511013
406,Prince George's,3144,Prince George's Precinct 12-003,178,1232,30,2966,3144,1.0,0.056615776081424936,0.943384223918575,1882,0.39185750636132316,0.009541984732824428,0.5986005089058524
407,Prince George's,1980,Prince George's Precinct 12-007,69,707,23,1911,1980,1.0,0.03484848484848485,0.9651515151515152,1250,0.3570707070707071,0.011616161616161616,0.6313131313131313
408,Prince George's,1110,Prince George's Precinct 12-017,127,523,16,983,1110,1.0,0.11441441441441441,0.8855855855855855,571,0.4711711711711712,0.014414414414414415,0.5144144144144144
409,Prince George's,3753,Prince George's Precinct 12-013,94,1400,25,3659,3753,1.0,0.025046629363176125,0.9749533706368239,2328,0.37303490540900613,0.006661337596589395,0.6203037569944044
410,Prince George's,2131,Prince George's Precinct 06-008,57,883,15,2074,2131,1.0,0.02674800563115908,0.9732519943688409,1233,0.41435945565462223,0.0070389488503050214,0.5786015954950727
411,Prince George's,4750,Prince George's Precinct 06-017,139,1568,25,4611,4750,1.0,0.02926315789473684,0.9707368421052631,3157,0.33010526315789473,0.005263157894736842,0.6646315789473685
412,Prince George's,2691,Prince George's Precinct 06-009,88,1006,22,2603,2691,1.0,0.032701597918989224,0.9672984020810108,1663,0.37383872166480864,0.008175399479747306,0.6179858788554441
413,Prince George's,2205,Prince George's Precinct 06-012,55,947,17,2150,2205,1.0,0.024943310657596373,0.9750566893424036,1241,0.4294784580498866,0.007709750566893424,0.5628117913832199
414,Montgomery,1927,Montgomery Precinct 07-005,1663,939,190,264,1927,1.0,0.8629994810586403,0.13700051894135962,798,0.48728593668915415,0.09859885832900882,0.41411520498183707
415,Montgomery,2403,Montgomery Precinct 13-039,1605,925,145,798,2403,1.0,0.6679151061173533,0.33208489388264667,1333,0.38493549729504783,0.06034124011652101,0.5547232625884311
416,Montgomery,4752,Montgomery Precinct 13-047,2084,1046,107,2668,4752,1.0,0.4385521885521885,0.5614478114478114,3599,0.22011784511784513,0.02251683501683502,0.7573653198653199
417,Montgomery,2398,Montgomery Precinct 13-004,1617,1041,54,781,2398,1.0,0.6743119266055045,0.3256880733944954,1303,0.4341117597998332,0.022518765638031693,0.5433694745621351
418,Montgomery,3101,Montgomery Precinct 13-008,1299,862,68,1802,3101,1.0,0.41889712995807804,0.581102870041922,2171,0.2779748468236053,0.021928410190261205,0.7000967429861336
419,Montgomery,2029,Montgomery Precinct 13-003,1652,1163,407,377,2029,1.0,0.8141941843272548,0.1858058156727452,459,0.5731887629374076,0.20059142434696894,0.22621981271562347
420,Montgomery,3334,Montgomery Precinct 13-016,768,915,76,2566,3334,1.0,0.23035392921415718,0.7696460707858428,2343,0.27444511097780444,0.022795440911817635,0.7027594481103779
421,Montgomery,2788,Montgomery Precinct 13-065,1261,577,62,1527,2788,1.0,0.45229555236728836,0.5477044476327116,2149,0.2069583931133429,0.02223816355810617,0.7708034433285509
422,Montgomery,2551,Montgomery Precinct 13-007,1648,1050,125,903,2551,1.0,0.6460211681693454,0.35397883183065465,1376,0.4116032928263426,0.04900039200313602,0.5393963151705213
423,Montgomery,2274,Montgomery Precinct 13-024,1361,851,190,913,2274,1.0,0.5985048372911169,0.401495162708883,1233,0.37423043095866315,0.08355321020228672,0.5422163588390502
424,Baltimore County,2889,Baltimore County Precinct 11-019,2270,516,431,619,2889,1.0,0.7857390100380754,0.21426098996192455,1942,0.1786085150571132,0.14918656974731742,0.6722049151955694
425,Baltimore County,4130,Baltimore County Precinct 14-003,2875,606,228,1255,4130,1.0,0.6961259079903148,0.30387409200968524,3296,0.1467312348668281,0.05520581113801453,0.7980629539951574
426,Baltimore County,1265,Baltimore County Precinct 11-013,891,206,162,374,1265,1.0,0.7043478260869566,0.2956521739130435,897,0.16284584980237155,0.12806324110671938,0.7090909090909091
427,Baltimore County,3157,Baltimore County Precinct 15-010,2444,626,323,713,3157,1.0,0.774152676591701,0.22584732340829902,2208,0.1982895153626861,0.10231232182451695,0.699398162812797
428,Baltimore County,5523,Baltimore County Precinct 15-005,2822,1026,383,2701,5523,1.0,0.5109541915625566,0.48904580843744344,4114,0.18576860401955458,0.06934636972659787,0.7448850262538476
429,Baltimore County,1411,Baltimore County Precinct 15-009,1311,269,243,100,1411,1.0,0.9291282778171509,0.07087172218284904,899,0.19064493267186391,0.17221828490432317,0.6371367824238129
430,Baltimore County,6204,Baltimore County Precinct 15-004,4276,1008,481,1928,6204,1.0,0.6892327530625403,0.3107672469374597,4715,0.16247582205029013,0.07753062540296583,0.7599935525467441
431,Baltimore County,3736,Baltimore County Precinct 11-012,3099,594,675,637,3736,1.0,0.8294967880085653,0.1705032119914347,2467,0.15899357601713063,0.1806745182012848,0.6603319057815846
432,Baltimore County,2316,Baltimore County Precinct 11-007,1947,385,423,369,2316,1.0,0.8406735751295337,0.15932642487046633,1508,0.1662348877374784,0.18264248704663213,0.6511226252158895
433,Baltimore County,2818,Baltimore County Precinct 11-014,2465,430,545,353,2818,1.0,0.8747338537970192,0.12526614620298085,1843,0.15259048970901348,0.19339957416607523,0.6540099361249113
434,Baltimore County,2037,Baltimore County Precinct 11-006,1892,349,481,145,2037,1.0,0.9288168875797742,0.07118311242022582,1207,0.1713303878252332,0.23613156602847324,0.5925380461462936
435,Baltimore County,3470,Baltimore County Precinct 11-022,2749,455,595,721,3470,1.0,0.7922190201729107,0.20778097982708935,2420,0.13112391930835735,0.17146974063400577,0.6974063400576369
436,Baltimore County,2386,Baltimore County Precinct 11-005,1880,341,536,506,2386,1.0,0.787929589270746,0.21207041072925398,1509,0.14291701592623637,0.22464375523889354,0.63243922883487
437,Baltimore County,4029,Baltimore County Precinct 11-003,3873,543,1263,156,4029,1.0,0.9612807148175726,0.0387192851824274,2223,0.1347728965003723,0.31347728965003724,0.5517498138495904
438,Baltimore County,2502,Baltimore County Precinct 11-001,2338,503,872,164,2502,1.0,0.9344524380495604,0.06554756195043965,1127,0.20103916866506794,0.34852118305355717,0.4504396482813749
439,Baltimore County,300,Baltimore County Precinct 10-005,276,71,98,24,300,1.0,0.92,0.08,131,0.23666666666666666,0.32666666666666666,0.43666666666666665
440,Baltimore County,1364,Baltimore County Precinct 10-003,1284,257,513,80,1364,1.0,0.9413489736070382,0.05865102639296188,594,0.18841642228739003,0.37609970674486803,0.43548387096774194
441,Harford,2560,Harford Precinct 04-002,2438,370,844,122,2560,1.0,0.95234375,0.04765625,1346,0.14453125,0.3296875,0.52578125
442,Baltimore County,3090,Baltimore County Precinct 11-002,2978,412,962,112,3090,1.0,0.9637540453074434,0.036245954692556634,1716,0.13333333333333333,0.31132686084142397,0.5553398058252427
443,Harford,2984,Harford Precinct 03-006,2861,419,828,123,2984,1.0,0.9587801608579088,0.04121983914209115,1737,0.14041554959785524,0.2774798927613941,0.5821045576407506
444,Harford,3240,Harford Precinct 04-005,3026,455,936,214,3240,1.0,0.9339506172839506,0.06604938271604938,1849,0.1404320987654321,0.28888888888888886,0.570679012345679
445,Baltimore County,3678,Baltimore County Precinct 15-007,2778,734,360,900,3678,1.0,0.7553017944535073,0.24469820554649266,2584,0.19956498096791733,0.09787928221859707,0.7025557368134856
446,Baltimore County,2060,Baltimore County Precinct 15-025,1956,320,482,104,2060,1.0,0.9495145631067962,0.05048543689320388,1258,0.1553398058252427,0.23398058252427184,0.6106796116504855
447,Baltimore County,3091,Baltimore County Precinct 15-008,2496,569,480,595,3091,1.0,0.8075056615981883,0.1924943384018117,2042,0.18408282109349725,0.1552895503073439,0.6606276285991588
448,Baltimore County,2662,Baltimore County Precinct 15-006,2499,413,592,163,2662,1.0,0.9387678437265214,0.06123215627347859,1657,0.1551465063861758,0.22238918106686703,0.6224643125469572
449,Baltimore County,2544,Baltimore County Precinct 11-004,1999,390,404,545,2544,1.0,0.7857704402515723,0.21422955974842767,1750,0.15330188679245282,0.15880503144654087,0.6878930817610063
450,Baltimore County,86,Baltimore County Precinct 11-020,73,28,50,13,86,1.0,0.8488372093023255,0.1511627906976744,8,0.32558139534883723,0.5813953488372093,0.09302325581395349
451,Harford,2747,Harford Precinct 01-045,2393,524,543,354,2747,1.0,0.8711321441572625,0.12886785584273752,1680,0.19075354932653804,0.19767018565708044,0.6115762650163815
452,Prince George's,2194,Prince George's Precinct 12-008,175,996,30,2019,2194,1.0,0.07976298997265269,0.9202370100273473,1168,0.45396536007292615,0.013673655423883319,0.5323609845031905
453,Prince George's,2657,Prince George's Precinct 12-015,108,1139,26,2549,2657,1.0,0.04064734663153933,0.9593526533684607,1492,0.42867896123447496,0.00978547233722243,0.5615355664283026
454,Charles,3603,Charles Precinct 06-006,1784,1104,409,1819,3603,1.0,0.49514293644185403,0.504857063558146,2090,0.3064113238967527,0.11351651401609769,0.5800721620871496
455,Charles,2547,Charles Precinct 06-018,447,1215,95,2100,2547,1.0,0.17550058892815076,0.8244994110718492,1237,0.47703180212014135,0.03729878288182175,0.4856694149980369
456,Charles,2806,Charles Precinct 06-009,1003,945,151,1803,2806,1.0,0.357448325017819,0.642551674982181,1710,0.3367783321454027,0.05381325730577334,0.609408410548824
457,Charles,2084,Charles Precinct 06-008,812,771,169,1272,2084,1.0,0.3896353166986564,0.6103646833013435,1144,0.3699616122840691,0.08109404990403071,0.5489443378119002
458,Charles,2626,Charles Precinct 06-016,1097,563,189,1529,2626,1.0,0.41774562071591775,0.5822543792840823,1874,0.2143945163747144,0.07197258187357197,0.7136329017517137
459,Charles,3458,Charles Precinct 06-015,1025,851,130,2433,3458,1.0,0.2964141122035859,0.7035858877964141,2477,0.24609600925390399,0.03759398496240601,0.71631000578369
460,Charles,1862,Charles Precinct 06-011,599,773,174,1263,1862,1.0,0.3216970998925886,0.6783029001074113,915,0.41514500537056925,0.09344790547798067,0.49140708915145004
461,Charles,3992,Charles Precinct 06-007,1423,1249,209,2569,3992,1.0,0.3564629258517034,0.6435370741482966,2534,0.312875751503006,0.05235470941883767,0.6347695390781564
462,Charles,2617,Charles Precinct 06-005,575,1186,130,2042,2617,1.0,0.21971723347344288,0.7802827665265571,1301,0.4531906763469622,0.04967520061138708,0.4971341230416507
463,Charles,1743,Charles Precinct 06-017,855,549,174,888,1743,1.0,0.4905335628227194,0.5094664371772806,1020,0.31497418244406195,0.09982788296041308,0.5851979345955249
464,Charles,2599,Charles Precinct 06-022,659,767,101,1940,2599,1.0,0.2535590611773759,0.7464409388226241,1731,0.2951135051943055,0.03886110042323971,0.6660253943824548
465,Charles,1568,Charles Precinct 06-012,649,520,123,919,1568,1.0,0.4139030612244898,0.5860969387755102,925,0.33163265306122447,0.0784438775510204,0.5899234693877551
466,Charles,2347,Charles Precinct 08-004,1718,568,494,629,2347,1.0,0.731998295696634,0.268001704303366,1285,0.24201107797187899,0.21048146570089477,0.5475074563272262
467,Charles,1345,Charles Precinct 08-005,1032,291,261,313,1345,1.0,0.7672862453531598,0.23271375464684016,793,0.21635687732342007,0.19405204460966544,0.5895910780669145
468,Charles,2167,Charles Precinct 08-003,1317,601,258,850,2167,1.0,0.6077526534379326,0.3922473465620674,1308,0.2773419473927088,0.11905860636825104,0.6035994462390402
469,Charles,2164,Charles Precinct 08-002,1349,638,404,815,2164,1.0,0.6233826247689463,0.3766173752310536,1122,0.2948243992606285,0.1866913123844732,0.5184842883548983
470,Prince George's,3323,Prince George's Precinct 09-007,221,1619,51,3102,3323,1.0,0.06650616912428528,0.9334938308757147,1653,0.4872103520914836,0.01534757749021968,0.49744207041829674
471,Prince George's,2034,Prince George's Precinct 09-004,273,1003,46,1761,2034,1.0,0.13421828908554573,0.8657817109144543,985,0.49311701081612586,0.02261553588987217,0.48426745329400195
472,Prince George's,3032,Prince George's Precinct 09-005,266,1367,50,2766,3032,1.0,0.08773087071240106,0.912269129287599,1615,0.4508575197889182,0.016490765171503958,0.5326517150395779
473,Prince George's,3691,Prince George's Precinct 09-001,425,1686,85,3266,3691,1.0,0.11514494716878895,0.884855052831211,1920,0.45678677865077216,0.02302898943375779,0.52018423191547
474,Prince George's,2377,Prince George's Precinct 09-010,356,1045,61,2021,2377,1.0,0.14976861590239798,0.850231384097602,1271,0.4396297854438368,0.02566259991586033,0.5347076146403029
475,Prince George's,3501,Prince George's Precinct 09-002,398,1496,59,3103,3501,1.0,0.11368180519851472,0.8863181948014853,1946,0.4273064838617538,0.016852327906312484,0.5558411882319337
476,Prince George's,4703,Prince George's Precinct 09-008,452,1991,70,4251,4703,1.0,0.09610886668084201,0.9038911333191579,2642,0.4233467999149479,0.01488411652136934,0.5617690835636827
477,Prince George's,2747,Prince George's Precinct 09-006,357,1251,63,2390,2747,1.0,0.12995995631598106,0.8700400436840189,1433,0.4554058973425555,0.022934109938114306,0.5216599927193302
478,Prince George's,2862,Prince George's Precinct 11-004,854,1244,143,2008,2862,1.0,0.2983927323549965,0.7016072676450035,1475,0.43466107617051014,0.04996505939902166,0.5153738644304682
479,Prince George's,2840,Prince George's Precinct 11-001,589,1281,112,2251,2840,1.0,0.2073943661971831,0.7926056338028169,1447,0.451056338028169,0.03943661971830986,0.5095070422535212
480,Prince George's,4018,Prince George's Precinct 09-011,519,1727,77,3499,4018,1.0,0.12916874066699852,0.8708312593330015,2214,0.4298158287705326,0.01916376306620209,0.5510204081632653
481,Prince George's,1565,Prince George's Precinct 09-009,577,541,50,988,1565,1.0,0.36869009584664536,0.6313099041533546,974,0.34568690095846644,0.03194888178913738,0.6223642172523962
482,Prince George's,3439,Prince George's Precinct 11-003,484,1475,64,2955,3439,1.0,0.14073858679848794,0.8592614132015121,1900,0.42890375109043327,0.018610061064262867,0.5524861878453039
483,Prince George's,2108,Prince George's Precinct 15-003,209,923,46,1899,2108,1.0,0.099146110056926,0.900853889943074,1139,0.43785578747628084,0.021821631878557873,0.5403225806451613
484,Prince George's,736,Prince George's Precinct 01-007,438,555,180,298,736,1.1102719033232629,0.595108695652174,0.4048913043478261,1,0.7540760869565217,0.24456521739130435,0.001358695652173913
485,Prince George's,2108,Prince George's Precinct 06-014,231,824,36,1877,2108,1.0,0.10958254269449716,0.8904174573055028,1248,0.3908918406072106,0.017077798861480076,0.5920303605313093
486,Prince George's,1176,Prince George's Precinct 06-002,134,564,31,1042,1176,1.0,0.11394557823129252,0.8860544217687075,581,0.47959183673469385,0.026360544217687076,0.49404761904761907
487,Prince George's,2560,Prince George's Precinct 06-013,365,1090,79,2195,2560,1.0,0.142578125,0.857421875,1391,0.42578125,0.030859375,0.543359375
488,Prince George's,3164,Prince George's Precinct 06-024,123,1021,18,3041,3164,1.0,0.0388748419721871,0.9611251580278128,2125,0.322692793931732,0.005689001264222503,0.6716182048040455
489,Prince George's,3700,Prince George's Precinct 06-015,61,1471,23,3639,3700,1.0,0.016486486486486488,0.9835135135135135,2206,0.39756756756756756,0.006216216216216216,0.5962162162162162
490,Prince George's,576,Prince George's Precinct 06-021,41,251,5,535,576,1.0,0.07118055555555555,0.9288194444444444,320,0.4357638888888889,0.008680555555555556,0.5555555555555556
491,Prince George's,4119,Prince George's Precinct 06-004,104,1413,24,4015,4119,1.0,0.02524884680747754,0.9747511531925225,2682,0.3430444282592862,0.005826656955571741,0.651128914785142
492,Prince George's,4084,Prince George's Precinct 06-022,93,1388,24,3991,4084,1.0,0.02277179236043095,0.9772282076395691,2672,0.33986287952987265,0.005876591576885406,0.6542605288932419
493,Prince George's,3744,Prince George's Precinct 06-006,97,1235,25,3647,3744,1.0,0.02590811965811966,0.9740918803418803,2484,0.3298611111111111,0.006677350427350427,0.6634615384615384
494,Prince George's,2295,Prince George's Precinct 06-018,268,934,51,2027,2295,1.0,0.11677559912854031,0.8832244008714597,1310,0.40697167755991287,0.022222222222222223,0.5708061002178649
495,Prince George's,4108,Prince George's Precinct 06-007,492,1742,65,3616,4108,1.0,0.11976630963972736,0.8802336903602727,2301,0.4240506329113924,0.015822784810126583,0.560126582278481
496,Prince George's,1925,Prince George's Precinct 09-003,1159,69,30,766,1925,1.0,0.6020779220779221,0.3979220779220779,1826,0.035844155844155845,0.015584415584415584,0.9485714285714286
497,Prince George's,3624,Prince George's Precinct 06-016,134,1271,24,3490,3624,1.0,0.0369757174392936,0.9630242825607064,2329,0.3507174392935982,0.006622516556291391,0.6426600441501104
498,Prince George's,1985,Prince George's Precinct 06-005,102,785,22,1883,1985,1.0,0.05138539042821159,0.9486146095717884,1178,0.3954659949622166,0.011083123425692695,0.5934508816120907
499,Prince George's,3207,Prince George's Precinct 06-010,129,1476,23,3078,3207,1.0,0.040224508886810104,0.9597754911131899,1708,0.46024321796071094,0.007171811661989398,0.5325849703772997
500,Prince George's,2204,Prince George's Precinct 06-011,132,1091,32,2072,2204,1.0,0.05989110707803993,0.9401088929219601,1081,0.49500907441016334,0.014519056261343012,0.4904718693284936
501,Prince George's,3824,Prince George's Precinct 06-001,272,1462,37,3552,3824,1.0,0.07112970711297072,0.9288702928870293,2325,0.38232217573221755,0.009675732217573221,0.6080020920502092
502,Prince George's,4367,Prince George's Precinct 06-003,124,1604,30,4243,4367,1.0,0.028394779024501948,0.9716052209754981,2733,0.36730020609113806,0.0068697046027020835,0.6258300893061598
503,Prince George's,2231,Prince George's Precinct 18-011,68,802,21,2163,2231,1.0,0.03047960555804572,0.9695203944419543,1408,0.3594800537875392,0.00941281936351412,0.6311071268489467
504,Prince George's,2252,Prince George's Precinct 18-004,81,743,16,2171,2252,1.0,0.03596802841918295,0.9640319715808171,1493,0.3299289520426288,0.007104795737122558,0.6629662522202486
505,Prince George's,3235,Prince George's Precinct 18-001,86,1387,19,3149,3235,1.0,0.026584234930448224,0.9734157650695517,1829,0.42874806800618237,0.005873261205564142,0.5653786707882534
506,Prince George's,1927,Prince George's Precinct 02-007,906,845,161,1021,1927,1.0,0.4701608718214842,0.5298391281785159,921,0.43850544888427606,0.08354955889984432,0.4779449922158796
507,Prince George's,1859,Prince George's Precinct 18-005,22,715,14,1837,1859,1.0,0.011834319526627219,0.9881656804733728,1130,0.38461538461538464,0.007530930607853685,0.6078536847767617
508,Prince George's,2460,Prince George's Precinct 18-003,23,1058,6,2437,2460,1.0,0.00934959349593496,0.990650406504065,1396,0.4300813008130081,0.0024390243902439024,0.567479674796748
509,Prince George's,158,Prince George's Precinct 18-012,5,70,2,153,158,1.0,0.03164556962025317,0.9683544303797469,86,0.4430379746835443,0.012658227848101266,0.5443037974683544
510,Prince George's,3010,Prince George's Precinct 02-003,624,1047,95,2386,3010,1.0,0.20730897009966778,0.7926910299003322,1868,0.3478405315614618,0.03156146179401993,0.6205980066445183
511,Prince George's,1792,Prince George's Precinct 18-009,52,730,18,1740,1792,1.0,0.029017857142857144,0.9709821428571429,1044,0.40736607142857145,0.010044642857142858,0.5825892857142857
512,Prince George's,2682,Prince George's Precinct 06-019,56,1086,18,2626,2682,1.0,0.020879940343027592,0.9791200596569725,1578,0.40492170022371365,0.006711409395973154,0.5883668903803132
513,Prince George's,2589,Prince George's Precinct 18-007,40,1229,20,2549,2589,1.0,0.01544998068752414,0.9845500193124759,1340,0.4747006566241792,0.00772499034376207,0.5175743530320587
514,Prince George's,1021,Prince George's Precinct 18-010,7,491,3,1014,1021,1.0,0.0068560235063663075,0.9931439764936337,527,0.48090107737512244,0.002938295788442703,0.5161606268364348
515,Prince George's,3626,Prince George's Precinct 18-006,28,1552,20,3598,3626,1.0,0.007722007722007722,0.9922779922779923,2054,0.42801985659128516,0.005515719801434087,0.5664644236072808
516,Prince George's,2067,Prince George's Precinct 18-002,31,807,13,2036,2067,1.0,0.014997581035316884,0.9850024189646831,1247,0.3904208998548621,0.006289308176100629,0.6032897919690372
517,Prince George's,1716,Prince George's Precinct 18-008,12,743,10,1704,1716,1.0,0.006993006993006993,0.993006993006993,963,0.432983682983683,0.005827505827505828,0.5611888111888111
518,Prince George's,2019,Prince George's Precinct 13-017,34,934,15,1985,2019,1.0,0.016840019811788013,0.9831599801882119,1070,0.4626052501238237,0.007429420505200594,0.5299653293709757
519,Prince George's,3377,Prince George's Precinct 13-002,56,1138,18,3321,3377,1.0,0.01658276576843352,0.9834172342315665,2221,0.3369854900799526,0.005330174711282203,0.6576843352087651
520,Prince George's,3376,Prince George's Precinct 13-016,73,1386,25,3303,3376,1.0,0.021623222748815167,0.9783767772511849,1965,0.41054502369668244,0.00740521327014218,0.5820497630331753
521,Prince George's,1837,Prince George's Precinct 06-023,120,786,21,1717,1837,1.0,0.065323897659227,0.934676102340773,1030,0.42787152966793685,0.011431682090364725,0.5606967882416984
522,Prince George's,2581,Prince George's Precinct 15-006,524,848,68,2057,2581,1.0,0.2030220844633863,0.7969779155366137,1665,0.32855482371173966,0.0263463773731112,0.6450987989151492
523,Prince George's,1908,Prince George's Precinct 15-002,268,683,24,1640,1908,1.0,0.14046121593291405,0.859538784067086,1201,0.3579664570230608,0.012578616352201259,0.6294549266247379
524,Prince George's,3547,Prince George's Precinct 06-020,113,1466,23,3434,3547,1.0,0.0318579080913448,0.9681420919086552,2058,0.4133070200169157,0.006484352974344516,0.5802086270087398
525,Prince George's,3847,Prince George's Precinct 13-009,155,1582,36,3692,3847,1.0,0.04029113595009098,0.9597088640499091,2229,0.4112295295035092,0.009357941252924357,0.5794125292435665
526,Prince George's,3713,Prince George's Precinct 13-007,71,1450,21,3642,3713,1.0,0.019122003770535956,0.980877996229464,2242,0.39051979531376246,0.005655803932130353,0.6038244007541071
527,Prince George's,2328,Prince George's Precinct 13-001,22,829,10,2306,2328,1.0,0.009450171821305841,0.9905498281786942,1489,0.35609965635738833,0.00429553264604811,0.6396048109965635
528,Prince George's,3108,Prince George's Precinct 13-008,39,1016,17,3069,3108,1.0,0.012548262548262547,0.9874517374517374,2075,0.3268983268983269,0.0054697554697554695,0.6676319176319176
529,Prince George's,2837,Prince George's Precinct 13-014,46,1291,30,2791,2837,1.0,0.016214310891787098,0.9837856891082128,1516,0.4550581600281988,0.010574550581600282,0.534367289390201
530,Prince George's,2601,Prince George's Precinct 13-006,72,1233,24,2529,2601,1.0,0.02768166089965398,0.972318339100346,1344,0.4740484429065744,0.00922722029988466,0.5167243367935409
531,Prince George's,2331,Prince George's Precinct 13-004,111,856,19,2220,2331,1.0,0.047619047619047616,0.9523809523809523,1456,0.36722436722436724,0.008151008151008152,0.6246246246246246
532,Prince George's,3707,Prince George's Precinct 13-010,139,1388,28,3568,3707,1.0,0.03749662800107904,0.962503371998921,2291,0.37442676018343674,0.007553277582951173,0.6180199622336121
533,Prince George's,2929,Prince George's Precinct 13-012,55,1289,39,2874,2929,1.0,0.018777739842949812,0.9812222601570502,1601,0.4400819392284056,0.013315124615909868,0.5466029361556846
534,Prince George's,3609,Prince George's Precinct 13-011,78,1709,30,3531,3609,1.0,0.021612635078969242,0.9783873649210307,1870,0.4735383762815184,0.00831255195344971,0.5181490717650319
535,Prince George's,2772,Prince George's Precinct 02-001,146,671,15,2626,2772,1.0,0.05266955266955267,0.9473304473304474,2086,0.24206349206349206,0.005411255411255411,0.7525252525252525
538,Prince George's,5983,Prince George's Precinct 02-008,376,1381,60,5607,5983,1.0,0.06284472672572289,0.9371552732742772,4542,0.23082065853250877,0.010028413839211098,0.7591509276282802
539,Prince George's,1018,Prince George's Precinct 16-001,194,238,20,824,1018,1.0,0.1905697445972495,0.8094302554027505,760,0.2337917485265226,0.019646365422396856,0.7465618860510805
540,Prince George's,21,Prince George's Precinct 02-098,3,0,0,18,21,1.0,0.14285714285714285,0.8571428571428571,21,0.0,0.0,1.0
541,Prince George's,2869,Prince George's Precinct 02-005,244,531,56,2625,2869,1.0,0.08504705472289996,0.9149529452771,2282,0.18508191007319624,0.01951899616591147,0.7953990937608924
542,Prince George's,28,Prince George's Precinct 19-005,8,0,0,20,28,1.0,0.2857142857142857,0.7142857142857143,28,0.0,0.0,1.0
543,Prince George's,3247,Prince George's Precinct 19-004,243,561,46,3004,3247,1.0,0.0748383122882661,0.9251616877117339,2640,0.17277486910994763,0.014166923313828149,0.8130582075762242
544,Prince George's,4769,Prince George's Precinct 19-001,1023,834,125,3746,4769,1.0,0.21451037953449362,0.7854896204655064,3810,0.17487942964982175,0.02621094569092053,0.7989096246592577
545,Prince George's,5173,Prince George's Precinct 21-002,4074,491,155,1099,5173,1.0,0.7875507442489851,0.2124492557510149,4527,0.09491590953025324,0.029963270829306013,0.8751208196404408
546,Prince George's,3965,Prince George's Precinct 21-001,2283,759,232,1682,3965,1.0,0.5757881462799496,0.42421185372005044,2974,0.1914249684741488,0.05851197982345523,0.750063051702396
547,Prince George's,4029,Prince George's Precinct 19-002,566,788,88,3463,4029,1.0,0.14048150905931994,0.8595184909406801,3153,0.1955820302804666,0.021841648051625712,0.7825763216679077
548,Talbot,3288,Talbot Precinct 01-005,2835,417,631,453,3288,1.0,0.8622262773722628,0.13777372262773724,2240,0.12682481751824817,0.19190997566909976,0.681265206812652
549,Queen Anne's,1965,Queen Anne's Precinct 05-001,1696,267,458,269,1965,1.0,0.8631043256997456,0.13689567430025446,1240,0.13587786259541984,0.23307888040712468,0.6310432569974554
550,Kent,2183,Kent Precinct 05-001,1951,409,416,232,2183,1.0,0.8937242327072835,0.10627576729271644,1358,0.1873568483737975,0.19056344480073292,0.6220797068254695
551,Kent,1510,Kent Precinct 06-001,1162,256,249,348,1510,1.0,0.7695364238410596,0.2304635761589404,1005,0.1695364238410596,0.16490066225165562,0.6655629139072847
552,Kent,1044,Kent Precinct 07-001,813,194,160,231,1044,1.0,0.7787356321839081,0.22126436781609196,690,0.18582375478927204,0.1532567049808429,0.6609195402298851
553,Kent,1669,Kent Precinct 04-002,1050,275,130,619,1669,1.0,0.6291192330736968,0.3708807669263032,1264,0.16476932294787297,0.07789095266626722,0.7573397243858598
554,Kent,1589,Kent Precinct 03-001,1256,305,294,333,1589,1.0,0.790434235368156,0.20956576463184393,990,0.1919446192573946,0.18502202643171806,0.6230333543108874
555,Kent,3343,Kent Precinct 04-001,2785,347,202,558,3343,1.0,0.833084056236913,0.16691594376308705,2794,0.1037989829494466,0.06042476817230033,0.8357762488782531
556,Baltimore City,1090,Baltimore City Precinct 26-028,142,344,10,948,1090,1.0,0.13027522935779817,0.8697247706422019,736,0.3155963302752294,0.009174311926605505,0.6752293577981652
557,Baltimore City,1429,Baltimore City Precinct 26-027,322,427,34,1107,1429,1.0,0.22533240027991602,0.7746675997200839,968,0.2988103568929321,0.023792862141357594,0.6773967809657103
558,Baltimore City,1467,Baltimore City Precinct 27-007,472,416,47,995,1467,1.0,0.321745057941377,0.678254942058623,1004,0.283571915473756,0.032038173142467624,0.6843899113837764
559,Baltimore City,985,Baltimore City Precinct 26-030,419,280,39,566,985,1.0,0.42538071065989846,0.5746192893401015,666,0.28426395939086296,0.03959390862944162,0.6761421319796954
560,Baltimore County,3508,Baltimore County Precinct 15-022,3315,525,535,193,3508,1.0,0.9449828962371721,0.05501710376282782,2448,0.14965792474344355,0.1525085518814139,0.6978335233751425
561,Baltimore County,4160,Baltimore County Precinct 15-021,3797,720,667,363,4160,1.0,0.9127403846153846,0.08725961538461538,2773,0.17307692307692307,0.16033653846153847,0.6665865384615385
562,Baltimore County,4692,Baltimore County Precinct 15-020,4264,707,480,428,4692,1.0,0.9087809036658141,0.09121909633418585,3505,0.15068201193520886,0.10230179028132992,0.7470161977834612
563,Baltimore County,2809,Baltimore County Precinct 15-015,2416,380,342,393,2809,1.0,0.8600925596297615,0.13990744037023853,2087,0.13527945888216447,0.12175151299394803,0.7429690281238875
564,Baltimore County,1897,Baltimore County Precinct 15-013,1758,298,334,139,1897,1.0,0.926726410121244,0.07327358987875593,1265,0.15709014232999474,0.17606747496046388,0.6668423827095413
565,Baltimore County,2156,Baltimore County Precinct 15-012,1954,342,340,202,2156,1.0,0.9063079777365491,0.09369202226345083,1474,0.15862708719851576,0.15769944341372913,0.6836734693877551
566,Baltimore County,3144,Baltimore County Precinct 15-016,2489,450,294,655,3144,1.0,0.7916666666666666,0.20833333333333334,2400,0.1431297709923664,0.09351145038167939,0.7633587786259542
567,Baltimore County,3506,Baltimore County Precinct 15-017,1421,1029,201,2085,3506,1.0,0.40530519110096974,0.5946948088990303,2276,0.2934968625213919,0.05733029092983457,0.6491728465487735
568,Baltimore County,5453,Baltimore County Precinct 15-023,1748,1293,127,3705,5453,1.0,0.3205574912891986,0.6794425087108014,4033,0.2371171832019072,0.023289932147441777,0.739592884650651
569,Baltimore County,975,Baltimore County Precinct 15-024,813,149,121,162,975,1.0,0.8338461538461538,0.16615384615384615,705,0.15282051282051282,0.12410256410256411,0.7230769230769231
570,Baltimore County,2919,Baltimore County Precinct 15-018,2086,534,376,833,2919,1.0,0.7146282973621103,0.2853717026378897,2009,0.1829393627954779,0.1288112367249058,0.6882494004796164
571,Baltimore County,3443,Baltimore County Precinct 15-019,3220,524,750,223,3443,1.0,0.9352309032820215,0.06476909671797851,2169,0.15219285506825442,0.21783328492593668,0.6299738600058089
572,Baltimore County,1739,Baltimore County Precinct 15-026,1696,246,477,43,1739,1.0,0.9752731454859115,0.024726854514088556,1016,0.14146060954571593,0.2742955721679126,0.5842438182863715
573,Baltimore County,2441,Baltimore County Precinct 12-012,2188,399,303,253,2441,1.0,0.8963539532978287,0.10364604670217124,1739,0.16345759934453094,0.12412945514133551,0.7124129455141336
574,Baltimore City,502,Baltimore City Precinct 26-001,417,73,24,85,502,1.0,0.8306772908366534,0.1693227091633466,405,0.1454183266932271,0.04780876494023904,0.8067729083665338
575,Baltimore City,2426,Baltimore City Precinct 26-002,1008,473,48,1418,2426,1.0,0.4154987633965375,0.5845012366034625,1905,0.19497114591920858,0.01978565539983512,0.7852431986809563
576,Baltimore City,2095,Baltimore City Precinct 26-003,1404,246,107,691,2095,1.0,0.6701670644391408,0.3298329355608592,1742,0.11742243436754177,0.051073985680190934,0.8315035799522673
577,Baltimore County,2668,Baltimore County Precinct 12-010,2310,433,237,358,2668,1.0,0.8658170914542729,0.13418290854572715,1998,0.16229385307346328,0.08883058470764618,0.7488755622188905
578,Baltimore County,2639,Baltimore County Precinct 12-008,2315,410,245,324,2639,1.0,0.8772262220538083,0.12277377794619174,1984,0.15536187949981053,0.09283819628647215,0.7517999242137173
579,Baltimore County,3982,Baltimore County Precinct 12-003,3387,539,412,595,3982,1.0,0.8505775991963838,0.14942240080361627,3031,0.13535911602209943,0.10346559517830237,0.7611752887995982
580,Baltimore County,3256,Baltimore County Precinct 12-002,2763,447,296,493,3256,1.0,0.8485872235872236,0.15141277641277642,2513,0.13728501228501228,0.09090909090909091,0.7718058968058968
581,Baltimore City,782,Baltimore City Precinct 26-005,514,102,46,268,782,1.0,0.6572890025575447,0.34271099744245526,634,0.13043478260869565,0.058823529411764705,0.8107416879795396
582,Baltimore City,1623,Baltimore City Precinct 26-004,1098,205,72,525,1623,1.0,0.6765249537892791,0.3234750462107209,1346,0.12630930375847196,0.04436229205175601,0.829328404189772
583,Baltimore City,1434,Baltimore City Precinct 26-007,799,174,43,635,1434,1.0,0.5571827057182706,0.44281729428172945,1217,0.12133891213389121,0.0299860529986053,0.8486750348675035
584,Baltimore City,1562,Baltimore City Precinct 26-014,1050,157,41,512,1562,1.0,0.6722151088348272,0.32778489116517284,1364,0.10051216389244558,0.026248399487836107,0.8732394366197183
585,Baltimore City,1463,Baltimore City Precinct 26-015,116,500,17,1347,1463,1.0,0.07928913192071087,0.9207108680792891,946,0.3417634996582365,0.01161995898838004,0.6466165413533834
586,Baltimore City,4697,Baltimore City Precinct 26-029,597,1218,37,4100,4697,1.0,0.12710240579093038,0.8728975942090696,3442,0.2593144560357675,0.007877368533106239,0.7328081754311262
587,Baltimore County,2846,Baltimore County Precinct 12-001,2343,427,270,503,2846,1.0,0.8232607167955025,0.17673928320449753,2149,0.1500351370344343,0.09486999297259312,0.7550948699929726
588,Baltimore County,4204,Baltimore County Precinct 12-007,3764,579,400,440,4204,1.0,0.8953377735490009,0.10466222645099905,3225,0.13772597526165556,0.09514747859181731,0.7671265461465271
589,Baltimore County,3540,Baltimore County Precinct 12-006,2774,549,259,766,3540,1.0,0.7836158192090396,0.21638418079096045,2732,0.15508474576271186,0.07316384180790961,0.7717514124293785
590,Baltimore County,3308,Baltimore County Precinct 12-005,2994,516,374,314,3308,1.0,0.9050785973397824,0.09492140266021766,2418,0.15598548972188633,0.11305925030229746,0.7309552599758162
591,Baltimore County,4898,Baltimore County Precinct 12-004,4398,634,464,500,4898,1.0,0.897917517354022,0.10208248264597795,3800,0.12944058799510005,0.09473254389546754,0.7758268681094325
592,Baltimore County,2424,Baltimore County Precinct 15-001,1845,384,118,579,2424,1.0,0.7611386138613861,0.23886138613861385,1922,0.15841584158415842,0.04867986798679868,0.7929042904290429
593,Baltimore County,3263,Baltimore County Precinct 15-002,2829,507,392,434,3263,1.0,0.8669935642047196,0.1330064357952804,2364,0.1553784860557769,0.12013484523444683,0.7244866687097763
594,Baltimore County,1177,Baltimore County Precinct 15-014,1054,166,135,123,1177,1.0,0.8954970263381479,0.10450297366185217,876,0.14103653355989804,0.11469838572642312,0.7442650807136788
595,Anne Arundel,2234,Anne Arundel Precinct 03-013,2120,291,725,114,2234,1.0,0.9489704565801254,0.051029543419874666,1218,0.13025962399283797,0.3245299910474485,0.5452103849597135
596,Anne Arundel,2342,Anne Arundel Precinct 03-018,2095,357,681,247,2342,1.0,0.894534585824082,0.10546541417591802,1304,0.1524338172502135,0.29077711357813835,0.5567890691716482
597,Anne Arundel,2290,Anne Arundel Precinct 03-016,2008,312,447,282,2290,1.0,0.8768558951965065,0.12314410480349346,1531,0.13624454148471615,0.19519650655021833,0.6685589519650655
598,Anne Arundel,2081,Anne Arundel Precinct 03-001,1849,327,484,232,2081,1.0,0.8885151369533878,0.1114848630466122,1270,0.15713599231138875,0.23258049014896684,0.6102835175396444
599,Anne Arundel,3428,Anne Arundel Precinct 03-003,2995,486,633,433,3428,1.0,0.8736872812135356,0.1263127187864644,2309,0.14177362893815637,0.18465577596266045,0.6735705950991832
600,Anne Arundel,2683,Anne Arundel Precinct 03-021,2255,432,577,428,2683,1.0,0.8404770778978755,0.1595229221021245,1674,0.16101379053298545,0.21505777115169586,0.6239284383153186
601,Anne Arundel,2353,Anne Arundel Precinct 03-007,2050,381,428,303,2353,1.0,0.8712282192945177,0.12877178070548237,1544,0.1619209519762006,0.18189545261368467,0.6561835954101147
602,Anne Arundel,1767,Anne Arundel Precinct 03-020,1677,227,444,90,1767,1.0,0.9490662139219015,0.050933786078098474,1096,0.1284663271080928,0.25127334465195245,0.6202603282399547
603,Anne Arundel,2826,Anne Arundel Precinct 03-024,2556,409,480,270,2826,1.0,0.9044585987261147,0.09554140127388536,1937,0.14472753007784855,0.16985138004246284,0.6854210898796886
604,Anne Arundel,2071,Anne Arundel Precinct 03-019,1963,268,606,108,2071,1.0,0.9478512795750845,0.0521487204249155,1197,0.1294060840173829,0.29261226460647033,0.5779816513761468
605,Anne Arundel,1896,Anne Arundel Precinct 03-014,1804,280,357,92,1896,1.0,0.9514767932489452,0.04852320675105485,1259,0.14767932489451477,0.18829113924050633,0.6640295358649789
606,Anne Arundel,1673,Anne Arundel Precinct 03-002,1598,260,288,75,1673,1.0,0.9551703526598924,0.04482964734010759,1125,0.15540944411237298,0.17214584578601316,0.6724447101016139
607,Anne Arundel,2247,Anne Arundel Precinct 03-010,2134,290,713,113,2247,1.0,0.94971072541166,0.05028927458834001,1244,0.1290609701824655,0.317311971517579,0.5536270582999555
608,Anne Arundel,2451,Anne Arundel Precinct 03-011,2354,335,762,97,2451,1.0,0.9604243166054671,0.039575683394532844,1354,0.13667890656874745,0.3108935128518972,0.5524275805793554
609,Anne Arundel,1573,Anne Arundel Precinct 03-015,1519,227,539,54,1573,1.0,0.9656706929434202,0.034329307056579786,807,0.14431023521932612,0.34265734265734266,0.5130324221233312
610,Anne Arundel,2235,Anne Arundel Precinct 03-012,2128,300,617,107,2235,1.0,0.9521252796420582,0.04787472035794183,1318,0.1342281879194631,0.2760626398210291,0.5897091722595078
611,Baltimore County,1456,Baltimore County Precinct 12-009,1157,197,98,299,1456,1.0,0.7946428571428571,0.20535714285714285,1161,0.1353021978021978,0.0673076923076923,0.7973901098901099
612,Baltimore County,4122,Baltimore County Precinct 12-011,3270,595,346,852,4122,1.0,0.7933042212518195,0.2066957787481805,3181,0.14434740417273167,0.08393983503153808,0.7717127607957303
613,Baltimore County,1905,Baltimore County Precinct 12-013,167,715,12,1738,1905,1.0,0.08766404199475065,0.9123359580052494,1178,0.3753280839895013,0.006299212598425197,0.6183727034120735
614,Queen Anne's,2329,Queen Anne's Precinct 04-006,2231,384,840,98,2329,1.0,0.9579218548733361,0.0420781451266638,1105,0.16487762988407043,0.360669815371404,0.4744525547445255
615,Queen Anne's,2722,Queen Anne's Precinct 04-001,2538,488,947,184,2722,1.0,0.9324026451138868,0.06759735488611315,1287,0.1792799412196914,0.3479059515062454,0.4728141072740632
616,Anne Arundel,1837,Anne Arundel Precinct 05-014,1658,316,532,179,1837,1.0,0.9025585193249864,0.09744148067501361,989,0.17201959716929777,0.2896026129559064,0.5383777898747959
617,Anne Arundel,1098,Anne Arundel Precinct 05-034,1013,240,357,85,1098,1.0,0.9225865209471766,0.07741347905282331,501,0.2185792349726776,0.3251366120218579,0.4562841530054645
618,Anne Arundel,1456,Anne Arundel Precinct 05-016,1317,275,336,139,1456,1.0,0.904532967032967,0.09546703296703296,845,0.18887362637362637,0.23076923076923078,0.5803571428571429
619,Anne Arundel,1144,Anne Arundel Precinct 05-009,1105,187,350,39,1144,1.0,0.9659090909090909,0.03409090909090909,607,0.16346153846153846,0.30594405594405594,0.5305944055944056
620,Anne Arundel,1735,Anne Arundel Precinct 03-023,1629,287,481,106,1735,1.0,0.9389048991354467,0.06109510086455332,967,0.1654178674351585,0.27723342939481266,0.5573487031700288
621,Anne Arundel,999,Anne Arundel Precinct 05-010,929,117,364,70,999,1.0,0.92992992992993,0.07007007007007007,518,0.11711711711711711,0.36436436436436437,0.5185185185185185
622,Anne Arundel,1854,Anne Arundel Precinct 03-022,1472,354,418,382,1854,1.0,0.7939590075512406,0.20604099244875945,1082,0.19093851132686085,0.22545846817691478,0.5836030204962244
623,Anne Arundel,2079,Anne Arundel Precinct 03-017,1958,291,549,121,2079,1.0,0.9417989417989417,0.0582010582010582,1239,0.13997113997113997,0.26406926406926406,0.5959595959595959
624,Anne Arundel,1898,Anne Arundel Precinct 05-011,1645,396,528,253,1898,1.0,0.8667017913593256,0.1332982086406744,974,0.20864067439409906,0.2781875658587987,0.5131717597471022
625,Anne Arundel,2039,Anne Arundel Precinct 05-004,1832,433,562,207,2039,1.0,0.8984796468857283,0.1015203531142717,1044,0.21235899950956352,0.2756253065228053,0.5120156939676312
626,Anne Arundel,1847,Anne Arundel Precinct 05-005,1625,445,474,222,1847,1.0,0.8798050893340552,0.12019491066594477,928,0.2409312398484028,0.2566323768272875,0.5024363833243097
627,Anne Arundel,1366,Anne Arundel Precinct 05-023,1291,328,339,75,1366,1.0,0.945095168374817,0.05490483162518302,699,0.24011713030746706,0.24816983894582723,0.5117130307467057
628,Anne Arundel,1716,Anne Arundel Precinct 05-003,1503,356,423,213,1716,1.0,0.8758741258741258,0.12412587412587413,937,0.20745920745920746,0.2465034965034965,0.546037296037296
629,Anne Arundel,2381,Anne Arundel Precinct 05-026,1899,532,503,482,2381,1.0,0.7975640487190256,0.20243595128097439,1346,0.2234355312893742,0.2112557748845023,0.5653086938261235
630,Anne Arundel,2632,Anne Arundel Precinct 05-021,2196,556,682,436,2632,1.0,0.8343465045592705,0.1656534954407295,1394,0.21124620060790272,0.2591185410334346,0.5296352583586627
631,Anne Arundel,1760,Anne Arundel Precinct 06-030,1534,463,351,226,1760,1.0,0.8715909090909091,0.12840909090909092,946,0.2630681818181818,0.19943181818181818,0.5375
632,Anne Arundel,1526,Anne Arundel Precinct 06-025,1416,383,455,110,1526,1.0,0.927916120576671,0.07208387942332896,688,0.2509829619921363,0.2981651376146789,0.4508519003931848
633,Anne Arundel,1818,Anne Arundel Precinct 05-020,1541,310,525,277,1818,1.0,0.8476347634763476,0.15236523652365236,983,0.1705170517051705,0.2887788778877888,0.5407040704070407
634,Anne Arundel,1940,Anne Arundel Precinct 05-028,1748,566,552,192,1940,1.0,0.9010309278350516,0.09896907216494845,822,0.29175257731958765,0.2845360824742268,0.42371134020618556
635,Anne Arundel,1531,Anne Arundel Precinct 05-027,1364,273,426,167,1531,1.0,0.8909209666884389,0.10907903331156107,832,0.178314826910516,0.2782495101241019,0.5434356629653821
636,Anne Arundel,1702,Anne Arundel Precinct 05-013,1627,359,537,75,1702,1.0,0.9559341950646298,0.04406580493537015,806,0.2109283196239718,0.31551116333725027,0.4735605170387779
637,Anne Arundel,2718,Anne Arundel Precinct 05-018,2265,419,473,453,2718,1.0,0.8333333333333334,0.16666666666666666,1826,0.15415746872700514,0.17402501839587933,0.6718175128771156
638,Anne Arundel,2136,Anne Arundel Precinct 05-022,1936,465,574,200,2136,1.0,0.9063670411985019,0.09363295880149813,1097,0.21769662921348315,0.2687265917602996,0.5135767790262172
639,Anne Arundel,2178,Anne Arundel Precinct 05-001,1856,556,678,322,2178,1.0,0.852157943067034,0.14784205693296604,944,0.25528007346189163,0.31129476584022037,0.43342516069788795
640,Anne Arundel,2073,Anne Arundel Precinct 05-017,1891,484,585,182,2073,1.0,0.9122045344910757,0.08779546550892427,1004,0.23347805113362277,0.2821997105643994,0.4843222383019778
641,Anne Arundel,2525,Anne Arundel Precinct 05-002,2062,546,579,463,2525,1.0,0.8166336633663366,0.18336633663366336,1400,0.21623762376237624,0.22930693069306932,0.5544554455445545
642,Prince George's,2195,Prince George's Precinct 14-003,1525,535,398,670,2195,1.0,0.6947608200455581,0.3052391799544419,1262,0.2437357630979499,0.18132118451025056,0.5749430523917995
643,Prince George's,3107,Prince George's Precinct 14-009,934,1165,229,2173,3107,1.0,0.30061152236884453,0.6993884776311554,1713,0.3749597682652076,0.07370453813968458,0.5513356935951078
644,Prince George's,3658,Prince George's Precinct 14-011,1034,784,266,2624,3658,1.0,0.2826681246582832,0.7173318753417168,2608,0.21432476763258612,0.07271733187534171,0.7129579004920722
645,Prince George's,2812,Prince George's Precinct 14-005,1565,905,413,1247,2812,1.0,0.5565433854907539,0.44345661450924606,1494,0.32183499288762446,0.1468705547652916,0.531294452347084
646,Prince George's,1482,Prince George's Precinct 07-017,301,552,56,1181,1482,1.0,0.20310391363022942,0.7968960863697706,874,0.3724696356275304,0.037786774628879895,0.5897435897435898
647,Prince George's,2094,Prince George's Precinct 07-003,1459,567,376,635,2094,1.0,0.6967526265520535,0.3032473734479465,1151,0.2707736389684814,0.17956064947468958,0.5496657115568291
648,Prince George's,3594,Prince George's Precinct 07-010,650,1326,181,2944,3594,1.0,0.1808569838619922,0.8191430161380078,2087,0.36894824707846413,0.05036171396772399,0.5806900389538119
649,Prince George's,1540,Prince George's Precinct 07-002,1095,386,274,445,1540,1.0,0.711038961038961,0.288961038961039,880,0.2506493506493506,0.17792207792207793,0.5714285714285714
650,Prince George's,2018,Prince George's Precinct 14-004,1357,501,341,661,2018,1.0,0.6724479682854311,0.32755203171456887,1176,0.24826560951437066,0.16897918731417244,0.5827552031714569
651,Prince George's,2095,Prince George's Precinct 07-004,1404,553,379,691,2095,1.0,0.6701670644391408,0.3298329355608592,1163,0.2639618138424821,0.18090692124105012,0.5551312649164678
652,Prince George's,1545,Prince George's Precinct 14-006,1146,395,299,399,1545,1.0,0.7417475728155339,0.258252427184466,851,0.255663430420712,0.1935275080906149,0.5508090614886731
653,Prince George's,2933,Prince George's Precinct 07-007,962,1063,180,1971,2933,1.0,0.32799181725196047,0.6720081827480395,1690,0.3624275485850665,0.06137061029662462,0.5762018411183089
654,Anne Arundel,1620,Anne Arundel Precinct 07-026,1426,421,502,194,1620,1.0,0.8802469135802469,0.11975308641975309,697,0.2598765432098765,0.30987654320987656,0.4302469135802469
655,Anne Arundel,2128,Anne Arundel Precinct 04-010,1684,25,34,444,2128,1.0,0.7913533834586466,0.20864661654135339,2069,0.011748120300751879,0.015977443609022556,0.9722744360902256
656,Anne Arundel,2733,Anne Arundel Precinct 04-016,2032,498,351,701,2733,1.0,0.743505305525064,0.25649469447493595,1884,0.18221734357848518,0.12843029637760703,0.6893523600439078
657,Anne Arundel,1530,Anne Arundel Precinct 07-014,1357,391,374,173,1530,1.0,0.8869281045751634,0.1130718954248366,765,0.25555555555555554,0.24444444444444444,0.5
658,Anne Arundel,2243,Anne Arundel Precinct 07-016,1754,565,442,489,2243,1.0,0.7819884083816317,0.21801159161836825,1236,0.2518947837717343,0.19705751226036558,0.5510477039679001
659,Anne Arundel,1864,Anne Arundel Precinct 07-015,1650,472,512,214,1864,1.0,0.8851931330472103,0.1148068669527897,880,0.2532188841201717,0.27467811158798283,0.4721030042918455
660,Anne Arundel,2124,Anne Arundel Precinct 07-018,1735,480,523,389,2124,1.0,0.8168549905838042,0.18314500941619585,1121,0.22598870056497175,0.24623352165725046,0.5277777777777778
661,Anne Arundel,3122,Anne Arundel Precinct 04-023,2305,940,894,817,3122,1.0,0.7383087764253684,0.26169122357463165,1288,0.30108904548366433,0.2863549007046765,0.4125560538116592
662,Anne Arundel,2399,Anne Arundel Precinct 04-022,1498,530,324,901,2399,1.0,0.6244268445185494,0.3755731554814506,1545,0.22092538557732389,0.1350562734472697,0.6440183409754064
663,Anne Arundel,1929,Anne Arundel Precinct 04-008,1617,393,371,312,1929,1.0,0.838258164852255,0.16174183514774496,1165,0.20373250388802489,0.19232763089683774,0.6039398652151374
664,Anne Arundel,2249,Anne Arundel Precinct 07-008,1808,409,471,441,2249,1.0,0.8039128501556247,0.19608714984437528,1369,0.18185860382392174,0.20942641173855048,0.6087149844375278
665,Anne Arundel,2263,Anne Arundel Precinct 07-007,2076,384,597,187,2263,1.0,0.9173663278833407,0.0826336721166593,1282,0.16968625718073355,0.26380910296067167,0.5665046398585948
666,Anne Arundel,1835,Anne Arundel Precinct 07-004,1530,340,417,305,1835,1.0,0.8337874659400545,0.16621253405994552,1078,0.18528610354223432,0.22724795640326975,0.5874659400544959
667,Anne Arundel,2323,Anne Arundel Precinct 07-011,1990,315,525,333,2323,1.0,0.8566508824795523,0.14334911752044768,1483,0.13560051657339647,0.22600086095566077,0.6383986224709427
668,Anne Arundel,1203,Anne Arundel Precinct 07-027,977,210,299,226,1203,1.0,0.8121363258520365,0.18786367414796343,694,0.1745635910224439,0.2485453034081463,0.5768911055694098
669,Anne Arundel,2006,Anne Arundel Precinct 07-013,1841,400,566,165,2006,1.0,0.9177467597208375,0.08225324027916252,1040,0.19940179461615154,0.28215353938185445,0.518444666001994
670,Anne Arundel,2140,Anne Arundel Precinct 07-022,1966,336,624,174,2140,1.0,0.9186915887850468,0.08130841121495327,1180,0.15700934579439252,0.29158878504672897,0.5514018691588785
671,Anne Arundel,2009,Anne Arundel Precinct 07-017,1700,312,290,309,2009,1.0,0.8461921353907417,0.15380786460925833,1407,0.15530114484818316,0.1443504230960677,0.7003484320557491
672,Anne Arundel,1853,Anne Arundel Precinct 07-020,1435,447,296,418,1853,1.0,0.7744198596869941,0.22558014031300594,1110,0.24123043712898004,0.15974096060442525,0.5990286022665947
673,Anne Arundel,2151,Anne Arundel Precinct 07-024,1764,464,556,387,2151,1.0,0.8200836820083682,0.1799163179916318,1131,0.21571362157136215,0.2584844258484426,0.5258019525801952
674,Anne Arundel,2719,Anne Arundel Precinct 04-021,1999,613,723,720,2719,1.0,0.7351967635159985,0.26480323648400145,1383,0.2254505332842957,0.2659065833026848,0.5086428834130194
675,Anne Arundel,1631,Anne Arundel Precinct 06-028,1259,283,414,372,1631,1.0,0.7719190680564071,0.22808093194359289,934,0.17351318209687308,0.25383200490496627,0.5726548129981607
676,Anne Arundel,2014,Anne Arundel Precinct 04-004,1753,359,591,261,2014,1.0,0.8704071499503475,0.12959285004965243,1064,0.17825223435948362,0.29344587884806356,0.5283018867924528
677,Anne Arundel,1699,Anne Arundel Precinct 07-023,1518,275,364,181,1699,1.0,0.8934667451442024,0.10653325485579752,1060,0.1618599175985874,0.2142436727486757,0.6238964096527368
678,Anne Arundel,2203,Anne Arundel Precinct 07-012,2057,435,556,146,2203,1.0,0.9337267362687245,0.06627326373127554,1212,0.19745801180208805,0.25238311393554247,0.5501588742623695
679,Anne Arundel,1374,Anne Arundel Precinct 06-020,1317,244,246,57,1374,1.0,0.9585152838427947,0.04148471615720524,884,0.17758369723435224,0.17903930131004367,0.6433770014556041
680,Anne Arundel,2873,Anne Arundel Precinct 07-005,2447,406,467,426,2873,1.0,0.8517229376957883,0.14827706230421162,2000,0.14131569787678386,0.16254785938043856,0.6961364427427776
681,Anne Arundel,2103,Anne Arundel Precinct 06-019,1955,304,386,148,2103,1.0,0.9296243461721351,0.07037565382786495,1413,0.1445553970518307,0.183547313361864,0.6718972895863052
682,Anne Arundel,1864,Anne Arundel Precinct 06-026,1752,436,548,112,1864,1.0,0.9399141630901288,0.060085836909871244,880,0.23390557939914164,0.2939914163090129,0.4721030042918455
683,Anne Arundel,1098,Anne Arundel Precinct 06-027,991,165,304,107,1098,1.0,0.9025500910746812,0.09744990892531877,629,0.15027322404371585,0.2768670309653916,0.5728597449908925
684,Anne Arundel,2583,Anne Arundel Precinct 04-015,2338,567,657,245,2583,1.0,0.9051490514905149,0.0948509485094851,1359,0.21951219512195122,0.25435540069686413,0.5261324041811847
685,Anne Arundel,3191,Anne Arundel Precinct 06-021,2803,667,657,388,3191,1.0,0.8784080225634597,0.12159197743654027,1867,0.2090253838921968,0.20589157004073957,0.5850830460670636
686,Anne Arundel,1255,Anne Arundel Precinct 06-031,1182,229,371,73,1255,1.0,0.9418326693227091,0.05816733067729084,655,0.18247011952191236,0.29561752988047807,0.5219123505976095
687,Anne Arundel,3699,Anne Arundel Precinct 04-006,1002,1028,177,2697,3699,1.0,0.2708840227088402,0.7291159772911597,2494,0.27791294944579614,0.047850770478507706,0.6742362800756961
688,Howard,1703,Howard Precinct 06-007,920,312,139,783,1703,1.0,0.540223135642983,0.45977686435701703,1252,0.183206106870229,0.08162066940692896,0.735173223722842
689,Howard,3903,Howard Precinct 06-029,1974,1125,408,1929,3903,1.0,0.5057647963105304,0.49423520368946966,2370,0.28823981552651806,0.10453497309761722,0.6072252113758647
690,Howard,1011,Howard Precinct 06-030,438,272,79,573,1011,1.0,0.4332344213649852,0.5667655786350149,660,0.26904055390702275,0.0781404549950544,0.6528189910979229
691,Howard,2972,Howard Precinct 01-006,1817,539,236,1155,2972,1.0,0.6113728129205922,0.3886271870794078,2197,0.1813593539703903,0.07940780619111709,0.7392328398384926
692,Anne Arundel,5212,Anne Arundel Precinct 01-023,1471,37,33,3741,5212,1.0,0.28223330775134303,0.717766692248657,5142,0.007099002302379125,0.006331542594013815,0.986569455103607
693,Anne Arundel,5070,Anne Arundel Precinct 01-022,3022,1238,794,2048,5070,1.0,0.5960552268244576,0.4039447731755424,3038,0.24418145956607495,0.15660749506903354,0.5992110453648916
694,Howard,4044,Howard Precinct 01-015,1543,704,261,2501,4044,1.0,0.3815529179030663,0.6184470820969338,3079,0.17408506429277942,0.064540059347181,0.7613748763600395
695,Anne Arundel,2020,Anne Arundel Precinct 04-020,1529,410,364,491,2020,1.0,0.7569306930693069,0.24306930693069306,1246,0.20297029702970298,0.1801980198019802,0.6168316831683168
696,Anne Arundel,1510,Anne Arundel Precinct 04-005,1100,382,260,410,1510,1.0,0.7284768211920529,0.271523178807947,868,0.25298013245033113,0.17218543046357615,0.5748344370860927
697,Anne Arundel,1589,Anne Arundel Precinct 06-024,1066,453,282,523,1589,1.0,0.670862177470107,0.329137822529893,854,0.2850849590937697,0.17747010698552548,0.5374449339207048
698,Anne Arundel,1801,Anne Arundel Precinct 06-010,1437,198,191,364,1801,1.0,0.7978900610771793,0.20210993892282064,1412,0.10993892282065519,0.10605219322598557,0.7840088839533592
699,Anne Arundel,2354,Anne Arundel Precinct 06-003,448,542,83,1906,2354,1.0,0.1903143585386576,0.8096856414613424,1729,0.23024638912489379,0.03525913338997451,0.7344944774851316
700,Anne Arundel,3339,Anne Arundel Precinct 06-022,2543,501,492,796,3339,1.0,0.7616052710392333,0.2383947289607667,2346,0.1500449236298293,0.14734950584007186,0.7026055705300989
701,Anne Arundel,2337,Anne Arundel Precinct 06-014,603,793,147,1734,2337,1.0,0.25802310654685495,0.7419768934531451,1397,0.33932391955498503,0.06290115532734275,0.5977749251176723
702,Anne Arundel,1784,Anne Arundel Precinct 06-004,869,344,133,915,1784,1.0,0.48710762331838564,0.5128923766816144,1307,0.19282511210762332,0.07455156950672645,0.7326233183856502
703,Anne Arundel,1134,Anne Arundel Precinct 06-013,492,373,123,642,1134,1.0,0.43386243386243384,0.5661375661375662,638,0.3289241622574956,0.10846560846560846,0.562610229276896
704,Anne Arundel,1646,Anne Arundel Precinct 06-002,1480,377,344,166,1646,1.0,0.8991494532199271,0.10085054678007291,925,0.2290400972053463,0.20899149453219928,0.5619684082624544
705,Anne Arundel,1709,Anne Arundel Precinct 06-009,1578,381,372,131,1709,1.0,0.9233469865418373,0.07665301345816267,956,0.22293739028671739,0.2176711527208894,0.5593914569923932
706,Anne Arundel,1407,Anne Arundel Precinct 06-005,1154,299,286,253,1407,1.0,0.820184790334044,0.17981520966595593,822,0.2125088841506752,0.20326936744847193,0.5842217484008528
707,Anne Arundel,1924,Anne Arundel Precinct 06-006,397,420,73,1527,1924,1.0,0.20634095634095634,0.7936590436590436,1431,0.2182952182952183,0.037941787941787944,0.7437629937629938
708,Anne Arundel,1590,Anne Arundel Precinct 06-023,1409,412,320,181,1590,1.0,0.8861635220125786,0.11383647798742139,858,0.2591194968553459,0.20125786163522014,0.539622641509434
709,Anne Arundel,2555,Anne Arundel Precinct 06-017,1841,465,293,714,2555,1.0,0.7205479452054795,0.27945205479452057,1797,0.18199608610567514,0.11467710371819961,0.7033268101761252
710,Anne Arundel,1846,Anne Arundel Precinct 06-007,1193,422,231,653,1846,1.0,0.6462621885157096,0.35373781148429034,1193,0.228602383531961,0.12513542795232935,0.6462621885157096
711,Anne Arundel,2292,Anne Arundel Precinct 06-015,921,361,139,1371,2292,1.0,0.4018324607329843,0.5981675392670157,1792,0.1575043630017452,0.0606457242582897,0.7818499127399651
712,Anne Arundel,1228,Anne Arundel Precinct 06-016,525,363,82,703,1228,1.0,0.42752442996742673,0.5724755700325733,783,0.2956026058631922,0.06677524429967427,0.6376221498371335
713,Anne Arundel,2314,Anne Arundel Precinct 06-001,1951,558,380,363,2314,1.0,0.8431287813310285,0.15687121866897147,1376,0.2411408815903198,0.16421780466724287,0.5946413137424373
714,Anne Arundel,2135,Anne Arundel Precinct 06-012,1373,529,284,762,2135,1.0,0.6430913348946136,0.35690866510538644,1322,0.2477751756440281,0.13302107728337237,0.6192037470725995
715,Anne Arundel,1420,Anne Arundel Precinct 06-008,1092,404,201,328,1420,1.0,0.7690140845070422,0.23098591549295774,815,0.28450704225352114,0.1415492957746479,0.573943661971831
716,Anne Arundel,2303,Anne Arundel Precinct 06-018,1977,472,360,326,2303,1.0,0.8584455058619193,0.14155449413808077,1471,0.20495006513243597,0.15631784628745116,0.6387320885801129
717,Anne Arundel,6313,Anne Arundel Precinct 06-011,4882,323,207,1431,6313,1.0,0.7733248851576113,0.22667511484238873,5783,0.051164264216695704,0.032789482021226043,0.9160462537620783
718,Anne Arundel,1104,Anne Arundel Precinct 06-029,958,230,254,146,1104,1.0,0.8677536231884058,0.1322463768115942,620,0.20833333333333334,0.23007246376811594,0.5615942028985508
719,Prince George's,2532,Prince George's Precinct 05-012,333,1199,100,2199,2532,1.0,0.13151658767772512,0.8684834123222749,1233,0.4735387045813586,0.03949447077409163,0.48696682464454977
720,Charles,3857,Charles Precinct 01-001,2541,939,712,1316,3857,1.0,0.6588021778584392,0.3411978221415608,2206,0.24345346123930517,0.184599429608504,0.5719471091521908
721,Charles,3570,Charles Precinct 06-002,2072,950,467,1498,3570,1.0,0.5803921568627451,0.4196078431372549,2153,0.2661064425770308,0.130812324929972,0.6030812324929972
722,Charles,1581,Charles Precinct 06-003,476,707,142,1105,1581,1.0,0.3010752688172043,0.6989247311827957,732,0.4471853257432005,0.08981657179000632,0.4629981024667932
723,Charles,1855,Charles Precinct 06-019,983,609,284,872,1855,1.0,0.5299191374663073,0.47008086253369274,962,0.3283018867924528,0.15309973045822103,0.5185983827493261
724,Charles,2458,Charles Precinct 06-004,796,1104,192,1662,2458,1.0,0.32384052074857606,0.676159479251424,1162,0.44914564686737185,0.07811228641171684,0.4727420667209113
725,Charles,1494,Charles Precinct 06-020,801,402,176,693,1494,1.0,0.536144578313253,0.463855421686747,916,0.26907630522088355,0.11780455153949129,0.6131191432396251
726,Charles,1968,Charles Precinct 06-010,596,1099,194,1372,1968,1.0,0.30284552845528456,0.6971544715447154,675,0.5584349593495935,0.09857723577235772,0.3429878048780488
727,Charles,1478,Charles Precinct 06-021,501,521,132,977,1478,1.0,0.33897158322056836,0.6610284167794317,825,0.35250338294993233,0.08930987821380243,0.5581867388362652
728,Charles,3773,Charles Precinct 06-013,1407,1201,326,2366,3773,1.0,0.37291280148423006,0.62708719851577,2246,0.318314338722502,0.0864033925258415,0.5952822687516565
729,Prince George's,2131,Prince George's Precinct 05-008,1047,768,199,1084,2131,1.0,0.4913186297512905,0.5086813702487095,1164,0.3603941811356171,0.09338338808071328,0.5462224307836696
730,Prince George's,3225,Prince George's Precinct 05-007,467,1506,145,2758,3225,1.0,0.1448062015503876,0.8551937984496124,1574,0.4669767441860465,0.04496124031007752,0.48806201550387596
731,Prince George's,1984,Prince George's Precinct 05-002,266,924,65,1718,1984,1.0,0.13407258064516128,0.8659274193548387,995,0.4657258064516129,0.03276209677419355,0.5015120967741935
732,Prince George's,2501,Prince George's Precinct 12-014,295,1037,111,2206,2501,1.0,0.11795281887245102,0.882047181127549,1353,0.4146341463414634,0.04438224710115954,0.5409836065573771
733,Prince George's,3254,Prince George's Precinct 12-010,477,1312,134,2777,3254,1.0,0.14658881376767055,0.8534111862323295,1808,0.4031960663798402,0.041180086047940996,0.5556238475722188
734,Prince George's,3255,Prince George's Precinct 05-005,506,1630,130,2749,3255,1.0,0.1554531490015361,0.8445468509984639,1495,0.500768049155146,0.039938556067588324,0.4592933947772657
735,Prince George's,1334,Prince George's Precinct 05-010,244,495,65,1090,1334,1.0,0.18290854572713644,0.8170914542728636,774,0.37106446776611696,0.04872563718140929,0.5802098950524738
736,Prince George's,522,Prince George's Precinct 05-009,88,234,19,434,522,1.0,0.1685823754789272,0.8314176245210728,269,0.4482758620689655,0.03639846743295019,0.5153256704980843
737,Prince George's,3343,Prince George's Precinct 05-001,752,1570,122,2591,3343,1.0,0.2249476518097517,0.7750523481902483,1651,0.4696380496559976,0.03649416691594376,0.49386778342805865
738,Prince George's,2929,Prince George's Precinct 05-004,274,1379,67,2655,2929,1.0,0.09354728576305907,0.906452714236941,1483,0.4708091498805053,0.022874701263229772,0.506316148856265
739,Prince George's,2112,Prince George's Precinct 05-011,181,864,57,1931,2112,1.0,0.08570075757575757,0.9142992424242424,1191,0.4090909090909091,0.026988636363636364,0.5639204545454546
740,Prince George's,2992,Prince George's Precinct 05-006,233,1302,66,2759,2992,1.0,0.07787433155080214,0.9221256684491979,1624,0.43516042780748665,0.022058823529411766,0.5427807486631016
741,Prince George's,3474,Prince George's Precinct 12-005,353,1204,115,3121,3474,1.0,0.10161197466896948,0.8983880253310305,2155,0.3465745538284398,0.033103051237766266,0.6203223949337939
742,Prince George's,2412,Prince George's Precinct 12-001,299,653,74,2113,2412,1.0,0.12396351575456054,0.8760364842454395,1685,0.2707296849087894,0.03067993366500829,0.6985903814262023
743,Prince George's,4027,Prince George's Precinct 12-011,258,1714,74,3769,4027,1.0,0.06406754407747703,0.9359324559225229,2239,0.4256270176309908,0.018375962254780234,0.5559970201142289
744,Prince George's,2706,Prince George's Precinct 05-003,217,1185,66,2489,2706,1.0,0.08019216555801921,0.9198078344419808,1455,0.4379157427937916,0.024390243902439025,0.5376940133037694
745,Dorchester,352,Dorchester Precinct 03-002,175,101,44,177,352,1.0,0.4971590909090909,0.5028409090909091,207,0.2869318181818182,0.125,0.5880681818181818
746,Wicomico,723,Wicomico Precinct 01-002,643,64,222,80,723,1.0,0.8893499308437067,0.11065006915629322,437,0.08852005532503458,0.3070539419087137,0.6044260027662517
747,Dorchester,2143,Dorchester Precinct 14-001,1953,231,455,190,2143,1.0,0.9113392440503967,0.08866075594960336,1457,0.1077928138124125,0.21231917872141856,0.679888007466169
748,Dorchester,1584,Dorchester Precinct 02-001,1461,173,437,123,1584,1.0,0.9223484848484849,0.07765151515151515,974,0.10921717171717171,0.2758838383838384,0.61489898989899
749,Dorchester,445,Dorchester Precinct 02-002,249,112,79,196,445,1.0,0.5595505617977528,0.4404494382022472,254,0.251685393258427,0.17752808988764046,0.5707865168539326
750,Dorchester,2140,Dorchester Precinct 15-001,1678,335,447,462,2140,1.0,0.7841121495327102,0.21588785046728973,1358,0.15654205607476634,0.2088785046728972,0.6345794392523364
751,Caroline,3115,Caroline Precinct 04-001,2572,477,705,543,3115,1.0,0.8256821829855537,0.17431781701444624,1933,0.15313001605136436,0.22632423756019263,0.6205457463884431
752,Dorchester,1210,Dorchester Precinct 15-003,472,416,133,738,1210,1.0,0.39008264462809916,0.6099173553719008,661,0.343801652892562,0.10991735537190082,0.5462809917355372
753,Dorchester,1557,Dorchester Precinct 01-001,1369,158,384,188,1557,1.0,0.8792549775208734,0.12074502247912652,1015,0.1014771997430957,0.2466281310211946,0.6518946692357097
754,Dorchester,128,Dorchester Precinct 15-002,105,9,29,23,128,1.0,0.8203125,0.1796875,90,0.0703125,0.2265625,0.703125
755,Dorchester,506,Dorchester Precinct 12-002,213,131,46,293,506,1.0,0.4209486166007905,0.5790513833992095,329,0.25889328063241107,0.09090909090909091,0.650197628458498
756,Dorchester,387,Dorchester Precinct 12-001,270,61,64,117,387,1.0,0.6976744186046512,0.3023255813953488,262,0.15762273901808785,0.165374677002584,0.6770025839793282
757,Caroline,3507,Caroline Precinct 05-001,2406,532,570,1101,3507,1.0,0.6860564585115483,0.31394354148845166,2405,0.15169660678642716,0.16253207869974337,0.6857713145138294
758,Caroline,1652,Caroline Precinct 08-001,1474,164,369,178,1652,1.0,0.8922518159806295,0.10774818401937046,1119,0.09927360774818401,0.22336561743341404,0.677360774818402
759,Wicomico,1986,Wicomico Precinct 02-001,1571,257,493,415,1986,1.0,0.7910372608257804,0.20896273917421954,1236,0.1294058408862034,0.24823766364551864,0.622356495468278
760,Wicomico,3096,Wicomico Precinct 16-001,2295,502,557,801,3096,1.0,0.7412790697674418,0.25872093023255816,2037,0.16214470284237725,0.17990956072351422,0.6579457364341085
761,Wicomico,2299,Wicomico Precinct 09-005,1878,400,703,421,2299,1.0,0.8168769030013049,0.18312309699869508,1196,0.17398869073510223,0.30578512396694213,0.5202261852979556
762,Wicomico,2337,Wicomico Precinct 09-003,1743,394,536,594,2337,1.0,0.7458279845956355,0.25417201540436457,1407,0.16859221223791185,0.2293538724860933,0.6020539152759948
763,Wicomico,2879,Wicomico Precinct 09-006,698,611,104,2181,2879,1.0,0.24244529350468913,0.7575547064953109,2164,0.21222646752344565,0.03612365404654394,0.7516498784300104
764,Wicomico,110,Wicomico Precinct 15-002,100,20,40,10,110,1.0,0.9090909090909091,0.09090909090909091,50,0.18181818181818182,0.36363636363636365,0.45454545454545453
765,Wicomico,527,Wicomico Precinct 01-003,431,58,133,96,527,1.0,0.8178368121442126,0.18216318785578747,336,0.11005692599620494,0.2523719165085389,0.6375711574952562
766,Wicomico,584,Wicomico Precinct 10-002,542,69,174,42,584,1.0,0.928082191780822,0.07191780821917808,341,0.11815068493150685,0.2979452054794521,0.583904109589041
767,Wicomico,435,Wicomico Precinct 10-001,171,164,21,264,435,1.0,0.3931034482758621,0.6068965517241379,250,0.37701149425287356,0.04827586206896552,0.5747126436781609
768,Anne Arundel,1446,Anne Arundel Precinct 05-007,1323,309,522,123,1446,1.0,0.9149377593360996,0.08506224066390042,615,0.21369294605809128,0.36099585062240663,0.42531120331950206
769,Anne Arundel,1348,Anne Arundel Precinct 02-013,1068,254,312,280,1348,1.0,0.7922848664688428,0.20771513353115728,782,0.1884272997032641,0.2314540059347181,0.5801186943620178
770,Anne Arundel,1465,Anne Arundel Precinct 05-024,1398,282,584,67,1465,1.0,0.9542662116040955,0.04573378839590444,599,0.1924914675767918,0.3986348122866894,0.4088737201365188
771,Anne Arundel,918,Anne Arundel Precinct 05-029,841,141,267,77,918,1.0,0.9161220043572985,0.08387799564270153,510,0.15359477124183007,0.2908496732026144,0.5555555555555556
772,Anne Arundel,1829,Anne Arundel Precinct 05-025,1691,303,517,138,1829,1.0,0.9245489338436303,0.0754510661563696,1009,0.16566429743028976,0.2826681246582832,0.551667577911427
773,Anne Arundel,1771,Anne Arundel Precinct 05-008,1550,353,568,221,1771,1.0,0.8752117447769622,0.12478825522303783,850,0.19932241671372106,0.3207227555053642,0.47995482778091475
774,Anne Arundel,512,Anne Arundel Precinct 05-032,276,152,83,236,512,1.0,0.5390625,0.4609375,277,0.296875,0.162109375,0.541015625
775,Anne Arundel,1378,Anne Arundel Precinct 05-006,1331,340,437,47,1378,1.0,0.9658925979680697,0.034107402031930335,601,0.2467343976777939,0.31712626995645865,0.4361393323657475
776,Anne Arundel,1402,Anne Arundel Precinct 05-012,1244,278,424,158,1402,1.0,0.8873038516405135,0.11269614835948645,700,0.19828815977175462,0.3024251069900143,0.4992867332382311
777,Anne Arundel,956,Anne Arundel Precinct 05-030,750,187,253,206,956,1.0,0.7845188284518828,0.21548117154811716,516,0.19560669456066945,0.26464435146443516,0.5397489539748954
778,Anne Arundel,1159,Anne Arundel Precinct 03-009,1038,158,286,121,1159,1.0,0.8955996548748921,0.10440034512510785,715,0.1363244176013805,0.24676445211389128,0.6169111302847282
779,Anne Arundel,2203,Anne Arundel Precinct 03-005,1873,320,527,330,2203,1.0,0.8502042669087608,0.14979573309123922,1356,0.14525646845211077,0.2392192464820699,0.6155242850658194
780,Anne Arundel,584,Anne Arundel Precinct 05-031,419,121,144,165,584,1.0,0.7174657534246576,0.2825342465753425,319,0.2071917808219178,0.2465753424657534,0.5462328767123288
781,Anne Arundel,2474,Anne Arundel Precinct 02-020,1732,429,388,742,2474,1.0,0.7000808407437349,0.29991915925626517,1657,0.17340339531123686,0.15683104284559418,0.6697655618431689
782,Anne Arundel,1793,Anne Arundel Precinct 02-011,1380,305,240,413,1793,1.0,0.769659788064696,0.23034021193530396,1248,0.1701059676519799,0.13385387618516453,0.6960401561628555
783,Anne Arundel,2031,Anne Arundel Precinct 02-012,1669,268,261,362,2031,1.0,0.8217626784835057,0.17823732151649435,1502,0.13195470211718366,0.12850812407680945,0.7395371738060069
784,Anne Arundel,3219,Anne Arundel Precinct 02-019,1615,541,210,1604,3219,1.0,0.501708605156881,0.49829139484311896,2468,0.16806461634047842,0.06523765144454799,0.7666977322149736
785,Anne Arundel,3140,Anne Arundel Precinct 03-008,2252,636,400,888,3140,1.0,0.7171974522292993,0.28280254777070063,2104,0.20254777070063695,0.12738853503184713,0.6700636942675159
786,Anne Arundel,2930,Anne Arundel Precinct 02-010,2396,451,404,534,2930,1.0,0.8177474402730376,0.18225255972696247,2075,0.1539249146757679,0.1378839590443686,0.7081911262798635
787,Anne Arundel,3008,Anne Arundel Precinct 02-022,2642,459,493,366,3008,1.0,0.8783244680851063,0.12167553191489362,2056,0.15259308510638298,0.16389627659574468,0.6835106382978723
788,Anne Arundel,2034,Anne Arundel Precinct 03-025,1099,486,232,935,2034,1.0,0.54031465093412,0.45968534906588004,1316,0.23893805309734514,0.11406096361848574,0.6470009832841691
789,Anne Arundel,3117,Anne Arundel Precinct 03-004,2564,426,580,553,3117,1.0,0.8225858196984279,0.17741418030157202,2111,0.136669874879692,0.1860763554700032,0.6772537696503048
790,Anne Arundel,3560,Anne Arundel Precinct 03-006,2742,696,756,818,3560,1.0,0.7702247191011236,0.22977528089887642,2108,0.19550561797752808,0.21235955056179776,0.5921348314606741
791,Anne Arundel,1490,Anne Arundel Precinct 01-002,1350,298,372,140,1490,1.0,0.9060402684563759,0.09395973154362416,820,0.2,0.24966442953020135,0.5503355704697986
792,Anne Arundel,1231,Anne Arundel Precinct 01-011,1154,220,304,77,1231,1.0,0.9374492282696995,0.06255077173030058,707,0.17871649065800163,0.2469536961819659,0.5743298131600325
793,Anne Arundel,1787,Anne Arundel Precinct 01-007,1593,279,322,194,1787,1.0,0.8914381645215445,0.1085618354784555,1186,0.15612758813654168,0.18019026301063235,0.663682148852826
794,Anne Arundel,1878,Anne Arundel Precinct 01-001,1569,318,428,309,1878,1.0,0.8354632587859425,0.1645367412140575,1132,0.16932907348242812,0.22790202342917998,0.6027689030883919
795,Anne Arundel,1406,Anne Arundel Precinct 01-010,1312,272,332,94,1406,1.0,0.9331436699857752,0.06685633001422475,802,0.1934566145092461,0.2361308677098151,0.5704125177809388
796,Baltimore County,1239,Baltimore County Precinct 13-006,980,219,177,259,1239,1.0,0.7909604519774012,0.20903954802259886,843,0.17675544794188863,0.14285714285714285,0.6803874092009685
797,Baltimore County,2979,Baltimore County Precinct 13-007,1367,533,168,1612,2979,1.0,0.4588788183954347,0.5411211816045652,2278,0.17891910036925143,0.05639476334340383,0.7646861362873447
798,Baltimore County,5380,Baltimore County Precinct 13-009,3849,915,469,1531,5380,1.0,0.7154275092936803,0.2845724907063197,3996,0.17007434944237917,0.08717472118959108,0.7427509293680298
799,Anne Arundel,2426,Anne Arundel Precinct 01-008,2132,404,448,294,2426,1.0,0.8788128606760099,0.12118713932399011,1574,0.1665292662819456,0.18466611706512778,0.6488046166529267
800,Anne Arundel,2202,Anne Arundel Precinct 01-004,1450,524,192,752,2202,1.0,0.6584922797456857,0.34150772025431425,1486,0.23796548592188918,0.08719346049046321,0.6748410535876476
801,Anne Arundel,2201,Anne Arundel Precinct 01-014,1607,354,302,594,2201,1.0,0.7301226715129486,0.2698773284870513,1545,0.16083598364379828,0.1372103589277601,0.7019536574284416
802,Anne Arundel,4021,Anne Arundel Precinct 01-012,1909,755,181,2112,4021,1.0,0.4747575230042278,0.5252424769957722,3085,0.18776423775180304,0.0450136781895051,0.7672220840586919
803,Anne Arundel,2018,Anne Arundel Precinct 01-015,1685,388,280,333,2018,1.0,0.8349851337958375,0.16501486620416253,1350,0.19226957383548068,0.13875123885034688,0.6689791873141725
804,Baltimore County,2262,Baltimore County Precinct 13-008,1953,357,332,309,2262,1.0,0.863395225464191,0.13660477453580902,1573,0.15782493368700265,0.14677276746242263,0.6954022988505747
805,Baltimore City,3265,Baltimore City Precinct 25-005,822,694,74,2443,3265,1.0,0.2517611026033691,0.748238897396631,2497,0.21255742725880553,0.022664624808575805,0.7647779479326187
806,Anne Arundel,1443,Anne Arundel Precinct 01-013,1092,259,107,351,1443,1.0,0.7567567567567568,0.24324324324324326,1077,0.1794871794871795,0.07415107415107415,0.7463617463617463
807,Baltimore City,2660,Baltimore City Precinct 25-008,74,882,22,2586,2660,1.0,0.027819548872180452,0.9721804511278196,1756,0.33157894736842103,0.008270676691729323,0.6601503759398496
808,Baltimore City,1089,Baltimore City Precinct 25-009,9,528,7,1080,1089,1.0,0.008264462809917356,0.9917355371900827,554,0.48484848484848486,0.006427915518824609,0.5087235996326905
809,Baltimore City,1595,Baltimore City Precinct 25-010,46,584,8,1549,1595,1.0,0.02884012539184953,0.9711598746081505,1003,0.36614420062695924,0.005015673981191223,0.6288401253918495
810,Baltimore City,3555,Baltimore City Precinct 25-003,2570,484,203,985,3555,1.0,0.7229254571026723,0.2770745428973277,2868,0.13614627285513362,0.05710267229254571,0.8067510548523207
811,Baltimore City,929,Baltimore City Precinct 20-009,527,172,28,402,929,1.0,0.5672766415500539,0.4327233584499462,729,0.18514531754574812,0.030139935414424113,0.7847147470398278
812,Baltimore City,1049,Baltimore City Precinct 20-005,28,407,9,1021,1049,1.0,0.02669208770257388,0.9733079122974261,633,0.38798856053384173,0.008579599618684462,0.6034318398474738
813,Baltimore City,3568,Baltimore City Precinct 25-004,2774,458,188,794,3568,1.0,0.7774663677130045,0.22253363228699552,2922,0.12836322869955158,0.052690582959641255,0.8189461883408071
814,Baltimore City,756,Baltimore City Precinct 20-010,333,122,24,423,756,1.0,0.44047619047619047,0.5595238095238095,610,0.16137566137566137,0.031746031746031744,0.8068783068783069
815,Baltimore City,2322,Baltimore City Precinct 20-003,54,771,11,2268,2322,1.0,0.023255813953488372,0.9767441860465116,1540,0.33204134366925064,0.004737295434969853,0.6632213608957795
816,Baltimore City,2303,Baltimore City Precinct 20-011,848,472,41,1455,2303,1.0,0.36821537125488496,0.6317846287451151,1790,0.20495006513243597,0.017802865827181935,0.7772470690403821
817,Baltimore City,950,Baltimore City Precinct 20-002,70,244,9,880,950,1.0,0.07368421052631578,0.9263157894736842,697,0.25684210526315787,0.009473684210526316,0.7336842105263158
818,Baltimore City,1760,Baltimore City Precinct 16-013,14,613,10,1746,1760,1.0,0.007954545454545454,0.9920454545454546,1137,0.3482954545454545,0.005681818181818182,0.6460227272727272
819,Baltimore City,1950,Baltimore City Precinct 16-012,10,701,7,1940,1950,1.0,0.005128205128205128,0.9948717948717949,1242,0.3594871794871795,0.0035897435897435897,0.6369230769230769
820,Baltimore City,240,Baltimore City Precinct 20-004,4,116,4,236,240,1.0,0.016666666666666666,0.9833333333333333,120,0.48333333333333334,0.016666666666666666,0.5
821,Baltimore City,1495,Baltimore City Precinct 16-008,24,549,5,1471,1495,1.0,0.016053511705685617,0.9839464882943144,941,0.36722408026755854,0.0033444816053511705,0.6294314381270903
822,Baltimore City,901,Baltimore City Precinct 26-031,516,205,59,385,901,1.0,0.5726970033296337,0.42730299667036625,637,0.22752497225305215,0.06548279689234185,0.7069922308546059
823,Baltimore County,2920,Baltimore County Precinct 14-011,1954,600,276,966,2920,1.0,0.6691780821917809,0.3308219178082192,2044,0.2054794520547945,0.09452054794520548,0.7
824,Baltimore County,2766,Baltimore County Precinct 14-007,2061,592,308,705,2766,1.0,0.745119305856833,0.25488069414316705,1866,0.21402747650036152,0.11135213304410702,0.6746203904555315
825,Baltimore County,3521,Baltimore County Precinct 14-008,1352,1244,253,2169,3521,1.0,0.38398182334564046,0.6160181766543595,2024,0.3533087191138881,0.07185458676512355,0.5748366941209884
826,Baltimore City,2719,Baltimore City Precinct 27-008,1192,723,111,1527,2719,1.0,0.4383964692901802,0.5616035307098198,1885,0.2659065833026848,0.04082383229128356,0.6932695844060316
827,Baltimore City,2670,Baltimore City Precinct 27-011,1688,685,220,982,2670,1.0,0.6322097378277154,0.36779026217228467,1765,0.2565543071161049,0.08239700374531835,0.6610486891385767
828,Baltimore City,842,Baltimore City Precinct 27-010,645,167,93,197,842,1.0,0.7660332541567696,0.2339667458432304,582,0.19833729216152018,0.11045130641330166,0.6912114014251781
829,Baltimore County,4086,Baltimore County Precinct 09-022,3162,914,527,924,4086,1.0,0.7738619676945668,0.2261380323054332,2645,0.22369065100342633,0.12897699461576115,0.6473323543808125
830,Baltimore County,2181,Baltimore County Precinct 14-012,1973,400,394,208,2181,1.0,0.9046309032553874,0.09536909674461257,1387,0.18340210912425492,0.1806510774873911,0.635946813388354
831,Baltimore County,723,Baltimore County Precinct 14-014,485,146,78,238,723,1.0,0.6708160442600276,0.32918395573997233,499,0.20193637621023514,0.1078838174273859,0.690179806362379
832,Baltimore County,3444,Baltimore County Precinct 14-006,2936,711,574,508,3444,1.0,0.8524970963995354,0.14750290360046459,2159,0.20644599303135888,0.16666666666666666,0.6268873403019745
833,Baltimore County,2262,Baltimore County Precinct 14-001,2044,389,441,218,2262,1.0,0.9036251105216623,0.09637488947833775,1432,0.17197170645446508,0.19496021220159152,0.6330680813439434
834,Baltimore County,2561,Baltimore County Precinct 14-010,1869,575,351,692,2561,1.0,0.7297930495900039,0.2702069504099961,1635,0.22452167122217884,0.13705583756345177,0.6384224912143693
835,Baltimore County,4471,Baltimore County Precinct 14-009,1738,1091,279,2733,4471,1.0,0.38872735405949455,0.6112726459405055,3101,0.24401699843435473,0.062402147170655335,0.69358085439499
836,Baltimore County,1191,Baltimore County Precinct 14-005,540,228,67,651,1191,1.0,0.4534005037783375,0.5465994962216625,896,0.19143576826196473,0.056255247691015954,0.7523089840470193
837,Baltimore County,2619,Baltimore County Precinct 11-016,1527,470,185,1092,2619,1.0,0.5830469644902635,0.41695303550973656,1964,0.17945780832378772,0.07063764795723558,0.7499045437189767
838,Baltimore County,4063,Baltimore County Precinct 14-002,2593,765,526,1470,4063,1.0,0.6381983755845434,0.36180162441545655,2772,0.18828451882845187,0.12946098941668718,0.682254491754861
839,Baltimore County,3933,Baltimore County Precinct 11-011,2948,682,582,985,3933,1.0,0.7495550470378846,0.25044495296211544,2669,0.1734045258072718,0.14797864225781845,0.6786168319349097
840,Baltimore County,3413,Baltimore County Precinct 09-023,2320,700,446,1093,3413,1.0,0.6797538822150601,0.32024611778493994,2267,0.20509815411661295,0.13067682390858482,0.6642250219748023
841,Baltimore County,2956,Baltimore County Precinct 09-025,2214,538,431,742,2956,1.0,0.7489851150202977,0.2510148849797023,1987,0.18200270635994586,0.14580514208389717,0.672192151556157
842,Baltimore County,2895,Baltimore County Precinct 11-009,2192,528,389,703,2895,1.0,0.7571675302245251,0.24283246977547496,1978,0.18238341968911917,0.13436960276338514,0.6832469775474956
843,Baltimore County,3895,Baltimore County Precinct 09-024,3019,810,638,876,3895,1.0,0.7750962772785622,0.22490372272143774,2447,0.2079589216944801,0.1637997432605905,0.6282413350449294
844,Baltimore County,3694,Baltimore County Precinct 11-015,3631,511,490,63,3694,1.0,0.9829453167298322,0.01705468327016784,2693,0.13833243096913914,0.13264753654574987,0.7290200324851109
845,Baltimore County,731,Baltimore County Precinct 11-021,560,154,94,171,731,1.0,0.7660738714090287,0.23392612859097128,483,0.2106703146374829,0.12859097127222982,0.6607387140902873
846,Baltimore County,2824,Baltimore County Precinct 11-008,2388,376,470,436,2824,1.0,0.8456090651558074,0.15439093484419264,1978,0.13314447592067988,0.16643059490084985,0.7004249291784702
847,Baltimore County,3720,Baltimore County Precinct 11-010,2780,607,457,940,3720,1.0,0.7473118279569892,0.25268817204301075,2656,0.1631720430107527,0.1228494623655914,0.7139784946236559
848,Baltimore County,1942,Baltimore County Precinct 11-018,1553,488,537,389,1942,1.0,0.7996910401647785,0.20030895983522143,917,0.2512873326467559,0.276519052523172,0.4721936148300721
849,Baltimore County,3460,Baltimore County Precinct 11-017,2820,615,645,640,3460,1.0,0.815028901734104,0.18497109826589594,2200,0.1777456647398844,0.18641618497109827,0.6358381502890174
850,Baltimore County,2630,Baltimore County Precinct 15-003,2325,416,412,305,2630,1.0,0.8840304182509505,0.11596958174904944,1802,0.15817490494296577,0.15665399239543726,0.685171102661597
851,Baltimore County,3634,Baltimore County Precinct 14-013,1814,770,463,1820,3634,1.0,0.4991744634012108,0.5008255365987893,2401,0.21188772702256467,0.12740781507980187,0.6607044578976334
852,Baltimore County,3333,Baltimore County Precinct 15-011,2680,629,345,653,3333,1.0,0.804080408040804,0.19591959195919592,2359,0.18871887188718872,0.1035103510351035,0.7077707770777077
853,Baltimore County,343,Baltimore County Precinct 14-004,274,85,60,69,343,1.0,0.7988338192419825,0.20116618075801748,198,0.2478134110787172,0.1749271137026239,0.577259475218659
854,Dorchester,232,Dorchester Precinct 04-001,207,35,53,25,232,1.0,0.8922413793103449,0.10775862068965517,144,0.15086206896551724,0.22844827586206898,0.6206896551724138
855,Dorchester,427,Dorchester Precinct 16-001,400,52,133,27,427,1.0,0.936768149882904,0.06323185011709602,242,0.12177985948477751,0.3114754098360656,0.5667447306791569
856,Dorchester,271,Dorchester Precinct 05-001,247,28,65,24,271,1.0,0.9114391143911439,0.08856088560885608,178,0.1033210332103321,0.23985239852398524,0.6568265682656826
857,Dorchester,544,Dorchester Precinct 09-001,469,70,179,75,544,1.0,0.8621323529411765,0.13786764705882354,295,0.12867647058823528,0.3290441176470588,0.5422794117647058
858,Dorchester,182,Dorchester Precinct 13-001,166,16,57,16,182,1.0,0.9120879120879121,0.08791208791208792,109,0.08791208791208792,0.3131868131868132,0.5989010989010989
859,Dorchester,801,Dorchester Precinct 08-001,769,118,220,32,801,1.0,0.9600499375780275,0.039950062421972535,463,0.14731585518102372,0.2746566791510612,0.5780274656679151
860,Talbot,724,Talbot Precinct 02-002,701,114,169,23,724,1.0,0.9682320441988951,0.031767955801104975,441,0.1574585635359116,0.23342541436464087,0.6091160220994475
861,Talbot,2603,Talbot Precinct 02-001,2274,537,519,329,2603,1.0,0.8736073761044948,0.12639262389550518,1547,0.20630042258932002,0.19938532462543218,0.5943142527852477
862,Talbot,1245,Talbot Precinct 02-003,1065,220,277,180,1245,1.0,0.8554216867469879,0.14457831325301204,748,0.17670682730923695,0.22248995983935743,0.6008032128514056
863,Dorchester,834,Dorchester Precinct 07-003,668,117,194,166,834,1.0,0.8009592326139089,0.19904076738609114,523,0.14028776978417265,0.23261390887290168,0.6270983213429256
864,Dorchester,3660,Dorchester Precinct 07-002,756,1145,91,2904,3660,1.0,0.20655737704918034,0.7934426229508197,2424,0.3128415300546448,0.024863387978142075,0.6622950819672131
865,Dorchester,2964,Dorchester Precinct 07-006,2484,488,519,480,2964,1.0,0.8380566801619433,0.16194331983805668,1957,0.16464237516869096,0.17510121457489877,0.6602564102564102
866,Dorchester,2345,Dorchester Precinct 07-001,1564,381,307,781,2345,1.0,0.6669509594882729,0.33304904051172707,1657,0.1624733475479744,0.13091684434968018,0.7066098081023454
867,Dorchester,768,Dorchester Precinct 07-004,446,138,75,322,768,1.0,0.5807291666666666,0.4192708333333333,555,0.1796875,0.09765625,0.72265625
868,Dorchester,197,Dorchester Precinct 07-007,79,49,11,118,197,1.0,0.4010152284263959,0.5989847715736041,137,0.24873096446700507,0.05583756345177665,0.6954314720812182
869,Dorchester,351,Dorchester Precinct 07-005,167,60,24,184,351,1.0,0.4757834757834758,0.5242165242165242,267,0.17094017094017094,0.06837606837606838,0.7606837606837606
870,Talbot,2495,Talbot Precinct 03-001,1972,451,634,523,2495,1.0,0.790380761523046,0.2096192384769539,1410,0.1807615230460922,0.25410821643286574,0.5651302605210421
871,Talbot,1083,Talbot Precinct 03-003,997,227,358,86,1083,1.0,0.9205909510618652,0.07940904893813482,498,0.20960295475530932,0.33056325023084027,0.4598337950138504
872,Talbot,4545,Talbot Precinct 01-001,3472,597,666,1073,4545,1.0,0.7639163916391639,0.23608360836083608,3282,0.13135313531353135,0.14653465346534653,0.7221122112211221
873,Talbot,3290,Talbot Precinct 01-003,2061,530,390,1229,3290,1.0,0.6264437689969605,0.37355623100303953,2370,0.16109422492401215,0.11854103343465046,0.7203647416413373
874,Talbot,5989,Talbot Precinct 01-002,4606,811,808,1383,5989,1.0,0.7690766405075973,0.23092335949240275,4370,0.13541492736683922,0.1349140090165303,0.7296710636166305
875,Somerset,1960,Somerset Precinct 07-001,1282,401,317,678,1960,1.0,0.6540816326530612,0.34591836734693876,1242,0.2045918367346939,0.16173469387755102,0.6336734693877552
876,Baltimore City,1038,Baltimore City Precinct 12-011,130,326,9,908,1038,1.0,0.1252408477842004,0.8747591522157996,703,0.3140655105973025,0.008670520231213872,0.6772639691714836
877,Baltimore City,1718,Baltimore City Precinct 12-008,988,488,36,730,1718,1.0,0.5750873108265425,0.42491268917345754,1194,0.2840512223515716,0.020954598370197905,0.6949941792782305
878,Baltimore City,1916,Baltimore City Precinct 12-010,382,521,14,1534,1916,1.0,0.19937369519832984,0.8006263048016702,1381,0.2719206680584551,0.007306889352818371,0.7207724425887265
879,Anne Arundel,3468,Anne Arundel Precinct 01-018,2157,658,275,1311,3468,1.0,0.6219723183391004,0.3780276816608997,2535,0.18973471741637832,0.07929642445213379,0.7309688581314879
880,Anne Arundel,1823,Anne Arundel Precinct 01-017,1402,283,178,421,1823,1.0,0.7690619857377948,0.23093801426220514,1362,0.15523861766319255,0.09764125068568294,0.7471201316511246
881,Anne Arundel,2523,Anne Arundel Precinct 01-016,1828,399,268,695,2523,1.0,0.724534284581847,0.275465715418153,1856,0.1581450653983353,0.10622275069361871,0.735632183908046
882,Baltimore City,1139,Baltimore City Precinct 25-011,672,132,57,467,1139,1.0,0.5899912203687445,0.4100087796312555,950,0.11589113257243196,0.05004389815627744,0.8340649692712906
883,Baltimore City,2273,Baltimore City Precinct 25-012,1279,299,76,994,2273,1.0,0.5626924769027717,0.4373075230972283,1898,0.1315442146942367,0.03343598768147822,0.8350197976242851
884,Baltimore City,1483,Baltimore City Precinct 25-014,468,323,29,1015,1483,1.0,0.3155765340525961,0.6844234659474039,1131,0.21780175320296696,0.019554956169925825,0.7626432906271072
885,Baltimore City,1262,Baltimore City Precinct 25-013,750,137,44,512,1262,1.0,0.5942947702060222,0.40570522979397783,1081,0.10855784469096671,0.03486529318541997,0.8565768621236133
886,Baltimore City,1628,Baltimore City Precinct 25-015,701,338,39,927,1628,1.0,0.4305896805896806,0.5694103194103194,1251,0.2076167076167076,0.023955773955773956,0.7684275184275184
887,Baltimore City,2415,Baltimore City Precinct 25-016,1616,308,73,799,2415,1.0,0.6691511387163561,0.3308488612836439,2034,0.12753623188405797,0.030227743271221533,0.8422360248447205
888,Baltimore City,2673,Baltimore City Precinct 24-004,2448,623,273,225,2673,1.0,0.9158249158249159,0.08417508417508418,1777,0.2330714552936775,0.10213243546576879,0.6647961092405537
889,Baltimore City,878,Baltimore City Precinct 24-002,775,208,106,103,878,1.0,0.8826879271070615,0.11731207289293849,564,0.23690205011389523,0.12072892938496584,0.642369020501139
890,Baltimore City,722,Baltimore City Precinct 24-001,632,210,83,90,722,1.0,0.8753462603878116,0.12465373961218837,429,0.29085872576177285,0.1149584487534626,0.5941828254847645
891,Baltimore City,1728,Baltimore City Precinct 24-003,1531,451,215,197,1728,1.0,0.8859953703703703,0.11400462962962964,1062,0.26099537037037035,0.1244212962962963,0.6145833333333334
892,Baltimore City,1994,Baltimore City Precinct 03-003,1421,420,131,573,1994,1.0,0.7126379137412236,0.28736208625877635,1443,0.21063189568706117,0.06569709127382146,0.7236710130391174
893,Baltimore City,3017,Baltimore City Precinct 24-005,2786,727,399,231,3017,1.0,0.9234338747099768,0.0765661252900232,1891,0.24096784885647995,0.13225058004640372,0.6267815710971163
894,Baltimore City,2635,Baltimore City Precinct 02-003,2167,600,176,468,2635,1.0,0.8223908918406072,0.1776091081593928,1859,0.22770398481973433,0.0667931688804554,0.7055028462998102
895,Baltimore City,2074,Baltimore City Precinct 02-002,1402,457,101,672,2074,1.0,0.6759884281581485,0.3240115718418515,1516,0.22034715525554485,0.048698167791706846,0.7309546769527483
896,Baltimore City,2117,Baltimore City Precinct 01-002,1706,536,116,411,2117,1.0,0.8058573452999528,0.19414265470004724,1465,0.2531884742560227,0.0547945205479452,0.6920170051960322
897,Baltimore City,1947,Baltimore City Precinct 01-003,1710,338,176,237,1947,1.0,0.8782742681047766,0.12172573189522343,1433,0.17360041088854647,0.0903954802259887,0.7360041088854649
898,Baltimore City,2617,Baltimore City Precinct 05-001,202,560,15,2415,2617,1.0,0.07718761941153993,0.92281238058846,2042,0.21398547955674435,0.00573175391669851,0.7802827665265571
899,Baltimore City,658,Baltimore City Precinct 10-004,17,235,4,641,658,1.0,0.025835866261398176,0.9741641337386018,419,0.35714285714285715,0.0060790273556231,0.6367781155015197
900,Baltimore City,5665,Baltimore City Precinct 10-003,789,189,6,4876,5665,1.0,0.13927625772285968,0.8607237422771403,5470,0.033362753751103265,0.001059135039717564,0.9655781112091791
901,Baltimore City,836,Baltimore City Precinct 03-002,231,223,16,605,836,1.0,0.27631578947368424,0.7236842105263158,597,0.26674641148325356,0.019138755980861243,0.7141148325358851
902,Calvert,2365,Calvert Precinct 01-004,1979,478,556,386,2365,1.0,0.8367864693446089,0.16321353065539113,1331,0.2021141649048626,0.2350951374207188,0.5627906976744186
903,Calvert,2363,Calvert Precinct 02-004,1630,463,324,733,2363,1.0,0.6898011002962336,0.3101988997037664,1576,0.19593736775285653,0.13711383834109184,0.6669487939060517
904,Calvert,2969,Calvert Precinct 01-003,2481,555,621,488,2969,1.0,0.8356348939036713,0.16436510609632873,1793,0.18693162681037387,0.20916133378241833,0.6039070394072078
905,Calvert,3541,Calvert Precinct 01-006,2855,609,700,686,3541,1.0,0.806269415419373,0.19373058458062695,2232,0.17198531488280147,0.1976842699802316,0.630330415136967
906,Calvert,2965,Calvert Precinct 02-005,2571,564,768,394,2965,1.0,0.8671163575042159,0.13288364249578416,1633,0.19021922428330523,0.2590219224283305,0.5507588532883643
907,Calvert,3099,Calvert Precinct 03-002,2465,698,607,634,3099,1.0,0.7954178767344304,0.20458212326556954,1794,0.22523394643433364,0.19586963536624719,0.5788964181994192
908,Calvert,2398,Calvert Precinct 03-001,2042,444,371,356,2398,1.0,0.8515429524603837,0.14845704753961636,1583,0.18515429524603835,0.15471226021684736,0.6601334445371143
909,Anne Arundel,2629,Anne Arundel Precinct 07-002,2349,552,618,280,2629,1.0,0.893495625713199,0.10650437428680107,1459,0.2099657664511221,0.23507036896158234,0.5549638645872955
910,Talbot,757,Talbot Precinct 05-002,734,143,165,23,757,1.0,0.9696169088507266,0.03038309114927345,449,0.18890356671070013,0.21796565389696168,0.5931307793923382
911,Talbot,886,Talbot Precinct 05-001,809,194,174,77,886,1.0,0.9130925507900677,0.08690744920993228,518,0.21896162528216703,0.1963882618510158,0.5846501128668171
912,Dorchester,373,Dorchester Precinct 06-001,350,68,106,23,373,1.0,0.938337801608579,0.06166219839142091,199,0.18230563002680966,0.28418230563002683,0.5335120643431636
913,Baltimore City,2765,Baltimore City Precinct 07-004,124,769,24,2641,2765,1.0,0.04484629294755877,0.9551537070524412,1972,0.27811934900542495,0.00867992766726944,0.7132007233273056
914,Baltimore City,3497,Baltimore City Precinct 26-010,1389,518,95,2108,3497,1.0,0.3971975979410924,0.6028024020589077,2884,0.14812696597083214,0.027166142407778097,0.8247068916213898
915,Baltimore City,923,Baltimore City Precinct 26-012,85,217,6,838,923,1.0,0.09209100758396534,0.9079089924160346,700,0.23510292524377033,0.0065005417118093175,0.7583965330444203
916,Baltimore City,3245,Baltimore City Precinct 08-010,18,1251,16,3227,3245,1.0,0.005546995377503852,0.9944530046224962,1978,0.3855161787365177,0.004930662557781202,0.609553158705701
917,Baltimore City,577,Baltimore City Precinct 08-011,13,224,4,564,577,1.0,0.022530329289428077,0.9774696707105719,349,0.3882149046793761,0.006932409012131715,0.6048526863084922
918,Baltimore City,1998,Baltimore City Precinct 08-003,70,637,17,1928,1998,1.0,0.035035035035035036,0.964964964964965,1344,0.3188188188188188,0.00850850850850851,0.6726726726726727
919,Baltimore City,1675,Baltimore City Precinct 26-019,143,556,21,1532,1675,1.0,0.0853731343283582,0.9146268656716418,1098,0.3319402985074627,0.01253731343283582,0.6555223880597015
920,Baltimore City,783,Baltimore City Precinct 26-020,50,270,18,733,783,1.0,0.06385696040868455,0.9361430395913155,495,0.3448275862068966,0.022988505747126436,0.632183908045977
921,Baltimore City,1709,Baltimore City Precinct 26-011,785,183,43,924,1709,1.0,0.4593329432416618,0.5406670567583383,1483,0.10708016383850205,0.02516091281451141,0.8677589233469866
922,Baltimore City,1355,Baltimore City Precinct 26-013,1074,155,57,281,1355,1.0,0.792619926199262,0.207380073800738,1143,0.11439114391143912,0.04206642066420664,0.8435424354243543
923,Baltimore City,339,Baltimore City Precinct 26-017,33,142,4,306,339,1.0,0.09734513274336283,0.9026548672566371,193,0.41887905604719766,0.011799410029498525,0.5693215339233039
924,Baltimore City,2928,Baltimore City Precinct 26-018,256,984,33,2672,2928,1.0,0.08743169398907104,0.912568306010929,1911,0.3360655737704918,0.011270491803278689,0.6526639344262295
925,Baltimore City,1249,Baltimore City Precinct 26-016,74,377,6,1175,1249,1.0,0.059247397918334666,0.9407526020816653,866,0.3018414731785428,0.004803843074459567,0.6933546837469976
926,Howard,2116,Howard Precinct 04-004,1753,407,666,363,2116,1.0,0.8284499054820416,0.1715500945179584,1043,0.19234404536862004,0.31474480151228734,0.4929111531190926
927,Carroll,6623,Carroll Precinct 14-002,6214,869,2103,409,6623,1.0,0.9382455080779103,0.061754491922089684,3651,0.131209421712215,0.3175298203231164,0.5512607579646686
928,Carroll,3192,Carroll Precinct 05-001,2872,575,876,320,3192,1.0,0.899749373433584,0.10025062656641603,1741,0.18013784461152882,0.2744360902255639,0.5454260651629073
929,Carroll,647,Carroll Precinct 05-006,626,163,164,21,647,1.0,0.9675425038639877,0.03245749613601236,320,0.25193199381761977,0.2534775888717156,0.4945904173106646
930,Howard,2206,Howard Precinct 03-002,1871,427,711,335,2206,1.0,0.8481414324569356,0.15185856754306437,1068,0.19356300997280146,0.32230281051677245,0.4841341795104261
931,Carroll,2786,Carroll Precinct 14-001,2611,446,904,175,2786,1.0,0.9371859296482412,0.06281407035175879,1436,0.16008614501076812,0.32447954055994255,0.5154343144292893
932,Carroll,2559,Carroll Precinct 05-005,2276,401,703,283,2559,1.0,0.889409925752247,0.11059007424775302,1455,0.15670183665494333,0.27471668620554907,0.5685814771395076
933,Carroll,2727,Carroll Precinct 09-001,2601,420,883,126,2727,1.0,0.9537953795379538,0.0462046204620462,1424,0.15401540154015403,0.3237990465713238,0.5221855518885222
934,Carroll,5574,Carroll Precinct 07-007,5011,890,1372,563,5574,1.0,0.8989953354861858,0.10100466451381414,3312,0.15966989594546108,0.24614280588446358,0.5941872981700753
935,Carroll,1903,Carroll Precinct 07-008,1759,252,541,144,1903,1.0,0.9243300052548608,0.07566999474513926,1110,0.13242249080399368,0.2842879663688912,0.5832895428271151
936,Carroll,960,Carroll Precinct 07-005,945,186,265,15,960,1.0,0.984375,0.015625,509,0.19375,0.2760416666666667,0.5302083333333333
937,Carroll,2365,Carroll Precinct 04-002,2282,290,704,83,2365,1.0,0.9649048625792812,0.03509513742071882,1371,0.1226215644820296,0.29767441860465116,0.5797040169133192
938,Carroll,2537,Carroll Precinct 07-006,2326,370,603,211,2537,1.0,0.9168309026409145,0.08316909735908554,1564,0.14584154513204572,0.23768230193141507,0.6164761529365392
939,Carroll,3647,Carroll Precinct 07-003,3100,497,576,547,3647,1.0,0.8500137098985467,0.14998629010145326,2574,0.1362763915547025,0.15793803125856867,0.7057855771867289
940,Carroll,2385,Carroll Precinct 07-001,2135,279,368,250,2385,1.0,0.8951781970649895,0.10482180293501048,1738,0.1169811320754717,0.15429769392033543,0.7287211740041929
941,Carroll,7644,Carroll Precinct 05-004,6509,1245,2181,1135,7644,1.0,0.8515175300889587,0.14848246991104133,4218,0.16287284144427003,0.28532182103610676,0.5518053375196232
942,Howard,3762,Howard Precinct 03-005,2617,709,731,1145,3762,1.0,0.6956406166932483,0.3043593833067517,2322,0.1884635832004253,0.19431153641679957,0.6172248803827751
943,Carroll,4313,Carroll Precinct 05-002,3922,800,1526,391,4313,1.0,0.9093438441919778,0.09065615580802226,1987,0.18548574078367724,0.35381405054486437,0.4607002086714584
944,St. Mary's,2003,St. Mary's Precinct 01-002,1697,367,368,306,2003,1.0,0.8472291562656016,0.1527708437343984,1268,0.1832251622566151,0.18372441337993012,0.6330504243634548
945,St. Mary's,3822,St. Mary's Precinct 01-001,3130,521,498,692,3822,1.0,0.8189429618001046,0.18105703819989535,2803,0.13631606488749345,0.130298273155416,0.7333856619570905
946,Somerset,179,Somerset Precinct 10-001,171,48,25,8,179,1.0,0.9553072625698324,0.0446927374301676,106,0.2681564245810056,0.13966480446927373,0.5921787709497207
947,Dorchester,308,Dorchester Precinct 10-001,300,29,49,8,308,1.0,0.974025974025974,0.025974025974025976,230,0.09415584415584416,0.1590909090909091,0.7467532467532467
948,St. Mary's,3575,St. Mary's Precinct 08-003,2427,624,648,1148,3575,1.0,0.6788811188811189,0.3211188811188811,2303,0.17454545454545456,0.18125874125874125,0.6441958041958042
949,St. Mary's,2881,St. Mary's Precinct 08-005,2361,532,916,520,2881,1.0,0.8195071155848663,0.18049288441513364,1433,0.18465810482471365,0.31794515793127387,0.4973967372440125
950,St. Mary's,402,St. Mary's Precinct 08-008,339,51,79,63,402,1.0,0.8432835820895522,0.15671641791044777,272,0.12686567164179105,0.19651741293532338,0.6766169154228856
951,St. Mary's,1160,St. Mary's Precinct 08-010,735,230,180,425,1160,1.0,0.6336206896551724,0.36637931034482757,750,0.19827586206896552,0.15517241379310345,0.646551724137931
952,St. Mary's,1548,St. Mary's Precinct 08-002,1377,225,420,171,1548,1.0,0.8895348837209303,0.11046511627906977,903,0.14534883720930233,0.2713178294573643,0.5833333333333334
953,St. Mary's,2841,St. Mary's Precinct 06-003,2593,436,759,248,2841,1.0,0.9127067933826117,0.08729320661738825,1646,0.1534670890531503,0.26715945089757126,0.5793734600492785
954,St. Mary's,2052,St. Mary's Precinct 08-006,1617,285,426,435,2052,1.0,0.7880116959064327,0.21198830409356725,1341,0.1388888888888889,0.20760233918128654,0.6535087719298246
955,Calvert,2874,Calvert Precinct 01-001,2444,540,549,430,2874,1.0,0.8503827418232429,0.14961725817675714,1785,0.18789144050104384,0.19102296450939457,0.6210855949895616
956,Calvert,2535,Calvert Precinct 01-007,2065,489,571,470,2535,1.0,0.814595660749507,0.1854043392504931,1475,0.19289940828402366,0.2252465483234714,0.5818540433925049
957,Calvert,3483,Calvert Precinct 01-005,2710,643,698,773,3483,1.0,0.7780648865920183,0.22193511340798164,2142,0.184610967556704,0.20040195233993682,0.6149870801033591
958,Calvert,3411,Calvert Precinct 01-002,2504,724,593,907,3411,1.0,0.7340955731457051,0.26590442685429494,2094,0.21225447082966872,0.17384931105247728,0.613896218117854
959,St. Mary's,2376,St. Mary's Precinct 02-002,2085,427,564,291,2376,1.0,0.8775252525252525,0.12247474747474747,1385,0.17971380471380471,0.23737373737373738,0.5829124579124579
960,St. Mary's,2833,St. Mary's Precinct 02-001,2361,514,727,472,2833,1.0,0.8333921637839746,0.1666078362160254,1592,0.1814331097776209,0.25661842569714083,0.5619484645252383
961,St. Mary's,3761,St. Mary's Precinct 08-009,1768,873,322,1993,3761,1.0,0.47008774262164316,0.5299122573783568,2566,0.23211911725604892,0.08561552778516351,0.6822653549587876
962,St. Mary's,2579,St. Mary's Precinct 08-007,1260,604,361,1319,2579,1.0,0.48856145792943,0.5114385420705699,1614,0.2341993020550601,0.13997673516867,0.6258239627762698
963,St. Mary's,3761,St. Mary's Precinct 08-001,2189,631,435,1572,3761,1.0,0.5820260568997607,0.4179739431002393,2695,0.16777452805105025,0.11566072852964637,0.7165647434193034
964,St. Mary's,5431,St. Mary's Precinct 08-004,3460,987,941,1971,5431,1.0,0.6370834100533972,0.36291658994660286,3503,0.18173448720309335,0.17326459215614068,0.645000920640766
965,Baltimore County,3555,Baltimore County Precinct 08-011,2068,625,387,1487,3555,1.0,0.5817158931082982,0.4182841068917018,2543,0.17580872011251758,0.10886075949367088,0.7153305203938115
966,Baltimore County,2505,Baltimore County Precinct 08-006,1379,424,155,1126,2505,1.0,0.550499001996008,0.449500998003992,1926,0.1692614770459082,0.06187624750499002,0.7688622754491018
967,Baltimore County,1757,Baltimore County Precinct 08-003,1549,370,360,208,1757,1.0,0.8816163915765509,0.11838360842344905,1027,0.2105862265224815,0.20489470688673875,0.5845190665907798
968,Baltimore County,2017,Baltimore County Precinct 08-022,1757,551,473,260,2017,1.0,0.8710956866633615,0.12890431333663857,993,0.27317798710956864,0.2345066931085771,0.4923153197818542
969,Baltimore County,2489,Baltimore County Precinct 08-001,2208,535,619,281,2489,1.0,0.8871032543190036,0.11289674568099639,1335,0.21494576134993973,0.2486942547207714,0.5363599839292889
970,Baltimore County,1888,Baltimore County Precinct 08-025,1659,370,420,229,1888,1.0,0.878707627118644,0.12129237288135593,1098,0.19597457627118645,0.22245762711864406,0.5815677966101694
971,Baltimore County,2437,Baltimore County Precinct 08-004,2117,554,707,320,2437,1.0,0.8686910135412392,0.13130898645876077,1176,0.22732868280672958,0.2901107919573246,0.48256052523594584
972,Baltimore County,1477,Baltimore County Precinct 10-002,1372,311,507,105,1477,1.0,0.9289099526066351,0.07109004739336493,659,0.2105619498984428,0.34326337169939064,0.44617467840216657
973,Baltimore County,1876,Baltimore County Precinct 10-004,1797,304,658,79,1876,1.0,0.9578891257995735,0.04211087420042644,914,0.16204690831556504,0.35074626865671643,0.48720682302771856
974,Baltimore County,3018,Baltimore County Precinct 10-001,2857,636,1057,161,3018,1.0,0.9466534128561962,0.053346587143803845,1325,0.21073558648111332,0.3502319416832339,0.43903247183565275
975,Baltimore County,3508,Baltimore County Precinct 05-001,3315,632,1148,193,3508,1.0,0.9449828962371721,0.05501710376282782,1728,0.18015963511972635,0.3272519954389966,0.4925883694412771
976,Baltimore County,1975,Baltimore County Precinct 06-001,1875,312,631,100,1975,1.0,0.9493670886075949,0.05063291139240506,1032,0.1579746835443038,0.31949367088607594,0.5225316455696203
977,Baltimore County,2338,Baltimore County Precinct 06-002,2220,387,765,118,2338,1.0,0.9495295124037639,0.0504704875962361,1186,0.16552609067579127,0.3272027373823781,0.5072711719418306
978,Baltimore County,2472,Baltimore County Precinct 07-003,2274,459,766,198,2472,1.0,0.9199029126213593,0.08009708737864078,1247,0.18567961165048544,0.3098705501618123,0.5044498381877023
979,Baltimore County,1071,Baltimore County Precinct 07-002,1032,188,316,39,1071,1.0,0.9635854341736695,0.036414565826330535,567,0.17553688141923435,0.2950513538748833,0.5294117647058824
980,Baltimore County,3153,Baltimore County Precinct 07-001,2987,506,897,166,3153,1.0,0.9473517285125278,0.05264827148747225,1750,0.16048208055819854,0.2844909609895338,0.5550269584522677
981,St. Mary's,210,St. Mary's Precinct 09-001,181,66,40,29,210,1.0,0.861904761904762,0.1380952380952381,104,0.3142857142857143,0.19047619047619047,0.49523809523809526
982,Baltimore City,2683,Baltimore City Precinct 26-024,242,705,14,2441,2683,1.0,0.09019754006708908,0.9098024599329109,1964,0.26276556093924713,0.005218039508013418,0.7320163995527394
983,Baltimore City,2299,Baltimore City Precinct 26-025,146,449,15,2153,2299,1.0,0.06350587211831231,0.9364941278816877,1835,0.19530230535015225,0.006524575902566333,0.7981731187472815
984,Baltimore City,1812,Baltimore City Precinct 26-026,482,489,56,1330,1812,1.0,0.26600441501103755,0.7339955849889624,1267,0.26986754966887416,0.03090507726269316,0.6992273730684326
985,Baltimore City,2585,Baltimore City Precinct 27-005,1273,729,121,1312,2585,1.0,0.49245647969052225,0.5075435203094778,1735,0.28201160541586073,0.04680851063829787,0.6711798839458414
986,Baltimore City,3355,Baltimore City Precinct 27-006,959,947,91,2396,3355,1.0,0.28584202682563337,0.7141579731743666,2317,0.28226527570789867,0.027123695976154993,0.6906110283159463
987,Baltimore City,780,Baltimore City Precinct 27-019,33,279,9,747,780,1.0,0.04230769230769231,0.9576923076923077,492,0.3576923076923077,0.011538461538461539,0.6307692307692307
988,Baltimore City,2289,Baltimore City Precinct 27-015,400,683,49,1889,2289,1.0,0.17474879860200962,0.8252512013979904,1557,0.2983835736129314,0.021406727828746176,0.6802096985583224
989,Baltimore County,3836,Baltimore County Precinct 09-020,464,1276,64,3372,3836,1.0,0.12095933263816476,0.8790406673618353,2496,0.33263816475495306,0.016684045881126174,0.6506777893639207
990,Baltimore County,2342,Baltimore County Precinct 09-028,897,787,84,1445,2342,1.0,0.38300597779675494,0.6169940222032451,1471,0.33603757472245943,0.035866780529461996,0.6280956447480786
991,Baltimore County,2528,Baltimore County Precinct 09-019,1774,619,330,754,2528,1.0,0.7017405063291139,0.29825949367088606,1579,0.24485759493670886,0.1305379746835443,0.6246044303797469
992,Baltimore City,2647,Baltimore City Precinct 27-014,1453,719,169,1194,2647,1.0,0.5489233094068757,0.4510766905931243,1759,0.27162825840574234,0.06384586324140537,0.6645258783528523
993,Baltimore City,3409,Baltimore City Precinct 27-013,915,898,120,2494,3409,1.0,0.26840715752420063,0.7315928424757994,2391,0.26342035787621004,0.03520093869169844,0.7013787034320915
994,Baltimore City,1492,Baltimore City Precinct 27-009,843,488,116,649,1492,1.0,0.5650134048257373,0.43498659517426275,888,0.32707774798927614,0.0777479892761394,0.5951742627345844
995,Baltimore City,762,Baltimore City Precinct 27-012,550,143,52,212,762,1.0,0.7217847769028871,0.2782152230971129,567,0.18766404199475065,0.06824146981627296,0.7440944881889764
996,Baltimore County,3661,Baltimore County Precinct 09-021,3095,706,584,566,3661,1.0,0.8453974323955203,0.15460256760447966,2371,0.19284348538650642,0.15951925703359737,0.6476372575798962
997,Baltimore County,2909,Baltimore County Precinct 09-029,2172,132,37,737,2909,1.0,0.7466483327603988,0.25335166723960123,2740,0.04537641801306291,0.012719147473358542,0.9419044345135785
998,Baltimore County,2194,Baltimore County Precinct 09-012,1804,500,247,390,2194,1.0,0.8222424794895169,0.17775752051048313,1447,0.22789425706472197,0.11257976298997266,0.6595259799453054
999,Baltimore County,2160,Baltimore County Precinct 09-007,1829,507,553,331,2160,1.0,0.8467592592592592,0.15324074074074073,1100,0.23472222222222222,0.25601851851851853,0.5092592592592593
1000,Baltimore County,2993,Baltimore County Precinct 09-011,2118,639,257,875,2993,1.0,0.707651186100902,0.2923488138990979,2097,0.21349816237888405,0.08586702305379218,0.7006348145673238
1001,Baltimore County,5056,Baltimore County Precinct 09-010,3865,836,438,1191,5056,1.0,0.7644382911392406,0.2355617088607595,3782,0.16534810126582278,0.08662974683544304,0.7480221518987342
1002,Baltimore County,1644,Baltimore County Precinct 08-015,1440,403,417,204,1644,1.0,0.8759124087591241,0.12408759124087591,824,0.2451338199513382,0.25364963503649635,0.5012165450121655
1003,Baltimore County,1925,Baltimore County Precinct 08-014,1650,539,503,275,1925,1.0,0.8571428571428571,0.14285714285714285,883,0.28,0.2612987012987013,0.4587012987012987
1004,Baltimore County,2163,Baltimore County Precinct 08-012,1905,612,675,258,2163,1.0,0.8807212205270458,0.11927877947295423,876,0.2829403606102635,0.3120665742024965,0.40499306518723993
1005,Baltimore County,5466,Baltimore County Precinct 08-005,3011,978,310,2455,5466,1.0,0.5508598609586535,0.44914013904134653,4178,0.17892425905598244,0.056714233443102814,0.7643615075009147
1006,Baltimore County,1075,Baltimore County Precinct 09-016,915,326,189,160,1075,1.0,0.8511627906976744,0.14883720930232558,560,0.3032558139534884,0.1758139534883721,0.5209302325581395
1007,Baltimore County,1627,Baltimore County Precinct 09-017,1118,424,172,509,1627,1.0,0.6871542716656422,0.3128457283343577,1031,0.2606023355869699,0.1057160417947142,0.633681622618316
1008,Baltimore County,26,Baltimore County Precinct 09-027,20,7,4,6,26,1.0,0.7692307692307693,0.23076923076923078,15,0.2692307692307692,0.15384615384615385,0.5769230769230769
1009,Baltimore County,2576,Baltimore County Precinct 09-018,1975,638,319,601,2576,1.0,0.7666925465838509,0.23330745341614906,1619,0.24767080745341616,0.12383540372670808,0.6284937888198758
1010,Baltimore County,1631,Baltimore County Precinct 09-009,1412,369,464,219,1631,1.0,0.8657265481299816,0.1342734518700184,798,0.22624156958920907,0.28448804414469653,0.4892703862660944
1011,Baltimore County,1132,Baltimore County Precinct 09-026,975,264,232,157,1132,1.0,0.8613074204946997,0.13869257950530034,636,0.2332155477031802,0.2049469964664311,0.5618374558303887
1012,Baltimore County,1592,Baltimore County Precinct 09-008,1465,414,484,127,1592,1.0,0.9202261306532663,0.07977386934673367,694,0.2600502512562814,0.30402010050251255,0.435929648241206
1013,Baltimore County,2194,Baltimore County Precinct 08-007,1336,439,306,858,2194,1.0,0.6089334548769371,0.3910665451230629,1449,0.2000911577028259,0.13947128532360983,0.6604375569735643
1014,Baltimore City,751,Baltimore City Precinct 27-037,547,238,74,204,751,1.0,0.7283621837549934,0.27163781624500666,439,0.3169107856191744,0.0985352862849534,0.5845539280958721
1015,Baltimore City,1727,Baltimore City Precinct 27-038,993,510,56,734,1727,1.0,0.57498552403011,0.42501447596989,1161,0.29530978575564565,0.03242617255356109,0.6722640416907932
1016,Baltimore City,1669,Baltimore City Precinct 27-042,1261,603,162,408,1669,1.0,0.7555422408627921,0.2444577591372079,904,0.36129418813660874,0.09706411024565609,0.5416417016177352
1017,Baltimore City,1155,Baltimore City Precinct 27-044,1034,464,90,121,1155,1.0,0.8952380952380953,0.10476190476190476,601,0.4017316017316017,0.07792207792207792,0.5203463203463203
1018,Baltimore City,1487,Baltimore City Precinct 27-040,1289,479,202,198,1487,1.0,0.8668459986550101,0.13315400134498992,806,0.3221250840618695,0.13584398117014124,0.5420309347679892
1019,Baltimore City,742,Baltimore City Precinct 27-039,645,325,81,97,742,1.0,0.8692722371967655,0.1307277628032345,336,0.4380053908355795,0.1091644204851752,0.4528301886792453
1020,Baltimore City,1929,Baltimore City Precinct 27-041,1446,627,148,483,1929,1.0,0.749611197511664,0.25038880248833595,1154,0.3250388802488336,0.0767236910316226,0.5982374287195438
1021,Baltimore County,3216,Baltimore County Precinct 09-003,2807,1022,497,409,3216,1.0,0.8728233830845771,0.1271766169154229,1697,0.3177860696517413,0.15453980099502487,0.5276741293532339
1022,Baltimore County,3358,Baltimore County Precinct 03-008,2894,1071,393,464,3358,1.0,0.8618225134008338,0.13817748659916618,1894,0.31893984514592016,0.11703394877903514,0.5640262060750447
1023,Baltimore County,2600,Baltimore County Precinct 09-001,2400,704,554,200,2600,1.0,0.9230769230769231,0.07692307692307693,1342,0.27076923076923076,0.21307692307692308,0.5161538461538462
1024,Baltimore County,2246,Baltimore County Precinct 08-017,2079,467,473,167,2246,1.0,0.9256455921638468,0.07435440783615316,1306,0.20792520035618878,0.21059661620658948,0.5814781834372217
1025,Baltimore County,879,Baltimore County Precinct 08-018,784,231,254,95,879,1.0,0.8919226393629124,0.1080773606370876,394,0.2627986348122867,0.28896473265073946,0.4482366325369738
1026,Baltimore County,2530,Baltimore County Precinct 08-019,2247,490,635,283,2530,1.0,0.8881422924901186,0.11185770750988143,1405,0.19367588932806323,0.2509881422924901,0.5553359683794467
1027,Baltimore County,2751,Baltimore County Precinct 08-009,2153,620,682,598,2751,1.0,0.7826245001817521,0.2173754998182479,1449,0.22537259178480554,0.24790985096328608,0.5267175572519084
1028,Baltimore County,2173,Baltimore County Precinct 08-010,1965,439,587,208,2173,1.0,0.9042797975149562,0.09572020248504372,1147,0.20202485043718363,0.27013345605154165,0.5278416935112747
1029,Baltimore County,1707,Baltimore County Precinct 08-020,1487,331,355,220,1707,1.0,0.8711189220855302,0.12888107791446984,1021,0.19390743995313414,0.20796719390743995,0.5981253661394259
1030,Baltimore County,1541,Baltimore County Precinct 09-002,1463,422,368,78,1541,1.0,0.9493835171966256,0.050616482803374434,751,0.2738481505515899,0.23880597014925373,0.4873458792991564
1031,Baltimore County,4116,Baltimore County Precinct 09-004,3440,553,318,676,4116,1.0,0.8357628765792031,0.16423712342079688,3245,0.13435374149659865,0.07725947521865889,0.7883867832847424
1032,Baltimore County,3650,Baltimore County Precinct 09-005,3293,866,595,357,3650,1.0,0.9021917808219178,0.09780821917808219,2189,0.23726027397260274,0.16301369863013698,0.5997260273972602
1033,Baltimore County,6430,Baltimore County Precinct 09-006,4497,748,383,1933,6430,1.0,0.6993779160186625,0.3006220839813375,5299,0.11632970451010886,0.05956454121306377,0.8241057542768274
1034,Baltimore County,621,Baltimore County Precinct 08-016,526,152,105,95,621,1.0,0.8470209339774557,0.1529790660225443,364,0.24476650563607086,0.16908212560386474,0.5861513687600645
1035,Baltimore County,2667,Baltimore County Precinct 08-013,2348,551,670,319,2667,1.0,0.880389951256093,0.11961004874390702,1446,0.2065991751031121,0.2512185976752906,0.5421822272215973
1036,Baltimore City,1338,Baltimore City Precinct 09-010,254,508,13,1084,1338,1.0,0.1898355754857997,0.8101644245142003,817,0.3796711509715994,0.009715994020926755,0.6106128550074739
1037,Baltimore City,1402,Baltimore City Precinct 09-003,246,539,15,1156,1402,1.0,0.1754636233951498,0.8245363766048502,848,0.38445078459343796,0.010699001426533523,0.6048502139800286
1038,Baltimore City,1166,Baltimore City Precinct 09-002,133,345,8,1033,1166,1.0,0.11406518010291596,0.885934819897084,813,0.29588336192109777,0.00686106346483705,0.6972555746140652
1039,Baltimore City,1002,Baltimore City Precinct 09-009,76,351,8,926,1002,1.0,0.07584830339321358,0.9241516966067864,643,0.3502994011976048,0.007984031936127744,0.6417165668662674
1040,Baltimore City,1958,Baltimore City Precinct 09-004,484,688,37,1474,1958,1.0,0.24719101123595505,0.7528089887640449,1233,0.35137895812053116,0.018896833503575076,0.6297242083758938
1041,Baltimore City,1717,Baltimore City Precinct 09-005,367,519,19,1350,1717,1.0,0.21374490390215492,0.786255096097845,1179,0.30227140361094934,0.0110658124635993,0.6866627839254513
1042,Baltimore City,782,Baltimore City Precinct 09-001,41,262,9,741,782,1.0,0.052429667519181586,0.9475703324808185,511,0.3350383631713555,0.011508951406649617,0.6534526854219949
1043,Baltimore City,970,Baltimore City Precinct 27-036,32,379,10,938,970,1.0,0.032989690721649485,0.9670103092783505,581,0.3907216494845361,0.010309278350515464,0.5989690721649484
1044,Baltimore City,3261,Baltimore City Precinct 27-035,98,997,14,3163,3261,1.0,0.03005213124808341,0.9699478687519166,2250,0.3057344372891751,0.004293161606869059,0.6899724011039559
1045,Baltimore City,1481,Baltimore City Precinct 27-026,265,289,15,1216,1481,1.0,0.17893315327481432,0.8210668467251857,1177,0.19513841998649561,0.01012829169480081,0.7947332883187036
1046,Baltimore City,1722,Baltimore City Precinct 27-027,33,522,7,1689,1722,1.0,0.01916376306620209,0.980836236933798,1193,0.30313588850174217,0.0040650406504065045,0.6927990708478513
1047,Baltimore City,1372,Baltimore City Precinct 27-028,32,430,8,1340,1372,1.0,0.023323615160349854,0.9766763848396501,934,0.31341107871720114,0.0058309037900874635,0.6807580174927114
1048,Baltimore City,858,Baltimore City Precinct 27-029,10,325,4,848,858,1.0,0.011655011655011656,0.9883449883449883,529,0.3787878787878788,0.004662004662004662,0.6165501165501166
1049,Baltimore City,1643,Baltimore City Precinct 09-008,18,500,8,1625,1643,1.0,0.010955569080949483,0.9890444309190505,1135,0.30432136335970783,0.004869141813755326,0.6908094948265369
1050,Baltimore City,1933,Baltimore City Precinct 09-006,142,735,17,1791,1933,1.0,0.0734609415416451,0.9265390584583549,1181,0.380237972064149,0.008794619762027936,0.6109674081738231
1051,Baltimore City,1819,Baltimore City Precinct 09-007,152,671,14,1667,1819,1.0,0.08356239692138538,0.9164376030786147,1134,0.36888400219901046,0.007696536558548653,0.6234194612424409
1052,Baltimore City,1296,Baltimore City Precinct 27-025,35,427,10,1261,1296,1.0,0.02700617283950617,0.9729938271604939,859,0.32947530864197533,0.007716049382716049,0.6628086419753086
1053,Baltimore City,1047,Baltimore City Precinct 27-024,138,192,4,909,1047,1.0,0.1318051575931232,0.8681948424068768,851,0.1833810888252149,0.0038204393505253103,0.8127984718242598
1054,Baltimore City,588,Baltimore City Precinct 27-023,30,226,7,558,588,1.0,0.05102040816326531,0.9489795918367347,355,0.3843537414965986,0.011904761904761904,0.6037414965986394
1055,Baltimore City,1632,Baltimore City Precinct 27-034,121,586,14,1511,1632,1.0,0.0741421568627451,0.9258578431372549,1032,0.3590686274509804,0.00857843137254902,0.6323529411764706
1056,Baltimore City,2316,Baltimore City Precinct 27-033,564,769,49,1752,2316,1.0,0.24352331606217617,0.7564766839378239,1498,0.33203799654576854,0.021157167530224525,0.646804835924007
1057,Baltimore City,2778,Baltimore City Precinct 27-032,1010,804,66,1768,2778,1.0,0.36357091432685384,0.6364290856731462,1908,0.2894168466522678,0.023758099352051837,0.6868250539956804
1058,Baltimore County,2581,Baltimore County Precinct 09-014,1807,781,206,774,2581,1.0,0.7001162340178225,0.2998837659821775,1594,0.3025958930647036,0.07981402557148393,0.6175900813638124
1059,Baltimore County,2145,Baltimore County Precinct 09-013,2025,728,407,120,2145,1.0,0.9440559440559441,0.055944055944055944,1010,0.3393939393939394,0.18974358974358974,0.47086247086247085
1060,Baltimore City,1703,Baltimore City Precinct 27-030,58,502,6,1645,1703,1.0,0.03405754550792719,0.9659424544920728,1195,0.2947739283617146,0.0035231943628890195,0.7017028772753964
1061,Baltimore City,2334,Baltimore City Precinct 27-031,141,779,14,2193,2334,1.0,0.060411311053984576,0.9395886889460154,1541,0.3337617823479006,0.005998286203941731,0.6602399314481576
1062,Baltimore City,2547,Baltimore City Precinct 27-022,207,835,17,2340,2547,1.0,0.0812720848056537,0.9187279151943463,1695,0.3278366705928543,0.006674519042010208,0.6654888103651354
1063,Baltimore City,2765,Baltimore City Precinct 27-021,234,855,24,2531,2765,1.0,0.08462929475587704,0.915370705244123,1886,0.3092224231464738,0.00867992766726944,0.6820976491862568
1064,Baltimore City,2623,Baltimore City Precinct 27-020,377,726,31,2246,2623,1.0,0.14372855508959206,0.856271444910408,1866,0.27678231033168127,0.01181852840259245,0.7113991612657262
1065,Baltimore County,3415,Baltimore County Precinct 09-015,1933,845,261,1482,3415,1.0,0.5660322108345535,0.43396778916544654,2309,0.24743777452415813,0.07642752562225476,0.6761346998535871
1066,Baltimore City,1108,Baltimore City Precinct 08-001,657,425,93,451,1108,1.0,0.5929602888086642,0.40703971119133575,590,0.3835740072202166,0.08393501805054152,0.5324909747292419
1067,Baltimore City,1540,Baltimore City Precinct 08-002,183,524,22,1357,1540,1.0,0.11883116883116883,0.8811688311688312,994,0.34025974025974026,0.014285714285714285,0.6454545454545455
1068,Baltimore City,2756,Baltimore City Precinct 26-021,263,989,31,2493,2756,1.0,0.09542815674891146,0.9045718432510885,1736,0.3588534107402032,0.011248185776487663,0.6298984034833092
1069,Baltimore City,813,Baltimore City Precinct 26-022,102,243,13,711,813,1.0,0.12546125461254612,0.8745387453874539,557,0.2988929889298893,0.015990159901599015,0.6851168511685117
1070,Baltimore City,586,Baltimore City Precinct 27-002,406,259,36,180,586,1.0,0.6928327645051194,0.30716723549488056,291,0.44197952218430037,0.06143344709897611,0.49658703071672355
1071,Baltimore City,2370,Baltimore City Precinct 27-001,734,706,66,1636,2370,1.0,0.309704641350211,0.6902953586497891,1598,0.2978902953586498,0.027848101265822784,0.6742616033755274
1072,Baltimore City,3583,Baltimore City Precinct 27-018,801,630,42,2782,3583,1.0,0.22355567959810216,0.7764443204018978,2911,0.1758303097962601,0.011722020653084008,0.8124476695506558
1073,Baltimore City,1263,Baltimore City Precinct 27-017,466,440,43,797,1263,1.0,0.36896278701504354,0.6310372129849564,780,0.34837688044338877,0.034045922406967535,0.6175771971496437
1074,Baltimore City,642,Baltimore City Precinct 27-003,342,203,36,300,642,1.0,0.5327102803738317,0.4672897196261682,403,0.3161993769470405,0.056074766355140186,0.6277258566978193
1075,Baltimore City,676,Baltimore City Precinct 27-004,338,189,42,338,676,1.0,0.5,0.5,445,0.27958579881656803,0.0621301775147929,0.658284023668639
1076,Baltimore City,796,Baltimore City Precinct 27-016,371,252,28,425,796,1.0,0.46608040201005024,0.5339195979899497,516,0.3165829145728643,0.035175879396984924,0.6482412060301508
1077,Baltimore City,1296,Baltimore City Precinct 26-023,120,400,13,1176,1296,1.0,0.09259259259259259,0.9074074074074074,883,0.30864197530864196,0.010030864197530864,0.6813271604938271
1078,Baltimore City,1224,Baltimore City Precinct 15-022,11,498,12,1213,1224,1.0,0.008986928104575163,0.9910130718954249,714,0.4068627450980392,0.00980392156862745,0.5833333333333334
1079,Baltimore City,2136,Baltimore City Precinct 15-024,9,697,11,2127,2136,1.0,0.004213483146067416,0.9957865168539326,1428,0.32631086142322097,0.005149812734082397,0.6685393258426966
1080,Baltimore City,964,Baltimore City Precinct 27-055,16,332,3,948,964,1.0,0.016597510373443983,0.983402489626556,629,0.34439834024896265,0.0031120331950207467,0.6524896265560166
1081,Baltimore City,951,Baltimore City Precinct 15-025,20,278,2,931,951,1.0,0.02103049421661409,0.9789695057833859,671,0.29232386961093587,0.002103049421661409,0.7055730809674028
1082,Baltimore City,614,Baltimore City Precinct 27-054,17,177,5,597,614,1.0,0.02768729641693811,0.9723127035830619,432,0.28827361563517917,0.008143322475570033,0.7035830618892508
1083,Baltimore City,804,Baltimore City Precinct 27-058,10,228,5,794,804,1.0,0.012437810945273632,0.9875621890547264,571,0.2835820895522388,0.006218905472636816,0.7101990049751243
1084,Baltimore City,1983,Baltimore City Precinct 27-053,65,600,9,1918,1983,1.0,0.03277861825516894,0.9672213817448311,1374,0.30257186081694404,0.0045385779122541605,0.6928895612708018
1085,Baltimore City,3199,Baltimore City Precinct 27-052,85,926,17,3114,3199,1.0,0.026570803376055017,0.973429196623945,2256,0.2894654579556111,0.0053141606752110035,0.7052203813691779
1086,Baltimore City,2203,Baltimore City Precinct 15-023,61,678,11,2142,2203,1.0,0.027689514298683614,0.9723104857013164,1514,0.3077621425329097,0.004993191103041307,0.687244666364049
1087,Baltimore City,1066,Baltimore City Precinct 13-005,806,265,51,260,1066,1.0,0.7560975609756098,0.24390243902439024,750,0.24859287054409004,0.04784240150093809,0.7035647279549718
1088,Baltimore City,1038,Baltimore City Precinct 27-048,156,335,23,882,1038,1.0,0.15028901734104047,0.8497109826589595,680,0.3227360308285164,0.022157996146435453,0.6551059730250481
1089,Baltimore City,827,Baltimore City Precinct 27-043,692,320,39,135,827,1.0,0.8367593712212817,0.16324062877871826,468,0.38694074969770254,0.0471584038694075,0.56590084643289
1090,Baltimore City,1140,Baltimore City Precinct 27-050,691,518,35,449,1140,1.0,0.606140350877193,0.393859649122807,587,0.4543859649122807,0.03070175438596491,0.5149122807017544
1091,Baltimore City,390,Baltimore City Precinct 27-051,146,91,1,244,390,1.0,0.37435897435897436,0.6256410256410256,298,0.23333333333333334,0.002564102564102564,0.764102564102564
1092,Baltimore City,2674,Baltimore City Precinct 27-049,2164,1086,162,510,2674,1.0,0.8092744951383695,0.1907255048616305,1426,0.406133133881825,0.0605833956619297,0.5332834704562454
1093,Baltimore County,4060,Baltimore County Precinct 03-009,2908,1187,387,1152,4060,1.0,0.716256157635468,0.28374384236453204,2486,0.2923645320197044,0.09532019704433498,0.6123152709359606
1094,Baltimore City,777,Baltimore City Precinct 13-006,30,284,3,747,777,1.0,0.03861003861003861,0.9613899613899614,490,0.3655083655083655,0.003861003861003861,0.6306306306306306
1095,Baltimore City,1244,Baltimore City Precinct 13-004,1098,351,87,146,1244,1.0,0.882636655948553,0.11736334405144695,806,0.2821543408360129,0.06993569131832797,0.6479099678456591
1096,Baltimore City,2273,Baltimore City Precinct 13-003,1980,646,108,293,2273,1.0,0.8710954685437747,0.12890453145622524,1519,0.2842058952925649,0.0475142982842059,0.6682798064232293
1097,Baltimore City,2199,Baltimore City Precinct 13-011,1953,731,112,246,2199,1.0,0.888130968622101,0.11186903137789904,1356,0.3324238290131878,0.05093224192814916,0.616643929058663
1098,Baltimore City,1290,Baltimore City Precinct 13-012,1174,399,59,116,1290,1.0,0.9100775193798449,0.08992248062015504,832,0.30930232558139537,0.04573643410852713,0.6449612403100775
1099,Baltimore City,2558,Baltimore City Precinct 13-001,1793,594,81,765,2558,1.0,0.700938232994527,0.29906176700547304,1883,0.23221266614542613,0.031665363565285376,0.7361219702892885
1100,Baltimore City,1628,Baltimore City Precinct 27-047,1104,335,66,524,1628,1.0,0.6781326781326781,0.32186732186732187,1227,0.20577395577395577,0.04054054054054054,0.7536855036855037
1101,Baltimore City,1385,Baltimore City Precinct 13-002,1103,383,62,282,1385,1.0,0.7963898916967509,0.2036101083032491,940,0.27653429602888085,0.044765342960288806,0.6787003610108303
1102,Baltimore City,802,Baltimore City Precinct 27-046,669,347,60,133,802,1.0,0.8341645885286783,0.1658354114713217,395,0.43266832917705733,0.07481296758104738,0.4925187032418953
1103,Baltimore City,4732,Baltimore City Precinct 27-045,3995,703,115,737,4732,1.0,0.8442519019442096,0.15574809805579037,3914,0.1485629754860524,0.02430262045646661,0.827134404057481
1104,Baltimore City,1486,Baltimore City Precinct 12-003,862,305,34,624,1486,1.0,0.5800807537012113,0.4199192462987887,1147,0.20524899057873486,0.02288021534320323,0.7718707940780619
1105,Baltimore City,1587,Baltimore City Precinct 12-006,1031,317,22,556,1587,1.0,0.649653434152489,0.350346565847511,1248,0.19974795211090107,0.013862633900441084,0.7863894139886578
1106,Baltimore City,1914,Baltimore City Precinct 12-005,1218,455,40,696,1914,1.0,0.6363636363636364,0.36363636363636365,1419,0.23772204806687566,0.02089864158829676,0.7413793103448276
1107,Baltimore City,3814,Baltimore City Precinct 12-004,2068,521,49,1746,3814,1.0,0.5422128998426848,0.45778710015731516,3244,0.1366019926586261,0.012847404299947561,0.8505506030414264
1108,Baltimore City,2306,Baltimore City Precinct 12-002,1529,85,29,777,2306,1.0,0.663052905464007,0.3369470945359931,2192,0.03686036426712923,0.012575888985255855,0.9505637467476149
1109,Baltimore City,2090,Baltimore City Precinct 12-001,1535,1036,160,555,2090,1.0,0.7344497607655502,0.26555023923444976,894,0.49569377990430624,0.07655502392344497,0.4277511961722488
1110,Montgomery,1766,Montgomery Precinct 07-028,1362,707,238,404,1766,1.0,0.7712344280860702,0.2287655719139298,821,0.4003397508493771,0.1347678369195923,0.46489241223103056
1111,Montgomery,3027,Montgomery Precinct 10-012,1945,1059,325,1082,3027,1.0,0.6425503799141064,0.35744962008589365,1643,0.34985133795837464,0.10736703006276842,0.542781631978857
1112,Montgomery,1301,Montgomery Precinct 04-032,978,510,181,323,1301,1.0,0.7517294388931591,0.2482705611068409,610,0.3920061491160646,0.13912375096079937,0.46887009992313605
1113,Montgomery,2349,Montgomery Precinct 10-011,1333,658,136,1016,2349,1.0,0.56747552149851,0.43252447850149,1555,0.28011919965942955,0.05789697743720732,0.6619838229033631
1114,Montgomery,1957,Montgomery Precinct 04-013,1683,862,308,274,1957,1.0,0.8599897802759325,0.14001021972406746,787,0.44047010730710273,0.15738375063873275,0.40214614205416455
1115,Montgomery,2330,Montgomery Precinct 07-018,2050,1111,231,280,2330,1.0,0.8798283261802575,0.12017167381974249,988,0.47682403433476395,0.09914163090128755,0.4240343347639485
1116,Montgomery,2454,Montgomery Precinct 07-024,2091,961,366,363,2454,1.0,0.8520782396088019,0.14792176039119803,1127,0.39160554197229014,0.1491442542787286,0.45925020374898123
1117,Montgomery,1711,Montgomery Precinct 07-027,1486,707,290,225,1711,1.0,0.8684979544126242,0.1315020455873758,714,0.41320864991233197,0.1694915254237288,0.4172998246639392
1118,Montgomery,3393,Montgomery Precinct 07-013,2701,1201,456,692,3393,1.0,0.7960506926024168,0.20394930739758327,1736,0.353964043619216,0.134394341290893,0.5116416150898909
1119,Montgomery,2602,Montgomery Precinct 07-012,2240,1148,271,362,2602,1.0,0.8608762490392006,0.13912375096079937,1183,0.4411990776325903,0.10415065334358185,0.4546502690238278
1120,Montgomery,4520,Montgomery Precinct 07-004,3440,1512,378,1080,4520,1.0,0.7610619469026548,0.23893805309734514,2630,0.3345132743362832,0.0836283185840708,0.581858407079646
1121,Montgomery,1823,Montgomery Precinct 07-007,1553,855,203,270,1823,1.0,0.8518924849149753,0.14810751508502468,765,0.4690071311025782,0.1113549094898519,0.4196379594075699
1122,Montgomery,3525,Montgomery Precinct 07-011,2810,1423,274,715,3525,1.0,0.7971631205673759,0.2028368794326241,1828,0.40368794326241136,0.0777304964539007,0.518581560283688
1123,Montgomery,5321,Montgomery Precinct 07-026,3875,1563,325,1446,5321,1.0,0.7282465701935726,0.27175342980642736,3433,0.2937417778613043,0.061078744596880286,0.6451794775418155
1124,Montgomery,2181,Montgomery Precinct 07-001,1599,644,158,582,2181,1.0,0.7331499312242091,0.2668500687757909,1379,0.29527739569005046,0.0724438331040807,0.6322787712058688
1125,Montgomery,1793,Montgomery Precinct 07-002,1663,834,341,130,1793,1.0,0.9274958170663692,0.07250418293363078,618,0.4651422197434467,0.1901840490797546,0.34467373117679867
1126,Montgomery,2058,Montgomery Precinct 07-006,1844,973,290,214,2058,1.0,0.8960155490767736,0.10398445092322643,795,0.47278911564625853,0.14091350826044705,0.38629737609329445
1127,Montgomery,1085,Montgomery Precinct 07-021,993,537,159,92,1085,1.0,0.9152073732718894,0.0847926267281106,389,0.4949308755760369,0.14654377880184333,0.3585253456221198
1128,Montgomery,2548,Montgomery Precinct 07-020,1786,877,297,762,2548,1.0,0.7009419152276295,0.2990580847723705,1374,0.34419152276295134,0.11656200941915228,0.5392464678178964
1129,Montgomery,2356,Montgomery Precinct 07-025,1718,798,268,638,2356,1.0,0.7292020373514432,0.2707979626485569,1290,0.3387096774193548,0.11375212224108659,0.5475382003395586
1130,Montgomery,3378,Montgomery Precinct 07-010,2587,1064,283,791,3378,1.0,0.7658377738306691,0.23416222616933097,2031,0.31497927767910006,0.0837773830669035,0.6012433392539964
1131,Montgomery,1339,Montgomery Precinct 07-031,1068,453,126,271,1339,1.0,0.7976101568334578,0.20238984316654218,760,0.33831217326362956,0.09410007468259896,0.5675877520537714
1132,Montgomery,3359,Montgomery Precinct 04-018,2439,982,353,920,3359,1.0,0.7261089610002978,0.2738910389997023,2024,0.2923489133670735,0.10509080083358142,0.6025602857993451
1133,Montgomery,2203,Montgomery Precinct 04-028,1437,412,70,766,2203,1.0,0.6522923286427599,0.3477076713572401,1721,0.1870177031320926,0.03177485247389923,0.7812074443940081
1134,Montgomery,3906,Montgomery Precinct 04-031,2703,1034,266,1203,3906,1.0,0.6920122887864824,0.30798771121351765,2606,0.26472094214029696,0.06810035842293907,0.667178699436764
1135,Montgomery,3257,Montgomery Precinct 04-010,2452,956,350,805,3257,1.0,0.7528400368437212,0.24715996315627878,1951,0.2935216456862143,0.10746085354620817,0.5990175007675775
1136,Montgomery,2490,Montgomery Precinct 04-017,1774,794,195,716,2490,1.0,0.7124497991967872,0.28755020080321286,1501,0.3188755020080321,0.0783132530120482,0.6028112449799197
1137,Montgomery,3550,Montgomery Precinct 04-008,2235,1017,263,1315,3550,1.0,0.6295774647887324,0.3704225352112676,2270,0.2864788732394366,0.07408450704225353,0.6394366197183099
1138,Baltimore County,2293,Baltimore County Precinct 02-005,122,970,19,2171,2293,1.0,0.053205407762756216,0.9467945922372438,1304,0.42302660270388137,0.008286088094199739,0.5686873092019189
1139,Baltimore County,2631,Baltimore County Precinct 02-009,196,808,23,2435,2631,1.0,0.07449638920562524,0.9255036107943747,1800,0.3071075636640061,0.008741923223109084,0.6841505131128849
1140,Baltimore County,3860,Baltimore County Precinct 02-014,432,1345,51,3428,3860,1.0,0.11191709844559586,0.8880829015544042,2464,0.3484455958549223,0.013212435233160623,0.6383419689119171
1141,Baltimore County,578,Baltimore County Precinct 02-025,458,327,66,120,578,1.0,0.7923875432525952,0.20761245674740483,185,0.5657439446366782,0.11418685121107267,0.32006920415224915
1142,Baltimore County,398,Baltimore County Precinct 02-028,16,107,2,382,398,1.0,0.04020100502512563,0.9597989949748744,289,0.26884422110552764,0.005025125628140704,0.7261306532663316
1143,Baltimore County,2934,Baltimore County Precinct 02-007,310,955,27,2624,2934,1.0,0.1056578050443081,0.8943421949556919,1952,0.32549420586230404,0.009202453987730062,0.665303340149966
1144,Baltimore County,532,Baltimore County Precinct 02-023,170,244,26,362,532,1.0,0.31954887218045114,0.6804511278195489,262,0.45864661654135336,0.04887218045112782,0.4924812030075188
1145,Baltimore County,2750,Baltimore County Precinct 02-008,424,1168,62,2326,2750,1.0,0.15418181818181817,0.8458181818181818,1520,0.42472727272727273,0.022545454545454546,0.5527272727272727
1146,Baltimore County,1761,Baltimore County Precinct 03-014,1271,551,159,490,1761,1.0,0.7217490062464509,0.2782509937535491,1051,0.3128904031800114,0.09028960817717206,0.5968199886428166
1147,Baltimore County,3988,Baltimore County Precinct 02-029,1361,940,140,2627,3988,1.0,0.34127382146439317,0.6587261785356068,2908,0.23570712136409228,0.03510531594784353,0.7291875626880642
1148,Baltimore County,2503,Baltimore County Precinct 02-026,1337,821,198,1166,2503,1.0,0.5341590091889732,0.46584099081102676,1484,0.328006392329205,0.07910507391130643,0.5928885337594886
1149,Baltimore County,4357,Baltimore County Precinct 04-001,2178,1418,363,2179,4357,1.0,0.4998852421390865,0.5001147578609135,2576,0.3254532935506082,0.08331420702318108,0.5912324994262107
1150,Baltimore County,4438,Baltimore County Precinct 02-015,1185,1404,123,3253,4438,1.0,0.26701216764308244,0.7329878323569176,2911,0.3163587201442091,0.027715187021180712,0.6559260928346102
1151,Baltimore County,4253,Baltimore County Precinct 04-002,1859,1231,314,2394,4253,1.0,0.4371032212555843,0.5628967787444157,2708,0.2894427462967317,0.07383023747942628,0.636727016223842
1152,Baltimore County,6218,Baltimore County Precinct 04-014,2105,1161,112,4113,6218,1.0,0.3385332904470891,0.6614667095529109,4945,0.1867159858475394,0.018012222579607592,0.795271791572853
1153,Baltimore County,2859,Baltimore County Precinct 03-012,1558,852,184,1301,2859,1.0,0.5449457852395942,0.45505421476040575,1823,0.29800629590766003,0.06435816719132564,0.6376355369010144
1154,Baltimore County,3010,Baltimore County Precinct 04-003,2691,1139,471,319,3010,1.0,0.8940199335548172,0.10598006644518272,1400,0.37840531561461793,0.1564784053156146,0.46511627906976744
1155,Baltimore County,3867,Baltimore County Precinct 02-002,159,1303,31,3708,3867,1.0,0.041117145073700546,0.9588828549262994,2533,0.3369537108869925,0.008016550297388157,0.6550297388156193
1156,Baltimore County,3676,Baltimore County Precinct 02-004,165,1343,39,3511,3676,1.0,0.04488574537540805,0.955114254624592,2294,0.36534276387377584,0.010609357997823721,0.6240478781284005
1157,Baltimore County,1730,Baltimore County Precinct 02-001,101,805,23,1629,1730,1.0,0.05838150289017341,0.9416184971098266,902,0.4653179190751445,0.013294797687861272,0.5213872832369942
1158,Baltimore County,3654,Baltimore County Precinct 03-001,569,1325,103,3085,3654,1.0,0.15571975916803504,0.844280240831965,2226,0.36261631089217294,0.028188286808976466,0.6091954022988506
1159,Baltimore County,1886,Baltimore County Precinct 03-004,949,676,147,937,1886,1.0,0.5031813361611877,0.4968186638388123,1063,0.3584305408271474,0.07794273594909862,0.563626723223754
1160,Baltimore County,2455,Baltimore County Precinct 03-003,535,1011,70,1920,2455,1.0,0.21792260692464357,0.7820773930753564,1374,0.41181262729124235,0.028513238289205704,0.5596741344195519
1161,Baltimore County,3558,Baltimore County Precinct 03-005,2386,1076,217,1172,3558,1.0,0.670601461495222,0.32939853850477796,2265,0.3024170882518269,0.060989319842608206,0.636593591905565
1162,Baltimore County,2978,Baltimore County Precinct 03-002,1405,1052,119,1573,2978,1.0,0.4717931497649429,0.5282068502350571,1807,0.35325721961047685,0.039959704499664205,0.6067830758898589
1163,Baltimore City,2988,Baltimore City Precinct 28-006,115,772,23,2873,2988,1.0,0.03848728246318608,0.9615127175368139,2193,0.2583668005354752,0.007697456492637216,0.7339357429718876
1164,Baltimore City,1374,Baltimore City Precinct 28-007,38,421,7,1336,1374,1.0,0.027656477438136828,0.9723435225618632,946,0.3064046579330422,0.005094614264919942,0.6885007278020379
1165,Baltimore City,1808,Baltimore City Precinct 28-005,29,538,11,1779,1808,1.0,0.016039823008849558,0.9839601769911505,1259,0.2975663716814159,0.006084070796460177,0.6963495575221239
1166,Baltimore City,2470,Baltimore City Precinct 28-002,50,732,17,2420,2470,1.0,0.020242914979757085,0.979757085020243,1721,0.2963562753036437,0.006882591093117409,0.6967611336032389
1167,Baltimore City,882,Baltimore City Precinct 28-004,11,229,6,871,882,1.0,0.012471655328798186,0.9875283446712018,647,0.25963718820861675,0.006802721088435374,0.7335600907029478
1168,Baltimore City,1074,Baltimore City Precinct 15-002,22,324,5,1052,1074,1.0,0.020484171322160148,0.9795158286778398,745,0.3016759776536313,0.004655493482309125,0.6936685288640596
1169,Baltimore City,2856,Baltimore City Precinct 15-009,38,896,19,2818,2856,1.0,0.01330532212885154,0.9866946778711485,1941,0.3137254901960784,0.00665266106442577,0.6796218487394958
1170,Carroll,2549,Carroll Precinct 05-003,2418,466,754,131,2549,1.0,0.9486072969792075,0.05139270302079247,1329,0.18281679089839153,0.29580227540211845,0.52138093369949
1171,Baltimore County,1541,Baltimore County Precinct 02-019,893,295,242,648,1541,1.0,0.5794938351719663,0.42050616482803377,1004,0.19143413367942894,0.15704088254380272,0.6515249837767684
1172,Baltimore County,1285,Baltimore County Precinct 02-018,223,608,61,1062,1285,1.0,0.1735408560311284,0.8264591439688715,616,0.47315175097276263,0.047470817120622566,0.4793774319066148
1173,Baltimore County,37,Baltimore County Precinct 02-022,11,16,3,26,37,1.0,0.2972972972972973,0.7027027027027027,18,0.43243243243243246,0.08108108108108109,0.4864864864864865
1174,Baltimore County,823,Baltimore County Precinct 02-020,304,273,47,519,823,1.0,0.36938031591737547,0.6306196840826246,503,0.33171324422843257,0.05710814094775213,0.6111786148238153
1175,Baltimore County,4946,Baltimore County Precinct 02-012,664,1366,129,4282,4946,1.0,0.13424989890820865,0.8657501010917914,3451,0.27618277395875457,0.026081682167408006,0.6977355438738374
1176,Baltimore County,2695,Baltimore County Precinct 02-024,283,1207,73,2412,2695,1.0,0.10500927643784787,0.8949907235621521,1415,0.4478664192949907,0.027087198515769944,0.5250463821892394
1177,Baltimore County,1072,Baltimore County Precinct 02-021,779,260,239,293,1072,1.0,0.726679104477612,0.2733208955223881,573,0.24253731343283583,0.22294776119402984,0.5345149253731343
1178,Baltimore County,2206,Baltimore County Precinct 02-027,459,799,102,1747,2206,1.0,0.20806890299184044,0.7919310970081596,1305,0.3621940163191296,0.04623753399818677,0.5915684496826836
1179,Baltimore County,2794,Baltimore County Precinct 04-012,1642,911,309,1152,2794,1.0,0.5876879026485325,0.41231209735146745,1574,0.32605583392984966,0.11059413027916964,0.5633500357909806
1180,Baltimore County,3497,Baltimore County Precinct 04-006,2072,868,373,1425,3497,1.0,0.5925078638833285,0.40749213611667146,2256,0.24821275378896196,0.10666285387474979,0.6451243923362883
1181,Carroll,6184,Carroll Precinct 04-001,5840,815,1667,344,6184,1.0,0.944372574385511,0.055627425614489,3702,0.13179172056921087,0.2695666235446313,0.5986416558861578
1182,Carroll,4802,Carroll Precinct 08-001,4594,573,1348,208,4802,1.0,0.9566847147022074,0.043315285297792584,2881,0.11932528113286131,0.280716368179925,0.5999583506872137
1183,Baltimore County,4554,Baltimore County Precinct 04-007,2661,1163,603,1893,4554,1.0,0.5843214756258235,0.4156785243741766,2788,0.2553798858146684,0.1324110671936759,0.6122090469916557
1184,Baltimore County,2479,Baltimore County Precinct 04-010,1427,572,212,1052,2479,1.0,0.5756353368293666,0.4243646631706333,1695,0.23073820088745461,0.08551835417507059,0.6837434449374747
1185,Baltimore County,4026,Baltimore County Precinct 04-008,3005,1067,666,1021,4026,1.0,0.7463984103328366,0.25360158966716345,2293,0.2650273224043716,0.16542473919523099,0.5695479384003974
1186,Baltimore County,1997,Baltimore County Precinct 04-009,1790,401,494,207,1997,1.0,0.8963445167751627,0.10365548322483725,1102,0.20080120180270405,0.24737105658487732,0.5518277416124187
1187,Carroll,7419,Carroll Precinct 07-004,6548,888,1372,871,7419,1.0,0.8825987329828818,0.11740126701711821,5159,0.1196926809543065,0.18493058363660872,0.6953767354090847
1188,Carroll,4295,Carroll Precinct 03-001,4156,535,1177,139,4295,1.0,0.9676367869615833,0.032363213038416765,2583,0.12456344586728754,0.2740395809080326,0.6013969732246799
1189,Carroll,3836,Carroll Precinct 07-002,3328,418,807,508,3836,1.0,0.867570385818561,0.132429614181439,2611,0.10896767466110532,0.21037539103232533,0.6806569343065694
1190,Carroll,5993,Carroll Precinct 06-001,5728,701,1696,265,5993,1.0,0.9557817453695978,0.04421825463040214,3596,0.11696979809778074,0.2829968296345737,0.6000333722676456
1191,Carroll,3510,Carroll Precinct 08-002,3268,495,961,242,3510,1.0,0.931054131054131,0.06894586894586895,2054,0.14102564102564102,0.2737891737891738,0.5851851851851851
1192,Carroll,2717,Carroll Precinct 08-003,2574,381,723,143,2717,1.0,0.9473684210526315,0.05263157894736842,1613,0.1402281928597718,0.26610231873389767,0.5936694884063305
1193,Carroll,4591,Carroll Precinct 06-002,4324,575,1296,267,4591,1.0,0.9418427357874102,0.05815726421258985,2720,0.12524504465258113,0.2822914397734698,0.592463515573949
1194,Baltimore County,5767,Baltimore County Precinct 02-011,1008,1585,151,4759,5767,1.0,0.17478758453268597,0.825212415467314,4031,0.2748396046471302,0.026183457603606727,0.6989769377492631
1195,Baltimore County,4341,Baltimore County Precinct 02-010,384,1514,72,3957,4341,1.0,0.0884588804422944,0.9115411195577056,2755,0.34876756507717116,0.0165860400829302,0.6346463948398986
1196,Baltimore County,3194,Baltimore County Precinct 02-017,337,1036,57,2857,3194,1.0,0.10551033187226048,0.8944896681277396,2101,0.32435817157169694,0.017845961177207263,0.6577958672510958
1197,Baltimore County,1512,Baltimore County Precinct 02-016,259,591,46,1253,1512,1.0,0.1712962962962963,0.8287037037037037,875,0.39087301587301587,0.03042328042328042,0.5787037037037037
1198,Baltimore County,3573,Baltimore County Precinct 02-013,562,1395,91,3011,3573,1.0,0.15729079205149735,0.8427092079485027,2087,0.3904282115869018,0.025468793730758468,0.5841029946823397
1199,Baltimore County,3132,Baltimore County Precinct 02-003,421,1064,70,2711,3132,1.0,0.13441890166028098,0.8655810983397191,1998,0.3397190293742018,0.02234993614303959,0.6379310344827587
1200,Baltimore County,3378,Baltimore County Precinct 02-006,350,1308,51,3028,3378,1.0,0.10361160449970397,0.896388395500296,2019,0.3872113676731794,0.015097690941385435,0.5976909413854352
1201,Baltimore City,1822,Baltimore City Precinct 03-001,235,574,15,1587,1822,1.0,0.12897914379802414,0.8710208562019759,1233,0.3150384193194292,0.00823271130625686,0.676728869374314
1202,Baltimore City,356,Baltimore City Precinct 05-002,41,80,2,315,356,1.0,0.1151685393258427,0.8848314606741573,274,0.2247191011235955,0.0056179775280898875,0.7696629213483146
1203,Baltimore City,1273,Baltimore City Precinct 10-002,8,532,10,1265,1273,1.0,0.006284367635506678,0.9937156323644933,731,0.417910447761194,0.007855459544383346,0.5742340926944226
1204,Baltimore City,987,Baltimore City Precinct 10-001,13,481,5,974,987,1.0,0.013171225937183385,0.9868287740628167,501,0.48733535967578523,0.005065856129685917,0.5075987841945289
1205,Baltimore City,1789,Baltimore City Precinct 09-015,22,669,13,1767,1789,1.0,0.012297372833985467,0.9877026271660145,1107,0.373951928451649,0.0072666294019005035,0.6187814421464505
1206,Baltimore City,1316,Baltimore City Precinct 12-007,363,540,12,953,1316,1.0,0.27583586626139817,0.7241641337386018,764,0.41033434650455924,0.00911854103343465,0.5805471124620061
1207,Baltimore City,1357,Baltimore City Precinct 09-014,18,570,12,1339,1357,1.0,0.013264554163596167,0.9867354458364038,775,0.4200442151805453,0.008843036109064112,0.5711127487103905
1208,Baltimore City,364,Baltimore City Precinct 09-011,6,87,2,358,364,1.0,0.016483516483516484,0.9835164835164835,275,0.23901098901098902,0.005494505494505495,0.7554945054945055
1209,Baltimore City,917,Baltimore City Precinct 09-013,12,343,6,905,917,1.0,0.013086150490730643,0.9869138495092693,568,0.37404580152671757,0.006543075245365322,0.6194111232279171
1210,Baltimore City,1609,Baltimore City Precinct 09-012,36,583,12,1573,1609,1.0,0.022374145431945307,0.9776258545680547,1014,0.3623368551895587,0.0074580484773151025,0.6302050963331262
1211,Baltimore City,1368,Baltimore City Precinct 02-001,706,296,47,662,1368,1.0,0.5160818713450293,0.48391812865497075,1025,0.21637426900584794,0.03435672514619883,0.7492690058479532
1212,Baltimore City,1117,Baltimore City Precinct 06-004,528,373,37,589,1117,1.0,0.4726947179946285,0.5273052820053715,707,0.3339301700984781,0.03312444046553268,0.6329453894359892
1213,Baltimore City,475,Baltimore City Precinct 06-003,44,153,4,431,475,1.0,0.09263157894736843,0.9073684210526316,318,0.32210526315789473,0.008421052631578947,0.6694736842105263
1214,Baltimore City,1050,Baltimore City Precinct 07-001,14,395,3,1036,1050,1.0,0.013333333333333334,0.9866666666666667,652,0.3761904761904762,0.002857142857142857,0.6209523809523809
1215,Baltimore City,441,Baltimore City Precinct 08-007,11,159,5,430,441,1.0,0.024943310657596373,0.9750566893424036,277,0.36054421768707484,0.011337868480725623,0.6281179138321995
1216,Baltimore City,250,Baltimore City Precinct 07-002,11,90,8,239,250,1.0,0.044,0.956,152,0.36,0.032,0.608
1217,Baltimore City,819,Baltimore City Precinct 06-002,107,217,5,712,819,1.0,0.13064713064713065,0.8693528693528694,597,0.26495726495726496,0.006105006105006105,0.7289377289377289
1218,Baltimore City,2445,Baltimore City Precinct 07-003,84,789,15,2361,2445,1.0,0.0343558282208589,0.9656441717791411,1641,0.3226993865030675,0.006134969325153374,0.6711656441717792
1219,Baltimore City,986,Baltimore City Precinct 08-008,30,335,6,956,986,1.0,0.030425963488843813,0.9695740365111561,645,0.33975659229208927,0.006085192697768763,0.654158215010142
1220,Baltimore City,1928,Baltimore City Precinct 08-006,31,668,10,1897,1928,1.0,0.016078838174273857,0.9839211618257261,1250,0.34647302904564314,0.005186721991701245,0.6483402489626556
1221,Baltimore City,1774,Baltimore City Precinct 08-005,22,702,7,1752,1774,1.0,0.012401352874859075,0.9875986471251409,1065,0.39571589627959414,0.003945885005636978,0.6003382187147689
1222,Baltimore City,1071,Baltimore City Precinct 08-009,21,387,10,1050,1071,1.0,0.0196078431372549,0.9803921568627451,674,0.36134453781512604,0.009337068160597572,0.6293183940242764
1223,Baltimore City,473,Baltimore City Precinct 08-004,8,176,2,465,473,1.0,0.016913319238900635,0.9830866807610994,295,0.37209302325581395,0.004228329809725159,0.6236786469344608
1224,Baltimore City,951,Baltimore City Precinct 26-008,818,164,91,133,951,1.0,0.8601472134595163,0.1398527865404837,696,0.17245005257623555,0.09568874868559411,0.7318611987381703
1225,Baltimore City,2859,Baltimore City Precinct 01-004,2482,425,221,377,2859,1.0,0.8681357117873383,0.13186428821266177,2213,0.14865337530605108,0.07729975515914655,0.7740468695348024
1226,Baltimore City,3180,Baltimore City Precinct 01-005,2843,576,307,337,3180,1.0,0.8940251572327044,0.1059748427672956,2297,0.1811320754716981,0.09654088050314466,0.7223270440251572
1227,Baltimore City,3113,Baltimore City Precinct 26-009,2667,518,236,446,3113,1.0,0.856729842595567,0.14327015740443302,2359,0.1663989720526823,0.07581111468037263,0.7577899132669451
1228,Baltimore City,1478,Baltimore City Precinct 26-006,963,209,47,515,1478,1.0,0.6515561569688768,0.34844384303112313,1222,0.14140730717185385,0.031799729364005415,0.8267929634641408
1229,Baltimore City,1558,Baltimore City Precinct 01-001,1017,274,64,541,1558,1.0,0.6527599486521181,0.3472400513478819,1220,0.17586649550706032,0.0410783055198973,0.7830551989730423
1230,Baltimore City,3120,Baltimore City Precinct 06-005,1381,725,89,1739,3120,1.0,0.4426282051282051,0.5573717948717949,2306,0.23237179487179488,0.028525641025641025,0.7391025641025641
1231,Baltimore City,1744,Baltimore City Precinct 06-001,198,458,18,1546,1744,1.0,0.11353211009174312,0.8864678899082569,1268,0.2626146788990826,0.010321100917431193,0.7270642201834863
1232,Baltimore City,1555,Baltimore City Precinct 23-001,1384,345,157,171,1555,1.0,0.890032154340836,0.10996784565916398,1053,0.22186495176848875,0.10096463022508038,0.6771704180064309
1233,Baltimore City,1449,Baltimore City Precinct 22-002,1253,462,147,196,1449,1.0,0.8647342995169082,0.13526570048309178,840,0.3188405797101449,0.10144927536231885,0.5797101449275363
1234,Baltimore City,1095,Baltimore City Precinct 22-001,797,287,88,298,1095,1.0,0.7278538812785388,0.27214611872146116,720,0.26210045662100456,0.08036529680365297,0.6575342465753424
1235,Baltimore City,1382,Baltimore City Precinct 19-001,24,538,5,1358,1382,1.0,0.017366136034732273,0.9826338639652678,839,0.38929088277858176,0.00361794500723589,0.6070911722141823
1236,Baltimore City,1137,Baltimore City Precinct 16-003,9,346,6,1128,1137,1.0,0.0079155672823219,0.9920844327176781,785,0.3043095866314864,0.005277044854881266,0.6904133685136323
1237,Baltimore City,1737,Baltimore City Precinct 16-002,27,493,9,1710,1737,1.0,0.015544041450777202,0.9844559585492227,1235,0.28382268278641337,0.0051813471502590676,0.7109959700633276
1238,Baltimore City,985,Baltimore City Precinct 16-001,18,350,6,967,985,1.0,0.018274111675126905,0.9817258883248731,629,0.3553299492385787,0.006091370558375634,0.6385786802030456
1239,Baltimore City,1226,Baltimore City Precinct 18-001,14,410,9,1212,1226,1.0,0.011419249592169658,0.9885807504078303,807,0.33442088091353994,0.00734094616639478,0.6582381729200653
1240,Baltimore City,1367,Baltimore City Precinct 17-002,16,497,9,1351,1367,1.0,0.011704462326261888,0.9882955376737381,861,0.3635698610095099,0.006583760058522311,0.6298463789319678
1241,Baltimore City,1008,Baltimore City Precinct 14-003,24,343,10,984,1008,1.0,0.023809523809523808,0.9761904761904762,655,0.3402777777777778,0.00992063492063492,0.6498015873015873
1242,Baltimore City,1794,Baltimore City Precinct 15-019,31,725,12,1763,1794,1.0,0.017279821627647716,0.9827201783723523,1057,0.4041248606465998,0.006688963210702341,0.5891861761426979
1243,Baltimore City,529,Baltimore City Precinct 14-005,4,194,2,525,529,1.0,0.007561436672967864,0.9924385633270322,333,0.3667296786389414,0.003780718336483932,0.6294896030245747
1244,Baltimore City,1897,Baltimore City Precinct 13-008,110,681,10,1787,1897,1.0,0.05798629414865577,0.9420137058513443,1206,0.3589878755930416,0.005271481286241434,0.6357406431207169
1245,Baltimore City,1483,Baltimore City Precinct 13-007,15,602,11,1468,1483,1.0,0.010114632501685773,0.9898853674983142,870,0.4059339177343223,0.007417397167902899,0.5866486850977748
1246,Baltimore City,2314,Baltimore City Precinct 14-004,223,733,18,2091,2314,1.0,0.09636992221261884,0.9036300777873811,1563,0.3167675021607606,0.007778738115816767,0.6754537597234227
1247,Baltimore City,1277,Baltimore City Precinct 13-009,88,421,13,1189,1277,1.0,0.06891151135473766,0.9310884886452623,843,0.32967893500391543,0.010180109631949883,0.6601409553641346
1248,Baltimore City,1887,Baltimore City Precinct 13-010,272,658,19,1615,1887,1.0,0.14414414414414414,0.8558558558558559,1210,0.3487016428192899,0.010068892421833599,0.6412294647588765
1249,Baltimore City,588,Baltimore City Precinct 04-003,33,238,8,555,588,1.0,0.05612244897959184,0.9438775510204082,342,0.40476190476190477,0.013605442176870748,0.5816326530612245
1250,Baltimore City,2521,Baltimore City Precinct 04-002,1231,440,80,1290,2521,1.0,0.48829829432764776,0.5117017056723523,2001,0.1745339151130504,0.0317334391114637,0.793732645775486
1251,Baltimore City,1979,Baltimore City Precinct 17-001,162,610,15,1817,1979,1.0,0.08185952501263265,0.9181404749873674,1354,0.3082364830722587,0.007579585649317837,0.6841839312784235
1252,Baltimore City,1028,Baltimore City Precinct 11-004,115,350,10,913,1028,1.0,0.11186770428015565,0.8881322957198443,668,0.3404669260700389,0.009727626459143969,0.6498054474708171
1253,Baltimore City,1704,Baltimore City Precinct 11-003,892,614,63,812,1704,1.0,0.5234741784037559,0.4765258215962441,1027,0.36032863849765256,0.03697183098591549,0.6026995305164319
1254,Baltimore City,2097,Baltimore City Precinct 04-001,924,368,75,1173,2097,1.0,0.4406294706723891,0.5593705293276109,1654,0.17548879351454458,0.0357653791130186,0.7887458273724368
1255,Baltimore City,2967,Baltimore City Precinct 11-006,1600,747,56,1367,2967,1.0,0.5392652510953826,0.46073474890461746,2164,0.2517694641051567,0.01887428378833839,0.7293562521065049
1256,Baltimore City,870,Baltimore City Precinct 11-005,547,274,19,323,870,1.0,0.628735632183908,0.37126436781609196,577,0.31494252873563217,0.021839080459770115,0.6632183908045977
1257,Baltimore City,645,Baltimore City Precinct 11-002,302,219,28,343,645,1.0,0.4682170542635659,0.5317829457364341,398,0.3395348837209302,0.043410852713178294,0.6170542635658914
1258,Baltimore City,1818,Baltimore City Precinct 11-007,1109,548,51,709,1818,1.0,0.61001100110011,0.38998899889988997,1219,0.30143014301430143,0.028052805280528052,0.6705170517051705
1259,Baltimore City,1899,Baltimore City Precinct 11-001,1177,550,59,722,1899,1.0,0.6197998946814113,0.3802001053185887,1290,0.2896261190100053,0.031068983675618746,0.6793048973143759
1260,Baltimore City,1670,Baltimore City Precinct 14-002,830,580,27,840,1670,1.0,0.49700598802395207,0.5029940119760479,1063,0.3473053892215569,0.016167664670658683,0.6365269461077845
1261,Baltimore City,1524,Baltimore City Precinct 14-001,930,298,14,594,1524,1.0,0.610236220472441,0.38976377952755903,1212,0.19553805774278216,0.009186351706036745,0.7952755905511811
1262,Baltimore City,2304,Baltimore City Precinct 12-009,1078,508,61,1226,2304,1.0,0.4678819444444444,0.5321180555555556,1735,0.2204861111111111,0.026475694444444444,0.7530381944444444
1263,Baltimore City,1485,Baltimore City Precinct 12-012,447,451,13,1038,1485,1.0,0.301010101010101,0.6989898989898989,1021,0.3037037037037037,0.008754208754208754,0.6875420875420876
1264,Montgomery,3965,Montgomery Precinct 07-008,2981,1093,256,984,3965,1.0,0.7518284993694829,0.24817150063051702,2616,0.2756620428751576,0.06456494325346784,0.6597730138713745
1265,Montgomery,2847,Montgomery Precinct 07-009,2231,958,240,616,2847,1.0,0.7836318932209343,0.21636810677906568,1649,0.33649455567263786,0.08429926238145416,0.579206181945908
1266,Montgomery,1400,Montgomery Precinct 07-032,1222,453,202,178,1400,1.0,0.8728571428571429,0.12714285714285714,745,0.32357142857142857,0.1442857142857143,0.5321428571428571
1267,Montgomery,1964,Montgomery Precinct 07-016,1563,813,202,401,1964,1.0,0.7958248472505092,0.20417515274949083,949,0.4139511201629328,0.10285132382892057,0.4831975560081466
1268,Montgomery,3443,Montgomery Precinct 04-004,2536,1125,319,907,3443,1.0,0.7365669474295672,0.26343305257043276,1999,0.326749927388905,0.0926517571884984,0.5805983154225965
1269,Montgomery,5607,Montgomery Precinct 04-015,2542,488,126,3065,5607,1.0,0.45336186909220616,0.5466381309077938,4993,0.08703406456215446,0.02247191011235955,0.890494025325486
1270,Montgomery,4958,Montgomery Precinct 13-025,1182,1114,232,3776,4958,1.0,0.23840258168616377,0.7615974183138362,3612,0.22468737394110527,0.04679306171843485,0.7285195643404598
1271,Montgomery,2485,Montgomery Precinct 13-034,1903,494,149,582,2485,1.0,0.7657947686116701,0.23420523138833,1842,0.19879275653923542,0.05995975855130785,0.7412474849094567
1272,Montgomery,2625,Montgomery Precinct 13-040,1669,876,262,956,2625,1.0,0.6358095238095238,0.3641904761904762,1487,0.33371428571428574,0.0998095238095238,0.5664761904761905
1273,Montgomery,1874,Montgomery Precinct 06-009,1464,621,737,410,1874,1.0,0.7812166488794023,0.21878335112059766,516,0.3313767342582711,0.39327641408751335,0.2753468516542156
1274,Montgomery,2092,Montgomery Precinct 06-001,1647,474,522,445,2092,1.0,0.7872848948374761,0.2127151051625239,1096,0.22657743785850862,0.24952198852772467,0.5239005736137667
1275,Montgomery,4802,Montgomery Precinct 06-011,1585,1069,489,3217,4802,1.0,0.33007080383173676,0.6699291961682632,3244,0.22261557684298208,0.10183256976259891,0.675551853394419
1276,Montgomery,3610,Montgomery Precinct 06-007,1633,816,428,1977,3610,1.0,0.4523545706371191,0.5476454293628809,2366,0.2260387811634349,0.1185595567867036,0.6554016620498615
1277,Montgomery,4116,Montgomery Precinct 06-010,1639,957,304,2477,4116,1.0,0.39820213799805637,0.6017978620019436,2855,0.2325072886297376,0.0738581146744412,0.6936345966958212
1278,Montgomery,4374,Montgomery Precinct 02-004,2221,1120,467,2153,4374,1.0,0.5077732053040696,0.4922267946959305,2787,0.25605852766346593,0.10676726108824874,0.6371742112482853
1279,Montgomery,3017,Montgomery Precinct 06-006,1327,936,407,1690,3017,1.0,0.4398409015578389,0.560159098442161,1674,0.31024196221412,0.1349022207490885,0.5548558170367915
1280,Montgomery,2009,Montgomery Precinct 06-005,1479,1090,687,530,2009,1.0,0.7361871577899453,0.26381284221005474,232,0.5425584868093579,0.34196117471378795,0.11548033847685416
1281,Montgomery,1603,Montgomery Precinct 06-014,922,364,151,681,1603,1.0,0.5751715533374921,0.4248284466625078,1088,0.22707423580786026,0.0941983780411728,0.678727386150967
1282,Montgomery,1874,Montgomery Precinct 06-013,1179,561,287,695,1874,1.0,0.6291355389541089,0.37086446104589116,1026,0.29935965848452506,0.15314834578441835,0.5474919957310566
1283,Montgomery,2208,Montgomery Precinct 06-004,1418,892,267,790,2208,1.0,0.6422101449275363,0.35778985507246375,1049,0.40398550724637683,0.12092391304347826,0.4750905797101449
1284,Montgomery,3777,Montgomery Precinct 09-027,2856,1097,528,921,3777,1.0,0.756155679110405,0.24384432088959493,2152,0.29044214985438177,0.1397934868943606,0.5697643632512576
1285,Montgomery,2727,Montgomery Precinct 04-020,1503,1550,774,1224,2727,1.0,0.5511551155115512,0.44884488448844884,403,0.5683901723505684,0.2838283828382838,0.14778144481114777
1286,Montgomery,3226,Montgomery Precinct 04-024,1681,878,312,1545,3226,1.0,0.5210787352758834,0.47892126472411656,2036,0.2721636701797892,0.09671419714817112,0.6311221326720396
1287,Montgomery,3648,Montgomery Precinct 06-008,1578,654,288,2070,3648,1.0,0.43256578947368424,0.5674342105263158,2706,0.17927631578947367,0.07894736842105263,0.7417763157894737
1288,Montgomery,4395,Montgomery Precinct 09-035,3188,1271,611,1207,4395,1.0,0.7253697383390216,0.27463026166097837,2513,0.2891922639362912,0.1390216154721274,0.5717861205915813
1289,Baltimore City,1691,Baltimore City Precinct 16-009,6,601,9,1685,1691,1.0,0.0035481963335304554,0.9964518036664696,1081,0.35541099940863397,0.005322294500295683,0.6392667060910704
1290,Baltimore City,1025,Baltimore City Precinct 16-010,10,366,5,1015,1025,1.0,0.00975609756097561,0.9902439024390244,654,0.3570731707317073,0.004878048780487805,0.6380487804878049
1291,Baltimore City,936,Baltimore City Precinct 16-011,6,269,5,930,936,1.0,0.00641025641025641,0.9935897435897436,662,0.28739316239316237,0.005341880341880342,0.7072649572649573
1292,Baltimore City,365,Baltimore City Precinct 15-012,13,104,0,352,365,1.0,0.03561643835616438,0.9643835616438357,261,0.28493150684931506,0.0,0.7150684931506849
1293,Baltimore City,1645,Baltimore City Precinct 15-007,21,511,8,1624,1645,1.0,0.01276595744680851,0.9872340425531915,1126,0.31063829787234043,0.004863221884498481,0.6844984802431611
1294,Baltimore City,754,Baltimore City Precinct 15-013,5,298,1,749,754,1.0,0.006631299734748011,0.993368700265252,455,0.3952254641909814,0.001326259946949602,0.603448275862069
1295,Baltimore City,813,Baltimore City Precinct 15-015,5,299,3,808,813,1.0,0.006150061500615006,0.993849938499385,511,0.3677736777367774,0.0036900369003690036,0.6285362853628537
1296,Baltimore City,1295,Baltimore City Precinct 15-014,10,519,5,1285,1295,1.0,0.007722007722007722,0.9922779922779923,771,0.40077220077220077,0.003861003861003861,0.5953667953667954
1297,Baltimore City,1699,Baltimore City Precinct 15-006,17,700,5,1682,1699,1.0,0.010005885815185403,0.9899941141848146,994,0.4120070629782225,0.002942907592701589,0.5850500294290759
1298,Baltimore City,964,Baltimore City Precinct 16-007,6,382,4,958,964,1.0,0.006224066390041493,0.9937759336099585,578,0.3962655601659751,0.004149377593360996,0.5995850622406639
1299,Baltimore City,1884,Baltimore City Precinct 16-006,7,622,13,1877,1884,1.0,0.0037154989384288748,0.9962845010615711,1249,0.33014861995753714,0.006900212314225053,0.6629511677282378
1300,Baltimore City,1791,Baltimore City Precinct 20-001,30,627,7,1761,1791,1.0,0.01675041876046901,0.983249581239531,1157,0.3500837520938023,0.003908431044109436,0.6460078168620882
1301,Baltimore City,764,Baltimore City Precinct 16-004,12,236,3,752,764,1.0,0.015706806282722512,0.9842931937172775,525,0.3089005235602094,0.003926701570680628,0.68717277486911
1302,Baltimore City,2126,Baltimore City Precinct 16-005,27,682,12,2099,2126,1.0,0.012699905926622766,0.9873000940733773,1432,0.32079021636876764,0.005644402634054563,0.6735653809971778
1303,Baltimore City,1404,Baltimore City Precinct 15-018,4,481,9,1400,1404,1.0,0.002849002849002849,0.9971509971509972,914,0.3425925925925926,0.00641025641025641,0.6509971509971509
1304,Baltimore City,1040,Baltimore City Precinct 15-016,9,318,4,1031,1040,1.0,0.008653846153846154,0.9913461538461539,718,0.3057692307692308,0.0038461538461538464,0.6903846153846154
1305,Baltimore City,2987,Baltimore City Precinct 15-020,37,897,16,2950,2987,1.0,0.012387010378305993,0.987612989621694,2074,0.3003013056578507,0.005356545028456646,0.6943421493136926
1306,Baltimore City,1237,Baltimore City Precinct 15-021,14,376,4,1223,1237,1.0,0.01131770412287793,0.9886822958771221,857,0.3039611964430073,0.0032336297493936943,0.692805173807599
1307,Baltimore City,1807,Baltimore City Precinct 15-017,23,701,10,1784,1807,1.0,0.012728278915329275,0.9872717210846708,1096,0.3879358052019923,0.005534034311012728,0.606530160486995
1308,Baltimore City,1062,Baltimore City Precinct 25-006,24,420,7,1038,1062,1.0,0.022598870056497175,0.9774011299435028,635,0.3954802259887006,0.006591337099811676,0.5979284369114878
1309,Baltimore City,596,Baltimore City Precinct 25-007,133,193,13,463,596,1.0,0.2231543624161074,0.7768456375838926,390,0.3238255033557047,0.02181208053691275,0.6543624161073825
1310,Baltimore City,2234,Baltimore City Precinct 21-003,992,557,59,1242,2234,1.0,0.4440465532676813,0.5559534467323187,1618,0.2493285586392122,0.026410026857654433,0.7242614145031334
1311,Baltimore City,3343,Baltimore City Precinct 19-002,1090,589,52,2253,3343,1.0,0.3260544421178582,0.6739455578821418,2702,0.17618905174992522,0.015554890816631767,0.808256057433443
1312,Baltimore City,489,Baltimore City Precinct 21-004,246,154,21,243,489,1.0,0.5030674846625767,0.49693251533742333,314,0.3149284253578732,0.04294478527607362,0.6421267893660532
1313,Baltimore City,1952,Baltimore City Precinct 18-002,558,551,44,1394,1952,1.0,0.2858606557377049,0.7141393442622951,1357,0.2822745901639344,0.022540983606557378,0.6951844262295082
1314,Baltimore City,1673,Baltimore City Precinct 21-002,672,474,39,1001,1673,1.0,0.401673640167364,0.5983263598326359,1160,0.28332337118948,0.023311416616855946,0.6933652121936641
1315,Baltimore City,2033,Baltimore City Precinct 23-003,1802,429,190,231,2033,1.0,0.8863748155435317,0.11362518445646827,1414,0.21101819970486965,0.09345794392523364,0.6955238563698967
1316,Baltimore City,1153,Baltimore City Precinct 21-001,755,267,52,398,1153,1.0,0.6548135299219427,0.34518647007805725,834,0.23156981786643538,0.045099739809193407,0.7233304423243712
1317,Baltimore City,1038,Baltimore City Precinct 23-002,584,347,72,454,1038,1.0,0.5626204238921002,0.4373795761078998,619,0.33429672447013487,0.06936416184971098,0.5963391136801541
1318,Baltimore City,2506,Baltimore City Precinct 20-007,148,676,21,2358,2506,1.0,0.05905826017557861,0.9409417398244214,1809,0.26975259377494015,0.008379888268156424,0.7218675179569034
1319,Baltimore City,2106,Baltimore City Precinct 28-010,255,685,44,1851,2106,1.0,0.12108262108262108,0.8789173789173789,1377,0.32526115859449195,0.020892687559354226,0.6538461538461539
1320,Baltimore City,458,Baltimore City Precinct 28-012,55,134,5,403,458,1.0,0.12008733624454149,0.8799126637554585,319,0.2925764192139738,0.010917030567685589,0.6965065502183406
1321,Baltimore City,2423,Baltimore City Precinct 28-009,274,678,27,2149,2423,1.0,0.1130829550144449,0.8869170449855551,1718,0.2798184069335534,0.011143210895583986,0.7090383821708626
1322,Baltimore City,1962,Baltimore City Precinct 28-011,173,562,22,1789,1962,1.0,0.08817533129459736,0.9118246687054027,1378,0.28644240570846075,0.011213047910295617,0.7023445463812437
1323,Baltimore City,3079,Baltimore City Precinct 20-006,15,1039,17,3064,3079,1.0,0.004871711594673595,0.9951282884053264,2023,0.337447223124391,0.005521273140630075,0.6570315037349789
1324,Baltimore City,3001,Baltimore City Precinct 16-014,29,1036,15,2972,3001,1.0,0.009663445518160613,0.9903365544818394,1950,0.34521826057980676,0.004998333888703766,0.6497834055314895
1325,Baltimore City,1740,Baltimore City Precinct 28-008,83,459,10,1657,1740,1.0,0.04770114942528736,0.9522988505747126,1271,0.2637931034482759,0.005747126436781609,0.7304597701149426
1326,Baltimore City,1451,Baltimore City Precinct 15-011,43,472,5,1408,1451,1.0,0.029634734665747762,0.9703652653342523,974,0.32529290144727774,0.0034458993797381117,0.6712611991729841
1327,Baltimore City,1492,Baltimore City Precinct 15-010,39,518,19,1453,1492,1.0,0.02613941018766756,0.9738605898123325,955,0.34718498659517427,0.012734584450402145,0.6400804289544236
1328,Anne Arundel,1793,Anne Arundel Precinct 04-013,1507,232,458,286,1793,1.0,0.8404907975460123,0.15950920245398773,1103,0.1293920803123257,0.25543781372002233,0.615170105967652
1329,Anne Arundel,2683,Anne Arundel Precinct 02-021,2136,464,706,547,2683,1.0,0.7961237420797614,0.20387625792023853,1513,0.17294073797987328,0.2631382780469624,0.5639209839731644
1330,Anne Arundel,1317,Anne Arundel Precinct 05-015,1236,283,510,81,1317,1.0,0.9384965831435079,0.06150341685649203,524,0.21488230827638571,0.38724373576309795,0.39787395596051633
1331,Anne Arundel,1928,Anne Arundel Precinct 02-018,1261,418,245,667,1928,1.0,0.654045643153527,0.345954356846473,1265,0.21680497925311204,0.1270746887966805,0.6561203319502075
1332,Anne Arundel,2386,Anne Arundel Precinct 02-015,1415,595,345,971,2386,1.0,0.5930427493713327,0.4069572506286672,1446,0.24937133277451803,0.14459346186085498,0.606035205364627
1333,Anne Arundel,1151,Anne Arundel Precinct 05-033,988,176,370,163,1151,1.0,0.8583840139009556,0.1416159860990443,605,0.1529105125977411,0.3214596003475239,0.525629887054735
1334,Anne Arundel,2500,Anne Arundel Precinct 02-004,1644,544,437,856,2500,1.0,0.6576,0.3424,1519,0.2176,0.1748,0.6076
1335,Anne Arundel,2846,Anne Arundel Precinct 02-009,1587,562,296,1259,2846,1.0,0.5576247364722418,0.44237526352775824,1988,0.19747013352073084,0.10400562192550948,0.6985242445537596
1336,Anne Arundel,2844,Anne Arundel Precinct 02-007,2016,556,397,828,2844,1.0,0.7088607594936709,0.2911392405063291,1891,0.19549929676511954,0.13959212376933897,0.6649085794655415
1337,Anne Arundel,2177,Anne Arundel Precinct 01-009,1913,315,388,264,2177,1.0,0.8787322002756086,0.12126779972439136,1474,0.14469453376205788,0.178226917776757,0.6770785484611851
1338,Anne Arundel,2304,Anne Arundel Precinct 02-003,1599,369,341,705,2304,1.0,0.6940104166666666,0.3059895833333333,1594,0.16015625,0.1480034722222222,0.6918402777777778
1339,Anne Arundel,3752,Anne Arundel Precinct 02-017,1881,656,261,1871,3752,1.0,0.5013326226012793,0.4986673773987207,2835,0.17484008528784648,0.06956289978678039,0.7555970149253731
1340,Anne Arundel,4380,Anne Arundel Precinct 02-014,1844,974,190,2536,4380,1.0,0.42100456621004567,0.5789954337899543,3216,0.22237442922374429,0.04337899543378995,0.7342465753424657
1341,Anne Arundel,1399,Anne Arundel Precinct 02-002,1086,304,282,313,1399,1.0,0.7762687634024303,0.2237312365975697,813,0.21729807005003574,0.2015725518227305,0.5811293781272338
1342,Anne Arundel,3009,Anne Arundel Precinct 02-005,1892,489,269,1117,3009,1.0,0.6287803256895979,0.37121967431040215,2251,0.1625124626121635,0.08939847125290794,0.7480890661349285
1343,Anne Arundel,2023,Anne Arundel Precinct 02-006,1608,329,295,415,2023,1.0,0.7948591201186357,0.2051408798813643,1399,0.16262975778546712,0.1458230350963915,0.6915472071181413
1344,Anne Arundel,2540,Anne Arundel Precinct 01-003,2035,421,401,505,2540,1.0,0.8011811023622047,0.19881889763779528,1718,0.165748031496063,0.1578740157480315,0.6763779527559055
1345,Anne Arundel,1582,Anne Arundel Precinct 02-016,1282,241,294,300,1582,1.0,0.8103666245259166,0.18963337547408343,1047,0.15233881163084703,0.18584070796460178,0.6618204804045512
1346,Anne Arundel,2689,Anne Arundel Precinct 02-008,2286,402,421,403,2689,1.0,0.8501301599107475,0.1498698400892525,1866,0.14949795462997398,0.15656377835626628,0.6939382670137597
1347,Anne Arundel,1929,Anne Arundel Precinct 04-014,1789,350,529,140,1929,1.0,0.9274235355106273,0.07257646448937273,1050,0.18144116122343182,0.27423535510627267,0.5443234836702955
1348,Anne Arundel,1584,Anne Arundel Precinct 05-019,1501,269,524,83,1584,1.0,0.94760101010101,0.052398989898989896,791,0.16982323232323232,0.33080808080808083,0.49936868686868685
1349,Howard,2057,Howard Precinct 02-008,1283,483,426,774,2057,1.0,0.6237238697131745,0.3762761302868255,1148,0.23480797277588722,0.2070977151191055,0.5580943121050073
1350,Baltimore County,4946,Baltimore County Precinct 01-017,607,1486,118,4339,4946,1.0,0.12272543469470279,0.8772745653052972,3342,0.3004448038819248,0.023857662757784066,0.6756975333602911
1351,Baltimore County,3184,Baltimore County Precinct 01-012,2973,813,743,211,3184,1.0,0.9337311557788944,0.06626884422110553,1628,0.2553391959798995,0.2333542713567839,0.5113065326633166
1352,Baltimore County,2703,Baltimore County Precinct 01-011,2226,587,587,477,2703,1.0,0.8235294117647058,0.17647058823529413,1529,0.21716611172770994,0.21716611172770994,0.5656677765445801
1353,Baltimore County,2485,Baltimore County Precinct 01-013,2365,681,542,120,2485,1.0,0.9517102615694165,0.0482897384305835,1262,0.2740442655935614,0.2181086519114688,0.5078470824949698
1354,Baltimore County,3127,Baltimore County Precinct 01-010,2439,772,518,688,3127,1.0,0.7799808122801407,0.2200191877198593,1837,0.24688199552286536,0.1656539814518708,0.5874640230252638
1355,Baltimore County,3549,Baltimore County Precinct 01-003,1415,950,319,2134,3549,1.0,0.3987038602423218,0.6012961397576783,2280,0.26768103691180617,0.08988447449985912,0.6424344885883347
1356,Baltimore County,3716,Baltimore County Precinct 01-004,1339,861,251,2377,3716,1.0,0.36033369214208827,0.6396663078579118,2604,0.23170075349838537,0.06754574811625404,0.7007534983853606
1357,Baltimore County,2265,Baltimore County Precinct 01-002,437,696,67,1828,2265,1.0,0.19293598233995585,0.8070640176600441,1502,0.3072847682119205,0.029580573951434878,0.6631346578366446
1358,Howard,2252,Howard Precinct 01-008,1565,698,389,687,2252,1.0,0.6949378330373002,0.30506216696269983,1165,0.3099467140319716,0.17273534635879217,0.5173179396092362
1359,Howard,1598,Howard Precinct 01-013,988,253,248,610,1598,1.0,0.6182728410513142,0.38172715894868586,1097,0.1583229036295369,0.15519399249061328,0.6864831038798498
1360,Howard,2627,Howard Precinct 01-001,2032,506,441,595,2627,1.0,0.7735059002664636,0.22649409973353635,1680,0.19261515036162924,0.16787209744956225,0.6395127521888085
1361,Baltimore County,5998,Baltimore County Precinct 01-014,3956,511,547,2042,5998,1.0,0.6595531843947983,0.34044681560520174,4940,0.08519506502167389,0.09119706568856285,0.8236078692897633
1362,Baltimore County,2893,Baltimore County Precinct 13-004,2610,537,615,283,2893,1.0,0.9021776702385067,0.09782232976149326,1741,0.18562046318700312,0.21258209471137227,0.6017974421016246
1363,Baltimore County,3240,Baltimore County Precinct 13-003,2835,551,590,405,3240,1.0,0.875,0.125,2099,0.17006172839506173,0.18209876543209877,0.6478395061728395
1364,Baltimore County,2641,Baltimore County Precinct 13-002,2319,377,400,322,2641,1.0,0.8780764861794774,0.12192351382052254,1864,0.14274895872775464,0.15145778114350625,0.7057932601287391
1365,Baltimore County,2840,Baltimore County Precinct 13-005,2397,543,602,443,2840,1.0,0.8440140845070423,0.15598591549295773,1695,0.19119718309859154,0.2119718309859155,0.596830985915493
1366,Baltimore County,3604,Baltimore County Precinct 01-009,1703,820,264,1901,3604,1.0,0.47253052164261933,0.5274694783573807,2520,0.22752497225305215,0.0732519422863485,0.6992230854605993
1367,Baltimore County,3870,Baltimore County Precinct 01-015,2674,735,466,1196,3870,1.0,0.6909560723514212,0.3090439276485788,2669,0.18992248062015504,0.12041343669250645,0.6896640826873385
1368,Baltimore County,2349,Baltimore County Precinct 01-007,1200,563,200,1149,2349,1.0,0.5108556832694764,0.4891443167305236,1586,0.23967645806726268,0.08514261387824607,0.6751809280544913
1369,Baltimore County,4333,Baltimore County Precinct 01-008,3296,943,552,1037,4333,1.0,0.7606738979921532,0.23932610200784676,2838,0.2176321255481191,0.12739441495499654,0.6549734594968843
1370,Baltimore County,4435,Baltimore County Precinct 01-005,1415,1322,219,3020,4435,1.0,0.31905298759864714,0.6809470124013529,2894,0.2980834272829763,0.049379932356257046,0.6525366403607666
1371,Baltimore County,4619,Baltimore County Precinct 01-001,871,1537,104,3748,4619,1.0,0.1885689543191167,0.8114310456808833,2978,0.3327560077938948,0.022515696038103484,0.6447282961680018
1372,Baltimore County,4031,Baltimore County Precinct 01-006,733,1563,122,3298,4031,1.0,0.18184073430910444,0.8181592656908956,2346,0.387744976432647,0.030265442818159266,0.5819895807491937
1373,Baltimore County,4012,Baltimore County Precinct 13-001,2036,613,263,1976,4012,1.0,0.5074775672981057,0.49252243270189433,3136,0.15279162512462613,0.06555333998005983,0.7816550348953141
1374,Baltimore County,2661,Baltimore County Precinct 01-016,2481,502,399,180,2661,1.0,0.9323562570462233,0.06764374295377677,1760,0.18865088312664413,0.14994363021420518,0.6614054866591507
1375,Baltimore City,2932,Baltimore City Precinct 28-015,976,808,152,1956,2932,1.0,0.3328785811732606,0.6671214188267395,1972,0.2755798090040928,0.05184174624829468,0.6725784447476125
1376,Baltimore City,2794,Baltimore City Precinct 25-001,329,880,43,2465,2794,1.0,0.11775232641374374,0.8822476735862562,1871,0.31496062992125984,0.015390121689334287,0.6696492483894059
1377,Baltimore City,742,Baltimore City Precinct 28-014,55,246,9,687,742,1.0,0.07412398921832884,0.9258760107816711,487,0.33153638814016173,0.012129380053908356,0.6563342318059299
1378,Baltimore City,2138,Baltimore City Precinct 25-002,205,631,30,1933,2138,1.0,0.09588400374181479,0.9041159962581852,1477,0.2951356407857811,0.01403180542563143,0.6908325537885874
1379,Baltimore City,1494,Baltimore City Precinct 28-013,105,375,10,1389,1494,1.0,0.07028112449799197,0.929718875502008,1109,0.25100401606425704,0.006693440428380187,0.7423025435073628
1380,Baltimore City,714,Baltimore City Precinct 20-008,104,206,6,610,714,1.0,0.14565826330532214,0.8543417366946778,502,0.28851540616246496,0.008403361344537815,0.7030812324929971
1381,Montgomery,3114,Montgomery Precinct 09-033,1608,496,197,1506,3114,1.0,0.5163776493256262,0.4836223506743738,2421,0.15928066795118817,0.06326268464996788,0.7774566473988439
1382,Montgomery,5213,Montgomery Precinct 09-006,2366,1268,386,2847,5213,1.0,0.4538653366583541,0.5461346633416458,3559,0.24323805869940535,0.07404565509303664,0.682716286207558
1383,Montgomery,2473,Montgomery Precinct 06-003,1678,765,433,795,2473,1.0,0.6785281035179943,0.32147189648200564,1275,0.30934088152042055,0.1750909826122119,0.5155681358673676
1384,Montgomery,6411,Montgomery Precinct 09-008,2167,1145,311,4244,6411,1.0,0.3380127905163001,0.6619872094836999,4955,0.17859928248323195,0.048510372796755574,0.7728903447200125
1385,Montgomery,3028,Montgomery Precinct 09-029,1472,832,307,1556,3028,1.0,0.4861294583883752,0.5138705416116248,1889,0.2747688243064729,0.10138705416116249,0.6238441215323646
1386,Montgomery,4029,Montgomery Precinct 09-018,1196,778,196,2833,4029,1.0,0.2968478530652767,0.7031521469347233,3055,0.19310002482005462,0.04864730702407545,0.7582526681558699
1387,Montgomery,4242,Montgomery Precinct 09-034,1276,906,227,2966,4242,1.0,0.3008015087223008,0.6991984912776992,3109,0.21357850070721357,0.05351249410655351,0.7329090051862329
1388,Montgomery,3583,Montgomery Precinct 09-013,2194,1063,436,1389,3583,1.0,0.6123360312587217,0.38766396874127823,2084,0.29667876081495953,0.12168573820820541,0.581635500976835
1389,Montgomery,3560,Montgomery Precinct 09-003,1141,781,234,2419,3560,1.0,0.3205056179775281,0.6794943820224719,2545,0.2193820224719101,0.06573033707865168,0.7148876404494382
1390,Montgomery,2530,Montgomery Precinct 09-024,734,544,162,1796,2530,1.0,0.2901185770750988,0.7098814229249012,1824,0.2150197628458498,0.06403162055335969,0.7209486166007905
1391,Montgomery,5966,Montgomery Precinct 09-016,1159,806,150,4807,5966,1.0,0.1942675159235669,0.8057324840764332,5010,0.13509889373114314,0.025142474019443514,0.8397586322494134
1392,Montgomery,3092,Montgomery Precinct 09-030,1208,817,318,1884,3092,1.0,0.3906856403622251,0.6093143596377749,1957,0.2642302716688228,0.10284605433376455,0.6329236739974127
1393,Montgomery,2943,Montgomery Precinct 09-011,1407,811,351,1536,2943,1.0,0.4780835881753313,0.5219164118246687,1781,0.27556914712878017,0.11926605504587157,0.6051647978253483
1394,Montgomery,3185,Montgomery Precinct 09-012,1599,906,330,1586,3185,1.0,0.5020408163265306,0.49795918367346936,1949,0.28445839874411305,0.10361067503924647,0.6119309262166405
1395,Montgomery,3625,Montgomery Precinct 02-005,2174,935,372,1451,3625,1.0,0.5997241379310345,0.40027586206896554,2318,0.2579310344827586,0.10262068965517242,0.639448275862069
1396,Montgomery,3808,Montgomery Precinct 02-008,1638,784,517,2170,3808,1.0,0.43014705882352944,0.5698529411764706,2507,0.20588235294117646,0.13576680672268907,0.6583508403361344
1397,Frederick,2241,Frederick Precinct 07-003,2023,519,734,218,2241,1.0,0.9027219991075413,0.09727800089245872,988,0.23159303882195448,0.3275323516287372,0.44087460954930835
1398,Montgomery,407,Montgomery Precinct 02-007,369,17,17,38,407,1.0,0.9066339066339066,0.09336609336609336,373,0.04176904176904177,0.04176904176904177,0.9164619164619164
1399,Montgomery,4880,Montgomery Precinct 02-001,1835,1084,418,3045,4880,1.0,0.3760245901639344,0.6239754098360656,3378,0.22213114754098362,0.08565573770491804,0.6922131147540984
1400,Montgomery,4636,Montgomery Precinct 02-011,1893,1136,608,2743,4636,1.0,0.40832614322691974,0.5916738567730803,2892,0.2450388265746333,0.13114754098360656,0.6238136324417601
1401,Montgomery,2216,Montgomery Precinct 02-006,1328,541,410,888,2216,1.0,0.5992779783393501,0.4007220216606498,1265,0.24413357400722022,0.18501805054151624,0.5708483754512635
1402,Montgomery,2500,Montgomery Precinct 09-025,933,646,285,1567,2500,1.0,0.3732,0.6268,1569,0.2584,0.114,0.6276
1403,Montgomery,2308,Montgomery Precinct 12-004,1876,592,666,432,2308,1.0,0.8128249566724437,0.18717504332755633,1050,0.2564991334488735,0.2885615251299827,0.45493934142114384
1404,Montgomery,3657,Montgomery Precinct 12-005,2314,825,725,1343,3657,1.0,0.6327590921520372,0.3672409078479628,2107,0.22559474979491387,0.1982499316379546,0.5761553185671315
1405,Montgomery,2594,Montgomery Precinct 12-002,2223,509,745,371,2594,1.0,0.8569776407093292,0.14302235929067078,1340,0.19622205088666153,0.287201233616037,0.5165767154973014
1406,Montgomery,2048,Montgomery Precinct 04-026,1442,640,226,606,2048,1.0,0.7041015625,0.2958984375,1182,0.3125,0.1103515625,0.5771484375
1407,Montgomery,2523,Montgomery Precinct 04-023,1989,66,56,534,2523,1.0,0.7883472057074911,0.2116527942925089,2401,0.026159334126040427,0.02219579865239794,0.9516448672215616
1408,Montgomery,2581,Montgomery Precinct 04-021,1825,910,323,756,2581,1.0,0.7070902750871755,0.29290972491282447,1348,0.35257652072839984,0.12514529252227818,0.5222781867493219
1409,Howard,1452,Howard Precinct 02-005,1077,380,269,375,1452,1.0,0.7417355371900827,0.25826446280991733,803,0.26170798898071623,0.18526170798898073,0.553030303030303
1410,Howard,2087,Howard Precinct 02-015,1499,463,416,588,2087,1.0,0.7182558696693819,0.2817441303306181,1208,0.22184954480115,0.19932918064206995,0.5788212745567801
1411,Howard,2065,Howard Precinct 02-018,1679,468,441,386,2065,1.0,0.8130750605326876,0.18692493946731234,1156,0.22663438256658597,0.2135593220338983,0.5598062953995158
1412,Howard,2274,Howard Precinct 02-011,1600,491,460,674,2274,1.0,0.7036059806508356,0.2963940193491645,1323,0.21591908531222515,0.2022867194371152,0.5817941952506597
1413,Howard,1532,Howard Precinct 02-019,1154,350,352,378,1532,1.0,0.7532637075718016,0.24673629242819844,830,0.22845953002610966,0.2297650130548303,0.54177545691906
1414,Howard,327,Howard Precinct 02-021,278,81,85,49,327,1.0,0.8501529051987767,0.14984709480122324,161,0.24770642201834864,0.2599388379204893,0.4923547400611621
1415,Howard,2492,Howard Precinct 02-012,1768,471,440,724,2492,1.0,0.709470304975923,0.29052969502407705,1581,0.1890048154093098,0.17656500802568217,0.634430176565008
1416,Howard,1902,Howard Precinct 02-006,1286,383,302,616,1902,1.0,0.676130389064143,0.323869610935857,1217,0.2013669821240799,0.1587802313354364,0.6398527865404837
1417,Howard,4633,Howard Precinct 02-009,1730,613,239,2903,4633,1.0,0.37340815886034967,0.6265918411396504,3781,0.13231167709907188,0.051586445067990504,0.8161018778329376
1418,Howard,1313,Howard Precinct 02-024,1031,274,285,282,1313,1.0,0.7852246763137852,0.21477532368621477,754,0.2086824067022087,0.21706016755521707,0.5742574257425742
1419,Howard,1532,Howard Precinct 02-007,1267,365,432,265,1532,1.0,0.827023498694517,0.17297650130548303,735,0.23825065274151436,0.2819843342036554,0.47976501305483027
1420,Prince George's,6329,Prince George's Precinct 15-005,503,1844,77,5826,6329,1.0,0.07947543055775004,0.9205245694422499,4408,0.29135724443039973,0.012166218991941855,0.6964765365776584
1421,Prince George's,2130,Prince George's Precinct 03-004,136,843,41,1994,2130,1.0,0.06384976525821597,0.936150234741784,1246,0.3957746478873239,0.019248826291079813,0.5849765258215962
1422,Prince George's,2572,Prince George's Precinct 03-005,235,918,35,2337,2572,1.0,0.09136858475894245,0.9086314152410575,1619,0.3569206842923795,0.013608087091757388,0.6294712286158631
1423,Prince George's,3005,Prince George's Precinct 03-003,330,1294,63,2675,3005,1.0,0.10981697171381032,0.8901830282861897,1648,0.43061564059900165,0.020965058236272878,0.5484193011647255
1424,Prince George's,2643,Prince George's Precinct 07-012,84,1162,22,2559,2643,1.0,0.03178206583427923,0.9682179341657208,1459,0.43965191070752935,0.00832387438516837,0.5520242149073024
1425,Prince George's,1936,Prince George's Precinct 13-013,57,840,36,1879,1936,1.0,0.029442148760330578,0.9705578512396694,1060,0.43388429752066116,0.01859504132231405,0.5475206611570248
1426,Prince George's,2052,Prince George's Precinct 07-013,142,986,36,1910,2052,1.0,0.06920077972709551,0.9307992202729045,1030,0.48050682261208577,0.017543859649122806,0.5019493177387915
1427,Prince George's,2806,Prince George's Precinct 03-006,90,1291,40,2716,2806,1.0,0.03207412687099073,0.9679258731290092,1475,0.46008553100498933,0.014255167498218105,0.5256593014967926
1428,Prince George's,2583,Prince George's Precinct 07-015,80,1348,34,2503,2583,1.0,0.03097173828881146,0.9690282617111885,1201,0.5218737901664731,0.01316298877274487,0.46496322106078203
1429,Prince George's,3410,Prince George's Precinct 07-011,119,1257,39,3291,3410,1.0,0.034897360703812316,0.9651026392961877,2114,0.36862170087976537,0.011436950146627566,0.6199413489736071
1430,Prince George's,3276,Prince George's Precinct 07-009,309,1387,75,2967,3276,1.0,0.09432234432234432,0.9056776556776557,1814,0.4233821733821734,0.022893772893772892,0.5537240537240538
1431,Prince George's,3105,Prince George's Precinct 03-002,469,1306,93,2636,3105,1.0,0.15104669887278582,0.8489533011272141,1706,0.42061191626409017,0.02995169082125604,0.5494363929146537
1432,Prince George's,2246,Prince George's Precinct 07-006,744,848,167,1502,2246,1.0,0.3312555654496883,0.6687444345503116,1231,0.377560106856634,0.07435440783615316,0.5480854853072128
1433,Prince George's,2272,Prince George's Precinct 07-008,707,784,135,1565,2272,1.0,0.31117957746478875,0.6888204225352113,1353,0.34507042253521125,0.05941901408450704,0.5955105633802817
1434,Prince George's,1809,Prince George's Precinct 07-014,794,623,195,1015,1809,1.0,0.4389165284687673,0.5610834715312327,991,0.34438916528468766,0.1077943615257048,0.5478164731896075
1435,Prince George's,5609,Prince George's Precinct 07-001,1105,2018,236,4504,5609,1.0,0.19700481369228026,0.8029951863077197,3355,0.3597789267249064,0.042075236227491535,0.598145837047602
1436,Prince George's,2447,Prince George's Precinct 14-007,635,991,120,1812,2447,1.0,0.2595014303228443,0.7404985696771557,1336,0.404985696771557,0.049039640375970577,0.5459746628524724
1437,Prince George's,2578,Prince George's Precinct 14-001,1082,1006,206,1496,2578,1.0,0.4197051978277735,0.5802948021722265,1366,0.39022498060512023,0.07990690457719161,0.5298681148176881
1438,Prince George's,1468,Prince George's Precinct 07-016,687,411,158,781,1468,1.0,0.46798365122615804,0.532016348773842,899,0.27997275204359673,0.10762942779291552,0.6123978201634878
1439,Prince George's,1951,Prince George's Precinct 14-010,641,725,137,1310,1951,1.0,0.3285494618144541,0.6714505381855459,1089,0.371604305484367,0.07022039979497693,0.5581752947206561
1440,Prince George's,2627,Prince George's Precinct 07-005,1543,789,357,1084,2627,1.0,0.5873620098972212,0.41263799010277885,1481,0.300342596117244,0.1358964598401218,0.5637609440426342
1441,Montgomery,1933,Montgomery Precinct 13-031,950,747,151,983,1933,1.0,0.49146404552509054,0.5085359544749095,1035,0.38644593895499224,0.07811691670977755,0.5354371443352303
1442,Montgomery,1911,Montgomery Precinct 13-059,1023,563,145,888,1911,1.0,0.5353218210361067,0.46467817896389324,1203,0.2946101517530089,0.07587650444793302,0.6295133437990581
1443,Montgomery,3612,Montgomery Precinct 13-027,1645,1046,258,1967,3612,1.0,0.45542635658914726,0.5445736434108527,2308,0.28959025470653377,0.07142857142857142,0.6389811738648948
1444,Montgomery,4634,Montgomery Precinct 13-030,871,886,178,3763,4634,1.0,0.18795856711264566,0.8120414328873543,3570,0.19119551143720329,0.038411739318083726,0.770392749244713
1445,Montgomery,4064,Montgomery Precinct 13-029,1148,960,195,2916,4064,1.0,0.2824803149606299,0.71751968503937,2909,0.23622047244094488,0.04798228346456693,0.7157972440944882
1446,Montgomery,1911,Montgomery Precinct 13-053,1016,641,201,895,1911,1.0,0.531658817373103,0.4683411826268969,1069,0.33542647828362115,0.10518053375196232,0.5593929879644165
1447,Montgomery,4095,Montgomery Precinct 13-032,1317,1039,143,2778,4095,1.0,0.32161172161172163,0.6783882783882784,2913,0.2537240537240537,0.03492063492063492,0.7113553113553114
1448,Montgomery,4453,Montgomery Precinct 13-044,1126,991,203,3327,4453,1.0,0.2528632382663373,0.7471367617336627,3259,0.22254659779923647,0.0455872445542331,0.7318661576465304
1449,Montgomery,2314,Montgomery Precinct 13-010,1108,531,49,1206,2314,1.0,0.4788245462402766,0.5211754537597234,1734,0.22947277441659464,0.021175453759723423,0.749351771823682
1450,Montgomery,3425,Montgomery Precinct 13-005,1473,740,87,1952,3425,1.0,0.4300729927007299,0.56992700729927,2598,0.21605839416058395,0.0254014598540146,0.7585401459854014
1451,Montgomery,2283,Montgomery Precinct 13-019,1401,893,219,882,2283,1.0,0.6136662286465178,0.38633377135348224,1171,0.39115199299167763,0.09592641261498029,0.5129215943933421
1452,Montgomery,2350,Montgomery Precinct 13-050,1442,752,87,908,2350,1.0,0.6136170212765958,0.38638297872340427,1511,0.32,0.03702127659574468,0.6429787234042553
1453,Montgomery,3765,Montgomery Precinct 13-013,1279,880,82,2486,3765,1.0,0.3397078353253652,0.6602921646746348,2803,0.2337317397078353,0.021779548472775564,0.7444887118193891
1454,Montgomery,2381,Montgomery Precinct 13-023,1843,980,313,538,2381,1.0,0.7740445191096178,0.2259554808903822,1088,0.4115917681646367,0.13145737085258294,0.45695086098278037
1455,Montgomery,1565,Montgomery Precinct 13-042,700,567,103,865,1565,1.0,0.4472843450479233,0.5527156549520766,895,0.3623003194888179,0.065814696485623,0.5718849840255591
1456,Montgomery,1679,Montgomery Precinct 13-057,841,430,119,838,1679,1.0,0.5008933889219773,0.4991066110780226,1130,0.25610482430017867,0.07087552114353782,0.6730196545562835
1457,Montgomery,2284,Montgomery Precinct 13-063,625,411,132,1659,2284,1.0,0.2736427320490368,0.7263572679509632,1741,0.17994746059544658,0.05779334500875657,0.7622591943957968
1458,Montgomery,3381,Montgomery Precinct 13-011,1574,1184,231,1807,3381,1.0,0.4655427388346643,0.5344572611653357,1966,0.3501922508133688,0.06832298136645963,0.5814847678201716
1459,Montgomery,2099,Montgomery Precinct 13-033,1120,777,206,979,2099,1.0,0.533587422582182,0.466412577417818,1116,0.3701762744163888,0.09814197236779419,0.531681753215817
1460,Montgomery,1827,Montgomery Precinct 13-020,1491,735,316,336,1827,1.0,0.8160919540229885,0.1839080459770115,776,0.40229885057471265,0.17296113847837985,0.4247400109469075
1461,Prince George's,5205,Prince George's Precinct 17-007,218,1312,43,4987,5205,1.0,0.04188280499519693,0.9581171950048031,3850,0.2520653218059558,0.008261287223823247,0.7396733909702209
1462,Prince George's,3271,Prince George's Precinct 17-006,182,555,49,3089,3271,1.0,0.05564047691837359,0.9443595230816264,2667,0.16967288291042495,0.01498012840110058,0.8153469886884744
1463,Montgomery,2481,Montgomery Precinct 13-006,1675,1102,38,806,2481,1.0,0.675130995566304,0.3248690044336961,1341,0.44417573559048773,0.015316404675534058,0.5405078597339782
1464,Prince George's,6128,Prince George's Precinct 17-011,159,1072,41,5969,6128,1.0,0.025946475195822456,0.9740535248041775,5015,0.17493472584856398,0.006690600522193211,0.8183746736292428
1465,Prince George's,1828,Prince George's Precinct 17-005,235,487,32,1593,1828,1.0,0.12855579868708972,0.8714442013129103,1309,0.26641137855579866,0.0175054704595186,0.7160831509846827
1466,Prince George's,11788,Prince George's Precinct 17-003,289,738,56,11499,11788,1.0,0.024516457414319646,0.9754835425856804,10994,0.06260604004071937,0.004750593824228029,0.9326433661350526
1467,Prince George's,2108,Prince George's Precinct 20-004,210,751,39,1898,2108,1.0,0.09962049335863378,0.9003795066413662,1318,0.3562618595825427,0.018500948766603416,0.6252371916508539
1468,Prince George's,4017,Prince George's Precinct 13-015,398,1605,83,3619,4017,1.0,0.0990789146128952,0.9009210853871048,2329,0.39955190440627336,0.0206621857107294,0.5797859098829973
1469,Prince George's,2880,Prince George's Precinct 20-008,292,1140,80,2588,2880,1.0,0.10138888888888889,0.8986111111111111,1660,0.3958333333333333,0.027777777777777776,0.5763888888888888
1470,Prince George's,4069,Prince George's Precinct 14-002,436,1564,97,3633,4069,1.0,0.10715163430818384,0.8928483656918161,2408,0.3843696239862374,0.02383878102727943,0.5917915949864831
1471,Prince George's,1627,Prince George's Precinct 20-009,352,821,63,1275,1627,1.0,0.21634910878918254,0.7836508912108174,743,0.5046097111247695,0.03872157344806392,0.4566687154271666
1472,Prince George's,3117,Prince George's Precinct 21-013,555,1148,72,2562,3117,1.0,0.17805582290664101,0.821944177093359,1897,0.36830285530959256,0.023099133782483156,0.6085980109079243
1473,Prince George's,2475,Prince George's Precinct 10-011,490,841,111,1985,2475,1.0,0.19797979797979798,0.802020202020202,1523,0.3397979797979798,0.044848484848484846,0.6153535353535353
1474,Prince George's,3268,Prince George's Precinct 14-008,577,1114,119,2691,3268,1.0,0.17656058751529988,0.8234394124847001,2035,0.3408812729498164,0.036413708690330476,0.6227050183598531
1475,Prince George's,1816,Prince George's Precinct 10-010,503,691,100,1313,1816,1.0,0.27698237885462557,0.7230176211453745,1025,0.3805066079295154,0.05506607929515418,0.5644273127753304
1476,Montgomery,2828,Montgomery Precinct 13-028,772,590,144,2056,2828,1.0,0.272984441301273,0.727015558698727,2094,0.20862800565770862,0.05091937765205092,0.7404526166902404
1477,Montgomery,2804,Montgomery Precinct 13-001,1219,771,256,1585,2804,1.0,0.4347360912981455,0.5652639087018545,1777,0.27496433666191156,0.0912981455064194,0.6337375178316691
1478,Montgomery,3327,Montgomery Precinct 13-055,474,659,48,2853,3327,1.0,0.1424706943192065,0.8575293056807936,2620,0.19807634505560565,0.014427412082957619,0.7874962428614367
1479,Montgomery,4237,Montgomery Precinct 13-054,3592,1175,499,645,4237,1.0,0.8477696483360868,0.15223035166391313,2563,0.2773188576823224,0.11777200849657776,0.6049091338210998
1480,Montgomery,2942,Montgomery Precinct 13-069,2441,885,299,501,2942,1.0,0.8297076818490823,0.17029231815091775,1758,0.3008157715839565,0.10163154316791298,0.5975526852481305
1481,Montgomery,2381,Montgomery Precinct 13-061,1119,1477,447,1262,2381,1.0,0.46997060058798823,0.5300293994120118,457,0.620327593448131,0.1877362452750945,0.19193616127677446
1482,Montgomery,1528,Montgomery Precinct 05-022,892,473,153,636,1528,1.0,0.5837696335078534,0.4162303664921466,902,0.30955497382198954,0.10013089005235602,0.5903141361256544
1483,Montgomery,3868,Montgomery Precinct 05-009,1730,1186,454,2138,3868,1.0,0.44725956566701136,0.5527404343329886,2228,0.3066184074457084,0.11737331954498449,0.5760082730093071
1484,Montgomery,3207,Montgomery Precinct 05-016,1526,1121,399,1681,3207,1.0,0.4758341128780792,0.5241658871219208,1687,0.3495478640473963,0.1244153414405987,0.526036794512005
1485,Montgomery,2145,Montgomery Precinct 08-010,1308,622,299,837,2145,1.0,0.6097902097902098,0.3902097902097902,1224,0.28997668997668996,0.1393939393939394,0.5706293706293706
1486,Montgomery,2954,Montgomery Precinct 08-011,1813,897,393,1141,2954,1.0,0.6137440758293838,0.3862559241706161,1664,0.3036560595802302,0.13303994583615436,0.5633039945836155
1487,Montgomery,3717,Montgomery Precinct 08-002,2746,1222,761,971,3717,1.0,0.7387678235135863,0.2612321764864138,1734,0.32875975248856604,0.20473500134517084,0.4665052461662631
1488,Montgomery,3819,Montgomery Precinct 08-006,2643,937,723,1176,3819,1.0,0.6920659858601729,0.3079340141398272,2159,0.24535218643623985,0.18931657501963864,0.5653312385441215
1489,Montgomery,3868,Montgomery Precinct 05-011,1493,1098,312,2375,3868,1.0,0.3859875904860393,0.6140124095139607,2458,0.2838676318510858,0.08066184074457083,0.6354705274043433
1490,Montgomery,2076,Montgomery Precinct 05-008,519,666,129,1557,2076,1.0,0.25,0.75,1281,0.3208092485549133,0.06213872832369942,0.6170520231213873
1491,Montgomery,3479,Montgomery Precinct 05-015,1827,756,454,1652,3479,1.0,0.5251509054325956,0.47484909456740443,2269,0.21730382293762576,0.1304972693302673,0.652198907732107
1492,Montgomery,3713,Montgomery Precinct 05-001,1392,1029,356,2321,3713,1.0,0.37489900350121197,0.625100996498788,2328,0.2771343926743873,0.09587934284944788,0.6269862644761648
1493,Montgomery,3773,Montgomery Precinct 05-017,1397,839,262,2376,3773,1.0,0.37026239067055394,0.6297376093294461,2672,0.22236946726742646,0.06944076331831434,0.7081897694142593
1494,Montgomery,3392,Montgomery Precinct 05-019,1731,635,334,1661,3392,1.0,0.5103183962264151,0.4896816037735849,2423,0.1872051886792453,0.09846698113207547,0.7143278301886793
1495,Montgomery,1722,Montgomery Precinct 05-018,1069,365,229,653,1722,1.0,0.6207897793263647,0.3792102206736353,1128,0.21196283391405343,0.1329849012775842,0.6550522648083623
1496,Howard,2112,Howard Precinct 05-011,1724,558,562,388,2112,1.0,0.8162878787878788,0.18371212121212122,992,0.26420454545454547,0.26609848484848486,0.4696969696969697
1497,Howard,1558,Howard Precinct 05-020,1249,409,449,309,1558,1.0,0.8016688061617459,0.19833119383825418,700,0.2625160462130937,0.2881899871630295,0.4492939666238768
1498,Howard,1752,Howard Precinct 04-006,1451,360,598,301,1752,1.0,0.8281963470319634,0.17180365296803654,794,0.2054794520547945,0.341324200913242,0.4531963470319635
1499,Howard,1427,Howard Precinct 04-002,1273,312,533,154,1427,1.0,0.8920812894183602,0.1079187105816398,582,0.21864050455501052,0.373510861948143,0.4078486334968465
1500,Howard,2228,Howard Precinct 05-019,1846,479,676,382,2228,1.0,0.8285457809694794,0.17145421903052063,1073,0.21499102333931777,0.30341113105924594,0.48159784560143626
1501,Howard,2504,Howard Precinct 05-001,1817,608,675,687,2504,1.0,0.7256389776357828,0.2743610223642173,1221,0.24281150159744408,0.26956869009584666,0.48761980830670926
1502,Howard,1727,Howard Precinct 03-006,1346,362,496,381,1727,1.0,0.7793862188766647,0.22061378112333527,869,0.20961204400694847,0.2872032426172554,0.5031847133757962
1503,Prince George's,4719,Prince George's Precinct 01-001,1090,1301,258,3629,4719,1.0,0.23098114007204917,0.7690188599279508,3160,0.27569400296673024,0.05467260012714558,0.6696333969061242
1504,Montgomery,4171,Montgomery Precinct 05-002,955,979,113,3216,4171,1.0,0.22896187964516904,0.771038120354831,3079,0.23471589546871255,0.027091824502517382,0.7381922800287701
1505,Montgomery,5053,Montgomery Precinct 05-021,610,1003,105,4443,5053,1.0,0.12072036414011478,0.8792796358598852,3945,0.19849594300415593,0.020779734811003363,0.7807243221848407
1506,Prince George's,3119,Prince George's Precinct 01-004,1032,782,236,2087,3119,1.0,0.3308752805386342,0.6691247194613659,2101,0.2507213850593139,0.07566527733247835,0.6736133376082077
1507,Prince George's,3959,Prince George's Precinct 10-013,1179,1365,239,2780,3959,1.0,0.2978024753725688,0.7021975246274311,2355,0.3447840363728214,0.06036877999494822,0.5948471836322303
1508,Prince George's,3293,Prince George's Precinct 10-005,2310,972,582,983,3293,1.0,0.7014880048587914,0.29851199514120863,1739,0.29517157607045247,0.17673853628909808,0.5280898876404494
1509,Howard,2158,Howard Precinct 05-006,1511,625,541,647,2158,1.0,0.7001853568118629,0.29981464318813716,992,0.2896200185356812,0.25069508804448565,0.45968489341983315
1510,Howard,2369,Howard Precinct 06-028,1575,636,494,794,2369,1.0,0.6648374841705361,0.33516251582946394,1239,0.268467707893626,0.20852680455888561,0.5230054875474884
1511,Howard,1568,Howard Precinct 06-032,1213,386,347,355,1568,1.0,0.7735969387755102,0.2264030612244898,835,0.2461734693877551,0.22130102040816327,0.5325255102040817
1512,Howard,1414,Howard Precinct 06-003,1102,372,268,312,1414,1.0,0.7793493635077794,0.22065063649222066,774,0.26308345120226306,0.18953323903818953,0.5473833097595474
1513,Howard,2320,Howard Precinct 05-005,1501,643,482,819,2320,1.0,0.6469827586206897,0.35301724137931034,1195,0.2771551724137931,0.20775862068965517,0.5150862068965517
1514,Howard,1265,Howard Precinct 05-013,838,341,148,427,1265,1.0,0.6624505928853754,0.3375494071146245,776,0.26956521739130435,0.11699604743083004,0.6134387351778656
1515,Prince George's,3641,Prince George's Precinct 10-006,792,1282,187,2849,3641,1.0,0.2175226586102719,0.7824773413897281,2172,0.3521010711343038,0.0513595166163142,0.596539412249382
1516,Prince George's,5674,Prince George's Precinct 10-012,1116,1749,232,4558,5674,1.0,0.19668664081776524,0.8033133591822348,3693,0.3082481494536482,0.040888262248854425,0.6508635882974974
1517,Prince George's,2589,Prince George's Precinct 10-008,672,719,127,1917,2589,1.0,0.25955967555040554,0.7404403244495944,1743,0.2777134028582464,0.049053688682889146,0.6732329084588644
1518,Prince George's,2312,Prince George's Precinct 10-007,684,744,149,1628,2312,1.0,0.2958477508650519,0.7041522491349481,1419,0.3217993079584775,0.06444636678200692,0.6137543252595156
1519,Montgomery,2978,Montgomery Precinct 04-016,1734,1201,506,1244,2978,1.0,0.5822699798522498,0.4177300201477502,1271,0.40329079919409,0.1699126930826058,0.42679650772330424
1520,Montgomery,3619,Montgomery Precinct 09-031,2072,698,300,1547,3619,1.0,0.5725338491295938,0.4274661508704062,2621,0.19287095882840563,0.08289582757667864,0.7242332135949158
1521,Montgomery,2298,Montgomery Precinct 04-025,1598,761,305,700,2298,1.0,0.6953872932985204,0.30461270670147955,1232,0.33115752828546563,0.13272410791993036,0.536118363794604
1522,Montgomery,3285,Montgomery Precinct 04-002,2202,818,306,1083,3285,1.0,0.6703196347031963,0.32968036529680367,2161,0.24901065449010654,0.09315068493150686,0.6578386605783866
1523,Montgomery,4300,Montgomery Precinct 04-005,1924,788,299,2376,4300,1.0,0.4474418604651163,0.5525581395348838,3213,0.18325581395348836,0.06953488372093024,0.7472093023255814
1524,Montgomery,4790,Montgomery Precinct 04-030,2487,844,192,2303,4790,1.0,0.5192066805845511,0.48079331941544884,3754,0.17620041753653445,0.04008350730688935,0.7837160751565762
1525,Montgomery,4662,Montgomery Precinct 04-003,3043,1113,434,1619,4662,1.0,0.6527241527241527,0.34727584727584726,3115,0.23873873873873874,0.09309309309309309,0.6681681681681682
1526,Montgomery,5108,Montgomery Precinct 04-001,2098,1090,280,3010,5108,1.0,0.4107282693813626,0.5892717306186375,3738,0.2133907595927956,0.0548159749412686,0.7317932654659358
1527,Montgomery,2330,Montgomery Precinct 04-019,1228,527,227,1102,2330,1.0,0.527038626609442,0.47296137339055794,1576,0.22618025751072962,0.09742489270386266,0.6763948497854078
1528,Montgomery,4373,Montgomery Precinct 09-002,1270,1218,402,3103,4373,1.0,0.2904184770180654,0.7095815229819346,2753,0.27852732677795566,0.09192773839469472,0.6295449348273496
1529,Montgomery,2013,Montgomery Precinct 09-010,999,625,186,1014,2013,1.0,0.496274217585693,0.503725782414307,1202,0.310481867858917,0.09239940387481371,0.5971187282662692
1530,Montgomery,2692,Montgomery Precinct 09-020,900,1534,477,1792,2692,1.0,0.3343239227340267,0.6656760772659732,681,0.5698365527488856,0.17719167904903418,0.2529717682020802
1531,Montgomery,6198,Montgomery Precinct 09-007,1690,1139,198,4508,6198,1.0,0.27266860277508875,0.7273313972249112,4861,0.18376895772829946,0.031945788964181994,0.7842852533075185
1532,Montgomery,2732,Montgomery Precinct 09-021,1219,602,422,1513,2732,1.0,0.44619326500732065,0.5538067349926794,1708,0.22035139092240116,0.15446559297218154,0.6251830161054173
1533,Montgomery,3032,Montgomery Precinct 01-003,1503,906,393,1529,3032,1.0,0.495712401055409,0.5042875989445911,1733,0.29881266490765174,0.12961741424802112,0.5715699208443272
1534,Montgomery,2208,Montgomery Precinct 09-036,721,532,175,1487,2208,1.0,0.32653985507246375,0.6734601449275363,1501,0.24094202898550723,0.0792572463768116,0.6798007246376812
1535,Montgomery,2513,Montgomery Precinct 09-014,1479,716,300,1034,2513,1.0,0.5885395941106247,0.41146040588937527,1497,0.2849184241941902,0.1193792280143255,0.5957023477914842
1536,Montgomery,2630,Montgomery Precinct 09-037,879,639,234,1751,2630,1.0,0.33422053231939164,0.6657794676806084,1757,0.2429657794676806,0.08897338403041825,0.6680608365019012
1537,Montgomery,3688,Montgomery Precinct 09-004,1261,901,312,2427,3688,1.0,0.34191973969631234,0.6580802603036876,2475,0.2443058568329718,0.08459869848156182,0.6710954446854663
1538,Montgomery,2392,Montgomery Precinct 01-004,896,647,305,1496,2392,1.0,0.3745819397993311,0.6254180602006689,1440,0.27048494983277593,0.12750836120401338,0.6020066889632107
1539,Montgomery,1813,Montgomery Precinct 01-006,1015,468,315,798,1813,1.0,0.5598455598455598,0.44015444015444016,1030,0.2581356867071153,0.17374517374517376,0.568119139547711
1540,Montgomery,2859,Montgomery Precinct 01-005,1725,697,607,1134,2859,1.0,0.6033578174186779,0.39664218258132217,1555,0.24379153550192376,0.21231199720181881,0.5438964672962574
1541,Prince George's,4015,Prince George's Precinct 17-001,867,1290,76,3148,4015,1.0,0.21594022415940226,0.7840597758405977,2649,0.32129514321295144,0.018929016189290163,0.6597758405977584
1542,Prince George's,4299,Prince George's Precinct 17-004,184,944,32,4115,4299,1.0,0.04280065131425913,0.9571993486857409,3323,0.21958595022098162,0.007443591532914631,0.7729704582461038
1543,Prince George's,4706,Prince George's Precinct 16-004,679,1055,105,4027,4706,1.0,0.14428389290267743,0.8557161070973226,3546,0.2241818954526137,0.022311942201444963,0.7535061623459414
1544,Prince George's,2240,Prince George's Precinct 17-002,384,674,50,1856,2240,1.0,0.17142857142857143,0.8285714285714286,1516,0.30089285714285713,0.022321428571428572,0.6767857142857143
1545,Prince George's,2034,Prince George's Precinct 02-002,261,579,48,1773,2034,1.0,0.12831858407079647,0.8716814159292036,1407,0.28466076696165193,0.02359882005899705,0.6917404129793511
1547,Prince George's,951,Prince George's Precinct 16-002,359,367,57,592,951,1.0,0.3774973711882229,0.6225026288117771,527,0.38590956887486855,0.05993690851735016,0.5541535226077813
1548,Prince George's,4706,Prince George's Precinct 16-003,1856,1537,203,2850,4706,1.0,0.3943901402464938,0.6056098597535061,2966,0.3266043348916277,0.043136421589460267,0.630259243518912
1549,Prince George's,154,Prince George's Precinct 16-005,43,50,13,111,154,1.0,0.2792207792207792,0.7207792207792207,91,0.3246753246753247,0.08441558441558442,0.5909090909090909
1550,Prince George's,6797,Prince George's Precinct 17-010,330,1263,83,6467,6797,1.0,0.048550831249080474,0.9514491687509196,5451,0.18581727232602618,0.012211269677799029,0.8019714579961748
1551,Prince George's,5527,Prince George's Precinct 17-008,1048,1084,96,4479,5527,1.0,0.1896146191423919,0.8103853808576081,4347,0.19612809842590917,0.01736927808937941,0.7865026234847114
1552,Prince George's,3704,Prince George's Precinct 17-009,589,634,79,3115,3704,1.0,0.1590172786177106,0.8409827213822895,2991,0.17116630669546437,0.02132829373650108,0.8075053995680346
1553,Prince George's,1964,Prince George's Precinct 19-003,1471,848,153,493,1964,1.0,0.7489816700610998,0.2510183299389002,963,0.4317718940936864,0.07790224032586558,0.49032586558044805
1554,Prince George's,465,Prince George's Precinct 21-012,342,175,66,123,465,1.0,0.7354838709677419,0.2645161290322581,224,0.3763440860215054,0.14193548387096774,0.4817204301075269
1555,Prince George's,10748,Prince George's Precinct 21-017,6779,1139,235,3969,10748,1.0,0.6307219947897283,0.36927800521027165,9374,0.10597320431708225,0.021864532936360252,0.8721622627465575
1556,Montgomery,3296,Montgomery Precinct 13-018,1232,868,102,2064,3296,1.0,0.3737864077669903,0.6262135922330098,2326,0.2633495145631068,0.030946601941747573,0.7057038834951457
1557,Montgomery,6272,Montgomery Precinct 13-022,1086,1154,91,5186,6272,1.0,0.17315051020408162,0.8268494897959183,5027,0.1839923469387755,0.014508928571428572,0.8014987244897959
1558,Montgomery,2160,Montgomery Precinct 05-003,883,1434,297,1277,2160,1.0,0.40879629629629627,0.5912037037037037,429,0.6638888888888889,0.1375,0.1986111111111111
1559,Prince George's,5990,Prince George's Precinct 17-012,431,1009,61,5559,5990,1.0,0.07195325542570952,0.9280467445742905,4920,0.16844741235392321,0.01018363939899833,0.8213689482470785
1560,Montgomery,5829,Montgomery Precinct 05-014,601,643,86,5228,5829,1.0,0.10310516383599246,0.8968948361640076,5100,0.11031051638359925,0.014753817121290102,0.8749356664951107
1561,Montgomery,3086,Montgomery Precinct 05-010,859,676,119,2227,3086,1.0,0.2783538561244329,0.721646143875567,2291,0.21905379131561892,0.03856124432922878,0.7423849643551523
1562,Montgomery,2340,Montgomery Precinct 05-005,1093,829,179,1247,2340,1.0,0.4670940170940171,0.5329059829059829,1332,0.3542735042735043,0.0764957264957265,0.5692307692307692
1563,Montgomery,4504,Montgomery Precinct 05-006,1382,1076,290,3122,4504,1.0,0.30683836589698044,0.6931616341030196,3138,0.238898756660746,0.06438721136767318,0.6967140319715808
1565,Prince George's,2857,Prince George's Precinct 21-005,441,674,118,2416,2857,1.0,0.1543577178858943,0.8456422821141057,2065,0.23591179558977948,0.04130206510325516,0.7227861393069653
1566,Prince George's,2323,Prince George's Precinct 21-015,1101,422,147,1222,2323,1.0,0.47395609126130006,0.5260439087387,1754,0.1816616444253121,0.06328024106758502,0.7550581145071029
1567,Prince George's,1633,Prince George's Precinct 21-014,475,488,127,1158,1633,1.0,0.2908756889161053,0.7091243110838946,1018,0.2988364972443356,0.07777097366809553,0.6233925290875689
1568,Prince George's,5119,Prince George's Precinct 01-003,746,1188,117,4373,5119,1.0,0.14573158820082047,0.8542684117991796,3814,0.23207657745653448,0.022856026567689,0.7450673959757765
1569,Montgomery,1247,Montgomery Precinct 05-004,492,663,177,755,1247,1.0,0.3945469125902165,0.6054530874097834,407,0.5316760224538893,0.14194065757818766,0.326383319967923
1570,Howard,1476,Howard Precinct 05-023,899,401,142,577,1476,1.0,0.6090785907859079,0.39092140921409213,933,0.27168021680216803,0.09620596205962059,0.6321138211382114
1571,Howard,2674,Howard Precinct 05-009,883,597,164,1791,2674,1.0,0.33021690351533284,0.6697830964846672,1913,0.2232610321615557,0.061331338818249814,0.7154076290201945
1572,Howard,837,Howard Precinct 05-002,604,299,92,233,837,1.0,0.7216248506571087,0.27837514934289126,446,0.35722819593787336,0.10991636798088411,0.5328554360812425
1573,Howard,70,Howard Precinct 02-022,57,13,13,13,70,1.0,0.8142857142857143,0.18571428571428572,44,0.18571428571428572,0.18571428571428572,0.6285714285714286
1574,Howard,2055,Howard Precinct 03-003,1577,444,569,478,2055,1.0,0.767396593673966,0.23260340632603407,1042,0.21605839416058395,0.27688564476885646,0.5070559610705596
1575,Howard,1663,Howard Precinct 03-001,1335,318,429,328,1663,1.0,0.8027660853878533,0.19723391461214673,916,0.19122068550811785,0.2579675285628382,0.5508117859290439
1576,Howard,228,Howard Precinct 03-004,180,53,74,48,228,1.0,0.7894736842105263,0.21052631578947367,101,0.2324561403508772,0.32456140350877194,0.44298245614035087
1577,Howard,2119,Howard Precinct 02-017,1305,560,386,814,2119,1.0,0.6158565361019349,0.38414346389806514,1173,0.26427560169891456,0.18216139688532326,0.5535630014157622
1578,Howard,2614,Howard Precinct 05-015,1651,767,286,963,2614,1.0,0.6315990818668707,0.3684009181331293,1561,0.2934200459066565,0.10941086457536343,0.5971690895179801
1579,Howard,2031,Howard Precinct 05-008,1199,616,134,832,2031,1.0,0.5903495814869523,0.4096504185130478,1281,0.3032988675529296,0.06597735105859183,0.6307237813884786
1580,Howard,2609,Howard Precinct 05-004,1301,740,214,1308,2609,1.0,0.49865848984285166,0.5013415101571483,1655,0.28363357608279033,0.08202376389421234,0.6343426600229973
1581,Howard,802,Howard Precinct 06-012,491,265,105,311,802,1.0,0.6122194513715711,0.3877805486284289,432,0.33042394014962595,0.13092269326683292,0.5386533665835411
1582,Howard,2061,Howard Precinct 06-008,763,519,127,1298,2061,1.0,0.37020863658418246,0.6297913634158175,1415,0.25181950509461426,0.061620572537603106,0.6865599223677826
1583,Howard,2606,Howard Precinct 06-017,1064,802,155,1542,2606,1.0,0.40828856485034537,0.5917114351496546,1649,0.30775134305448965,0.05947812739831159,0.6327705295471988
1584,Howard,2144,Howard Precinct 06-009,765,704,142,1379,2144,1.0,0.3568097014925373,0.6431902985074627,1298,0.3283582089552239,0.06623134328358209,0.605410447761194
1585,Howard,850,Howard Precinct 05-014,658,243,136,192,850,1.0,0.7741176470588236,0.22588235294117648,471,0.2858823529411765,0.16,0.5541176470588235
1586,Howard,1183,Howard Precinct 02-010,877,369,233,306,1183,1.0,0.7413355874894336,0.2586644125105664,581,0.31191885038038886,0.19695688926458157,0.4911242603550296
1587,Howard,3236,Howard Precinct 05-003,1699,818,195,1537,3236,1.0,0.5250309023485785,0.47496909765142153,2223,0.2527812113720643,0.060259579728059336,0.6869592088998764
1588,Howard,2420,Howard Precinct 05-016,1314,527,160,1106,2420,1.0,0.5429752066115703,0.4570247933884298,1733,0.21776859504132232,0.06611570247933884,0.7161157024793389
1589,Howard,993,Howard Precinct 02-014,745,337,159,248,993,1.0,0.7502517623363545,0.2497482376636455,497,0.3393756294058409,0.16012084592145015,0.500503524672709
1590,Howard,1506,Howard Precinct 06-005,939,495,158,567,1506,1.0,0.6235059760956175,0.37649402390438247,853,0.3286852589641434,0.1049136786188579,0.5664010624169987
1591,Howard,1730,Howard Precinct 06-031,773,522,109,957,1730,1.0,0.44682080924855494,0.5531791907514451,1099,0.3017341040462428,0.0630057803468208,0.6352601156069364
1592,Howard,1628,Howard Precinct 06-010,1035,609,196,593,1628,1.0,0.6357493857493858,0.3642506142506142,823,0.3740786240786241,0.12039312039312039,0.5055282555282555
1593,Howard,1514,Howard Precinct 06-011,851,648,220,663,1514,1.0,0.5620871862615587,0.4379128137384412,646,0.42800528401585203,0.1453104359313078,0.42668428005284015
1594,Howard,1798,Howard Precinct 06-021,607,440,92,1191,1798,1.0,0.3375973303670745,0.6624026696329255,1266,0.2447163515016685,0.05116796440489433,0.7041156840934372
1595,Howard,1657,Howard Precinct 06-014,910,575,159,747,1657,1.0,0.5491852745926373,0.4508147254073627,923,0.34701267350633674,0.09595654797827399,0.5570307785153893
1596,Howard,2698,Howard Precinct 06-016,1280,764,215,1418,2698,1.0,0.4744255003706449,0.5255744996293551,1719,0.28317272053372866,0.07968865826538177,0.6371386212008896
1597,Howard,1142,Howard Precinct 06-006,821,471,151,321,1142,1.0,0.7189141856392294,0.28108581436077057,520,0.4124343257443082,0.13222416812609458,0.4553415061295972
1598,Howard,1146,Howard Precinct 02-020,847,272,148,299,1146,1.0,0.7390924956369983,0.26090750436300175,726,0.23734729493891799,0.12914485165794065,0.6335078534031413
1599,Howard,965,Howard Precinct 02-013,738,308,164,227,965,1.0,0.7647668393782383,0.23523316062176167,493,0.31917098445595854,0.1699481865284974,0.510880829015544
1600,Howard,2258,Howard Precinct 02-004,994,513,252,1264,2258,1.0,0.4402125775022144,0.5597874224977857,1493,0.22719220549158547,0.11160318866253321,0.6612046058458814
1601,Howard,2706,Howard Precinct 02-003,2051,702,538,655,2706,1.0,0.7579453067257945,0.24205469327420548,1466,0.25942350332594233,0.19881744271988175,0.5417590539541759
1602,Anne Arundel,6637,Anne Arundel Precinct 04-007,3576,680,237,3061,6637,1.0,0.5387976495404551,0.461202350459545,5720,0.10245592888353172,0.03570890462558385,0.8618351664908844
1603,Anne Arundel,2138,Anne Arundel Precinct 04-019,624,650,103,1514,2138,1.0,0.29186155285313375,0.7081384471468662,1385,0.304022450888681,0.04817586529466791,0.647801683816651
1604,Anne Arundel,1672,Anne Arundel Precinct 04-011,1012,452,262,660,1672,1.0,0.6052631578947368,0.39473684210526316,958,0.2703349282296651,0.15669856459330145,0.5729665071770335
1605,Anne Arundel,1787,Anne Arundel Precinct 04-012,1244,370,316,543,1787,1.0,0.6961387800783436,0.30386121992165643,1101,0.20705092333519864,0.17683268047006157,0.6161163961947398
1606,Anne Arundel,1872,Anne Arundel Precinct 04-003,1469,299,403,403,1872,1.0,0.7847222222222222,0.2152777777777778,1170,0.1597222222222222,0.2152777777777778,0.625
1607,Anne Arundel,2203,Anne Arundel Precinct 04-002,1531,465,424,672,2203,1.0,0.6949614162505674,0.3050385837494326,1314,0.21107580571947346,0.19246482069904675,0.5964593735814798
1608,Anne Arundel,3982,Anne Arundel Precinct 04-024,1617,966,248,2365,3982,1.0,0.40607734806629836,0.5939226519337016,2768,0.24259166248116523,0.0622802611752888,0.695128076343546
1609,Anne Arundel,2792,Anne Arundel Precinct 04-018,453,881,93,2339,2792,1.0,0.16224928366762179,0.8377507163323782,1818,0.31554441260744986,0.03330945558739255,0.6511461318051576
1610,Anne Arundel,2335,Anne Arundel Precinct 02-023,1669,488,414,666,2335,1.0,0.7147751605995717,0.28522483940042825,1433,0.20899357601713062,0.17730192719486082,0.6137044967880085
1611,Anne Arundel,2103,Anne Arundel Precinct 02-024,1550,422,386,553,2103,1.0,0.7370423204945317,0.2629576795054684,1295,0.20066571564431765,0.183547313361864,0.6157869709938184
1612,Anne Arundel,2435,Anne Arundel Precinct 01-020,1182,580,317,1253,2435,1.0,0.4854209445585216,0.5145790554414784,1538,0.23819301848049282,0.13018480492813142,0.6316221765913758
1613,Anne Arundel,2219,Anne Arundel Precinct 01-021,618,677,137,1601,2219,1.0,0.2785038305543037,0.7214961694456963,1405,0.30509238395673727,0.061739522307345654,0.6331680937359171
1614,Anne Arundel,2392,Anne Arundel Precinct 01-019,966,622,264,1426,2392,1.0,0.40384615384615385,0.5961538461538461,1506,0.2600334448160535,0.11036789297658862,0.6295986622073578
1615,Anne Arundel,1877,Anne Arundel Precinct 01-005,1116,353,253,761,1877,1.0,0.5945657964837506,0.4054342035162493,1271,0.18806606286627597,0.13478955780500798,0.6771443793287161
1616,Anne Arundel,1391,Anne Arundel Precinct 01-024,699,398,192,692,1391,1.0,0.5025161754133717,0.4974838245866283,801,0.2861250898634076,0.13803019410496045,0.5758447160316319
1617,Anne Arundel,1706,Anne Arundel Precinct 02-001,1287,323,352,419,1706,1.0,0.7543962485345839,0.2456037514654162,1031,0.18933177022274325,0.2063305978898007,0.604337631887456
1618,Anne Arundel,2031,Anne Arundel Precinct 01-006,1005,582,259,1026,2031,1.0,0.4948301329394387,0.5051698670605613,1190,0.2865583456425406,0.1275233874938454,0.585918266863614
1619,Howard,1701,Howard Precinct 01-010,1139,397,267,562,1701,1.0,0.6696061140505585,0.3303938859494415,1037,0.23339212228101117,0.15696649029982362,0.6096413874191652
1620,Howard,366,Howard Precinct 01-007,217,92,56,149,366,1.0,0.592896174863388,0.40710382513661203,218,0.25136612021857924,0.15300546448087432,0.5956284153005464
1621,Howard,2763,Howard Precinct 01-003,1793,569,318,970,2763,1.0,0.6489323199420919,0.35106768005790806,1876,0.20593557727108217,0.11509229098805646,0.6789721317408614
1622,Howard,398,Howard Precinct 01-012,324,202,195,74,398,1.293159609120521,0.8140703517587939,0.18592964824120603,1,0.507537688442211,0.4899497487437186,0.002512562814070352
1623,Howard,595,Howard Precinct 01-005,437,155,152,158,595,1.0,0.7344537815126051,0.26554621848739496,288,0.2605042016806723,0.25546218487394956,0.48403361344537815
1624,Howard,1106,Howard Precinct 02-025,895,290,285,211,1106,1.0,0.8092224231464737,0.19077757685352623,531,0.26220614828209765,0.2576853526220615,0.48010849909584086
1625,Howard,2449,Howard Precinct 02-016,1747,549,395,702,2449,1.0,0.7133523887300939,0.28664761126990607,1505,0.2241731318905676,0.16129032258064516,0.6145365455287872
1626,Howard,1747,Howard Precinct 01-009,1011,497,261,736,1747,1.0,0.5787063537492845,0.4212936462507155,989,0.28448769318832284,0.1493989696622782,0.5661133371493989
1627,Howard,1552,Howard Precinct 01-014,1128,346,303,424,1552,1.0,0.7268041237113402,0.27319587628865977,903,0.22293814432989692,0.1952319587628866,0.5818298969072165
1628,Howard,2886,Howard Precinct 01-002,1980,600,439,906,2886,1.0,0.6860706860706861,0.31392931392931395,1847,0.2079002079002079,0.1521136521136521,0.63998613998614
1629,Howard,2586,Howard Precinct 01-004,1819,681,668,767,2586,1.0,0.7034029389017789,0.2965970610982212,1237,0.2633410672853828,0.25831399845320957,0.47834493426140756
1630,Howard,1159,Howard Precinct 01-011,906,282,304,253,1159,1.0,0.7817083692838654,0.2182916307161346,573,0.24331320103537532,0.26229508196721313,0.4943917169974116
1631,Howard,2733,Howard Precinct 02-002,1860,674,500,873,2733,1.0,0.6805708013172338,0.3194291986827662,1559,0.24661544090742774,0.18294914013904134,0.5704354189535309
1632,Howard,2180,Howard Precinct 02-001,1181,500,252,999,2180,1.0,0.541743119266055,0.45825688073394494,1428,0.22935779816513763,0.11559633027522936,0.655045871559633
1633,Howard,2500,Howard Precinct 02-023,936,388,151,1564,2500,1.0,0.3744,0.6256,1961,0.1552,0.0604,0.7844
1634,Prince George's,2446,Prince George's Precinct 21-007,1279,733,223,1167,2446,1.0,0.5228945216680294,0.4771054783319706,1490,0.29967293540474244,0.09116925592804578,0.6091578086672118
1635,Prince George's,3916,Prince George's Precinct 02-009,227,1296,41,3689,3916,1.0,0.057967313585291114,0.9420326864147089,2579,0.33094994892747703,0.010469867211440245,0.6585801838610827
1636,Prince George's,3022,Prince George's Precinct 02-010,285,726,41,2737,3022,1.0,0.0943084050297816,0.9056915949702184,2255,0.2402382528127068,0.013567174056915949,0.7461945731303772
1637,Prince George's,3459,Prince George's Precinct 02-006,329,1160,80,3130,3459,1.0,0.09511419485400405,0.9048858051459959,2219,0.3353570396068228,0.02312807169702226,0.6415148886961549
1638,Prince George's,2119,Prince George's Precinct 02-004,309,654,60,1810,2119,1.0,0.1458235016517225,0.8541764983482775,1405,0.30863614912694665,0.028315243039169418,0.6630486078338839
1639,Prince George's,3067,Prince George's Precinct 20-007,21,1069,21,3046,3067,1.0,0.006847081838930551,0.9931529181610694,1977,0.348549070753179,0.006847081838930551,0.6446038474078905
1640,Prince George's,2332,Prince George's Precinct 20-012,113,635,18,2219,2332,1.0,0.04845626072041166,0.9515437392795884,1679,0.2722984562607204,0.007718696397941681,0.7199828473413379
1641,Prince George's,1239,Prince George's Precinct 21-009,565,354,60,674,1239,1.0,0.45601291364003227,0.5439870863599677,825,0.2857142857142857,0.048426150121065374,0.6658595641646489
1642,Prince George's,2546,Prince George's Precinct 20-005,461,757,76,2085,2546,1.0,0.18106834249803613,0.8189316575019638,1713,0.29732914375490965,0.029850746268656716,0.6728201099764336
1643,Prince George's,2412,Prince George's Precinct 20-006,332,703,69,2080,2412,1.0,0.13764510779436154,0.8623548922056384,1640,0.29145936981757875,0.028606965174129355,0.6799336650082919
1644,Prince George's,1798,Prince George's Precinct 21-016,304,721,62,1494,1798,1.0,0.16907675194660735,0.8309232480533927,1015,0.40100111234705227,0.034482758620689655,0.5645161290322581
1645,Prince George's,3234,Prince George's Precinct 21-004,1237,630,141,1997,3234,1.0,0.38249845392702536,0.6175015460729747,2463,0.19480519480519481,0.04359925788497217,0.761595547309833
1646,Prince George's,2721,Prince George's Precinct 21-010,1330,619,176,1391,2721,1.0,0.48879088570378537,0.5112091142962146,1926,0.2274898934215362,0.06468210216832047,0.7078280044101434
1647,Prince George's,850,Prince George's Precinct 01-008,369,200,27,481,850,1.0,0.43411764705882355,0.5658823529411765,623,0.23529411764705882,0.03176470588235294,0.7329411764705882
1649,Prince George's,2859,Prince George's Precinct 01-005,1391,784,304,1468,2859,1.0,0.48653375306051067,0.5134662469394893,1771,0.27422175585869185,0.10633088492479888,0.6194473592165093
1650,Prince George's,4986,Prince George's Precinct 21-008,194,808,18,4792,4986,1.0,0.03890894504612916,0.9610910549538708,4160,0.16205375050140394,0.0036101083032490976,0.8343361411953469
1652,Prince George's,3492,Prince George's Precinct 21-003,1976,1165,187,1516,3492,1.0,0.565864833906071,0.434135166093929,2140,0.3336197021764032,0.053550973654066435,0.6128293241695304
1653,Prince George's,2659,Prince George's Precinct 21-006,1934,970,210,725,2659,1.0,0.7273411056788266,0.27265889432117335,1479,0.36479879654005265,0.07897705904475366,0.5562241444151936
1654,Prince George's,2024,Prince George's Precinct 01-002,921,468,149,1103,2024,1.0,0.4550395256916996,0.5449604743083004,1407,0.23122529644268774,0.07361660079051384,0.6951581027667985
1655,Prince George's,1731,Prince George's Precinct 01-006,330,658,77,1401,1731,1.0,0.19064124783362218,0.8093587521663779,996,0.3801270941652224,0.04448295782784518,0.5753899480069324
1656,Prince George's,2436,Prince George's Precinct 13-003,24,891,16,2412,2436,1.0,0.009852216748768473,0.9901477832512315,1529,0.3657635467980296,0.006568144499178982,0.6276683087027914
1657,Prince George's,1716,Prince George's Precinct 20-002,186,465,24,1530,1716,1.0,0.10839160839160839,0.8916083916083916,1227,0.270979020979021,0.013986013986013986,0.715034965034965
1658,Prince George's,957,Prince George's Precinct 20-013,19,253,9,938,957,1.0,0.019853709508881923,0.9801462904911181,695,0.26436781609195403,0.009404388714733543,0.7262277951933125
1659,Prince George's,1875,Prince George's Precinct 20-003,26,878,19,1849,1875,1.0,0.013866666666666666,0.9861333333333333,978,0.46826666666666666,0.010133333333333333,0.5216
1660,Prince George's,2857,Prince George's Precinct 20-011,168,1030,53,2689,2857,1.0,0.05880294014700735,0.9411970598529926,1774,0.36051802590129506,0.01855092754637732,0.6209310465523277
1661,Prince George's,3387,Prince George's Precinct 20-001,567,1039,124,2820,3387,1.0,0.16740478299379982,0.8325952170062002,2224,0.3067611455565397,0.036610569825804545,0.6566282846176558
1662,Prince George's,3358,Prince George's Precinct 21-018,545,951,87,2813,3358,1.0,0.16229898749255509,0.8377010125074449,2320,0.2832042882668255,0.025908278737343658,0.6908874329958309
1663,Prince George's,3792,Prince George's Precinct 21-011,512,1023,70,3280,3792,1.0,0.1350210970464135,0.8649789029535865,2699,0.2697784810126582,0.018459915611814346,0.7117616033755274
1664,Prince George's,2484,Prince George's Precinct 20-010,566,672,96,1918,2484,1.0,0.2278582930756844,0.7721417069243156,1716,0.27053140096618356,0.03864734299516908,0.6908212560386473
1665,Prince George's,3859,Prince George's Precinct 13-005,536,1466,29,3323,3859,1.0,0.1388960870691889,0.8611039129308111,2364,0.3798911635138637,0.007514900233221042,0.6125939362529152
1666,Prince George's,3469,Prince George's Precinct 10-001,531,992,75,2938,3469,1.0,0.15307004900547708,0.846929950994523,2402,0.2859613721533583,0.021620063418852694,0.692418564427789
1667,Prince George's,4592,Prince George's Precinct 10-002,1524,1434,286,3068,4592,1.0,0.3318815331010453,0.6681184668989547,2872,0.3122822299651568,0.062282229965156796,0.6254355400696864
1668,Prince George's,3148,Prince George's Precinct 10-004,732,1007,112,2416,3148,1.0,0.23252858958068615,0.7674714104193139,2029,0.3198856416772554,0.035578144853875476,0.6445362134688691
1669,Howard,2070,Howard Precinct 06-024,1087,513,220,983,2070,1.0,0.5251207729468599,0.4748792270531401,1337,0.24782608695652175,0.10628019323671498,0.6458937198067632
1670,Prince George's,2617,Prince George's Precinct 10-003,1178,599,192,1439,2617,1.0,0.45013374092472297,0.5498662590752771,1826,0.22888803974016048,0.07336645013374092,0.6977455101260985
1671,Howard,2038,Howard Precinct 06-015,813,620,197,1225,2038,1.0,0.3989205103042198,0.6010794896957802,1221,0.3042198233562316,0.09666339548577037,0.599116781157998
1672,Prince George's,4448,Prince George's Precinct 10-009,845,1093,101,3603,4448,1.0,0.18997302158273383,0.8100269784172662,3254,0.24572841726618705,0.022706834532374102,0.7315647482014388
1673,Anne Arundel,3177,Anne Arundel Precinct 04-017,1534,686,206,1643,3177,1.0,0.4828454516839786,0.5171545483160214,2285,0.215926975133774,0.06484104501101669,0.7192319798552094
1674,Anne Arundel,2642,Anne Arundel Precinct 04-001,1022,648,187,1620,2642,1.0,0.38682816048448143,0.6131718395155186,1807,0.24526873580620742,0.07077971233913702,0.6839515518546556
1675,Howard,2652,Howard Precinct 06-034,914,571,138,1738,2652,1.0,0.34464555052790347,0.6553544494720965,1943,0.21530920060331826,0.05203619909502263,0.7326546003016591
1676,Howard,3014,Howard Precinct 06-002,1196,937,285,1818,3014,1.0,0.39681486396814863,0.6031851360318513,1792,0.3108825481088255,0.09455872594558726,0.5945587259455872
1677,Anne Arundel,2646,Anne Arundel Precinct 04-009,961,974,237,1685,2646,1.0,0.36318972033257746,0.6368102796674225,1435,0.36810279667422524,0.08956916099773243,0.5423280423280423
1678,Howard,2624,Howard Precinct 06-035,1067,852,336,1557,2624,1.0,0.4066310975609756,0.5933689024390244,1436,0.3246951219512195,0.12804878048780488,0.5472560975609756
1679,Howard,734,Howard Precinct 06-023,589,250,152,145,734,1.0,0.8024523160762943,0.19754768392370572,332,0.3405994550408719,0.20708446866485014,0.45231607629427795
1680,Howard,732,Howard Precinct 06-025,584,225,180,148,732,1.0,0.7978142076502732,0.20218579234972678,327,0.3073770491803279,0.2459016393442623,0.44672131147540983
1681,Howard,1711,Howard Precinct 06-018,1218,530,268,493,1711,1.0,0.711864406779661,0.288135593220339,913,0.309760374050263,0.15663354763296317,0.5336060783167739
1682,Howard,2583,Howard Precinct 06-026,1654,835,252,929,2583,1.0,0.6403406891211769,0.3596593108788231,1496,0.3232675183894696,0.0975609756097561,0.5791715060007743
1683,Howard,2014,Howard Precinct 06-004,1661,690,423,353,2014,1.0,0.8247269116186693,0.17527308838133068,901,0.3426017874875869,0.21002979145978154,0.4473684210526316
1684,Howard,2046,Howard Precinct 06-027,920,610,262,1126,2046,1.0,0.4496578690127077,0.5503421309872922,1174,0.2981427174975562,0.12805474095796676,0.5738025415444771
1685,Howard,2202,Howard Precinct 06-001,1204,400,280,998,2202,1.0,0.5467756584922797,0.45322434150772023,1522,0.18165304268846502,0.1271571298819255,0.6911898274296094
1686,Howard,2052,Howard Precinct 06-033,1179,480,255,873,2052,1.0,0.5745614035087719,0.42543859649122806,1317,0.23391812865497075,0.12426900584795321,0.6418128654970761
1687,Howard,2183,Howard Precinct 06-020,1321,611,230,862,2183,1.0,0.6051305542830967,0.39486944571690336,1342,0.2798900595510765,0.10535959688502061,0.6147503435639029
1688,Howard,1571,Howard Precinct 06-013,1066,388,165,505,1571,1.0,0.6785486950986632,0.3214513049013367,1018,0.24697644812221514,0.10502864417568428,0.6479949077021006
1689,Howard,1813,Howard Precinct 06-022,1127,581,190,686,1813,1.0,0.6216216216216216,0.3783783783783784,1042,0.3204633204633205,0.10479867622724766,0.5747380033094319
1690,Howard,2296,Howard Precinct 06-019,970,676,148,1326,2296,1.0,0.42247386759581884,0.5775261324041812,1472,0.29442508710801396,0.06445993031358885,0.6411149825783972
1691,Howard,2941,Howard Precinct 05-022,1846,983,486,1095,2941,1.0,0.6276776606596396,0.3723223393403604,1472,0.3342400544032642,0.1652499149948997,0.5005100306018361
1692,Howard,2781,Howard Precinct 05-010,1666,797,492,1115,2781,1.0,0.5990650845019777,0.4009349154980223,1492,0.2865875584322186,0.17691477885652643,0.536497662711255
1693,Howard,2429,Howard Precinct 05-021,1336,713,180,1093,2429,1.0,0.5500205846027172,0.4499794153972828,1536,0.2935364347468094,0.07410456978180321,0.6323589954713874
1694,Howard,1794,Howard Precinct 05-017,1247,492,219,547,1794,1.0,0.6950947603121517,0.3049052396878484,1083,0.27424749163879597,0.12207357859531773,0.6036789297658863
1695,Howard,1525,Howard Precinct 05-018,826,433,111,699,1525,1.0,0.5416393442622951,0.4583606557377049,981,0.2839344262295082,0.07278688524590164,0.6432786885245901
1696,Howard,1777,Howard Precinct 05-007,997,500,138,780,1777,1.0,0.5610579628587508,0.4389420371412493,1139,0.28137310073157007,0.07765897580191333,0.6409679234665167
1697,Howard,1870,Howard Precinct 05-012,1022,631,175,848,1870,1.0,0.546524064171123,0.453475935828877,1064,0.33743315508021393,0.09358288770053476,0.5689839572192513
1698,Baltimore City,1766,Baltimore City Precinct 15-001,42,524,13,1724,1766,1.0,0.02378255945639864,0.9762174405436014,1229,0.29671574178935445,0.007361268403171008,0.6959229898074745
1699,Baltimore City,571,Baltimore City Precinct 28-003,5,136,5,566,571,1.0,0.008756567425569177,0.9912434325744308,430,0.2381786339754816,0.008756567425569177,0.7530647985989493
1700,Baltimore City,1228,Baltimore City Precinct 27-061,324,244,33,904,1228,1.0,0.26384364820846906,0.7361563517915309,951,0.1986970684039088,0.02687296416938111,0.7744299674267101
1701,Baltimore City,1238,Baltimore City Precinct 27-056,13,365,10,1225,1238,1.0,0.01050080775444265,0.9894991922455574,863,0.2948303715670436,0.008077544426494346,0.697092084006462
1702,Baltimore City,2460,Baltimore City Precinct 27-057,36,620,9,2424,2460,1.0,0.014634146341463415,0.9853658536585366,1831,0.25203252032520324,0.003658536585365854,0.7443089430894309
1703,Baltimore City,1163,Baltimore City Precinct 27-059,32,297,6,1131,1163,1.0,0.027515047291487533,0.9724849527085124,860,0.2553740326741187,0.005159071367153913,0.7394668959587274
1704,Baltimore City,1669,Baltimore City Precinct 28-001,105,443,19,1564,1669,1.0,0.06291192330736968,0.9370880766926303,1207,0.26542840023966446,0.011384062312762133,0.7231875374475734
1705,Baltimore City,3062,Baltimore City Precinct 27-067,1028,642,132,2034,3062,1.0,0.3357282821685173,0.6642717178314826,2288,0.20966688438928804,0.04310907903331156,0.7472240365774004
1706,Baltimore City,2688,Baltimore City Precinct 27-062,1151,400,187,1537,2688,1.0,0.42819940476190477,0.5718005952380952,2101,0.1488095238095238,0.06956845238095238,0.7816220238095238
1707,Baltimore City,2392,Baltimore City Precinct 27-066,1756,608,283,636,2392,1.0,0.7341137123745819,0.26588628762541805,1501,0.25418060200668896,0.11831103678929766,0.6275083612040134
1708,Baltimore County,2385,Baltimore County Precinct 03-006,2216,1130,313,169,2385,1.0,0.929140461215933,0.07085953878406709,942,0.47379454926624737,0.1312368972746331,0.3949685534591195
1709,Baltimore City,1675,Baltimore City Precinct 27-063,770,496,164,905,1675,1.0,0.4597014925373134,0.5402985074626866,1015,0.2961194029850746,0.09791044776119404,0.6059701492537314
1710,Baltimore City,3698,Baltimore City Precinct 27-065,2866,931,373,832,3698,1.0,0.775013520822066,0.22498647917793402,2394,0.2517577068685776,0.10086533261222283,0.6473769605191996
1711,Baltimore City,997,Baltimore City Precinct 27-060,171,415,34,826,997,1.0,0.1715145436308927,0.8284854563691073,548,0.41624874623871616,0.034102306920762285,0.5496489468405216
1712,Baltimore City,1689,Baltimore City Precinct 27-064,1206,528,202,483,1689,1.0,0.7140319715808171,0.28596802841918295,959,0.31261101243339257,0.11959739490822972,0.5677915926583778
1713,Baltimore County,3977,Baltimore County Precinct 03-007,3337,1321,670,640,3977,1.0,0.8390746794065879,0.1609253205934121,1986,0.3321599195373397,0.16846869499622832,0.499371385466432
1714,Baltimore County,3393,Baltimore County Precinct 03-011,2447,1233,268,946,3393,1.0,0.7211906867079281,0.2788093132920719,1892,0.363395225464191,0.0789861479516652,0.5576186265841439
1715,Baltimore County,2089,Baltimore County Precinct 03-013,1842,701,319,247,2089,1.0,0.8817616084250838,0.11823839157491622,1069,0.33556725706079465,0.1527046433700335,0.5117280995691719
1716,Baltimore County,2964,Baltimore County Precinct 03-010,2695,1274,340,269,2964,1.0,0.9092442645074224,0.0907557354925776,1350,0.4298245614035088,0.11470985155195682,0.45546558704453444
1717,Baltimore County,1906,Baltimore County Precinct 08-008,1709,502,416,197,1906,1.0,0.8966421825813221,0.10335781741867786,988,0.2633788037775446,0.21825813221406087,0.5183630640083945
1718,Baltimore County,2959,Baltimore County Precinct 04-005,2071,842,381,888,2959,1.0,0.6998986143967557,0.30010138560324434,1736,0.284555593105779,0.12875971612031092,0.5866846907739101
1719,Baltimore County,3908,Baltimore County Precinct 04-004,2966,1415,546,942,3908,1.0,0.7589559877175026,0.24104401228249744,1947,0.36207778915046057,0.13971340839303992,0.4982088024564995
1720,Baltimore County,533,Baltimore County Precinct 04-013,478,169,110,55,533,1.0,0.8968105065666041,0.10318949343339587,254,0.3170731707317073,0.20637898686679174,0.47654784240150094
1721,Baltimore County,433,Baltimore County Precinct 04-011,383,103,108,50,433,1.0,0.8845265588914549,0.11547344110854503,222,0.23787528868360278,0.24942263279445728,0.5127020785219399
1722,Baltimore County,685,Baltimore County Precinct 08-023,608,223,196,77,685,1.0,0.8875912408759125,0.11240875912408758,266,0.32554744525547447,0.28613138686131384,0.3883211678832117
1723,Baltimore County,510,Baltimore County Precinct 08-021,438,105,160,72,510,1.0,0.8588235294117647,0.1411764705882353,245,0.20588235294117646,0.3137254901960784,0.4803921568627451
1724,Baltimore County,994,Baltimore County Precinct 08-024,886,241,374,108,994,1.0,0.8913480885311871,0.10865191146881288,379,0.24245472837022133,0.3762575452716298,0.3812877263581489
1725,Baltimore County,3725,Baltimore County Precinct 08-002,3308,612,916,417,3725,1.0,0.8880536912751678,0.11194630872483222,2197,0.16429530201342282,0.2459060402684564,0.5897986577181208
1726,Baltimore City,818,Baltimore City Precinct 15-008,13,258,12,805,818,1.0,0.01589242053789731,0.9841075794621027,548,0.3154034229828851,0.014669926650366748,0.6699266503667481
1727,Baltimore City,2394,Baltimore City Precinct 15-003,33,847,25,2361,2394,1.0,0.013784461152882205,0.9862155388471178,1522,0.3538011695906433,0.010442773600668337,0.6357560568086884
1728,Baltimore City,1024,Baltimore City Precinct 15-004,8,316,5,1016,1024,1.0,0.0078125,0.9921875,703,0.30859375,0.0048828125,0.6865234375
1729,Baltimore City,1372,Baltimore City Precinct 15-005,11,457,11,1361,1372,1.0,0.008017492711370262,0.9919825072886297,904,0.33309037900874633,0.008017492711370262,0.6588921282798834
1730,Somerset,739,Somerset Precinct 12-001,638,96,183,101,739,1.0,0.8633288227334236,0.13667117726657646,460,0.12990527740189445,0.2476319350473613,0.6224627875507442
1731,Somerset,404,Somerset Precinct 08-002,370,52,149,34,404,1.0,0.9158415841584159,0.08415841584158416,203,0.12871287128712872,0.3688118811881188,0.5024752475247525
1732,Somerset,1465,Somerset Precinct 08-001,1201,182,389,264,1465,1.0,0.8197952218430035,0.1802047781569966,894,0.1242320819112628,0.26552901023890785,0.6102389078498294
1733,Somerset,71,Somerset Precinct 10-002,70,6,14,1,71,1.0,0.9859154929577465,0.014084507042253521,51,0.08450704225352113,0.19718309859154928,0.7183098591549296
1734,Somerset,396,Somerset Precinct 14-001,370,58,103,26,396,1.0,0.9343434343434344,0.06565656565656566,235,0.14646464646464646,0.2601010101010101,0.5934343434343434
1735,Somerset,301,Somerset Precinct 09-001,242,59,82,59,301,1.0,0.8039867109634552,0.19601328903654486,160,0.19601328903654486,0.2724252491694352,0.53156146179402
1736,Somerset,487,Somerset Precinct 06-001,372,83,71,115,487,1.0,0.7638603696098563,0.23613963039014374,333,0.1704312114989733,0.1457905544147844,0.6837782340862423
1737,Somerset,139,Somerset Precinct 11-001,113,19,41,26,139,1.0,0.8129496402877698,0.18705035971223022,79,0.1366906474820144,0.2949640287769784,0.5683453237410072
1738,Harford,2157,Harford Precinct 01-002,1667,439,413,490,2157,1.0,0.7728326379230412,0.22716736207695873,1305,0.20352341214649977,0.19146963375057952,0.6050069541029207
1739,Harford,2040,Harford Precinct 01-041,1629,518,374,411,2040,1.0,0.7985294117647059,0.20147058823529412,1148,0.25392156862745097,0.18333333333333332,0.5627450980392157
1740,Harford,3676,Harford Precinct 01-001,1714,983,203,1962,3676,1.0,0.4662676822633297,0.5337323177366703,2490,0.26741022850924917,0.05522306855277476,0.6773667029379761
1741,Harford,3478,Harford Precinct 01-004,2572,739,494,906,3478,1.0,0.7395054629097182,0.26049453709028175,2245,0.2124784358826912,0.14203565267395055,0.6454859114433582
1742,Harford,3873,Harford Precinct 01-006,1543,1035,179,2330,3873,1.0,0.3983991737671056,0.6016008262328943,2659,0.26723470178156467,0.046217402530338236,0.686547895688097
1743,Harford,2164,Harford Precinct 03-007,1998,345,599,166,2164,1.0,0.9232902033271719,0.0767097966728281,1220,0.15942698706099814,0.2768022181146026,0.5637707948243993
1744,Harford,2054,Harford Precinct 03-014,1919,276,443,135,2054,1.0,0.9342745861733204,0.06572541382667965,1335,0.13437195715676728,0.21567672833495619,0.6499513145082765
1745,Harford,3462,Harford Precinct 03-003,3325,499,1122,137,3462,1.0,0.9604274985557482,0.039572501444251874,1841,0.14413633737723858,0.3240901213171577,0.5317735413056037
1746,Harford,2794,Harford Precinct 03-008,2645,445,728,149,2794,1.0,0.9466714387974231,0.05332856120257695,1621,0.15926986399427345,0.26055833929849676,0.5801717967072297
1747,Harford,3241,Harford Precinct 03-009,2986,509,881,255,3241,1.0,0.9213205800678803,0.07867941993211972,1851,0.1570502931194076,0.27182968219685283,0.5711200246837396
1748,Harford,3003,Harford Precinct 03-013,2807,475,802,196,3003,1.0,0.9347319347319347,0.06526806526806526,1726,0.15817515817515818,0.26706626706626707,0.5747585747585747
1749,Harford,3352,Harford Precinct 03-010,2942,447,499,410,3352,1.0,0.8776849642004774,0.12231503579952267,2406,0.13335322195704058,0.14886634844868735,0.7177804295942721
1750,Harford,2607,Harford Precinct 03-024,2426,320,519,181,2607,1.0,0.9305715381664749,0.06942846183352512,1768,0.12274645186037592,0.19907940161104717,0.6781741465285769
1751,Harford,2554,Harford Precinct 03-015,2121,324,492,433,2554,1.0,0.8304620203602192,0.16953797963978073,1738,0.12685982772122162,0.19263899765074394,0.6805011746280345
1752,Harford,2186,Harford Precinct 01-007,1978,276,350,208,2186,1.0,0.9048490393412626,0.09515096065873742,1560,0.1262580054894785,0.16010978956999086,0.7136322049405307
1753,Harford,3096,Harford Precinct 01-015,2442,612,562,654,3096,1.0,0.7887596899224806,0.21124031007751937,1922,0.19767441860465115,0.18152454780361757,0.6208010335917312
1754,Harford,2678,Harford Precinct 01-009,2194,416,438,484,2678,1.0,0.8192681105302465,0.18073188946975355,1824,0.1553398058252427,0.16355489171023152,0.6811053024645257
1755,Harford,3303,Harford Precinct 01-008,2689,568,690,614,3303,1.0,0.8141083863154708,0.18589161368452922,2045,0.1719648804117469,0.2089009990917348,0.6191341204965183
1756,Harford,2527,Harford Precinct 03-016,2247,347,469,280,2527,1.0,0.889196675900277,0.11080332409972299,1711,0.1373169766521567,0.18559556786703602,0.6770874554808073
1757,Harford,1005,Harford Precinct 01-021,871,129,212,134,1005,1.0,0.8666666666666667,0.13333333333333333,664,0.12835820895522387,0.2109452736318408,0.6606965174129353
1758,Harford,3462,Harford Precinct 01-013,2644,623,507,818,3462,1.0,0.7637203928365107,0.2362796071634893,2332,0.17995378393991912,0.1464471403812825,0.6735990756787984
1759,Harford,2938,Harford Precinct 01-011,2628,472,617,310,2938,1.0,0.8944860449285228,0.10551395507147719,1849,0.16065350578624915,0.2100068073519401,0.6293396868618107
1760,Harford,2684,Harford Precinct 01-012,2311,491,632,373,2684,1.0,0.8610283159463488,0.13897168405365126,1561,0.18293591654247393,0.23546944858420268,0.5815946348733234
1761,Harford,3797,Harford Precinct 01-014,3420,617,846,377,3797,1.0,0.9007110877008164,0.09928891229918356,2334,0.16249670792731102,0.22280747958914932,0.6146958124835397
1762,Harford,2630,Harford Precinct 03-012,2339,378,446,291,2630,1.0,0.8893536121673004,0.11064638783269962,1806,0.14372623574144486,0.16958174904942966,0.6866920152091255
1763,Harford,1993,Harford Precinct 03-011,1840,296,443,153,1993,1.0,0.9232313095835424,0.0767686904164576,1254,0.14851981936778724,0.2222779729051681,0.6292022077270446
1764,Harford,2372,Harford Precinct 03-017,2236,378,578,136,2372,1.0,0.9426644182124789,0.05733558178752108,1416,0.15935919055649242,0.2436762225969646,0.596964586846543
1765,Harford,2779,Harford Precinct 03-018,2379,445,528,400,2779,1.0,0.8560633321338611,0.1439366678661389,1806,0.16012954300107954,0.18999640158330336,0.6498740554156172
1766,Harford,2558,Harford Precinct 03-019,2363,422,717,195,2558,1.0,0.9237685691946833,0.07623143080531665,1419,0.16497263487099295,0.28029710711493355,0.5547302580140735
1767,Harford,2823,Harford Precinct 03-021,2432,464,721,391,2823,1.0,0.8614948636202622,0.13850513637973788,1638,0.16436415161176055,0.25540205455189513,0.5802337938363443
1768,Worcester,2575,Worcester Precinct 03-002,2428,360,601,147,2575,1.0,0.9429126213592233,0.0570873786407767,1614,0.13980582524271845,0.23339805825242718,0.6267961165048543
1769,Worcester,6559,Worcester Precinct 07-001,5942,966,1258,617,6559,1.0,0.9059307821314224,0.09406921786857753,4335,0.1472785485592316,0.19179753011129747,0.660923921329471
1770,Carroll,7060,Carroll Precinct 13-001,6426,1192,2468,634,7060,1.0,0.9101983002832861,0.08980169971671388,3400,0.1688385269121813,0.3495750708215297,0.48158640226628896
1771,Montgomery,5066,Montgomery Precinct 02-002,2200,990,372,2866,5066,1.0,0.43426766679826295,0.5657323332017371,3704,0.19542045005921832,0.07343071456770628,0.7311488353730754
1772,Montgomery,4594,Montgomery Precinct 02-003,1819,1044,326,2775,4594,1.0,0.3959512407488028,0.6040487592511972,3224,0.22725293861558554,0.07096212451023073,0.7017849368741838
1773,Montgomery,4893,Montgomery Precinct 04-014,2595,1135,366,2298,4893,1.0,0.530349478847333,0.4696505211526671,3392,0.23196403024729206,0.07480073574494175,0.6932352340077662
1774,Montgomery,8267,Montgomery Precinct 05-013,1288,1348,88,6979,8267,1.0,0.15580016934801016,0.8441998306519899,6831,0.1630579412120479,0.010644732067255353,0.8262973267206968
1775,Montgomery,5042,Montgomery Precinct 05-023,1026,1234,201,4016,5042,1.0,0.203490678302261,0.796509321697739,3607,0.24474414914716383,0.03986513288377628,0.7153907179690598
1776,Montgomery,7187,Montgomery Precinct 05-012,3273,1226,358,3914,7187,1.0,0.45540559343258663,0.5445944065674134,5603,0.1705857798803395,0.04981216084597189,0.7796020592736886
1777,Montgomery,4205,Montgomery Precinct 06-002,2503,923,677,1702,4205,1.0,0.595243757431629,0.404756242568371,2605,0.21950059453032106,0.16099881093935792,0.619500594530321
1778,Montgomery,4050,Montgomery Precinct 07-019,3278,1666,534,772,4050,1.0,0.8093827160493827,0.19061728395061728,1850,0.411358024691358,0.13185185185185186,0.4567901234567901
1779,Montgomery,3999,Montgomery Precinct 07-023,3100,1600,543,899,3999,1.0,0.7751937984496124,0.2248062015503876,1856,0.4001000250062516,0.13578394598649662,0.4641160290072518
1780,Montgomery,3316,Montgomery Precinct 09-005,1609,887,384,1707,3316,1.0,0.4852231604342581,0.5147768395657418,2045,0.2674909529553679,0.1158021712907117,0.6167068757539204
1781,Montgomery,5404,Montgomery Precinct 09-009,1874,1435,377,3530,5404,1.0,0.34678016284233903,0.653219837157661,3592,0.2655440414507772,0.06976313841598816,0.6646928201332346
1782,Montgomery,4358,Montgomery Precinct 09-022,1537,1206,457,2821,4358,1.0,0.3526847177604406,0.6473152822395595,2695,0.27673244607618175,0.10486461679669573,0.6184029371271226
1783,Montgomery,5285,Montgomery Precinct 13-021,1585,1449,67,3700,5285,1.0,0.29990539262062443,0.7000946073793756,3769,0.27417218543046357,0.012677388836329235,0.7131504257332072
1784,Montgomery,5580,Montgomery Precinct 13-015,1569,1530,202,4011,5580,1.0,0.28118279569892474,0.7188172043010753,3848,0.27419354838709675,0.03620071684587814,0.6896057347670251
1785,Montgomery,4493,Montgomery Precinct 13-058,2208,1398,315,2285,4493,1.0,0.4914311150678834,0.5085688849321166,2780,0.31115067883374137,0.07010905853549966,0.618740262630759
1786,Montgomery,3906,Montgomery Precinct 13-038,3422,1516,816,484,3906,1.0,0.8760880696364567,0.12391193036354327,1574,0.38812083973374295,0.20890937019969277,0.40296979006656425
1787,Montgomery,5201,Montgomery Precinct 13-002,1770,1445,377,3431,5201,1.0,0.34031916939050183,0.6596808306094982,3379,0.27783118631032494,0.07248606037300519,0.6496827533166699
1788,Montgomery,4646,Montgomery Precinct 13-056,1538,1138,271,3108,4646,1.0,0.3310374515712441,0.6689625484287559,3237,0.2449418854928971,0.05832974601808007,0.6967283684890229
1789,Montgomery,5489,Montgomery Precinct 13-049,1754,476,104,3735,5489,1.0,0.31954818728365825,0.6804518127163418,4909,0.08671889233011477,0.018946984878848605,0.8943341227910366
1790,Montgomery,2651,Montgomery Precinct 13-014,1982,967,159,669,2651,1.0,0.7476423990946812,0.2523576009053187,1525,0.36476801207091664,0.05997736703130894,0.5752546208977745
1791,Montgomery,6281,Montgomery Precinct 09-015,2477,817,193,3804,6281,1.0,0.39436395478427,0.60563604521573,5271,0.13007482884890942,0.030727591147906384,0.8391975800031842
1792,Montgomery,7135,Montgomery Precinct 09-028,2268,697,272,4867,7135,1.0,0.3178696566222845,0.6821303433777155,6166,0.09768745620182201,0.038121934127540294,0.8641906096706377
1793,Montgomery,5420,Montgomery Precinct 09-026,1771,1403,364,3649,5420,1.0,0.3267527675276753,0.6732472324723248,3653,0.2588560885608856,0.06715867158671587,0.6739852398523986
1794,Carroll,4768,Carroll Precinct 04-003,4514,608,1491,254,4768,1.0,0.9467281879194631,0.05327181208053691,2669,0.12751677852348994,0.31270973154362414,0.5597734899328859
1795,Frederick,4416,Frederick Precinct 02-005,3731,1037,583,685,4416,1.0,0.8448822463768116,0.15511775362318841,2796,0.23482789855072464,0.13201992753623187,0.6331521739130435
1796,Frederick,6484,Frederick Precinct 02-004,2621,1199,553,3863,6484,1.0,0.4042257865515114,0.5957742134484886,4732,0.1849167180752622,0.08528685996298581,0.729796421961752
1797,Montgomery,3644,Montgomery Precinct 08-007,2562,1021,747,1082,3644,1.0,0.7030735455543359,0.2969264544456641,1876,0.2801866081229418,0.20499451152579584,0.5148188803512623
1798,Montgomery,4038,Montgomery Precinct 13-068,1615,1565,117,2423,4038,1.0,0.39995047052996535,0.6000495294700346,2356,0.3875681030212977,0.02897473997028232,0.58345715700842
1799,Queen Anne's,3460,Queen Anne's Precinct 02-001,2950,536,777,510,3460,1.0,0.8526011560693642,0.14739884393063585,2147,0.15491329479768787,0.22456647398843932,0.6205202312138728
1800,Queen Anne's,6268,Queen Anne's Precinct 03-002,5455,740,1350,813,6268,1.0,0.870293554562859,0.12970644543714102,4178,0.11805998723675813,0.21537970644543714,0.6665603063178047
1801,Queen Anne's,5103,Queen Anne's Precinct 04-002,4556,776,1513,547,5103,1.0,0.8928081520674114,0.10719184793258868,2814,0.1520674113266706,0.2964922594552224,0.551440329218107
1802,Queen Anne's,3757,Queen Anne's Precinct 04-003,3516,571,1298,241,3757,1.0,0.9358530742613788,0.06414692573862124,1888,0.15198296513175405,0.3454884216129891,0.5025286132552569
1803,Queen Anne's,4917,Queen Anne's Precinct 05-002,4108,801,1365,809,4917,1.0,0.8354687817775066,0.1645312182224934,2751,0.16290420988407567,0.27760829774252593,0.5594874923733985
1804,Washington,1117,Washington Precinct 24-001,918,69,126,199,1117,1.0,0.8218442256042973,0.17815577439570277,922,0.06177260519247986,0.11280214861235452,0.8254252461951657
1805,Washington,5439,Washington Precinct 17-001,4429,617,519,1010,5439,1.0,0.8143041000183857,0.18569589998161426,4303,0.11343997058282773,0.0954219525648097,0.7911380768523626
1806,Wicomico,619,Wicomico Precinct 01-001,507,118,164,112,619,1.0,0.8190630048465266,0.18093699515347333,337,0.19063004846526657,0.2649434571890145,0.5444264943457189
1807,Wicomico,1374,Wicomico Precinct 07-001,1108,230,367,266,1374,1.0,0.8064046579330422,0.19359534206695778,777,0.16739446870451238,0.26710334788937407,0.5655021834061136
1808,Worcester,2745,Worcester Precinct 01-002,2016,457,593,729,2745,1.0,0.7344262295081967,0.26557377049180325,1695,0.16648451730418942,0.21602914389799635,0.6174863387978142
