,COUNTY,VAP,NAME,WVAP,SEN18D,SEN18R,OVAP,TOT_VOTES,factor,WVAP_pct,OVAP_pct,SEN18None,SEN18D_pct,SEN18R_pct,SEN18None_pct
556,Baltimore City,1090,Baltimore City Precinct 26-028,142,230,8,948,1090,1,0.13027522935779817,0.8697247706422019,852,0.21100917431192662,0.007339449541284404,0.781651376146789
557,Baltimore City,1429,Baltimore City Precinct 26-027,322,311,36,1107,1429,1,0.22533240027991602,0.7746675997200839,1082,0.21763470958712386,0.025192442267319804,0.7571728481455563
558,Baltimore City,1467,Baltimore City Precinct 27-007,472,302,26,995,1467,1,0.321745057941377,0.678254942058623,1139,0.2058623040218132,0.01772324471710975,0.776414451261077
559,Baltimore City,985,Baltimore City Precinct 26-030,419,273,29,566,985,1,0.42538071065989846,0.5746192893401015,683,0.27715736040609135,0.029441624365482234,0.6934010152284263
574,Baltimore City,502,Baltimore City Precinct 26-001,417,48,37,85,502,1,0.8306772908366534,0.1693227091633466,417,0.09561752988047809,0.07370517928286853,0.8306772908366534
575,Baltimore City,2426,Baltimore City Precinct 26-002,1008,251,60,1418,2426,1,0.4154987633965375,0.5845012366034625,2115,0.10346248969497114,0.0247320692497939,0.8718054410552349
576,Baltimore City,2095,Baltimore City Precinct 26-003,1404,206,138,691,2095,1,0.6701670644391408,0.3298329355608592,1751,0.09832935560859188,0.06587112171837708,0.835799522673031
581,Baltimore City,782,Baltimore City Precinct 26-005,514,106,45,268,782,1,0.6572890025575447,0.34271099744245526,631,0.13554987212276215,0.05754475703324808,0.8069053708439897
582,Baltimore City,1623,Baltimore City Precinct 26-004,1098,149,67,525,1623,1,0.6765249537892791,0.3234750462107209,1407,0.0918052988293284,0.041281577325939615,0.866913123844732
583,Baltimore City,1434,Baltimore City Precinct 26-007,799,266,104,635,1434,1,0.5571827057182706,0.44281729428172945,1064,0.18549511854951187,0.07252440725244072,0.7419804741980475
584,Baltimore City,1562,Baltimore City Precinct 26-014,1050,120,67,512,1562,1,0.6722151088348272,0.32778489116517284,1375,0.07682458386683738,0.04289372599231754,0.8802816901408451
585,Baltimore City,1463,Baltimore City Precinct 26-015,116,359,18,1347,1463,1,0.07928913192071087,0.9207108680792891,1086,0.24538619275461382,0.012303485987696514,0.7423103212576897
586,Baltimore City,4697,Baltimore City Precinct 26-029,597,765,41,4100,4697,1,0.12710240579093038,0.8728975942090696,3891,0.16286991696827763,0.008728975942090697,0.8284011070896317
805,Baltimore City,3265,Baltimore City Precinct 25-005,822,448,66,2443,3265,1,0.2517611026033691,0.748238897396631,2751,0.13721286370597244,0.02021439509954058,0.842572741194487
807,Baltimore City,2660,Baltimore City Precinct 25-008,74,368,12,2586,2660,1,0.027819548872180452,0.9721804511278196,2280,0.13834586466165413,0.004511278195488722,0.8571428571428571
808,Baltimore City,1089,Baltimore City Precinct 25-009,9,239,4,1080,1089,1,0.008264462809917356,0.9917355371900827,846,0.2194674012855831,0.0036730945821854912,0.7768595041322314
809,Baltimore City,1595,Baltimore City Precinct 25-010,46,282,5,1549,1595,1,0.02884012539184953,0.9711598746081505,1308,0.17680250783699059,0.003134796238244514,0.8200626959247649
810,Baltimore City,3555,Baltimore City Precinct 25-003,2570,456,221,985,3555,1,0.7229254571026723,0.2770745428973277,2878,0.12827004219409283,0.062165963431786216,0.809563994374121
811,Baltimore City,929,Baltimore City Precinct 20-009,527,110,25,402,929,1,0.5672766415500539,0.4327233584499462,794,0.11840688912809473,0.02691065662002153,0.8546824542518837
812,Baltimore City,1049,Baltimore City Precinct 20-005,28,234,4,1021,1049,1,0.02669208770257388,0.9733079122974261,811,0.223069590085796,0.0038131553860819827,0.773117254528122
813,Baltimore City,3568,Baltimore City Precinct 25-004,2774,313,233,794,3568,1,0.7774663677130045,0.22253363228699552,3022,0.08772421524663677,0.06530269058295964,0.8469730941704036
814,Baltimore City,756,Baltimore City Precinct 20-010,333,48,11,423,756,1,0.44047619047619047,0.5595238095238095,697,0.06349206349206349,0.01455026455026455,0.921957671957672
815,Baltimore City,2322,Baltimore City Precinct 20-003,54,241,6,2268,2322,1,0.023255813953488372,0.9767441860465116,2075,0.10378983634797588,0.002583979328165375,0.8936261843238588
816,Baltimore City,2303,Baltimore City Precinct 20-011,848,198,36,1455,2303,1,0.36821537125488496,0.6317846287451151,2069,0.08597481545809814,0.015631784628745114,0.8983933999131567
817,Baltimore City,950,Baltimore City Precinct 20-002,70,120,4,880,950,1,0.07368421052631578,0.9263157894736842,826,0.12631578947368421,0.004210526315789474,0.8694736842105263
818,Baltimore City,1760,Baltimore City Precinct 16-013,14,314,11,1746,1760,1,0.007954545454545454,0.9920454545454546,1435,0.1784090909090909,0.00625,0.8153409090909091
819,Baltimore City,1950,Baltimore City Precinct 16-012,10,439,15,1940,1950,1,0.005128205128205128,0.9948717948717949,1496,0.22512820512820514,0.007692307692307693,0.7671794871794871
820,Baltimore City,240,Baltimore City Precinct 20-004,4,65,3,236,240,1,0.016666666666666666,0.9833333333333333,172,0.2708333333333333,0.0125,0.7166666666666667
821,Baltimore City,1495,Baltimore City Precinct 16-008,24,208,2,1471,1495,1,0.016053511705685617,0.9839464882943144,1285,0.1391304347826087,0.0013377926421404682,0.8595317725752508
822,Baltimore City,901,Baltimore City Precinct 26-031,516,178,56,385,901,1,0.5726970033296337,0.42730299667036625,667,0.19755826859045506,0.06215316315205328,0.7402885682574917
826,Baltimore City,2719,Baltimore City Precinct 27-008,1192,681,111,1527,2719,1,0.4383964692901802,0.5616035307098198,1927,0.2504597278411181,0.04082383229128356,0.7087164398675984
827,Baltimore City,2670,Baltimore City Precinct 27-011,1688,674,248,982,2670,1,0.6322097378277154,0.36779026217228467,1748,0.2524344569288389,0.09288389513108614,0.6546816479400749
828,Baltimore City,842,Baltimore City Precinct 27-010,645,201,97,197,842,1,0.7660332541567696,0.2339667458432304,544,0.23871733966745842,0.11520190023752969,0.6460807600950119
876,Baltimore City,1038,Baltimore City Precinct 12-011,130,271,4,908,1038,1,0.1252408477842004,0.8747591522157996,763,0.2610789980732177,0.0038535645472061657,0.7350674373795761
877,Baltimore City,1718,Baltimore City Precinct 12-008,988,563,32,730,1718,1,0.5750873108265425,0.42491268917345754,1123,0.3277066356228172,0.018626309662398137,0.6536670547147846
878,Baltimore City,1916,Baltimore City Precinct 12-010,382,383,13,1534,1916,1,0.19937369519832984,0.8006263048016702,1520,0.19989561586638832,0.006784968684759917,0.7933194154488518
882,Baltimore City,1139,Baltimore City Precinct 25-011,672,105,58,467,1139,1,0.5899912203687445,0.4100087796312555,976,0.09218612818261633,0.050921861281826165,0.8568920105355575
883,Baltimore City,2273,Baltimore City Precinct 25-012,1279,207,91,994,2273,1,0.5626924769027717,0.4373075230972283,1975,0.09106907171139464,0.04003519577650682,0.8688957325120985
884,Baltimore City,1483,Baltimore City Precinct 25-014,468,193,27,1015,1483,1,0.3155765340525961,0.6844234659474039,1263,0.1301416048550236,0.01820633850303439,0.851652056641942
885,Baltimore City,1262,Baltimore City Precinct 25-013,750,105,46,512,1262,1,0.5942947702060222,0.40570522979397783,1111,0.0832012678288431,0.03645007923930269,0.8803486529318542
886,Baltimore City,1628,Baltimore City Precinct 25-015,701,174,40,927,1628,1,0.4305896805896806,0.5694103194103194,1414,0.10687960687960688,0.02457002457002457,0.8685503685503686
887,Baltimore City,2415,Baltimore City Precinct 25-016,1616,220,98,799,2415,1,0.6691511387163561,0.3308488612836439,2097,0.09109730848861283,0.04057971014492753,0.8683229813664596
888,Baltimore City,2673,Baltimore City Precinct 24-004,2448,799,246,225,2673,1,0.9158249158249159,0.08417508417508418,1628,0.2989150766928545,0.0920314253647587,0.6090534979423868
889,Baltimore City,878,Baltimore City Precinct 24-002,775,286,91,103,878,1,0.8826879271070615,0.11731207289293849,501,0.32574031890660593,0.10364464692482915,0.570615034168565
890,Baltimore City,722,Baltimore City Precinct 24-001,632,232,76,90,722,1,0.8753462603878116,0.12465373961218837,414,0.32132963988919666,0.10526315789473684,0.5734072022160664
891,Baltimore City,1728,Baltimore City Precinct 24-003,1531,542,195,197,1728,1,0.8859953703703703,0.11400462962962964,991,0.3136574074074074,0.11284722222222222,0.5734953703703703
892,Baltimore City,1994,Baltimore City Precinct 03-003,1421,434,141,573,1994,1,0.7126379137412236,0.28736208625877635,1419,0.2176529588766299,0.07071213640922769,0.7116349047141425
893,Baltimore City,3017,Baltimore City Precinct 24-005,2786,1154,444,231,3017,1,0.9234338747099768,0.0765661252900232,1419,0.3824991713622804,0.14716605899900564,0.47033476963871396
894,Baltimore City,2635,Baltimore City Precinct 02-003,2167,701,165,468,2635,1,0.8223908918406072,0.1776091081593928,1769,0.266034155597723,0.06261859582542695,0.6713472485768501
895,Baltimore City,2074,Baltimore City Precinct 02-002,1402,502,92,672,2074,1,0.6759884281581485,0.3240115718418515,1480,0.2420443587270974,0.044358727097396335,0.7135969141755063
896,Baltimore City,2117,Baltimore City Precinct 01-002,1706,600,87,411,2117,1,0.8058573452999528,0.19414265470004724,1430,0.2834199338686821,0.0410958904109589,0.675484175720359
897,Baltimore City,1947,Baltimore City Precinct 01-003,1710,440,159,237,1947,1,0.8782742681047766,0.12172573189522343,1348,0.22598870056497175,0.08166409861325115,0.6923472008217771
898,Baltimore City,2617,Baltimore City Precinct 05-001,202,248,9,2415,2617,1,0.07718761941153993,0.92281238058846,2360,0.09476499808941537,0.003439052350019106,0.9017959495605655
899,Baltimore City,658,Baltimore City Precinct 10-004,17,148,3,641,658,1,0.025835866261398176,0.9741641337386018,507,0.22492401215805471,0.004559270516717325,0.770516717325228
900,Baltimore City,5665,Baltimore City Precinct 10-003,789,81,4,4876,5665,1,0.13927625772285968,0.8607237422771403,5580,0.014298323036187114,0.000706090026478376,0.9849955869373345
901,Baltimore City,836,Baltimore City Precinct 03-002,231,133,13,605,836,1,0.27631578947368424,0.7236842105263158,690,0.1590909090909091,0.01555023923444976,0.8253588516746412
913,Baltimore City,2765,Baltimore City Precinct 07-004,124,380,14,2641,2765,1,0.04484629294755877,0.9551537070524412,2371,0.13743218806509946,0.005063291139240506,0.8575045207956601
914,Baltimore City,3497,Baltimore City Precinct 26-010,1389,434,111,2108,3497,1,0.3971975979410924,0.6028024020589077,2952,0.12410637689448098,0.03174149270803546,0.8441521303974836
915,Baltimore City,923,Baltimore City Precinct 26-012,85,116,9,838,923,1,0.09209100758396534,0.9079089924160346,798,0.1256771397616468,0.009750812567713976,0.8645720476706392
916,Baltimore City,3245,Baltimore City Precinct 08-010,18,713,14,3227,3245,1,0.005546995377503852,0.9944530046224962,2518,0.2197226502311248,0.004314329738058551,0.7759630200308166
917,Baltimore City,577,Baltimore City Precinct 08-011,13,144,2,564,577,1,0.022530329289428077,0.9774696707105719,431,0.24956672443674177,0.0034662045060658577,0.7469670710571924
918,Baltimore City,1998,Baltimore City Precinct 08-003,70,370,15,1928,1998,1,0.035035035035035036,0.964964964964965,1613,0.18518518518518517,0.0075075075075075074,0.8073073073073073
919,Baltimore City,1675,Baltimore City Precinct 26-019,143,442,9,1532,1675,1,0.0853731343283582,0.9146268656716418,1224,0.2638805970149254,0.005373134328358209,0.7307462686567164
920,Baltimore City,783,Baltimore City Precinct 26-020,50,190,6,733,783,1,0.06385696040868455,0.9361430395913155,587,0.24265644955300128,0.007662835249042145,0.7496807151979565
921,Baltimore City,1709,Baltimore City Precinct 26-011,785,123,41,924,1709,1,0.4593329432416618,0.5406670567583383,1545,0.07197191339964892,0.02399063779988297,0.9040374488004681
922,Baltimore City,1355,Baltimore City Precinct 26-013,1074,130,105,281,1355,1,0.792619926199262,0.207380073800738,1120,0.0959409594095941,0.07749077490774908,0.8265682656826568
923,Baltimore City,339,Baltimore City Precinct 26-017,33,157,7,306,339,1,0.09734513274336283,0.9026548672566371,175,0.4631268436578171,0.02064896755162242,0.5162241887905604
924,Baltimore City,2928,Baltimore City Precinct 26-018,256,734,23,2672,2928,1,0.08743169398907104,0.912568306010929,2171,0.2506830601092896,0.007855191256830601,0.7414617486338798
925,Baltimore City,1249,Baltimore City Precinct 26-016,74,322,6,1175,1249,1,0.059247397918334666,0.9407526020816653,921,0.2578062449959968,0.004803843074459567,0.7373899119295436
982,Baltimore City,2683,Baltimore City Precinct 26-024,242,456,12,2441,2683,1,0.09019754006708908,0.9098024599329109,2215,0.16995900111815132,0.004472605292582929,0.8255683935892657
983,Baltimore City,2299,Baltimore City Precinct 26-025,146,332,16,2153,2299,1,0.06350587211831231,0.9364941278816877,1951,0.14441061331013483,0.006959547629404089,0.8486298390604611
984,Baltimore City,1812,Baltimore City Precinct 26-026,482,411,36,1330,1812,1,0.26600441501103755,0.7339955849889624,1365,0.22682119205298013,0.019867549668874173,0.7533112582781457
985,Baltimore City,2585,Baltimore City Precinct 27-005,1273,687,116,1312,2585,1,0.49245647969052225,0.5075435203094778,1782,0.2657640232108317,0.0448742746615087,0.6893617021276596
986,Baltimore City,3355,Baltimore City Precinct 27-006,959,769,70,2396,3355,1,0.28584202682563337,0.7141579731743666,2516,0.2292101341281669,0.020864381520119227,0.7499254843517139
987,Baltimore City,780,Baltimore City Precinct 27-019,33,172,7,747,780,1,0.04230769230769231,0.9576923076923077,601,0.2205128205128205,0.008974358974358974,0.7705128205128206
988,Baltimore City,2289,Baltimore City Precinct 27-015,400,567,39,1889,2289,1,0.17474879860200962,0.8252512013979904,1683,0.24770642201834864,0.01703800786369594,0.7352555701179554
992,Baltimore City,2647,Baltimore City Precinct 27-014,1453,724,188,1194,2647,1,0.5489233094068757,0.4510766905931243,1735,0.2735171892708727,0.07102380052890064,0.6554590102002267
993,Baltimore City,3409,Baltimore City Precinct 27-013,915,660,103,2494,3409,1,0.26840715752420063,0.7315928424757994,2646,0.19360516280434145,0.030214139043707833,0.7761806981519507
994,Baltimore City,1492,Baltimore City Precinct 27-009,843,476,99,649,1492,1,0.5650134048257373,0.43498659517426275,917,0.3190348525469169,0.06635388739946381,0.6146112600536193
995,Baltimore City,762,Baltimore City Precinct 27-012,550,157,72,212,762,1,0.7217847769028871,0.2782152230971129,533,0.20603674540682415,0.09448818897637795,0.699475065616798
1014,Baltimore City,751,Baltimore City Precinct 27-037,547,196,54,204,751,1,0.7283621837549934,0.27163781624500666,501,0.2609853528628495,0.07190412782956059,0.6671105193075899
1015,Baltimore City,1727,Baltimore City Precinct 27-038,993,369,40,734,1727,1,0.57498552403011,0.42501447596989,1318,0.2136653155761436,0.023161551823972205,0.7631731325998842
1016,Baltimore City,1669,Baltimore City Precinct 27-042,1261,585,140,408,1669,1,0.7555422408627921,0.2444577591372079,944,0.3505092869982025,0.08388256440982625,0.5656081485919713
1017,Baltimore City,1155,Baltimore City Precinct 27-044,1034,539,87,121,1155,1,0.8952380952380953,0.10476190476190476,529,0.4666666666666667,0.07532467532467532,0.45800865800865803
1018,Baltimore City,1487,Baltimore City Precinct 27-040,1289,545,170,198,1487,1,0.8668459986550101,0.13315400134498992,772,0.3665097511768662,0.11432414256893074,0.5191661062542031
1019,Baltimore City,742,Baltimore City Precinct 27-039,645,340,70,97,742,1,0.8692722371967655,0.1307277628032345,332,0.4582210242587601,0.09433962264150944,0.4474393530997305
1020,Baltimore City,1929,Baltimore City Precinct 27-041,1446,614,157,483,1929,1,0.749611197511664,0.25038880248833595,1158,0.31829963711767756,0.08138932089165371,0.6003110419906688
1036,Baltimore City,1338,Baltimore City Precinct 09-010,254,337,9,1084,1338,1,0.1898355754857997,0.8101644245142003,992,0.25186846038863975,0.006726457399103139,0.7414050822122571
1037,Baltimore City,1402,Baltimore City Precinct 09-003,246,408,14,1156,1402,1,0.1754636233951498,0.8245363766048502,980,0.29101283880171186,0.009985734664764621,0.6990014265335235
1038,Baltimore City,1166,Baltimore City Precinct 09-002,133,257,8,1033,1166,1,0.11406518010291596,0.885934819897084,901,0.22041166380789023,0.00686106346483705,0.7727272727272727
1039,Baltimore City,1002,Baltimore City Precinct 09-009,76,212,15,926,1002,1,0.07584830339321358,0.9241516966067864,775,0.21157684630738524,0.014970059880239521,0.7734530938123753
1040,Baltimore City,1958,Baltimore City Precinct 09-004,484,630,33,1474,1958,1,0.24719101123595505,0.7528089887640449,1295,0.32175689479060265,0.016853932584269662,0.6613891726251276
1041,Baltimore City,1717,Baltimore City Precinct 09-005,367,417,29,1350,1717,1,0.21374490390215492,0.786255096097845,1271,0.24286546301688994,0.0168899242865463,0.7402446126965637
1042,Baltimore City,782,Baltimore City Precinct 09-001,41,149,1,741,782,1,0.052429667519181586,0.9475703324808185,632,0.19053708439897699,0.0012787723785166241,0.8081841432225064
1043,Baltimore City,970,Baltimore City Precinct 27-036,32,213,6,938,970,1,0.032989690721649485,0.9670103092783505,751,0.21958762886597938,0.006185567010309278,0.7742268041237114
1044,Baltimore City,3261,Baltimore City Precinct 27-035,98,469,17,3163,3261,1,0.03005213124808341,0.9699478687519166,2775,0.14382091383011347,0.005213124808341,0.8509659613615456
1045,Baltimore City,1481,Baltimore City Precinct 27-026,265,202,10,1216,1481,1,0.17893315327481432,0.8210668467251857,1269,0.13639432815665092,0.00675219446320054,0.8568534773801485
1046,Baltimore City,1722,Baltimore City Precinct 27-027,33,335,7,1689,1722,1,0.01916376306620209,0.980836236933798,1380,0.194541231126597,0.0040650406504065045,0.8013937282229965
1047,Baltimore City,1372,Baltimore City Precinct 27-028,32,288,8,1340,1372,1,0.023323615160349854,0.9766763848396501,1076,0.2099125364431487,0.0058309037900874635,0.7842565597667639
1048,Baltimore City,858,Baltimore City Precinct 27-029,10,197,12,848,858,1,0.011655011655011656,0.9883449883449883,649,0.2296037296037296,0.013986013986013986,0.7564102564102564
1049,Baltimore City,1643,Baltimore City Precinct 09-008,18,242,4,1625,1643,1,0.010955569080949483,0.9890444309190505,1397,0.1472915398660986,0.002434570906877663,0.8502738892270237
1050,Baltimore City,1933,Baltimore City Precinct 09-006,142,600,17,1791,1933,1,0.0734609415416451,0.9265390584583549,1316,0.3103983445421624,0.008794619762027936,0.6808070356958096
1051,Baltimore City,1819,Baltimore City Precinct 09-007,152,476,15,1667,1819,1,0.08356239692138538,0.9164376030786147,1328,0.2616822429906542,0.008246289169873557,0.7300714678394722
1052,Baltimore City,1296,Baltimore City Precinct 27-025,35,336,8,1261,1296,1,0.02700617283950617,0.9729938271604939,952,0.25925925925925924,0.006172839506172839,0.7345679012345679
1053,Baltimore City,1047,Baltimore City Precinct 27-024,138,138,4,909,1047,1,0.1318051575931232,0.8681948424068768,905,0.1318051575931232,0.0038204393505253103,0.8643744030563515
1054,Baltimore City,588,Baltimore City Precinct 27-023,30,218,9,558,588,1,0.05102040816326531,0.9489795918367347,361,0.3707482993197279,0.015306122448979591,0.6139455782312925
1055,Baltimore City,1632,Baltimore City Precinct 27-034,121,407,11,1511,1632,1,0.0741421568627451,0.9258578431372549,1214,0.2493872549019608,0.006740196078431373,0.7438725490196079
1056,Baltimore City,2316,Baltimore City Precinct 27-033,564,617,44,1752,2316,1,0.24352331606217617,0.7564766839378239,1655,0.2664075993091537,0.018998272884283247,0.7145941278065631
1057,Baltimore City,2778,Baltimore City Precinct 27-032,1010,730,61,1768,2778,1,0.36357091432685384,0.6364290856731462,1987,0.26277897768178543,0.021958243340532757,0.7152627789776818
1060,Baltimore City,1703,Baltimore City Precinct 27-030,58,352,3,1645,1703,1,0.03405754550792719,0.9659424544920728,1348,0.20669406928948914,0.0017615971814445098,0.7915443335290664
1061,Baltimore City,2334,Baltimore City Precinct 27-031,141,608,24,2193,2334,1,0.060411311053984576,0.9395886889460154,1702,0.26049700085689803,0.010282776349614395,0.7292202227934875
1062,Baltimore City,2547,Baltimore City Precinct 27-022,207,699,16,2340,2547,1,0.0812720848056537,0.9187279151943463,1832,0.2744405182567727,0.006281900274833137,0.7192775814683942
1063,Baltimore City,2765,Baltimore City Precinct 27-021,234,684,24,2531,2765,1,0.08462929475587704,0.915370705244123,2057,0.247377938517179,0.00867992766726944,0.7439421338155515
1064,Baltimore City,2623,Baltimore City Precinct 27-020,377,598,27,2246,2623,1,0.14372855508959206,0.856271444910408,1998,0.22798322531452536,0.010293556995806329,0.7617232176896683
1066,Baltimore City,1108,Baltimore City Precinct 08-001,657,27,3,451,1108,1,0.5929602888086642,0.40703971119133575,1078,0.024368231046931407,0.002707581227436823,0.9729241877256317
1067,Baltimore City,1540,Baltimore City Precinct 08-002,183,348,23,1357,1540,1,0.11883116883116883,0.8811688311688312,1169,0.22597402597402597,0.014935064935064935,0.759090909090909
1068,Baltimore City,2756,Baltimore City Precinct 26-021,263,709,23,2493,2756,1,0.09542815674891146,0.9045718432510885,2024,0.2572568940493469,0.008345428156748911,0.7343976777939042
1069,Baltimore City,813,Baltimore City Precinct 26-022,102,201,7,711,813,1,0.12546125461254612,0.8745387453874539,605,0.24723247232472326,0.008610086100861008,0.7441574415744158
1070,Baltimore City,586,Baltimore City Precinct 27-002,406,269,45,180,586,1,0.6928327645051194,0.30716723549488056,272,0.4590443686006826,0.07679180887372014,0.4641638225255973
1071,Baltimore City,2370,Baltimore City Precinct 27-001,734,553,63,1636,2370,1,0.309704641350211,0.6902953586497891,1754,0.23333333333333334,0.026582278481012658,0.740084388185654
1072,Baltimore City,3583,Baltimore City Precinct 27-018,801,505,57,2782,3583,1,0.22355567959810216,0.7764443204018978,3021,0.14094334356684343,0.01590845660061401,0.8431481998325425
1073,Baltimore City,1263,Baltimore City Precinct 27-017,466,379,33,797,1263,1,0.36896278701504354,0.6310372129849564,851,0.3000791765637371,0.026128266033254157,0.6737925574030087
1074,Baltimore City,642,Baltimore City Precinct 27-003,342,213,25,300,642,1,0.5327102803738317,0.4672897196261682,404,0.3317757009345794,0.03894080996884735,0.6292834890965732
1075,Baltimore City,676,Baltimore City Precinct 27-004,338,177,34,338,676,1,0.5,0.5,465,0.2618343195266272,0.05029585798816568,0.6878698224852071
1076,Baltimore City,796,Baltimore City Precinct 27-016,371,216,35,425,796,1,0.46608040201005024,0.5339195979899497,545,0.271356783919598,0.04396984924623116,0.6846733668341709
1077,Baltimore City,1296,Baltimore City Precinct 26-023,120,279,10,1176,1296,1,0.09259259259259259,0.9074074074074074,1007,0.2152777777777778,0.007716049382716049,0.7770061728395061
1078,Baltimore City,1224,Baltimore City Precinct 15-022,11,293,15,1213,1224,1,0.008986928104575163,0.9910130718954249,916,0.23937908496732027,0.012254901960784314,0.7483660130718954
1079,Baltimore City,2136,Baltimore City Precinct 15-024,9,337,12,2127,2136,1,0.004213483146067416,0.9957865168539326,1787,0.15777153558052434,0.0056179775280898875,0.8366104868913857
1080,Baltimore City,964,Baltimore City Precinct 27-055,16,159,3,948,964,1,0.016597510373443983,0.983402489626556,802,0.16493775933609958,0.0031120331950207467,0.8319502074688797
1081,Baltimore City,951,Baltimore City Precinct 15-025,20,120,4,931,951,1,0.02103049421661409,0.9789695057833859,827,0.12618296529968454,0.004206098843322818,0.8696109358569927
1082,Baltimore City,614,Baltimore City Precinct 27-054,17,120,3,597,614,1,0.02768729641693811,0.9723127035830619,491,0.19543973941368079,0.004885993485342019,0.7996742671009772
1083,Baltimore City,804,Baltimore City Precinct 27-058,10,111,4,794,804,1,0.012437810945273632,0.9875621890547264,689,0.13805970149253732,0.004975124378109453,0.8569651741293532
1084,Baltimore City,1983,Baltimore City Precinct 27-053,65,331,7,1918,1983,1,0.03277861825516894,0.9672213817448311,1645,0.1669188098840141,0.0035300050428643467,0.8295511850731215
1085,Baltimore City,3199,Baltimore City Precinct 27-052,85,520,9,3114,3199,1,0.026570803376055017,0.973429196623945,2670,0.16255079712410128,0.002813379180994061,0.8346358236949046
1086,Baltimore City,2203,Baltimore City Precinct 15-023,61,359,10,2142,2203,1,0.027689514298683614,0.9723104857013164,1834,0.16295960054471176,0.004539264639128461,0.8325011348161597
1087,Baltimore City,1066,Baltimore City Precinct 13-005,806,309,57,260,1066,1,0.7560975609756098,0.24390243902439024,700,0.2898686679174484,0.05347091932457786,0.6566604127579737
1088,Baltimore City,1038,Baltimore City Precinct 27-048,156,273,17,882,1038,1,0.15028901734104047,0.8497109826589595,748,0.2630057803468208,0.016377649325626204,0.720616570327553
1089,Baltimore City,827,Baltimore City Precinct 27-043,692,311,49,135,827,1,0.8367593712212817,0.16324062877871826,467,0.37605804111245467,0.0592503022974607,0.5646916565900847
1090,Baltimore City,1140,Baltimore City Precinct 27-050,691,486,31,449,1140,1,0.606140350877193,0.393859649122807,623,0.4263157894736842,0.027192982456140352,0.5464912280701755
1091,Baltimore City,390,Baltimore City Precinct 27-051,146,65,2,244,390,1,0.37435897435897436,0.6256410256410256,323,0.16666666666666666,0.005128205128205128,0.8282051282051283
1092,Baltimore City,2674,Baltimore City Precinct 27-049,2164,955,135,510,2674,1,0.8092744951383695,0.1907255048616305,1584,0.35714285714285715,0.05048616305160808,0.5923709798055348
1094,Baltimore City,777,Baltimore City Precinct 13-006,30,180,7,747,777,1,0.03861003861003861,0.9613899613899614,590,0.23166023166023167,0.009009009009009009,0.7593307593307593
1095,Baltimore City,1244,Baltimore City Precinct 13-004,1098,388,119,146,1244,1,0.882636655948553,0.11736334405144695,737,0.31189710610932475,0.09565916398713827,0.592443729903537
1096,Baltimore City,2273,Baltimore City Precinct 13-003,1980,778,135,293,2273,1,0.8710954685437747,0.12890453145622524,1360,0.34227892652881653,0.05939287285525737,0.5983282006159261
1097,Baltimore City,2199,Baltimore City Precinct 13-011,1953,816,97,246,2199,1,0.888130968622101,0.11186903137789904,1286,0.3710777626193724,0.04411095952705776,0.5848112778535698
1098,Baltimore City,1290,Baltimore City Precinct 13-012,1174,715,102,116,1290,1,0.9100775193798449,0.08992248062015504,473,0.5542635658914729,0.07906976744186046,0.36666666666666664
1099,Baltimore City,2558,Baltimore City Precinct 13-001,1793,500,43,765,2558,1,0.700938232994527,0.29906176700547304,2015,0.19546520719311963,0.016810007818608287,0.7877247849882721
1100,Baltimore City,1628,Baltimore City Precinct 27-047,1104,387,74,524,1628,1,0.6781326781326781,0.32186732186732187,1167,0.23771498771498772,0.045454545454545456,0.7168304668304668
1101,Baltimore City,1385,Baltimore City Precinct 13-002,1103,432,68,282,1385,1,0.7963898916967509,0.2036101083032491,885,0.311913357400722,0.04909747292418772,0.6389891696750902
1102,Baltimore City,802,Baltimore City Precinct 27-046,669,364,52,133,802,1,0.8341645885286783,0.1658354114713217,386,0.4538653366583541,0.06483790523690773,0.48129675810473815
1103,Baltimore City,4732,Baltimore City Precinct 27-045,3995,710,100,737,4732,1,0.8442519019442096,0.15574809805579037,3922,0.15004226542688082,0.021132713440405747,0.8288250211327134
1104,Baltimore City,1486,Baltimore City Precinct 12-003,862,369,27,624,1486,1,0.5800807537012113,0.4199192462987887,1090,0.24831763122476447,0.01816958277254374,0.7335127860026918
1105,Baltimore City,1587,Baltimore City Precinct 12-006,1031,337,23,556,1587,1,0.649653434152489,0.350346565847511,1227,0.2123503465658475,0.014492753623188406,0.7731568998109641
1106,Baltimore City,1914,Baltimore City Precinct 12-005,1218,450,21,696,1914,1,0.6363636363636364,0.36363636363636365,1443,0.23510971786833856,0.0109717868338558,0.7539184952978056
1107,Baltimore City,3814,Baltimore City Precinct 12-004,2068,428,25,1746,3814,1,0.5422128998426848,0.45778710015731516,3361,0.11221814368117462,0.006554798112218143,0.8812270582066072
1108,Baltimore City,2306,Baltimore City Precinct 12-002,1529,83,24,777,2306,1,0.663052905464007,0.3369470945359931,2199,0.035993061578490894,0.010407632263660017,0.953599306157849
1109,Baltimore City,2090,Baltimore City Precinct 12-001,1535,984,149,555,2090,1,0.7344497607655502,0.26555023923444976,957,0.47081339712918663,0.07129186602870813,0.45789473684210524
1163,Baltimore City,2988,Baltimore City Precinct 28-006,115,616,15,2873,2988,1,0.03848728246318608,0.9615127175368139,2357,0.20615796519410978,0.0050200803212851405,0.7888219544846051
1164,Baltimore City,1374,Baltimore City Precinct 28-007,38,268,8,1336,1374,1,0.027656477438136828,0.9723435225618632,1098,0.1950509461426492,0.005822416302765648,0.7991266375545851
1165,Baltimore City,1808,Baltimore City Precinct 28-005,29,411,11,1779,1808,1,0.016039823008849558,0.9839601769911505,1386,0.22732300884955753,0.006084070796460177,0.7665929203539823
1166,Baltimore City,2470,Baltimore City Precinct 28-002,50,481,16,2420,2470,1,0.020242914979757085,0.979757085020243,1973,0.19473684210526315,0.006477732793522267,0.7987854251012145
1167,Baltimore City,882,Baltimore City Precinct 28-004,11,172,7,871,882,1,0.012471655328798186,0.9875283446712018,703,0.19501133786848074,0.007936507936507936,0.7970521541950113
1168,Baltimore City,1074,Baltimore City Precinct 15-002,22,208,2,1052,1074,1,0.020484171322160148,0.9795158286778398,864,0.19366852886405958,0.00186219739292365,0.8044692737430168
1169,Baltimore City,2856,Baltimore City Precinct 15-009,38,593,13,2818,2856,1,0.01330532212885154,0.9866946778711485,2250,0.20763305322128853,0.004551820728291317,0.7878151260504201
1201,Baltimore City,1822,Baltimore City Precinct 03-001,235,310,7,1587,1822,1,0.12897914379802414,0.8710208562019759,1505,0.17014270032930845,0.0038419319429198683,0.8260153677277717
1202,Baltimore City,356,Baltimore City Precinct 05-002,41,26,1,315,356,1,0.1151685393258427,0.8848314606741573,329,0.07303370786516854,0.0028089887640449437,0.9241573033707865
1203,Baltimore City,1273,Baltimore City Precinct 10-002,8,338,1,1265,1273,1,0.006284367635506678,0.9937156323644933,934,0.2655145326001571,0.0007855459544383347,0.7336999214454045
1204,Baltimore City,987,Baltimore City Precinct 10-001,13,330,10,974,987,1,0.013171225937183385,0.9868287740628167,647,0.3343465045592705,0.010131712259371834,0.6555217831813577
1205,Baltimore City,1789,Baltimore City Precinct 09-015,22,370,7,1767,1789,1,0.012297372833985467,0.9877026271660145,1412,0.2068194522079374,0.003912800447177194,0.7892677473448854
1206,Baltimore City,1316,Baltimore City Precinct 12-007,363,524,13,953,1316,1,0.27583586626139817,0.7241641337386018,779,0.3981762917933131,0.009878419452887538,0.5919452887537994
1207,Baltimore City,1357,Baltimore City Precinct 09-014,18,353,15,1339,1357,1,0.013264554163596167,0.9867354458364038,989,0.26013264554163595,0.01105379513633014,0.7288135593220338
1208,Baltimore City,364,Baltimore City Precinct 09-011,6,42,1,358,364,1,0.016483516483516484,0.9835164835164835,321,0.11538461538461539,0.0027472527472527475,0.8818681318681318
1209,Baltimore City,917,Baltimore City Precinct 09-013,12,106,6,905,917,1,0.013086150490730643,0.9869138495092693,805,0.11559432933478735,0.006543075245365322,0.8778625954198473
1210,Baltimore City,1609,Baltimore City Precinct 09-012,36,337,6,1573,1609,1,0.022374145431945307,0.9776258545680547,1266,0.20944686140459912,0.0037290242386575512,0.7868241143567433
1211,Baltimore City,1368,Baltimore City Precinct 02-001,706,342,44,662,1368,1,0.5160818713450293,0.48391812865497075,982,0.25,0.03216374269005848,0.7178362573099415
1212,Baltimore City,1117,Baltimore City Precinct 06-004,528,372,17,589,1117,1,0.4726947179946285,0.5273052820053715,728,0.333034914950761,0.01521933751119069,0.6517457475380484
1213,Baltimore City,475,Baltimore City Precinct 06-003,44,118,2,431,475,1,0.09263157894736843,0.9073684210526316,355,0.24842105263157896,0.004210526315789474,0.7473684210526316
1214,Baltimore City,1050,Baltimore City Precinct 07-001,14,245,10,1036,1050,1,0.013333333333333334,0.9866666666666667,795,0.23333333333333334,0.009523809523809525,0.7571428571428571
1215,Baltimore City,441,Baltimore City Precinct 08-007,11,336,6,430,441,1,0.024943310657596373,0.9750566893424036,99,0.7619047619047619,0.013605442176870748,0.22448979591836735
1216,Baltimore City,250,Baltimore City Precinct 07-002,11,55,0,239,250,1,0.044,0.956,195,0.22,0.0,0.78
1217,Baltimore City,819,Baltimore City Precinct 06-002,107,167,5,712,819,1,0.13064713064713065,0.8693528693528694,647,0.2039072039072039,0.006105006105006105,0.78998778998779
1218,Baltimore City,2445,Baltimore City Precinct 07-003,84,458,12,2361,2445,1,0.0343558282208589,0.9656441717791411,1975,0.18732106339468302,0.0049079754601227,0.8077709611451943
1219,Baltimore City,986,Baltimore City Precinct 08-008,30,375,64,956,986,1,0.030425963488843813,0.9695740365111561,547,0.3803245436105477,0.06490872210953347,0.5547667342799188
1220,Baltimore City,1928,Baltimore City Precinct 08-006,31,542,18,1897,1928,1,0.016078838174273857,0.9839211618257261,1368,0.28112033195020747,0.00933609958506224,0.7095435684647303
1221,Baltimore City,1774,Baltimore City Precinct 08-005,22,355,7,1752,1774,1,0.012401352874859075,0.9875986471251409,1412,0.20011273957158962,0.003945885005636978,0.7959413754227734
1222,Baltimore City,1071,Baltimore City Precinct 08-009,21,21,2,1050,1071,1,0.0196078431372549,0.9803921568627451,1048,0.0196078431372549,0.0018674136321195146,0.9785247432306255
1223,Baltimore City,473,Baltimore City Precinct 08-004,8,81,2,465,473,1,0.016913319238900635,0.9830866807610994,390,0.17124735729386892,0.004228329809725159,0.8245243128964059
1224,Baltimore City,951,Baltimore City Precinct 26-008,818,394,152,133,951,1,0.8601472134595163,0.1398527865404837,405,0.41430073606729756,0.1598317560462671,0.42586750788643535
1225,Baltimore City,2859,Baltimore City Precinct 01-004,2482,562,254,377,2859,1,0.8681357117873383,0.13186428821266177,2043,0.19657222805176636,0.08884225253585169,0.7145855194123819
1226,Baltimore City,3180,Baltimore City Precinct 01-005,2843,839,355,337,3180,1,0.8940251572327044,0.1059748427672956,1986,0.2638364779874214,0.11163522012578617,0.6245283018867924
1227,Baltimore City,3113,Baltimore City Precinct 26-009,2667,597,246,446,3113,1,0.856729842595567,0.14327015740443302,2270,0.19177642145840026,0.07902345004818503,0.7292001284934148
1228,Baltimore City,1478,Baltimore City Precinct 26-006,963,148,67,515,1478,1,0.6515561569688768,0.34844384303112313,1263,0.10013531799729364,0.04533152909336942,0.854533152909337
1229,Baltimore City,1558,Baltimore City Precinct 01-001,1017,377,95,541,1558,1,0.6527599486521181,0.3472400513478819,1086,0.24197689345314505,0.06097560975609756,0.6970474967907574
1230,Baltimore City,3120,Baltimore City Precinct 06-005,1381,712,71,1739,3120,1,0.4426282051282051,0.5573717948717949,2337,0.2282051282051282,0.022756410256410255,0.7490384615384615
1231,Baltimore City,1744,Baltimore City Precinct 06-001,198,290,14,1546,1744,1,0.11353211009174312,0.8864678899082569,1440,0.16628440366972477,0.008027522935779817,0.8256880733944955
1232,Baltimore City,1555,Baltimore City Precinct 23-001,1384,394,119,171,1555,1,0.890032154340836,0.10996784565916398,1042,0.25337620578778136,0.07652733118971061,0.670096463022508
1233,Baltimore City,1449,Baltimore City Precinct 22-002,1253,526,122,196,1449,1,0.8647342995169082,0.13526570048309178,801,0.3630089717046239,0.0841959972394755,0.5527950310559007
1234,Baltimore City,1095,Baltimore City Precinct 22-001,797,330,85,298,1095,1,0.7278538812785388,0.27214611872146116,680,0.3013698630136986,0.0776255707762557,0.6210045662100456
1235,Baltimore City,1382,Baltimore City Precinct 19-001,24,324,6,1358,1382,1,0.017366136034732273,0.9826338639652678,1052,0.23444283646888567,0.004341534008683068,0.7612156295224313
1236,Baltimore City,1137,Baltimore City Precinct 16-003,9,158,4,1128,1137,1,0.0079155672823219,0.9920844327176781,975,0.13896218117854,0.003518029903254178,0.8575197889182058
1237,Baltimore City,1737,Baltimore City Precinct 16-002,27,245,3,1710,1737,1,0.015544041450777202,0.9844559585492227,1489,0.14104778353483016,0.0017271157167530224,0.8572251007484168
1238,Baltimore City,985,Baltimore City Precinct 16-001,18,167,2,967,985,1,0.018274111675126905,0.9817258883248731,816,0.16954314720812183,0.0020304568527918783,0.8284263959390863
1239,Baltimore City,1226,Baltimore City Precinct 18-001,14,181,6,1212,1226,1,0.011419249592169658,0.9885807504078303,1039,0.14763458401305057,0.004893964110929853,0.8474714518760196
1240,Baltimore City,1367,Baltimore City Precinct 17-002,16,530,15,1351,1367,1,0.011704462326261888,0.9882955376737381,822,0.387710314557425,0.010972933430870519,0.6013167520117044
1241,Baltimore City,1008,Baltimore City Precinct 14-003,24,184,5,984,1008,1,0.023809523809523808,0.9761904761904762,819,0.18253968253968253,0.00496031746031746,0.8125
1242,Baltimore City,1794,Baltimore City Precinct 15-019,31,26,1,1763,1794,1,0.017279821627647716,0.9827201783723523,1767,0.014492753623188406,0.0005574136008918618,0.9849498327759197
1243,Baltimore City,529,Baltimore City Precinct 14-005,4,102,7,525,529,1,0.007561436672967864,0.9924385633270322,420,0.19281663516068054,0.013232514177693762,0.7939508506616257
1244,Baltimore City,1897,Baltimore City Precinct 13-008,110,524,12,1787,1897,1,0.05798629414865577,0.9420137058513443,1361,0.27622561939905116,0.0063257775434897206,0.7174486030574592
1245,Baltimore City,1483,Baltimore City Precinct 13-007,15,340,8,1468,1483,1,0.010114632501685773,0.9898853674983142,1135,0.22926500337154418,0.005394470667565745,0.7653405259608901
1246,Baltimore City,2314,Baltimore City Precinct 14-004,223,657,19,2091,2314,1,0.09636992221261884,0.9036300777873811,1638,0.283923941227312,0.008210890233362144,0.7078651685393258
1247,Baltimore City,1277,Baltimore City Precinct 13-009,88,301,8,1189,1277,1,0.06891151135473766,0.9310884886452623,968,0.23570869224745497,0.006264682850430697,0.7580266249021144
1248,Baltimore City,1887,Baltimore City Precinct 13-010,272,455,16,1615,1887,1,0.14414414414414414,0.8558558558558559,1416,0.24112347641759407,0.008479067302596715,0.7503974562798092
1249,Baltimore City,588,Baltimore City Precinct 04-003,33,147,2,555,588,1,0.05612244897959184,0.9438775510204082,439,0.25,0.003401360544217687,0.7465986394557823
1250,Baltimore City,2521,Baltimore City Precinct 04-002,1231,631,61,1290,2521,1,0.48829829432764776,0.5117017056723523,1829,0.25029750099167,0.024196747322491077,0.725505751685839
1251,Baltimore City,1979,Baltimore City Precinct 17-001,162,39,1,1817,1979,1,0.08185952501263265,0.9181404749873674,1939,0.019706922688226377,0.0005053057099545225,0.9797877716018191
1252,Baltimore City,1028,Baltimore City Precinct 11-004,115,15,0,913,1028,1,0.11186770428015565,0.8881322957198443,1013,0.014591439688715954,0.0,0.9854085603112841
1253,Baltimore City,1704,Baltimore City Precinct 11-003,892,566,29,812,1704,1,0.5234741784037559,0.4765258215962441,1109,0.33215962441314556,0.017018779342723004,0.6508215962441315
1254,Baltimore City,2097,Baltimore City Precinct 04-001,924,314,41,1173,2097,1,0.4406294706723891,0.5593705293276109,1742,0.1497377205531712,0.0195517405817835,0.8307105388650453
1255,Baltimore City,2967,Baltimore City Precinct 11-006,1600,783,60,1367,2967,1,0.5392652510953826,0.46073474890461746,2124,0.2639029322548028,0.020222446916076844,0.7158746208291203
1256,Baltimore City,870,Baltimore City Precinct 11-005,547,404,16,323,870,1,0.628735632183908,0.37126436781609196,450,0.46436781609195404,0.01839080459770115,0.5172413793103449
1257,Baltimore City,645,Baltimore City Precinct 11-002,302,171,13,343,645,1,0.4682170542635659,0.5317829457364341,461,0.2651162790697674,0.020155038759689922,0.7147286821705426
1258,Baltimore City,1818,Baltimore City Precinct 11-007,1109,561,34,709,1818,1,0.61001100110011,0.38998899889988997,1223,0.3085808580858086,0.0187018701870187,0.6727172717271728
1259,Baltimore City,1899,Baltimore City Precinct 11-001,1177,562,49,722,1899,1,0.6197998946814113,0.3802001053185887,1288,0.29594523433385994,0.025803054239073198,0.6782517114270669
1260,Baltimore City,1670,Baltimore City Precinct 14-002,830,255,14,840,1670,1,0.49700598802395207,0.5029940119760479,1401,0.15269461077844312,0.008383233532934131,0.8389221556886227
1261,Baltimore City,1524,Baltimore City Precinct 14-001,930,366,18,594,1524,1,0.610236220472441,0.38976377952755903,1140,0.24015748031496062,0.011811023622047244,0.7480314960629921
1262,Baltimore City,2304,Baltimore City Precinct 12-009,1078,534,61,1226,2304,1,0.4678819444444444,0.5321180555555556,1709,0.23177083333333334,0.026475694444444444,0.7417534722222222
1263,Baltimore City,1485,Baltimore City Precinct 12-012,447,534,10,1038,1485,1,0.301010101010101,0.6989898989898989,941,0.3595959595959596,0.006734006734006734,0.6336700336700337
1289,Baltimore City,1691,Baltimore City Precinct 16-009,6,347,4,1685,1691,1,0.0035481963335304554,0.9964518036664696,1340,0.205204021289178,0.002365464222353637,0.7924305144884684
1290,Baltimore City,1025,Baltimore City Precinct 16-010,10,195,3,1015,1025,1,0.00975609756097561,0.9902439024390244,827,0.1902439024390244,0.002926829268292683,0.806829268292683
1291,Baltimore City,936,Baltimore City Precinct 16-011,6,170,2,930,936,1,0.00641025641025641,0.9935897435897436,764,0.18162393162393162,0.002136752136752137,0.8162393162393162
1292,Baltimore City,365,Baltimore City Precinct 15-012,13,52,0,352,365,1,0.03561643835616438,0.9643835616438357,313,0.14246575342465753,0.0,0.8575342465753425
1293,Baltimore City,1645,Baltimore City Precinct 15-007,21,374,4,1624,1645,1,0.01276595744680851,0.9872340425531915,1267,0.22735562310030394,0.0024316109422492403,0.7702127659574468
1294,Baltimore City,754,Baltimore City Precinct 15-013,5,161,5,749,754,1,0.006631299734748011,0.993368700265252,588,0.21352785145888595,0.006631299734748011,0.7798408488063661
1295,Baltimore City,813,Baltimore City Precinct 15-015,5,149,3,808,813,1,0.006150061500615006,0.993849938499385,661,0.18327183271832717,0.0036900369003690036,0.8130381303813038
1296,Baltimore City,1295,Baltimore City Precinct 15-014,10,362,6,1285,1295,1,0.007722007722007722,0.9922779922779923,927,0.27953667953667954,0.004633204633204633,0.7158301158301158
1297,Baltimore City,1699,Baltimore City Precinct 15-006,17,504,8,1682,1699,1,0.010005885815185403,0.9899941141848146,1187,0.2966450853443202,0.004708652148322542,0.6986462625073573
1298,Baltimore City,964,Baltimore City Precinct 16-007,6,333,4,958,964,1,0.006224066390041493,0.9937759336099585,627,0.3454356846473029,0.004149377593360996,0.6504149377593361
1299,Baltimore City,1884,Baltimore City Precinct 16-006,7,381,14,1877,1884,1,0.0037154989384288748,0.9962845010615711,1489,0.20222929936305734,0.0074309978768577496,0.7903397027600849
1300,Baltimore City,1791,Baltimore City Precinct 20-001,30,349,7,1761,1791,1,0.01675041876046901,0.983249581239531,1435,0.19486320491345616,0.003908431044109436,0.8012283640424344
1301,Baltimore City,764,Baltimore City Precinct 16-004,12,111,2,752,764,1,0.015706806282722512,0.9842931937172775,651,0.14528795811518325,0.002617801047120419,0.8520942408376964
1302,Baltimore City,2126,Baltimore City Precinct 16-005,27,365,10,2099,2126,1,0.012699905926622766,0.9873000940733773,1751,0.17168391345249295,0.004703668861712135,0.823612417685795
1303,Baltimore City,1404,Baltimore City Precinct 15-018,4,572,9,1400,1404,1,0.002849002849002849,0.9971509971509972,823,0.4074074074074074,0.00641025641025641,0.5861823361823362
1304,Baltimore City,1040,Baltimore City Precinct 15-016,9,185,8,1031,1040,1,0.008653846153846154,0.9913461538461539,847,0.1778846153846154,0.007692307692307693,0.8144230769230769
1305,Baltimore City,2987,Baltimore City Precinct 15-020,37,564,8,2950,2987,1,0.012387010378305993,0.987612989621694,2415,0.18881821225309675,0.002678272514228323,0.8085035152326749
1306,Baltimore City,1237,Baltimore City Precinct 15-021,14,248,3,1223,1237,1,0.01131770412287793,0.9886822958771221,986,0.20048504446240906,0.002425222312045271,0.7970897332255457
1307,Baltimore City,1807,Baltimore City Precinct 15-017,23,421,6,1784,1807,1,0.012728278915329275,0.9872717210846708,1380,0.23298284449363585,0.003320420586607637,0.7636967349197565
1308,Baltimore City,1062,Baltimore City Precinct 25-006,24,259,4,1038,1062,1,0.022598870056497175,0.9774011299435028,799,0.243879472693032,0.003766478342749529,0.7523540489642184
1309,Baltimore City,596,Baltimore City Precinct 25-007,133,131,10,463,596,1,0.2231543624161074,0.7768456375838926,455,0.2197986577181208,0.016778523489932886,0.7634228187919463
1310,Baltimore City,2234,Baltimore City Precinct 21-003,992,462,66,1242,2234,1,0.4440465532676813,0.5559534467323187,1706,0.20680393912264997,0.02954341987466428,0.7636526410026858
1311,Baltimore City,3343,Baltimore City Precinct 19-002,1090,335,38,2253,3343,1,0.3260544421178582,0.6739455578821418,2970,0.10020939276099312,0.01136703559676937,0.8884235716422375
1312,Baltimore City,489,Baltimore City Precinct 21-004,246,164,18,243,489,1,0.5030674846625767,0.49693251533742333,307,0.33537832310838445,0.03680981595092025,0.6278118609406953
1313,Baltimore City,1952,Baltimore City Precinct 18-002,558,322,28,1394,1952,1,0.2858606557377049,0.7141393442622951,1602,0.16495901639344263,0.014344262295081968,0.8206967213114754
1314,Baltimore City,1673,Baltimore City Precinct 21-002,672,445,39,1001,1673,1,0.401673640167364,0.5983263598326359,1189,0.2659892408846384,0.023311416616855946,0.7106993424985056
1315,Baltimore City,2033,Baltimore City Precinct 23-003,1802,575,199,231,2033,1,0.8863748155435317,0.11362518445646827,1259,0.2828332513526808,0.09788489916379735,0.6192818494835219
1316,Baltimore City,1153,Baltimore City Precinct 21-001,755,245,34,398,1153,1,0.6548135299219427,0.34518647007805725,874,0.212489158716392,0.029488291413703384,0.7580225498699046
1317,Baltimore City,1038,Baltimore City Precinct 23-002,584,373,62,454,1038,1,0.5626204238921002,0.4373795761078998,603,0.35934489402697495,0.05973025048169557,0.5809248554913294
1318,Baltimore City,2506,Baltimore City Precinct 20-007,148,448,19,2358,2506,1,0.05905826017557861,0.9409417398244214,2039,0.1787709497206704,0.007581803671189146,0.8136472466081405
1319,Baltimore City,2106,Baltimore City Precinct 28-010,255,479,34,1851,2106,1,0.12108262108262108,0.8789173789173789,1593,0.22744539411206077,0.016144349477682812,0.7564102564102564
1320,Baltimore City,458,Baltimore City Precinct 28-012,55,300,33,403,458,1,0.12008733624454149,0.8799126637554585,125,0.6550218340611353,0.07205240174672489,0.27292576419213976
1321,Baltimore City,2423,Baltimore City Precinct 28-009,274,499,19,2149,2423,1,0.1130829550144449,0.8869170449855551,1905,0.20594304581097814,0.007841518778373916,0.786215435410648
1322,Baltimore City,1962,Baltimore City Precinct 28-011,173,457,28,1789,1962,1,0.08817533129459736,0.9118246687054027,1477,0.2329255861365953,0.014271151885830785,0.7528032619775739
1323,Baltimore City,3079,Baltimore City Precinct 20-006,15,627,6,3064,3079,1,0.004871711594673595,0.9951282884053264,2446,0.20363754465735628,0.001948684637869438,0.7944137707047743
1324,Baltimore City,3001,Baltimore City Precinct 16-014,29,580,12,2972,3001,1,0.009663445518160613,0.9903365544818394,2409,0.19326891036321225,0.003998667110963012,0.8027324225258248
1325,Baltimore City,1740,Baltimore City Precinct 28-008,83,363,6,1657,1740,1,0.04770114942528736,0.9522988505747126,1371,0.20862068965517241,0.0034482758620689655,0.7879310344827586
1326,Baltimore City,1451,Baltimore City Precinct 15-011,43,322,7,1408,1451,1,0.029634734665747762,0.9703652653342523,1122,0.22191592005513439,0.004824259131633356,0.7732598208132323
1327,Baltimore City,1492,Baltimore City Precinct 15-010,39,379,11,1453,1492,1,0.02613941018766756,0.9738605898123325,1102,0.2540214477211796,0.007372654155495978,0.7386058981233244
1375,Baltimore City,2932,Baltimore City Precinct 28-015,976,479,63,1956,2932,1,0.3328785811732606,0.6671214188267395,2390,0.16336971350613916,0.021487039563437928,0.815143246930423
1376,Baltimore City,2794,Baltimore City Precinct 25-001,329,711,39,2465,2794,1,0.11775232641374374,0.8822476735862562,2044,0.2544738725841088,0.01395848246241947,0.7315676449534717
1377,Baltimore City,742,Baltimore City Precinct 28-014,55,153,7,687,742,1,0.07412398921832884,0.9258760107816711,582,0.20619946091644206,0.009433962264150943,0.784366576819407
1378,Baltimore City,2138,Baltimore City Precinct 25-002,205,451,24,1933,2138,1,0.09588400374181479,0.9041159962581852,1663,0.21094480823199252,0.011225444340505144,0.7778297474275023
1379,Baltimore City,1494,Baltimore City Precinct 28-013,105,300,11,1389,1494,1,0.07028112449799197,0.929718875502008,1183,0.20080321285140562,0.007362784471218206,0.7918340026773761
1380,Baltimore City,714,Baltimore City Precinct 20-008,104,127,8,610,714,1,0.14565826330532214,0.8543417366946778,579,0.17787114845938376,0.011204481792717087,0.8109243697478992
1698,Baltimore City,1766,Baltimore City Precinct 15-001,42,368,11,1724,1766,1,0.02378255945639864,0.9762174405436014,1387,0.20838052095130238,0.00622876557191393,0.7853907134767837
1699,Baltimore City,571,Baltimore City Precinct 28-003,5,131,5,566,571,1,0.008756567425569177,0.9912434325744308,435,0.22942206654991243,0.008756567425569177,0.7618213660245184
1700,Baltimore City,1228,Baltimore City Precinct 27-061,324,136,21,904,1228,1,0.26384364820846906,0.7361563517915309,1071,0.11074918566775244,0.01710097719869707,0.8721498371335505
1701,Baltimore City,1238,Baltimore City Precinct 27-056,13,182,6,1225,1238,1,0.01050080775444265,0.9894991922455574,1050,0.1470113085621971,0.004846526655896607,0.8481421647819063
1702,Baltimore City,2460,Baltimore City Precinct 27-057,36,329,4,2424,2460,1,0.014634146341463415,0.9853658536585366,2127,0.13373983739837397,0.0016260162601626016,0.8646341463414634
1703,Baltimore City,1163,Baltimore City Precinct 27-059,32,164,2,1131,1163,1,0.027515047291487533,0.9724849527085124,997,0.1410146173688736,0.0017196904557179708,0.8572656921754084
1704,Baltimore City,1669,Baltimore City Precinct 28-001,105,325,16,1564,1669,1,0.06291192330736968,0.9370880766926303,1328,0.19472738166566805,0.009586578789694428,0.7956860395446375
1705,Baltimore City,3062,Baltimore City Precinct 27-067,1028,511,74,2034,3062,1,0.3357282821685173,0.6642717178314826,2477,0.16688438928804702,0.024167210973220117,0.8089483997387329
1706,Baltimore City,2688,Baltimore City Precinct 27-062,1151,279,97,1537,2688,1,0.42819940476190477,0.5718005952380952,2312,0.10379464285714286,0.03608630952380952,0.8601190476190477
1707,Baltimore City,2392,Baltimore City Precinct 27-066,1756,434,164,636,2392,1,0.7341137123745819,0.26588628762541805,1794,0.181438127090301,0.06856187290969899,0.75
1709,Baltimore City,1675,Baltimore City Precinct 27-063,770,367,100,905,1675,1,0.4597014925373134,0.5402985074626866,1208,0.2191044776119403,0.05970149253731343,0.7211940298507463
1710,Baltimore City,3698,Baltimore City Precinct 27-065,2866,594,217,832,3698,1,0.775013520822066,0.22498647917793402,2887,0.16062736614386156,0.058680367766360195,0.7806922660897783
1711,Baltimore City,997,Baltimore City Precinct 27-060,171,296,29,826,997,1,0.1715145436308927,0.8284854563691073,672,0.29689067201604813,0.029087261785356068,0.6740220661985958
1712,Baltimore City,1689,Baltimore City Precinct 27-064,1206,412,143,483,1689,1,0.7140319715808171,0.28596802841918295,1134,0.24393132030787448,0.08466548253404381,0.6714031971580817
1726,Baltimore City,818,Baltimore City Precinct 15-008,13,216,6,805,818,1,0.01589242053789731,0.9841075794621027,596,0.26405867970660146,0.007334963325183374,0.7286063569682152
1727,Baltimore City,2394,Baltimore City Precinct 15-003,33,637,11,2361,2394,1,0.013784461152882205,0.9862155388471178,1746,0.26608187134502925,0.004594820384294068,0.7293233082706767
1728,Baltimore City,1024,Baltimore City Precinct 15-004,8,235,9,1016,1024,1,0.0078125,0.9921875,780,0.2294921875,0.0087890625,0.76171875
1729,Baltimore City,1372,Baltimore City Precinct 15-005,11,385,12,1361,1372,1,0.008017492711370262,0.9919825072886297,975,0.28061224489795916,0.008746355685131196,0.7106413994169096
