,COUNTY,VAP,NAME,WVAP,AG18D,AG18R,OVAP,TOT_VOTES,factor,WVAP_pct,OVAP_pct,AG18None,AG18D_pct,AG18R_pct,AG18None_pct
556,Baltimore City,1090,Baltimore City Precinct 26-028,142,230,13,948,1090,1,0.13027522935779817,0.8697247706422019,847,0.21100917431192662,0.011926605504587157,0.7770642201834862
557,Baltimore City,1429,Baltimore City Precinct 26-027,322,309,47,1107,1429,1,0.22533240027991602,0.7746675997200839,1073,0.21623512946116166,0.032890132960111965,0.7508747375787264
558,Baltimore City,1467,Baltimore City Precinct 27-007,472,305,32,995,1467,1,0.321745057941377,0.678254942058623,1130,0.20790729379686435,0.021813224267211998,0.7702794819359237
559,Baltimore City,985,Baltimore City Precinct 26-030,419,278,35,566,985,1,0.42538071065989846,0.5746192893401015,672,0.28223350253807106,0.03553299492385787,0.682233502538071
574,Baltimore City,502,Baltimore City Precinct 26-001,417,50,41,85,502,1,0.8306772908366534,0.1693227091633466,411,0.099601593625498,0.08167330677290836,0.8187250996015937
575,Baltimore City,2426,Baltimore City Precinct 26-002,1008,252,74,1418,2426,1,0.4154987633965375,0.5845012366034625,2100,0.10387469084913438,0.030502885408079144,0.8656224237427865
576,Baltimore City,2095,Baltimore City Precinct 26-003,1404,200,152,691,2095,1,0.6701670644391408,0.3298329355608592,1743,0.0954653937947494,0.07255369928400955,0.831980906921241
581,Baltimore City,782,Baltimore City Precinct 26-005,514,99,59,268,782,1,0.6572890025575447,0.34271099744245526,624,0.1265984654731458,0.07544757033248081,0.7979539641943734
582,Baltimore City,1623,Baltimore City Precinct 26-004,1098,150,84,525,1623,1,0.6765249537892791,0.3234750462107209,1389,0.09242144177449169,0.051756007393715345,0.8558225508317929
583,Baltimore City,1434,Baltimore City Precinct 26-007,799,268,137,635,1434,1,0.5571827057182706,0.44281729428172945,1029,0.18688981868898186,0.09553695955369595,0.7175732217573222
584,Baltimore City,1562,Baltimore City Precinct 26-014,1050,115,79,512,1562,1,0.6722151088348272,0.32778489116517284,1368,0.0736235595390525,0.05057618437900128,0.8758002560819462
585,Baltimore City,1463,Baltimore City Precinct 26-015,116,362,22,1347,1463,1,0.07928913192071087,0.9207108680792891,1079,0.24743677375256323,0.015037593984962405,0.7375256322624744
586,Baltimore City,4697,Baltimore City Precinct 26-029,597,765,57,4100,4697,1,0.12710240579093038,0.8728975942090696,3875,0.16286991696827763,0.01213540557802853,0.8249946774536938
805,Baltimore City,3265,Baltimore City Precinct 25-005,822,457,89,2443,3265,1,0.2517611026033691,0.748238897396631,2719,0.13996937212863705,0.027258805513016845,0.8327718223583461
807,Baltimore City,2660,Baltimore City Precinct 25-008,74,374,22,2586,2660,1,0.027819548872180452,0.9721804511278196,2264,0.1406015037593985,0.008270676691729323,0.8511278195488722
808,Baltimore City,1089,Baltimore City Precinct 25-009,9,238,8,1080,1089,1,0.008264462809917356,0.9917355371900827,843,0.21854912764003673,0.0073461891643709825,0.7741046831955923
809,Baltimore City,1595,Baltimore City Precinct 25-010,46,279,10,1549,1595,1,0.02884012539184953,0.9711598746081505,1306,0.17492163009404388,0.006269592476489028,0.8188087774294671
810,Baltimore City,3555,Baltimore City Precinct 25-003,2570,480,251,985,3555,1,0.7229254571026723,0.2770745428973277,2824,0.1350210970464135,0.07060478199718706,0.7943741209563995
811,Baltimore City,929,Baltimore City Precinct 20-009,527,114,38,402,929,1,0.5672766415500539,0.4327233584499462,777,0.12271259418729817,0.04090419806243272,0.8363832077502691
812,Baltimore City,1049,Baltimore City Precinct 20-005,28,224,14,1021,1049,1,0.02669208770257388,0.9733079122974261,811,0.21353670162059105,0.01334604385128694,0.773117254528122
813,Baltimore City,3568,Baltimore City Precinct 25-004,2774,309,280,794,3568,1,0.7774663677130045,0.22253363228699552,2979,0.08660313901345291,0.07847533632286996,0.8349215246636771
814,Baltimore City,756,Baltimore City Precinct 20-010,333,47,12,423,756,1,0.44047619047619047,0.5595238095238095,697,0.062169312169312166,0.015873015873015872,0.921957671957672
815,Baltimore City,2322,Baltimore City Precinct 20-003,54,243,12,2268,2322,1,0.023255813953488372,0.9767441860465116,2067,0.10465116279069768,0.00516795865633075,0.8901808785529716
816,Baltimore City,2303,Baltimore City Precinct 20-011,848,189,51,1455,2303,1,0.36821537125488496,0.6317846287451151,2063,0.08206686930091185,0.02214502822405558,0.8957881024750326
817,Baltimore City,950,Baltimore City Precinct 20-002,70,117,8,880,950,1,0.07368421052631578,0.9263157894736842,825,0.1231578947368421,0.008421052631578947,0.868421052631579
818,Baltimore City,1760,Baltimore City Precinct 16-013,14,312,20,1746,1760,1,0.007954545454545454,0.9920454545454546,1428,0.17727272727272728,0.011363636363636364,0.8113636363636364
819,Baltimore City,1950,Baltimore City Precinct 16-012,10,432,23,1940,1950,1,0.005128205128205128,0.9948717948717949,1495,0.22153846153846155,0.011794871794871795,0.7666666666666667
820,Baltimore City,240,Baltimore City Precinct 20-004,4,66,3,236,240,1,0.016666666666666666,0.9833333333333333,171,0.275,0.0125,0.7125
821,Baltimore City,1495,Baltimore City Precinct 16-008,24,199,9,1471,1495,1,0.016053511705685617,0.9839464882943144,1287,0.1331103678929766,0.006020066889632107,0.8608695652173913
822,Baltimore City,901,Baltimore City Precinct 26-031,516,181,64,385,901,1,0.5726970033296337,0.42730299667036625,656,0.2008879023307436,0.07103218645948946,0.7280799112097669
826,Baltimore City,2719,Baltimore City Precinct 27-008,1192,668,156,1527,2719,1,0.4383964692901802,0.5616035307098198,1895,0.24567855829349025,0.05737403457153365,0.696947407134976
827,Baltimore City,2670,Baltimore City Precinct 27-011,1688,679,319,982,2670,1,0.6322097378277154,0.36779026217228467,1672,0.2543071161048689,0.1194756554307116,0.6262172284644195
828,Baltimore City,842,Baltimore City Precinct 27-010,645,205,117,197,842,1,0.7660332541567696,0.2339667458432304,520,0.24346793349168647,0.13895486935866982,0.6175771971496437
876,Baltimore City,1038,Baltimore City Precinct 12-011,130,271,14,908,1038,1,0.1252408477842004,0.8747591522157996,753,0.2610789980732177,0.01348747591522158,0.7254335260115607
877,Baltimore City,1718,Baltimore City Precinct 12-008,988,576,48,730,1718,1,0.5750873108265425,0.42491268917345754,1094,0.3352735739231665,0.027939464493597205,0.6367869615832363
878,Baltimore City,1916,Baltimore City Precinct 12-010,382,398,21,1534,1916,1,0.19937369519832984,0.8006263048016702,1497,0.20772442588726514,0.010960334029227558,0.7813152400835073
882,Baltimore City,1139,Baltimore City Precinct 25-011,672,108,71,467,1139,1,0.5899912203687445,0.4100087796312555,960,0.09482001755926252,0.06233538191395961,0.8428446005267779
883,Baltimore City,2273,Baltimore City Precinct 25-012,1279,208,102,994,2273,1,0.5626924769027717,0.4373075230972283,1963,0.09150901891772988,0.04487461504619446,0.8636163660360757
884,Baltimore City,1483,Baltimore City Precinct 25-014,468,197,39,1015,1483,1,0.3155765340525961,0.6844234659474039,1247,0.13283884018880648,0.026298044504383007,0.8408631153068106
885,Baltimore City,1262,Baltimore City Precinct 25-013,750,103,54,512,1262,1,0.5942947702060222,0.40570522979397783,1105,0.08161648177496038,0.042789223454833596,0.875594294770206
886,Baltimore City,1628,Baltimore City Precinct 25-015,701,182,44,927,1628,1,0.4305896805896806,0.5694103194103194,1402,0.11179361179361179,0.02702702702702703,0.8611793611793612
887,Baltimore City,2415,Baltimore City Precinct 25-016,1616,226,106,799,2415,1,0.6691511387163561,0.3308488612836439,2083,0.09358178053830228,0.04389233954451346,0.8625258799171842
888,Baltimore City,2673,Baltimore City Precinct 24-004,2448,768,353,225,2673,1,0.9158249158249159,0.08417508417508418,1552,0.287317620650954,0.13206135428357652,0.5806210250654695
889,Baltimore City,878,Baltimore City Precinct 24-002,775,272,127,103,878,1,0.8826879271070615,0.11731207289293849,479,0.3097949886104784,0.14464692482915717,0.5455580865603644
890,Baltimore City,722,Baltimore City Precinct 24-001,632,226,108,90,722,1,0.8753462603878116,0.12465373961218837,388,0.31301939058171746,0.14958448753462603,0.5373961218836565
891,Baltimore City,1728,Baltimore City Precinct 24-003,1531,541,258,197,1728,1,0.8859953703703703,0.11400462962962964,929,0.3130787037037037,0.14930555555555555,0.5376157407407407
892,Baltimore City,1994,Baltimore City Precinct 03-003,1421,429,185,573,1994,1,0.7126379137412236,0.28736208625877635,1380,0.21514543630892677,0.09277833500501505,0.6920762286860582
893,Baltimore City,3017,Baltimore City Precinct 24-005,2786,1112,621,231,3017,1,0.9234338747099768,0.0765661252900232,1284,0.3685780576731853,0.20583360954590654,0.4255883327809082
894,Baltimore City,2635,Baltimore City Precinct 02-003,2167,689,227,468,2635,1,0.8223908918406072,0.1776091081593928,1719,0.26148007590132827,0.08614800759013283,0.6523719165085389
895,Baltimore City,2074,Baltimore City Precinct 02-002,1402,505,127,672,2074,1,0.6759884281581485,0.3240115718418515,1442,0.24349083895853424,0.06123432979749277,0.695274831243973
896,Baltimore City,2117,Baltimore City Precinct 01-002,1706,598,133,411,2117,1,0.8058573452999528,0.19414265470004724,1386,0.28247520075578647,0.06282475200755787,0.6547000472366556
897,Baltimore City,1947,Baltimore City Precinct 01-003,1710,436,188,237,1947,1,0.8782742681047766,0.12172573189522343,1323,0.2239342578325629,0.09655880842321521,0.6795069337442219
898,Baltimore City,2617,Baltimore City Precinct 05-001,202,250,15,2415,2617,1,0.07718761941153993,0.92281238058846,2352,0.09552923194497516,0.00573175391669851,0.8987390141383264
899,Baltimore City,658,Baltimore City Precinct 10-004,17,146,6,641,658,1,0.025835866261398176,0.9741641337386018,506,0.22188449848024316,0.00911854103343465,0.7689969604863222
900,Baltimore City,5665,Baltimore City Precinct 10-003,789,82,5,4876,5665,1,0.13927625772285968,0.8607237422771403,5578,0.014474845542806708,0.00088261253309797,0.9846425419240953
901,Baltimore City,836,Baltimore City Precinct 03-002,231,135,18,605,836,1,0.27631578947368424,0.7236842105263158,683,0.16148325358851676,0.0215311004784689,0.8169856459330144
913,Baltimore City,2765,Baltimore City Precinct 07-004,124,376,23,2641,2765,1,0.04484629294755877,0.9551537070524412,2366,0.1359855334538879,0.008318264014466547,0.8556962025316456
914,Baltimore City,3497,Baltimore City Precinct 26-010,1389,431,144,2108,3497,1,0.3971975979410924,0.6028024020589077,2922,0.12324849871318273,0.04117815270231627,0.835573348584501
915,Baltimore City,923,Baltimore City Precinct 26-012,85,113,9,838,923,1,0.09209100758396534,0.9079089924160346,801,0.12242686890574214,0.009750812567713976,0.8678223185265439
916,Baltimore City,3245,Baltimore City Precinct 08-010,18,699,40,3227,3245,1,0.005546995377503852,0.9944530046224962,2506,0.21540832049306627,0.012326656394453005,0.7722650231124807
917,Baltimore City,577,Baltimore City Precinct 08-011,13,142,5,564,577,1,0.022530329289428077,0.9774696707105719,430,0.24610051993067592,0.008665511265164644,0.7452339688041595
918,Baltimore City,1998,Baltimore City Precinct 08-003,70,365,28,1928,1998,1,0.035035035035035036,0.964964964964965,1605,0.18268268268268267,0.014014014014014014,0.8033033033033034
919,Baltimore City,1675,Baltimore City Precinct 26-019,143,442,18,1532,1675,1,0.0853731343283582,0.9146268656716418,1215,0.2638805970149254,0.010746268656716417,0.7253731343283583
920,Baltimore City,783,Baltimore City Precinct 26-020,50,193,10,733,783,1,0.06385696040868455,0.9361430395913155,580,0.24648786717752236,0.01277139208173691,0.7407407407407407
921,Baltimore City,1709,Baltimore City Precinct 26-011,785,123,58,924,1709,1,0.4593329432416618,0.5406670567583383,1528,0.07197191339964892,0.03393797542422469,0.8940901111761264
922,Baltimore City,1355,Baltimore City Precinct 26-013,1074,128,123,281,1355,1,0.792619926199262,0.207380073800738,1104,0.09446494464944649,0.0907749077490775,0.814760147601476
923,Baltimore City,339,Baltimore City Precinct 26-017,33,157,10,306,339,1,0.09734513274336283,0.9026548672566371,172,0.4631268436578171,0.029498525073746312,0.5073746312684366
924,Baltimore City,2928,Baltimore City Precinct 26-018,256,745,26,2672,2928,1,0.08743169398907104,0.912568306010929,2157,0.25443989071038253,0.008879781420765027,0.7366803278688525
925,Baltimore City,1249,Baltimore City Precinct 26-016,74,321,15,1175,1249,1,0.059247397918334666,0.9407526020816653,913,0.2570056044835869,0.01200960768614892,0.7309847878302642
982,Baltimore City,2683,Baltimore City Precinct 26-024,242,466,16,2441,2683,1,0.09019754006708908,0.9098024599329109,2201,0.17368617219530377,0.005963473723443906,0.8203503540812523
983,Baltimore City,2299,Baltimore City Precinct 26-025,146,333,21,2153,2299,1,0.06350587211831231,0.9364941278816877,1945,0.1448455850369726,0.009134406263592866,0.8460200086994345
984,Baltimore City,1812,Baltimore City Precinct 26-026,482,410,56,1330,1812,1,0.26600441501103755,0.7339955849889624,1346,0.22626931567328917,0.03090507726269316,0.7428256070640177
985,Baltimore City,2585,Baltimore City Precinct 27-005,1273,708,137,1312,2585,1,0.49245647969052225,0.5075435203094778,1740,0.27388781431334625,0.05299806576402321,0.6731141199226306
986,Baltimore City,3355,Baltimore City Precinct 27-006,959,794,92,2396,3355,1,0.28584202682563337,0.7141579731743666,2469,0.23666169895678094,0.027421758569299553,0.7359165424739196
987,Baltimore City,780,Baltimore City Precinct 27-019,33,176,8,747,780,1,0.04230769230769231,0.9576923076923077,596,0.22564102564102564,0.010256410256410256,0.764102564102564
988,Baltimore City,2289,Baltimore City Precinct 27-015,400,565,52,1889,2289,1,0.17474879860200962,0.8252512013979904,1672,0.24683267802533856,0.022717343818261248,0.7304499781564002
992,Baltimore City,2647,Baltimore City Precinct 27-014,1453,730,225,1194,2647,1,0.5489233094068757,0.4510766905931243,1692,0.2757839063090291,0.08500188893086513,0.6392142047601058
993,Baltimore City,3409,Baltimore City Precinct 27-013,915,668,127,2494,3409,1,0.26840715752420063,0.7315928424757994,2614,0.19595189205045468,0.03725432678204752,0.7667937811674977
994,Baltimore City,1492,Baltimore City Precinct 27-009,843,468,127,649,1492,1,0.5650134048257373,0.43498659517426275,897,0.3136729222520107,0.08512064343163539,0.6012064343163539
995,Baltimore City,762,Baltimore City Precinct 27-012,550,159,88,212,762,1,0.7217847769028871,0.2782152230971129,515,0.20866141732283464,0.11548556430446194,0.6758530183727034
1014,Baltimore City,751,Baltimore City Precinct 27-037,547,186,72,204,751,1,0.7283621837549934,0.27163781624500666,493,0.24766977363515313,0.09587217043941411,0.6564580559254327
1015,Baltimore City,1727,Baltimore City Precinct 27-038,993,371,56,734,1727,1,0.57498552403011,0.42501447596989,1300,0.21482339316734222,0.03242617255356109,0.7527504342790967
1016,Baltimore City,1669,Baltimore City Precinct 27-042,1261,586,194,408,1669,1,0.7555422408627921,0.2444577591372079,889,0.35110844817255843,0.11623726782504494,0.5326542840023967
1017,Baltimore City,1155,Baltimore City Precinct 27-044,1034,539,116,121,1155,1,0.8952380952380953,0.10476190476190476,500,0.4666666666666667,0.10043290043290043,0.4329004329004329
1018,Baltimore City,1487,Baltimore City Precinct 27-040,1289,543,212,198,1487,1,0.8668459986550101,0.13315400134498992,732,0.36516476126429054,0.1425689307330195,0.49226630800269
1019,Baltimore City,742,Baltimore City Precinct 27-039,645,328,105,97,742,1,0.8692722371967655,0.1307277628032345,309,0.4420485175202156,0.14150943396226415,0.4164420485175202
1020,Baltimore City,1929,Baltimore City Precinct 27-041,1446,624,190,483,1929,1,0.749611197511664,0.25038880248833595,1115,0.3234836702954899,0.09849663037843442,0.5780196993260757
1036,Baltimore City,1338,Baltimore City Precinct 09-010,254,338,16,1084,1338,1,0.1898355754857997,0.8101644245142003,984,0.2526158445440957,0.01195814648729447,0.7354260089686099
1037,Baltimore City,1402,Baltimore City Precinct 09-003,246,416,24,1156,1402,1,0.1754636233951498,0.8245363766048502,962,0.2967189728958631,0.017118402282453638,0.6861626248216833
1038,Baltimore City,1166,Baltimore City Precinct 09-002,133,248,21,1033,1166,1,0.11406518010291596,0.885934819897084,897,0.21269296740994853,0.018010291595197257,0.7692967409948542
1039,Baltimore City,1002,Baltimore City Precinct 09-009,76,219,17,926,1002,1,0.07584830339321358,0.9241516966067864,766,0.218562874251497,0.016966067864271458,0.7644710578842315
1040,Baltimore City,1958,Baltimore City Precinct 09-004,484,625,48,1474,1958,1,0.24719101123595505,0.7528089887640449,1285,0.3192032686414709,0.024514811031664963,0.6562819203268642
1041,Baltimore City,1717,Baltimore City Precinct 09-005,367,427,37,1350,1717,1,0.21374490390215492,0.786255096097845,1253,0.24868957483983692,0.021549213744903904,0.7297612114152592
1042,Baltimore City,782,Baltimore City Precinct 09-001,41,147,7,741,782,1,0.052429667519181586,0.9475703324808185,628,0.18797953964194372,0.008951406649616368,0.80306905370844
1043,Baltimore City,970,Baltimore City Precinct 27-036,32,211,12,938,970,1,0.032989690721649485,0.9670103092783505,747,0.2175257731958763,0.012371134020618556,0.7701030927835052
1044,Baltimore City,3261,Baltimore City Precinct 27-035,98,476,26,3163,3261,1,0.03005213124808341,0.9699478687519166,2759,0.145967494633548,0.007973014412756822,0.8460594909536951
1045,Baltimore City,1481,Baltimore City Precinct 27-026,265,204,15,1216,1481,1,0.17893315327481432,0.8210668467251857,1262,0.137744767049291,0.01012829169480081,0.8521269412559082
1046,Baltimore City,1722,Baltimore City Precinct 27-027,33,342,10,1689,1722,1,0.01916376306620209,0.980836236933798,1370,0.1986062717770035,0.005807200929152149,0.7955865272938444
1047,Baltimore City,1372,Baltimore City Precinct 27-028,32,285,14,1340,1372,1,0.023323615160349854,0.9766763848396501,1073,0.20772594752186588,0.01020408163265306,0.782069970845481
1048,Baltimore City,858,Baltimore City Precinct 27-029,10,194,20,848,858,1,0.011655011655011656,0.9883449883449883,644,0.2261072261072261,0.023310023310023312,0.7505827505827506
1049,Baltimore City,1643,Baltimore City Precinct 09-008,18,240,6,1625,1643,1,0.010955569080949483,0.9890444309190505,1397,0.14607425441265978,0.0036518563603164943,0.8502738892270237
1050,Baltimore City,1933,Baltimore City Precinct 09-006,142,597,31,1791,1933,1,0.0734609415416451,0.9265390584583549,1305,0.3088463528194516,0.01603724780134506,0.6751163993792033
1051,Baltimore City,1819,Baltimore City Precinct 09-007,152,488,23,1667,1819,1,0.08356239692138538,0.9164376030786147,1308,0.2682792743265531,0.012644310060472787,0.7190764156129742
1052,Baltimore City,1296,Baltimore City Precinct 27-025,35,339,16,1261,1296,1,0.02700617283950617,0.9729938271604939,941,0.26157407407407407,0.012345679012345678,0.7260802469135802
1053,Baltimore City,1047,Baltimore City Precinct 27-024,138,141,6,909,1047,1,0.1318051575931232,0.8681948424068768,900,0.1346704871060172,0.0057306590257879654,0.8595988538681948
1054,Baltimore City,588,Baltimore City Precinct 27-023,30,215,15,558,588,1,0.05102040816326531,0.9489795918367347,358,0.3656462585034014,0.025510204081632654,0.608843537414966
1055,Baltimore City,1632,Baltimore City Precinct 27-034,121,404,24,1511,1632,1,0.0741421568627451,0.9258578431372549,1204,0.24754901960784315,0.014705882352941176,0.7377450980392157
1056,Baltimore City,2316,Baltimore City Precinct 27-033,564,630,59,1752,2316,1,0.24352331606217617,0.7564766839378239,1627,0.27202072538860106,0.02547495682210708,0.7025043177892919
1057,Baltimore City,2778,Baltimore City Precinct 27-032,1010,747,79,1768,2778,1,0.36357091432685384,0.6364290856731462,1952,0.2688984881209503,0.02843772498200144,0.7026637868970482
1060,Baltimore City,1703,Baltimore City Precinct 27-030,58,351,16,1645,1703,1,0.03405754550792719,0.9659424544920728,1336,0.20610687022900764,0.009395184967704051,0.7844979448032883
1061,Baltimore City,2334,Baltimore City Precinct 27-031,141,605,38,2193,2334,1,0.060411311053984576,0.9395886889460154,1691,0.2592116538131962,0.016281062553556127,0.7245072836332477
1062,Baltimore City,2547,Baltimore City Precinct 27-022,207,699,33,2340,2547,1,0.0812720848056537,0.9187279151943463,1815,0.2744405182567727,0.012956419316843345,0.7126030624263839
1063,Baltimore City,2765,Baltimore City Precinct 27-021,234,686,35,2531,2765,1,0.08462929475587704,0.915370705244123,2044,0.2481012658227848,0.012658227848101266,0.739240506329114
1064,Baltimore City,2623,Baltimore City Precinct 27-020,377,606,38,2246,2623,1,0.14372855508959206,0.856271444910408,1979,0.2310331681280976,0.014487228364468167,0.7544796035074343
1066,Baltimore City,1108,Baltimore City Precinct 08-001,657,29,1,451,1108,1,0.5929602888086642,0.40703971119133575,1078,0.026173285198555957,0.0009025270758122744,0.9729241877256317
1067,Baltimore City,1540,Baltimore City Precinct 08-002,183,353,27,1357,1540,1,0.11883116883116883,0.8811688311688312,1160,0.2292207792207792,0.01753246753246753,0.7532467532467533
1068,Baltimore City,2756,Baltimore City Precinct 26-021,263,724,39,2493,2756,1,0.09542815674891146,0.9045718432510885,1993,0.262699564586357,0.014150943396226415,0.7231494920174165
1069,Baltimore City,813,Baltimore City Precinct 26-022,102,206,12,711,813,1,0.12546125461254612,0.8745387453874539,595,0.25338253382533826,0.014760147601476014,0.7318573185731857
1070,Baltimore City,586,Baltimore City Precinct 27-002,406,281,60,180,586,1,0.6928327645051194,0.30716723549488056,245,0.47952218430034127,0.10238907849829351,0.4180887372013652
1071,Baltimore City,2370,Baltimore City Precinct 27-001,734,562,88,1636,2370,1,0.309704641350211,0.6902953586497891,1720,0.2371308016877637,0.03713080168776371,0.7257383966244726
1072,Baltimore City,3583,Baltimore City Precinct 27-018,801,513,71,2782,3583,1,0.22355567959810216,0.7764443204018978,2999,0.1431761094055261,0.01981579681830868,0.8370080937761653
1073,Baltimore City,1263,Baltimore City Precinct 27-017,466,383,50,797,1263,1,0.36896278701504354,0.6310372129849564,830,0.30324623911322246,0.0395882818685669,0.6571654790182107
1074,Baltimore City,642,Baltimore City Precinct 27-003,342,213,33,300,642,1,0.5327102803738317,0.4672897196261682,396,0.3317757009345794,0.0514018691588785,0.616822429906542
1075,Baltimore City,676,Baltimore City Precinct 27-004,338,189,40,338,676,1,0.5,0.5,447,0.27958579881656803,0.05917159763313609,0.6612426035502958
1076,Baltimore City,796,Baltimore City Precinct 27-016,371,223,37,425,796,1,0.46608040201005024,0.5339195979899497,536,0.28015075376884424,0.04648241206030151,0.6733668341708543
1077,Baltimore City,1296,Baltimore City Precinct 26-023,120,289,16,1176,1296,1,0.09259259259259259,0.9074074074074074,991,0.22299382716049382,0.012345679012345678,0.7646604938271605
1078,Baltimore City,1224,Baltimore City Precinct 15-022,11,290,20,1213,1224,1,0.008986928104575163,0.9910130718954249,914,0.2369281045751634,0.016339869281045753,0.7467320261437909
1079,Baltimore City,2136,Baltimore City Precinct 15-024,9,346,11,2127,2136,1,0.004213483146067416,0.9957865168539326,1779,0.16198501872659177,0.005149812734082397,0.8328651685393258
1080,Baltimore City,964,Baltimore City Precinct 27-055,16,147,11,948,964,1,0.016597510373443983,0.983402489626556,806,0.1524896265560166,0.011410788381742738,0.8360995850622407
1081,Baltimore City,951,Baltimore City Precinct 15-025,20,115,9,931,951,1,0.02103049421661409,0.9789695057833859,827,0.12092534174553102,0.00946372239747634,0.8696109358569927
1082,Baltimore City,614,Baltimore City Precinct 27-054,17,119,4,597,614,1,0.02768729641693811,0.9723127035830619,491,0.19381107491856678,0.006514657980456026,0.7996742671009772
1083,Baltimore City,804,Baltimore City Precinct 27-058,10,109,8,794,804,1,0.012437810945273632,0.9875621890547264,687,0.13557213930348258,0.009950248756218905,0.8544776119402985
1084,Baltimore City,1983,Baltimore City Precinct 27-053,65,330,18,1918,1983,1,0.03277861825516894,0.9672213817448311,1635,0.1664145234493192,0.009077155824508321,0.8245083207261724
1085,Baltimore City,3199,Baltimore City Precinct 27-052,85,518,20,3114,3199,1,0.026570803376055017,0.973429196623945,2661,0.16192560175054704,0.006251953735542357,0.8318224445139106
1086,Baltimore City,2203,Baltimore City Precinct 15-023,61,358,13,2142,2203,1,0.027689514298683614,0.9723104857013164,1832,0.1625056740807989,0.005901044030866999,0.831593281888334
1087,Baltimore City,1066,Baltimore City Precinct 13-005,806,324,68,260,1066,1,0.7560975609756098,0.24390243902439024,674,0.30393996247654786,0.06378986866791744,0.6322701688555347
1088,Baltimore City,1038,Baltimore City Precinct 27-048,156,279,25,882,1038,1,0.15028901734104047,0.8497109826589595,734,0.26878612716763006,0.024084778420038536,0.7071290944123314
1089,Baltimore City,827,Baltimore City Precinct 27-043,692,315,70,135,827,1,0.8367593712212817,0.16324062877871826,442,0.3808948004836759,0.08464328899637243,0.5344619105199516
1090,Baltimore City,1140,Baltimore City Precinct 27-050,691,479,40,449,1140,1,0.606140350877193,0.393859649122807,621,0.4201754385964912,0.03508771929824561,0.5447368421052632
1091,Baltimore City,390,Baltimore City Precinct 27-051,146,63,5,244,390,1,0.37435897435897436,0.6256410256410256,322,0.16153846153846155,0.01282051282051282,0.8256410256410256
1092,Baltimore City,2674,Baltimore City Precinct 27-049,2164,900,222,510,2674,1,0.8092744951383695,0.1907255048616305,1552,0.3365744203440538,0.08302169035153328,0.5804038893044129
1094,Baltimore City,777,Baltimore City Precinct 13-006,30,179,12,747,777,1,0.03861003861003861,0.9613899613899614,586,0.23037323037323038,0.015444015444015444,0.7541827541827542
1095,Baltimore City,1244,Baltimore City Precinct 13-004,1098,399,151,146,1244,1,0.882636655948553,0.11736334405144695,694,0.3207395498392283,0.12138263665594855,0.5578778135048231
1096,Baltimore City,2273,Baltimore City Precinct 13-003,1980,789,175,293,2273,1,0.8710954685437747,0.12890453145622524,1309,0.3471183457985042,0.07699076110866696,0.5758908930928288
1097,Baltimore City,2199,Baltimore City Precinct 13-011,1953,824,136,246,2199,1,0.888130968622101,0.11186903137789904,1239,0.3747157798999545,0.06184629376989541,0.5634379263301501
1098,Baltimore City,1290,Baltimore City Precinct 13-012,1174,728,135,116,1290,1,0.9100775193798449,0.08992248062015504,427,0.5643410852713179,0.10465116279069768,0.3310077519379845
1099,Baltimore City,2558,Baltimore City Precinct 13-001,1793,501,60,765,2558,1,0.700938232994527,0.29906176700547304,1997,0.19585613760750586,0.023455824863174355,0.7806880375293198
1100,Baltimore City,1628,Baltimore City Precinct 27-047,1104,394,91,524,1628,1,0.6781326781326781,0.32186732186732187,1143,0.24201474201474202,0.055896805896805894,0.702088452088452
1101,Baltimore City,1385,Baltimore City Precinct 13-002,1103,453,90,282,1385,1,0.7963898916967509,0.2036101083032491,842,0.3270758122743682,0.06498194945848375,0.607942238267148
1102,Baltimore City,802,Baltimore City Precinct 27-046,669,364,76,133,802,1,0.8341645885286783,0.1658354114713217,362,0.4538653366583541,0.09476309226932668,0.4513715710723192
1103,Baltimore City,4732,Baltimore City Precinct 27-045,3995,703,144,737,4732,1,0.8442519019442096,0.15574809805579037,3885,0.1485629754860524,0.030431107354184278,0.8210059171597633
1104,Baltimore City,1486,Baltimore City Precinct 12-003,862,379,40,624,1486,1,0.5800807537012113,0.4199192462987887,1067,0.2550471063257066,0.026917900403768506,0.7180349932705249
1105,Baltimore City,1587,Baltimore City Precinct 12-006,1031,356,27,556,1587,1,0.649653434152489,0.350346565847511,1204,0.22432262129804661,0.017013232514177693,0.7586641461877757
1106,Baltimore City,1914,Baltimore City Precinct 12-005,1218,455,29,696,1914,1,0.6363636363636364,0.36363636363636365,1430,0.23772204806687566,0.015151515151515152,0.7471264367816092
1107,Baltimore City,3814,Baltimore City Precinct 12-004,2068,433,35,1746,3814,1,0.5422128998426848,0.45778710015731516,3346,0.11352910330361825,0.009176717357105402,0.8772941793392763
1108,Baltimore City,2306,Baltimore City Precinct 12-002,1529,79,29,777,2306,1,0.663052905464007,0.3369470945359931,2198,0.034258456201214225,0.012575888985255855,0.9531656548135299
1109,Baltimore City,2090,Baltimore City Precinct 12-001,1535,999,183,555,2090,1,0.7344497607655502,0.26555023923444976,908,0.4779904306220096,0.08755980861244018,0.43444976076555025
1163,Baltimore City,2988,Baltimore City Precinct 28-006,115,614,34,2873,2988,1,0.03848728246318608,0.9615127175368139,2340,0.20548862115127176,0.011378848728246318,0.7831325301204819
1164,Baltimore City,1374,Baltimore City Precinct 28-007,38,269,13,1336,1374,1,0.027656477438136828,0.9723435225618632,1092,0.1957787481804949,0.009461426491994178,0.7947598253275109
1165,Baltimore City,1808,Baltimore City Precinct 28-005,29,402,29,1779,1808,1,0.016039823008849558,0.9839601769911505,1377,0.22234513274336284,0.016039823008849558,0.7616150442477876
1166,Baltimore City,2470,Baltimore City Precinct 28-002,50,491,26,2420,2470,1,0.020242914979757085,0.979757085020243,1953,0.19878542510121458,0.010526315789473684,0.7906882591093117
1167,Baltimore City,882,Baltimore City Precinct 28-004,11,163,16,871,882,1,0.012471655328798186,0.9875283446712018,703,0.18480725623582767,0.018140589569160998,0.7970521541950113
1168,Baltimore City,1074,Baltimore City Precinct 15-002,22,207,7,1052,1074,1,0.020484171322160148,0.9795158286778398,860,0.19273743016759776,0.006517690875232775,0.8007448789571695
1169,Baltimore City,2856,Baltimore City Precinct 15-009,38,597,29,2818,2856,1,0.01330532212885154,0.9866946778711485,2230,0.20903361344537816,0.01015406162464986,0.780812324929972
1201,Baltimore City,1822,Baltimore City Precinct 03-001,235,306,23,1587,1822,1,0.12897914379802414,0.8710208562019759,1493,0.16794731064763996,0.012623490669593854,0.8194291986827662
1202,Baltimore City,356,Baltimore City Precinct 05-002,41,25,2,315,356,1,0.1151685393258427,0.8848314606741573,329,0.0702247191011236,0.0056179775280898875,0.9241573033707865
1203,Baltimore City,1273,Baltimore City Precinct 10-002,8,332,10,1265,1273,1,0.006284367635506678,0.9937156323644933,931,0.2608012568735271,0.007855459544383346,0.7313432835820896
1204,Baltimore City,987,Baltimore City Precinct 10-001,13,321,20,974,987,1,0.013171225937183385,0.9868287740628167,646,0.3252279635258359,0.020263424518743668,0.6545086119554204
1205,Baltimore City,1789,Baltimore City Precinct 09-015,22,361,22,1767,1789,1,0.012297372833985467,0.9877026271660145,1406,0.20178870877585242,0.012297372833985467,0.7859139183901621
1206,Baltimore City,1316,Baltimore City Precinct 12-007,363,524,24,953,1316,1,0.27583586626139817,0.7241641337386018,768,0.3981762917933131,0.0182370820668693,0.5835866261398176
1207,Baltimore City,1357,Baltimore City Precinct 09-014,18,360,13,1339,1357,1,0.013264554163596167,0.9867354458364038,984,0.26529108327192336,0.009579955784819455,0.7251289609432572
1208,Baltimore City,364,Baltimore City Precinct 09-011,6,43,1,358,364,1,0.016483516483516484,0.9835164835164835,320,0.11813186813186813,0.0027472527472527475,0.8791208791208791
1209,Baltimore City,917,Baltimore City Precinct 09-013,12,107,6,905,917,1,0.013086150490730643,0.9869138495092693,804,0.11668484187568157,0.006543075245365322,0.8767720828789531
1210,Baltimore City,1609,Baltimore City Precinct 09-012,36,334,16,1573,1609,1,0.022374145431945307,0.9776258545680547,1259,0.20758234928527036,0.009944064636420136,0.7824735860783095
1211,Baltimore City,1368,Baltimore City Precinct 02-001,706,327,64,662,1368,1,0.5160818713450293,0.48391812865497075,977,0.23903508771929824,0.04678362573099415,0.7141812865497076
1212,Baltimore City,1117,Baltimore City Precinct 06-004,528,367,32,589,1117,1,0.4726947179946285,0.5273052820053715,718,0.3285586392121755,0.02864816472694718,0.6427931960608774
1213,Baltimore City,475,Baltimore City Precinct 06-003,44,116,4,431,475,1,0.09263157894736843,0.9073684210526316,355,0.24421052631578946,0.008421052631578947,0.7473684210526316
1214,Baltimore City,1050,Baltimore City Precinct 07-001,14,248,18,1036,1050,1,0.013333333333333334,0.9866666666666667,784,0.2361904761904762,0.017142857142857144,0.7466666666666667
1215,Baltimore City,441,Baltimore City Precinct 08-007,11,335,13,430,441,1,0.024943310657596373,0.9750566893424036,93,0.7596371882086168,0.02947845804988662,0.2108843537414966
1216,Baltimore City,250,Baltimore City Precinct 07-002,11,50,3,239,250,1,0.044,0.956,197,0.2,0.012,0.788
1217,Baltimore City,819,Baltimore City Precinct 06-002,107,165,11,712,819,1,0.13064713064713065,0.8693528693528694,643,0.20146520146520147,0.013431013431013432,0.7851037851037851
1218,Baltimore City,2445,Baltimore City Precinct 07-003,84,453,22,2361,2445,1,0.0343558282208589,0.9656441717791411,1970,0.18527607361963191,0.00899795501022495,0.8057259713701431
1219,Baltimore City,986,Baltimore City Precinct 08-008,30,374,82,956,986,1,0.030425963488843813,0.9695740365111561,530,0.3793103448275862,0.08316430020283976,0.537525354969574
1220,Baltimore City,1928,Baltimore City Precinct 08-006,31,533,37,1897,1928,1,0.016078838174273857,0.9839211618257261,1358,0.27645228215767637,0.019190871369294607,0.7043568464730291
1221,Baltimore City,1774,Baltimore City Precinct 08-005,22,349,23,1752,1774,1,0.012401352874859075,0.9875986471251409,1402,0.19673055242390078,0.012965050732807215,0.790304396843292
1222,Baltimore City,1071,Baltimore City Precinct 08-009,21,22,1,1050,1071,1,0.0196078431372549,0.9803921568627451,1048,0.02054154995331466,0.0009337068160597573,0.9785247432306255
1223,Baltimore City,473,Baltimore City Precinct 08-004,8,77,7,465,473,1,0.016913319238900635,0.9830866807610994,389,0.16279069767441862,0.014799154334038054,0.8224101479915433
1224,Baltimore City,951,Baltimore City Precinct 26-008,818,371,209,133,951,1,0.8601472134595163,0.1398527865404837,371,0.3901156677181914,0.21976866456361724,0.3901156677181914
1225,Baltimore City,2859,Baltimore City Precinct 01-004,2482,551,308,377,2859,1,0.8681357117873383,0.13186428821266177,2000,0.19272472892619796,0.10772997551591465,0.6995452955578874
1226,Baltimore City,3180,Baltimore City Precinct 01-005,2843,805,446,337,3180,1,0.8940251572327044,0.1059748427672956,1929,0.2531446540880503,0.14025157232704402,0.6066037735849057
1227,Baltimore City,3113,Baltimore City Precinct 26-009,2667,582,319,446,3113,1,0.856729842595567,0.14327015740443302,2212,0.18695791840668166,0.10247349823321555,0.7105685833601028
1228,Baltimore City,1478,Baltimore City Precinct 26-006,963,143,76,515,1478,1,0.6515561569688768,0.34844384303112313,1259,0.09675236806495263,0.05142083897158322,0.8518267929634641
1229,Baltimore City,1558,Baltimore City Precinct 01-001,1017,368,129,541,1558,1,0.6527599486521181,0.3472400513478819,1061,0.2362002567394095,0.08279845956354301,0.6810012836970475
1230,Baltimore City,3120,Baltimore City Precinct 06-005,1381,722,118,1739,3120,1,0.4426282051282051,0.5573717948717949,2280,0.23141025641025642,0.03782051282051282,0.7307692307692307
1231,Baltimore City,1744,Baltimore City Precinct 06-001,198,298,19,1546,1744,1,0.11353211009174312,0.8864678899082569,1427,0.17087155963302753,0.010894495412844037,0.8182339449541285
1232,Baltimore City,1555,Baltimore City Precinct 23-001,1384,388,174,171,1555,1,0.890032154340836,0.10996784565916398,993,0.24951768488745982,0.11189710610932475,0.6385852090032155
1233,Baltimore City,1449,Baltimore City Precinct 22-002,1253,513,178,196,1449,1,0.8647342995169082,0.13526570048309178,758,0.35403726708074534,0.12284334023464458,0.52311939268461
1234,Baltimore City,1095,Baltimore City Precinct 22-001,797,316,111,298,1095,1,0.7278538812785388,0.27214611872146116,668,0.28858447488584477,0.10136986301369863,0.6100456621004566
1235,Baltimore City,1382,Baltimore City Precinct 19-001,24,315,24,1358,1382,1,0.017366136034732273,0.9826338639652678,1043,0.22793053545586106,0.017366136034732273,0.7547033285094067
1236,Baltimore City,1137,Baltimore City Precinct 16-003,9,159,9,1128,1137,1,0.0079155672823219,0.9920844327176781,969,0.13984168865435356,0.0079155672823219,0.8522427440633246
1237,Baltimore City,1737,Baltimore City Precinct 16-002,27,235,15,1710,1737,1,0.015544041450777202,0.9844559585492227,1487,0.13529073114565343,0.008635578583765112,0.8560736902705814
1238,Baltimore City,985,Baltimore City Precinct 16-001,18,165,7,967,985,1,0.018274111675126905,0.9817258883248731,813,0.16751269035532995,0.007106598984771574,0.8253807106598985
1239,Baltimore City,1226,Baltimore City Precinct 18-001,14,184,10,1212,1226,1,0.011419249592169658,0.9885807504078303,1032,0.1500815660685155,0.008156606851549755,0.8417618270799347
1240,Baltimore City,1367,Baltimore City Precinct 17-002,16,534,28,1351,1367,1,0.011704462326261888,0.9882955376737381,805,0.39063643013899046,0.020482809070958303,0.5888807607900512
1241,Baltimore City,1008,Baltimore City Precinct 14-003,24,185,8,984,1008,1,0.023809523809523808,0.9761904761904762,815,0.18353174603174602,0.007936507936507936,0.808531746031746
1242,Baltimore City,1794,Baltimore City Precinct 15-019,31,24,3,1763,1794,1,0.017279821627647716,0.9827201783723523,1767,0.013377926421404682,0.0016722408026755853,0.9849498327759197
1243,Baltimore City,529,Baltimore City Precinct 14-005,4,102,7,525,529,1,0.007561436672967864,0.9924385633270322,420,0.19281663516068054,0.013232514177693762,0.7939508506616257
1244,Baltimore City,1897,Baltimore City Precinct 13-008,110,523,26,1787,1897,1,0.05798629414865577,0.9420137058513443,1348,0.275698471270427,0.013705851344227728,0.7105956773853452
1245,Baltimore City,1483,Baltimore City Precinct 13-007,15,352,14,1468,1483,1,0.010114632501685773,0.9898853674983142,1117,0.23735670937289277,0.009440323668240054,0.7532029669588671
1246,Baltimore City,2314,Baltimore City Precinct 14-004,223,676,32,2091,2314,1,0.09636992221261884,0.9036300777873811,1606,0.29213483146067415,0.013828867761452032,0.6940363007778738
1247,Baltimore City,1277,Baltimore City Precinct 13-009,88,302,15,1189,1277,1,0.06891151135473766,0.9310884886452623,960,0.2364917776037588,0.011746280344557557,0.7517619420516837
1248,Baltimore City,1887,Baltimore City Precinct 13-010,272,461,31,1615,1887,1,0.14414414414414414,0.8558558558558559,1395,0.24430312665606782,0.016428192898781134,0.739268680445151
1249,Baltimore City,588,Baltimore City Precinct 04-003,33,147,7,555,588,1,0.05612244897959184,0.9438775510204082,434,0.25,0.011904761904761904,0.7380952380952381
1250,Baltimore City,2521,Baltimore City Precinct 04-002,1231,639,81,1290,2521,1,0.48829829432764776,0.5117017056723523,1801,0.25347084490281635,0.032130107100357,0.7143990479968266
1251,Baltimore City,1979,Baltimore City Precinct 17-001,162,38,3,1817,1979,1,0.08185952501263265,0.9181404749873674,1938,0.019201616978271854,0.0015159171298635675,0.9792824658918646
1252,Baltimore City,1028,Baltimore City Precinct 11-004,115,15,0,913,1028,1,0.11186770428015565,0.8881322957198443,1013,0.014591439688715954,0.0,0.9854085603112841
1253,Baltimore City,1704,Baltimore City Precinct 11-003,892,561,50,812,1704,1,0.5234741784037559,0.4765258215962441,1093,0.32922535211267606,0.029342723004694836,0.6414319248826291
1254,Baltimore City,2097,Baltimore City Precinct 04-001,924,325,50,1173,2097,1,0.4406294706723891,0.5593705293276109,1722,0.15498330948974726,0.023843586075345733,0.821173104434907
1255,Baltimore City,2967,Baltimore City Precinct 11-006,1600,786,84,1367,2967,1,0.5392652510953826,0.46073474890461746,2097,0.2649140546006067,0.028311425682507583,0.7067745197168858
1256,Baltimore City,870,Baltimore City Precinct 11-005,547,410,30,323,870,1,0.628735632183908,0.37126436781609196,430,0.47126436781609193,0.034482758620689655,0.4942528735632184
1257,Baltimore City,645,Baltimore City Precinct 11-002,302,172,16,343,645,1,0.4682170542635659,0.5317829457364341,457,0.26666666666666666,0.024806201550387597,0.7085271317829457
1258,Baltimore City,1818,Baltimore City Precinct 11-007,1109,580,59,709,1818,1,0.61001100110011,0.38998899889988997,1179,0.31903190319031904,0.032453245324532455,0.6485148514851485
1259,Baltimore City,1899,Baltimore City Precinct 11-001,1177,577,63,722,1899,1,0.6197998946814113,0.3802001053185887,1259,0.30384412848867826,0.03317535545023697,0.6629805160610848
1260,Baltimore City,1670,Baltimore City Precinct 14-002,830,255,24,840,1670,1,0.49700598802395207,0.5029940119760479,1391,0.15269461077844312,0.01437125748502994,0.832934131736527
1261,Baltimore City,1524,Baltimore City Precinct 14-001,930,375,24,594,1524,1,0.610236220472441,0.38976377952755903,1125,0.24606299212598426,0.015748031496062992,0.7381889763779528
1262,Baltimore City,2304,Baltimore City Precinct 12-009,1078,566,72,1226,2304,1,0.4678819444444444,0.5321180555555556,1666,0.2456597222222222,0.03125,0.7230902777777778
1263,Baltimore City,1485,Baltimore City Precinct 12-012,447,540,20,1038,1485,1,0.301010101010101,0.6989898989898989,925,0.36363636363636365,0.013468013468013467,0.622895622895623
1289,Baltimore City,1691,Baltimore City Precinct 16-009,6,351,9,1685,1691,1,0.0035481963335304554,0.9964518036664696,1331,0.20756948551153165,0.005322294500295683,0.7871082199881727
1290,Baltimore City,1025,Baltimore City Precinct 16-010,10,197,3,1015,1025,1,0.00975609756097561,0.9902439024390244,825,0.19219512195121952,0.002926829268292683,0.8048780487804879
1291,Baltimore City,936,Baltimore City Precinct 16-011,6,171,2,930,936,1,0.00641025641025641,0.9935897435897436,763,0.18269230769230768,0.002136752136752137,0.8151709401709402
1292,Baltimore City,365,Baltimore City Precinct 15-012,13,51,3,352,365,1,0.03561643835616438,0.9643835616438357,311,0.13972602739726028,0.00821917808219178,0.852054794520548
1293,Baltimore City,1645,Baltimore City Precinct 15-007,21,374,11,1624,1645,1,0.01276595744680851,0.9872340425531915,1260,0.22735562310030394,0.006686930091185411,0.7659574468085106
1294,Baltimore City,754,Baltimore City Precinct 15-013,5,154,10,749,754,1,0.006631299734748011,0.993368700265252,590,0.20424403183023873,0.013262599469496022,0.7824933687002652
1295,Baltimore City,813,Baltimore City Precinct 15-015,5,147,4,808,813,1,0.006150061500615006,0.993849938499385,662,0.18081180811808117,0.004920049200492005,0.8142681426814268
1296,Baltimore City,1295,Baltimore City Precinct 15-014,10,362,16,1285,1295,1,0.007722007722007722,0.9922779922779923,917,0.27953667953667954,0.012355212355212355,0.7081081081081081
1297,Baltimore City,1699,Baltimore City Precinct 15-006,17,502,19,1682,1699,1,0.010005885815185403,0.9899941141848146,1178,0.29546792230723956,0.011183048852266038,0.6933490288404944
1298,Baltimore City,964,Baltimore City Precinct 16-007,6,327,16,958,964,1,0.006224066390041493,0.9937759336099585,621,0.3392116182572614,0.016597510373443983,0.6441908713692946
1299,Baltimore City,1884,Baltimore City Precinct 16-006,7,380,22,1877,1884,1,0.0037154989384288748,0.9962845010615711,1482,0.20169851380042464,0.01167728237791932,0.7866242038216561
1300,Baltimore City,1791,Baltimore City Precinct 20-001,30,343,20,1761,1791,1,0.01675041876046901,0.983249581239531,1428,0.19151312116136238,0.011166945840312675,0.7973199329983249
1301,Baltimore City,764,Baltimore City Precinct 16-004,12,110,9,752,764,1,0.015706806282722512,0.9842931937172775,645,0.14397905759162305,0.011780104712041885,0.8442408376963351
1302,Baltimore City,2126,Baltimore City Precinct 16-005,27,366,15,2099,2126,1,0.012699905926622766,0.9873000940733773,1745,0.17215428033866415,0.0070555032925682035,0.8207902163687676
1303,Baltimore City,1404,Baltimore City Precinct 15-018,4,559,23,1400,1404,1,0.002849002849002849,0.9971509971509972,822,0.39814814814814814,0.01638176638176638,0.5854700854700855
1304,Baltimore City,1040,Baltimore City Precinct 15-016,9,182,10,1031,1040,1,0.008653846153846154,0.9913461538461539,848,0.175,0.009615384615384616,0.8153846153846154
1305,Baltimore City,2987,Baltimore City Precinct 15-020,37,556,25,2950,2987,1,0.012387010378305993,0.987612989621694,2406,0.18613993973886844,0.008369601606963508,0.805490458654168
1306,Baltimore City,1237,Baltimore City Precinct 15-021,14,245,8,1223,1237,1,0.01131770412287793,0.9886822958771221,984,0.19805982215036377,0.0064672594987873885,0.7954729183508489
1307,Baltimore City,1807,Baltimore City Precinct 15-017,23,405,20,1784,1807,1,0.012728278915329275,0.9872717210846708,1382,0.2241283895960155,0.011068068622025456,0.7648035417819591
1308,Baltimore City,1062,Baltimore City Precinct 25-006,24,262,10,1038,1062,1,0.022598870056497175,0.9774011299435028,790,0.24670433145009416,0.009416195856873822,0.743879472693032
1309,Baltimore City,596,Baltimore City Precinct 25-007,133,128,14,463,596,1,0.2231543624161074,0.7768456375838926,454,0.21476510067114093,0.02348993288590604,0.761744966442953
1310,Baltimore City,2234,Baltimore City Precinct 21-003,992,459,89,1242,2234,1,0.4440465532676813,0.5559534467323187,1686,0.20546105640107432,0.03983885407341092,0.7547000895255148
1311,Baltimore City,3343,Baltimore City Precinct 19-002,1090,340,54,2253,3343,1,0.3260544421178582,0.6739455578821418,2949,0.1017050553395154,0.01615315584804068,0.8821417888124439
1312,Baltimore City,489,Baltimore City Precinct 21-004,246,169,25,243,489,1,0.5030674846625767,0.49693251533742333,295,0.3456032719836401,0.05112474437627812,0.6032719836400818
1313,Baltimore City,1952,Baltimore City Precinct 18-002,558,328,39,1394,1952,1,0.2858606557377049,0.7141393442622951,1585,0.1680327868852459,0.019979508196721313,0.8119877049180327
1314,Baltimore City,1673,Baltimore City Precinct 21-002,672,447,59,1001,1673,1,0.401673640167364,0.5983263598326359,1167,0.26718469814704127,0.035265989240884636,0.6975493126120741
1315,Baltimore City,2033,Baltimore City Precinct 23-003,1802,547,285,231,2033,1,0.8863748155435317,0.11362518445646827,1201,0.2690605017215937,0.14018691588785046,0.5907525823905558
1316,Baltimore City,1153,Baltimore City Precinct 21-001,755,244,51,398,1153,1,0.6548135299219427,0.34518647007805725,858,0.21162185602775369,0.04423243712055507,0.7441457068516912
1317,Baltimore City,1038,Baltimore City Precinct 23-002,584,358,97,454,1038,1,0.5626204238921002,0.4373795761078998,583,0.3448940269749518,0.09344894026974952,0.5616570327552987
1318,Baltimore City,2506,Baltimore City Precinct 20-007,148,451,33,2358,2506,1,0.05905826017557861,0.9409417398244214,2022,0.1799680766161213,0.013168395849960097,0.8068635275339185
1319,Baltimore City,2106,Baltimore City Precinct 28-010,255,478,56,1851,2106,1,0.12108262108262108,0.8789173789173789,1572,0.22697056030389365,0.026590693257359924,0.7464387464387464
1320,Baltimore City,458,Baltimore City Precinct 28-012,55,303,53,403,458,1,0.12008733624454149,0.8799126637554585,102,0.6615720524017468,0.11572052401746726,0.22270742358078602
1321,Baltimore City,2423,Baltimore City Precinct 28-009,274,502,27,2149,2423,1,0.1130829550144449,0.8869170449855551,1894,0.2071811803549319,0.011143210895583986,0.7816756087494842
1322,Baltimore City,1962,Baltimore City Precinct 28-011,173,462,37,1789,1962,1,0.08817533129459736,0.9118246687054027,1463,0.23547400611620795,0.018858307849133536,0.7456676860346585
1323,Baltimore City,3079,Baltimore City Precinct 20-006,15,626,19,3064,3079,1,0.004871711594673595,0.9951282884053264,2434,0.20331276388437805,0.006170834686586554,0.7905164014290355
1324,Baltimore City,3001,Baltimore City Precinct 16-014,29,588,19,2972,3001,1,0.009663445518160613,0.9903365544818394,2394,0.19593468843718762,0.006331222925691436,0.7977340886371209
1325,Baltimore City,1740,Baltimore City Precinct 28-008,83,360,15,1657,1740,1,0.04770114942528736,0.9522988505747126,1365,0.20689655172413793,0.008620689655172414,0.7844827586206896
1326,Baltimore City,1451,Baltimore City Precinct 15-011,43,319,11,1408,1451,1,0.029634734665747762,0.9703652653342523,1121,0.21984838042729152,0.007580978635423846,0.7725706409372847
1327,Baltimore City,1492,Baltimore City Precinct 15-010,39,382,15,1453,1492,1,0.02613941018766756,0.9738605898123325,1095,0.25603217158176944,0.010053619302949061,0.7339142091152815
1375,Baltimore City,2932,Baltimore City Precinct 28-015,976,489,82,1956,2932,1,0.3328785811732606,0.6671214188267395,2361,0.16678035470668487,0.02796725784447476,0.8052523874488404
1376,Baltimore City,2794,Baltimore City Precinct 25-001,329,707,49,2465,2794,1,0.11775232641374374,0.8822476735862562,2038,0.253042233357194,0.017537580529706515,0.7294201861130994
1377,Baltimore City,742,Baltimore City Precinct 28-014,55,156,11,687,742,1,0.07412398921832884,0.9258760107816711,575,0.21024258760107817,0.014824797843665768,0.7749326145552561
1378,Baltimore City,2138,Baltimore City Precinct 25-002,205,439,39,1933,2138,1,0.09588400374181479,0.9041159962581852,1660,0.20533208606173994,0.01824134705332086,0.7764265668849392
1379,Baltimore City,1494,Baltimore City Precinct 28-013,105,300,14,1389,1494,1,0.07028112449799197,0.929718875502008,1180,0.20080321285140562,0.009370816599732263,0.7898259705488622
1380,Baltimore City,714,Baltimore City Precinct 20-008,104,128,10,610,714,1,0.14565826330532214,0.8543417366946778,576,0.1792717086834734,0.014005602240896359,0.8067226890756303
1698,Baltimore City,1766,Baltimore City Precinct 15-001,42,365,19,1724,1766,1,0.02378255945639864,0.9762174405436014,1382,0.20668176670441676,0.010758776896942242,0.782559456398641
1699,Baltimore City,571,Baltimore City Precinct 28-003,5,135,5,566,571,1,0.008756567425569177,0.9912434325744308,431,0.23642732049036777,0.008756567425569177,0.7548161120840631
1700,Baltimore City,1228,Baltimore City Precinct 27-061,324,120,42,904,1228,1,0.26384364820846906,0.7361563517915309,1066,0.09771986970684039,0.03420195439739414,0.8680781758957655
1701,Baltimore City,1238,Baltimore City Precinct 27-056,13,182,9,1225,1238,1,0.01050080775444265,0.9894991922455574,1047,0.1470113085621971,0.007269789983844911,0.845718901453958
1702,Baltimore City,2460,Baltimore City Precinct 27-057,36,326,12,2424,2460,1,0.014634146341463415,0.9853658536585366,2122,0.13252032520325202,0.004878048780487805,0.8626016260162601
1703,Baltimore City,1163,Baltimore City Precinct 27-059,32,160,3,1131,1163,1,0.027515047291487533,0.9724849527085124,1000,0.13757523645743766,0.0025795356835769563,0.8598452278589854
1704,Baltimore City,1669,Baltimore City Precinct 28-001,105,326,25,1564,1669,1,0.06291192330736968,0.9370880766926303,1318,0.19532654284002396,0.014979029358897543,0.7896944278010785
1705,Baltimore City,3062,Baltimore City Precinct 27-067,1028,423,173,2034,3062,1,0.3357282821685173,0.6642717178314826,2466,0.1381450032658393,0.05649902024820379,0.8053559764859569
1706,Baltimore City,2688,Baltimore City Precinct 27-062,1151,195,189,1537,2688,1,0.42819940476190477,0.5718005952380952,2304,0.07254464285714286,0.0703125,0.8571428571428571
1707,Baltimore City,2392,Baltimore City Precinct 27-066,1756,232,361,636,2392,1,0.7341137123745819,0.26588628762541805,1799,0.09698996655518395,0.15091973244147158,0.7520903010033445
1709,Baltimore City,1675,Baltimore City Precinct 27-063,770,294,176,905,1675,1,0.4597014925373134,0.5402985074626866,1205,0.1755223880597015,0.10507462686567164,0.7194029850746269
1710,Baltimore City,3698,Baltimore City Precinct 27-065,2866,413,408,832,3698,1,0.775013520822066,0.22498647917793402,2877,0.11168199026500811,0.11032990805840995,0.777988101676582
1711,Baltimore City,997,Baltimore City Precinct 27-060,171,271,66,826,997,1,0.1715145436308927,0.8284854563691073,660,0.27181544633901705,0.06619859578736209,0.6619859578736209
1712,Baltimore City,1689,Baltimore City Precinct 27-064,1206,261,307,483,1689,1,0.7140319715808171,0.28596802841918295,1121,0.15452930728241562,0.1817643576080521,0.6637063351095323
1726,Baltimore City,818,Baltimore City Precinct 15-008,13,214,10,805,818,1,0.01589242053789731,0.9841075794621027,594,0.2616136919315403,0.012224938875305624,0.726161369193154
1727,Baltimore City,2394,Baltimore City Precinct 15-003,33,632,31,2361,2394,1,0.013784461152882205,0.9862155388471178,1731,0.26399331662489556,0.012949039264828738,0.7230576441102757
1728,Baltimore City,1024,Baltimore City Precinct 15-004,8,237,9,1016,1024,1,0.0078125,0.9921875,778,0.2314453125,0.0087890625,0.759765625
1729,Baltimore City,1372,Baltimore City Precinct 15-005,11,379,19,1361,1372,1,0.008017492711370262,0.9919825072886297,974,0.2762390670553936,0.013848396501457727,0.7099125364431487
