,COUNTY,VAP,NAME,WVAP,AG14PD_BFR,AG14PD_ABR,AG14PD_JCA,OVAP,TOT_VOTES,factor,WVAP_pct,OVAP_pct,AG14PDNone,AG14PD_BFR_pct,AG14PD_ABR_pct,AG14PD_JCA_pct,AG14PDNone_pct
388,Prince George's,1692,Prince George's Precinct 08-001,980,83,49,30,712,1692,1,0.5791962174940898,0.42080378250591016,1530,0.04905437352245863,0.028959810874704492,0.01773049645390071,0.9042553191489362
389,Prince George's,2531,Prince George's Precinct 11-002,511,172,206,110,2020,2531,1,0.20189648360331885,0.7981035163966812,2043,0.06795732911892532,0.08139075464243382,0.043461082576056895,0.8071908336625839
390,Prince George's,3507,Prince George's Precinct 15-001,574,210,296,144,2933,3507,1,0.16367265469061876,0.8363273453093812,2857,0.059880239520958084,0.08440262332477902,0.041060735671514116,0.8146564014827488
391,Prince George's,3267,Prince George's Precinct 15-004,469,158,287,133,2798,3267,1,0.1435567799204163,0.8564432200795837,2689,0.04836241199877563,0.08784817875726966,0.04071013161922253,0.8230792776247322
392,Prince George's,2065,Prince George's Precinct 04-001,1341,124,74,62,724,2065,1,0.6493946731234866,0.3506053268765133,1805,0.06004842615012106,0.03583535108958838,0.03002421307506053,0.87409200968523
394,Prince George's,1133,Prince George's Precinct 03-001,419,74,74,48,714,1133,1,0.3698146513680494,0.6301853486319505,937,0.06531332744924978,0.06531332744924978,0.04236540158870256,0.8270079435127978
400,Prince George's,1983,Prince George's Precinct 12-002,167,70,147,57,1816,1983,1,0.08421583459404942,0.9157841654059505,1709,0.03530005042864347,0.07413010590015129,0.028744326777609682,0.8618255168935955
401,Prince George's,4528,Prince George's Precinct 12-009,53,59,179,58,4475,4528,1,0.011704946996466431,0.9882950530035336,4232,0.013030035335689047,0.039531802120141346,0.012809187279151944,0.9346289752650176
402,Prince George's,4488,Prince George's Precinct 12-004,126,114,226,107,4362,4488,1,0.02807486631016043,0.9719251336898396,4041,0.02540106951871658,0.05035650623885918,0.023841354723707665,0.9004010695187166
403,Prince George's,4072,Prince George's Precinct 12-006,80,91,211,78,3992,4072,1,0.019646365422396856,0.9803536345776032,3692,0.022347740667976426,0.05181728880157171,0.019155206286836934,0.906679764243615
404,Prince George's,3288,Prince George's Precinct 12-012,212,113,200,70,3076,3288,1,0.06447688564476886,0.9355231143552312,2905,0.034367396593673966,0.06082725060827251,0.021289537712895375,0.8835158150851582
405,Prince George's,2724,Prince George's Precinct 12-016,113,49,144,50,2611,2724,1,0.041483113069016156,0.9585168869309838,2481,0.017988252569750368,0.05286343612334802,0.018355359765051395,0.9107929515418502
406,Prince George's,3144,Prince George's Precinct 12-003,178,68,182,68,2966,3144,1,0.056615776081424936,0.943384223918575,2826,0.021628498727735368,0.05788804071246819,0.021628498727735368,0.898854961832061
407,Prince George's,1980,Prince George's Precinct 12-007,69,56,177,77,1911,1980,1,0.03484848484848485,0.9651515151515152,1670,0.028282828282828285,0.0893939393939394,0.03888888888888889,0.8434343434343434
408,Prince George's,1110,Prince George's Precinct 12-017,127,18,41,29,983,1110,1,0.11441441441441441,0.8855855855855855,1022,0.016216216216216217,0.036936936936936934,0.026126126126126126,0.9207207207207208
409,Prince George's,3753,Prince George's Precinct 12-013,94,146,277,134,3659,3753,1,0.025046629363176125,0.9749533706368239,3196,0.038902211564082065,0.0738076205702105,0.035704769517719157,0.8515853983479883
410,Prince George's,2131,Prince George's Precinct 06-008,57,81,186,68,2074,2131,1,0.02674800563115908,0.9732519943688409,1796,0.038010323791647115,0.08728296574378226,0.031909901454716096,0.8427968090098545
411,Prince George's,4750,Prince George's Precinct 06-017,139,127,268,115,4611,4750,1,0.02926315789473684,0.9707368421052631,4240,0.02673684210526316,0.05642105263157895,0.024210526315789474,0.8926315789473684
412,Prince George's,2691,Prince George's Precinct 06-009,88,98,148,66,2603,2691,1,0.032701597918989224,0.9672984020810108,2379,0.03641768859160163,0.054998141954663696,0.024526198439241916,0.8840579710144928
413,Prince George's,2205,Prince George's Precinct 06-012,55,61,134,55,2150,2205,1,0.024943310657596373,0.9750566893424036,1955,0.027664399092970523,0.060770975056689346,0.024943310657596373,0.8866213151927438
452,Prince George's,2194,Prince George's Precinct 12-008,175,93,182,80,2019,2194,1,0.07976298997265269,0.9202370100273473,1839,0.04238833181403829,0.0829535095715588,0.03646308113035551,0.8381950774840474
453,Prince George's,2657,Prince George's Precinct 12-015,108,136,218,111,2549,2657,1,0.04064734663153933,0.9593526533684607,2192,0.05118554761008656,0.08204742190440346,0.04177643959352653,0.8249905908919835
470,Prince George's,3323,Prince George's Precinct 09-007,221,333,239,127,3102,3323,1,0.06650616912428528,0.9334938308757147,2624,0.10021065302437557,0.07192296117965694,0.038218477279566655,0.7896479085164009
471,Prince George's,2034,Prince George's Precinct 09-004,273,195,121,85,1761,2034,1,0.13421828908554573,0.8657817109144543,1633,0.09587020648967552,0.059488692232055065,0.04178957718780728,0.8028515240904621
472,Prince George's,3032,Prince George's Precinct 09-005,266,131,287,112,2766,3032,1,0.08773087071240106,0.912269129287599,2502,0.04320580474934037,0.09465699208443272,0.036939313984168866,0.825197889182058
473,Prince George's,3691,Prince George's Precinct 09-001,425,144,458,143,3266,3691,1,0.11514494716878895,0.884855052831211,2946,0.039013817393660256,0.12408561365483609,0.03874288810620428,0.7981576808452994
474,Prince George's,2377,Prince George's Precinct 09-010,356,91,269,87,2021,2377,1,0.14976861590239798,0.850231384097602,1930,0.03828355069415229,0.11316785864535128,0.036600757257046694,0.8119478334034498
475,Prince George's,3501,Prince George's Precinct 09-002,398,51,164,60,3103,3501,1,0.11368180519851472,0.8863181948014853,3226,0.01456726649528706,0.046843758926021134,0.01713796058269066,0.9214510139960012
476,Prince George's,4703,Prince George's Precinct 09-008,452,373,319,221,4251,4703,1,0.09610886668084201,0.9038911333191579,3790,0.07931107803529662,0.06782904529024027,0.046991282160323194,0.80586859451414
477,Prince George's,2747,Prince George's Precinct 09-006,357,131,397,140,2390,2747,1,0.12995995631598106,0.8700400436840189,2079,0.04768838733163451,0.14452129595922825,0.050964688751365124,0.7568256279577721
478,Prince George's,2862,Prince George's Precinct 11-004,854,233,236,123,2008,2862,1,0.2983927323549965,0.7016072676450035,2270,0.0814116002795248,0.08245981830887492,0.0429769392033543,0.793151642208246
479,Prince George's,2840,Prince George's Precinct 11-001,589,173,183,116,2251,2840,1,0.2073943661971831,0.7926056338028169,2368,0.06091549295774648,0.06443661971830986,0.04084507042253521,0.8338028169014085
480,Prince George's,4018,Prince George's Precinct 09-011,519,222,207,116,3499,4018,1,0.12916874066699852,0.8708312593330015,3473,0.055251368840219015,0.05151816824290692,0.02887008461921354,0.8643603782976605
481,Prince George's,1565,Prince George's Precinct 09-009,577,39,137,40,988,1565,1,0.36869009584664536,0.6313099041533546,1349,0.024920127795527155,0.08753993610223643,0.025559105431309903,0.8619808306709266
482,Prince George's,3439,Prince George's Precinct 11-003,484,191,229,146,2955,3439,1,0.14073858679848794,0.8592614132015121,2873,0.0555394009886595,0.06658912474556557,0.042454201802849666,0.8354172724629253
483,Prince George's,2108,Prince George's Precinct 15-003,209,130,217,109,1899,2108,1,0.099146110056926,0.900853889943074,1652,0.061669829222011384,0.10294117647058823,0.051707779886148005,0.7836812144212524
484,Prince George's,662,Prince George's Precinct 01-007,394,208,55,96,268,662,1,0.595166163141994,0.40483383685800606,303,0.31419939577039274,0.08308157099697885,0.14501510574018128,0.45770392749244715
485,Prince George's,2108,Prince George's Precinct 06-014,231,16,49,15,1877,2108,1,0.10958254269449716,0.8904174573055028,2028,0.007590132827324478,0.023244781783681213,0.007115749525616698,0.9620493358633776
486,Prince George's,1176,Prince George's Precinct 06-002,134,66,130,59,1042,1176,1,0.11394557823129252,0.8860544217687075,921,0.05612244897959184,0.11054421768707483,0.050170068027210885,0.7831632653061225
487,Prince George's,2560,Prince George's Precinct 06-013,365,160,235,106,2195,2560,1,0.142578125,0.857421875,2059,0.0625,0.091796875,0.04140625,0.804296875
488,Prince George's,3164,Prince George's Precinct 06-024,123,20,66,26,3041,3164,1,0.0388748419721871,0.9611251580278128,3052,0.006321112515802781,0.020859671302149177,0.008217446270543615,0.9646017699115044
489,Prince George's,3700,Prince George's Precinct 06-015,61,143,191,79,3639,3700,1,0.016486486486486488,0.9835135135135135,3287,0.03864864864864865,0.05162162162162162,0.021351351351351352,0.8883783783783784
490,Prince George's,576,Prince George's Precinct 06-021,41,19,73,17,535,576,1,0.07118055555555555,0.9288194444444444,467,0.03298611111111111,0.1267361111111111,0.029513888888888888,0.8107638888888888
491,Prince George's,4119,Prince George's Precinct 06-004,104,66,200,69,4015,4119,1,0.02524884680747754,0.9747511531925225,3784,0.016023306627822288,0.048555474629764506,0.016751638747268753,0.9186695799951444
492,Prince George's,4084,Prince George's Precinct 06-022,93,86,318,80,3991,4084,1,0.02277179236043095,0.9772282076395691,3600,0.021057786483839373,0.07786483839373164,0.019588638589618023,0.881488736532811
493,Prince George's,3744,Prince George's Precinct 06-006,97,88,198,64,3647,3744,1,0.02590811965811966,0.9740918803418803,3394,0.023504273504273504,0.052884615384615384,0.017094017094017096,0.906517094017094
494,Prince George's,2295,Prince George's Precinct 06-018,268,71,176,53,2027,2295,1,0.11677559912854031,0.8832244008714597,1995,0.03093681917211329,0.0766884531590414,0.02309368191721133,0.869281045751634
495,Prince George's,4108,Prince George's Precinct 06-007,492,120,277,94,3616,4108,1,0.11976630963972736,0.8802336903602727,3617,0.029211295034079845,0.06742940603700097,0.022882181110029213,0.8804771178188899
496,Prince George's,1925,Prince George's Precinct 09-003,1159,4,9,4,766,1925,1,0.6020779220779221,0.3979220779220779,1908,0.002077922077922078,0.004675324675324675,0.002077922077922078,0.9911688311688311
497,Prince George's,3624,Prince George's Precinct 06-016,134,61,221,56,3490,3624,1,0.0369757174392936,0.9630242825607064,3286,0.01683222958057395,0.06098233995584989,0.01545253863134658,0.9067328918322296
498,Prince George's,1985,Prince George's Precinct 06-005,102,54,181,47,1883,1985,1,0.05138539042821159,0.9486146095717884,1703,0.027204030226700253,0.09118387909319899,0.02367758186397985,0.8579345088161209
499,Prince George's,3207,Prince George's Precinct 06-010,129,80,265,79,3078,3207,1,0.040224508886810104,0.9597754911131899,2783,0.024945431867789213,0.08263174306205176,0.024633613969441845,0.8677892111007172
500,Prince George's,2204,Prince George's Precinct 06-011,132,80,304,68,2072,2204,1,0.05989110707803993,0.9401088929219601,1752,0.036297640653357534,0.13793103448275862,0.030852994555353903,0.79491833030853
501,Prince George's,3824,Prince George's Precinct 06-001,272,85,300,80,3552,3824,1,0.07112970711297072,0.9288702928870293,3359,0.022228033472803346,0.07845188284518828,0.02092050209205021,0.8783995815899581
502,Prince George's,4367,Prince George's Precinct 06-003,124,162,247,102,4243,4367,1,0.028394779024501948,0.9716052209754981,3856,0.03709640485459125,0.05656056789558049,0.023356995649187084,0.8829860316006412
503,Prince George's,2231,Prince George's Precinct 18-011,68,58,127,49,2163,2231,1,0.03047960555804572,0.9695203944419543,1997,0.025997310623038995,0.05692514567458539,0.021963245181532944,0.8951142985208427
504,Prince George's,2252,Prince George's Precinct 18-004,81,58,98,46,2171,2252,1,0.03596802841918295,0.9640319715808171,2050,0.02575488454706927,0.043516873889875664,0.020426287744227355,0.9103019538188277
505,Prince George's,3235,Prince George's Precinct 18-001,86,126,231,86,3149,3235,1,0.026584234930448224,0.9734157650695517,2792,0.03894899536321484,0.0714064914992272,0.026584234930448224,0.8630602782071097
506,Prince George's,1927,Prince George's Precinct 02-007,906,245,108,86,1021,1927,1,0.4701608718214842,0.5298391281785159,1488,0.12714063310845874,0.05604566683964712,0.04462895692786715,0.772184743124027
507,Prince George's,1859,Prince George's Precinct 18-005,22,40,58,91,1837,1859,1,0.011834319526627219,0.9881656804733728,1670,0.02151694459386767,0.031199569661108123,0.04895104895104895,0.8983324367939752
508,Prince George's,2460,Prince George's Precinct 18-003,23,58,87,68,2437,2460,1,0.00934959349593496,0.990650406504065,2247,0.023577235772357725,0.03536585365853658,0.027642276422764227,0.9134146341463415
509,Prince George's,158,Prince George's Precinct 18-012,5,11,11,9,153,158,1,0.03164556962025317,0.9683544303797469,127,0.06962025316455696,0.06962025316455696,0.056962025316455694,0.8037974683544303
510,Prince George's,3010,Prince George's Precinct 02-003,624,182,155,148,2386,3010,1,0.20730897009966778,0.7926910299003322,2525,0.06046511627906977,0.05149501661129568,0.04916943521594684,0.8388704318936877
511,Prince George's,1792,Prince George's Precinct 18-009,52,89,172,78,1740,1792,1,0.029017857142857144,0.9709821428571429,1453,0.04966517857142857,0.09598214285714286,0.04352678571428571,0.8108258928571429
512,Prince George's,2682,Prince George's Precinct 06-019,56,94,174,67,2626,2682,1,0.020879940343027592,0.9791200596569725,2347,0.035048471290082026,0.06487695749440715,0.024981357196122298,0.8750932140193886
513,Prince George's,2589,Prince George's Precinct 18-007,40,99,223,69,2549,2589,1,0.01544998068752414,0.9845500193124759,2198,0.038238702201622246,0.08613364233294708,0.026651216685979143,0.8489764387794515
514,Prince George's,1021,Prince George's Precinct 18-010,7,44,130,40,1014,1021,1,0.0068560235063663075,0.9931439764936337,807,0.043095004897159644,0.12732615083251714,0.039177277179236046,0.7904015670910872
515,Prince George's,3626,Prince George's Precinct 18-006,28,87,385,75,3598,3626,1,0.007722007722007722,0.9922779922779923,3079,0.02399338113623828,0.10617760617760617,0.020683949255377827,0.8491450634307777
516,Prince George's,2067,Prince George's Precinct 18-002,31,55,112,44,2036,2067,1,0.014997581035316884,0.9850024189646831,1856,0.026608611514271893,0.05418480890179003,0.021286889211417512,0.8979196903725205
517,Prince George's,1716,Prince George's Precinct 18-008,12,55,163,46,1704,1716,1,0.006993006993006993,0.993006993006993,1452,0.03205128205128205,0.09498834498834499,0.026806526806526808,0.8461538461538461
518,Prince George's,2019,Prince George's Precinct 13-017,34,68,107,122,1985,2019,1,0.016840019811788013,0.9831599801882119,1722,0.033680039623576026,0.05299653293709757,0.06042595344229817,0.8528974739970282
519,Prince George's,3377,Prince George's Precinct 13-002,56,81,108,119,3321,3377,1,0.01658276576843352,0.9834172342315665,3069,0.023985786200769913,0.03198104826769322,0.035238377257921234,0.9087947882736156
520,Prince George's,3376,Prince George's Precinct 13-016,73,150,248,83,3303,3376,1,0.021623222748815167,0.9783767772511849,2895,0.04443127962085308,0.07345971563981042,0.02458530805687204,0.8575236966824644
521,Prince George's,1837,Prince George's Precinct 06-023,120,52,191,48,1717,1837,1,0.065323897659227,0.934676102340773,1546,0.028307022318998367,0.10397387044093631,0.0261295590636908,0.8415895481763745
522,Prince George's,2581,Prince George's Precinct 15-006,524,155,215,129,2057,2581,1,0.2030220844633863,0.7969779155366137,2082,0.060054242541650524,0.0833010461061604,0.049980627663696243,0.8066640836884929
523,Prince George's,1908,Prince George's Precinct 15-002,268,90,252,61,1640,1908,1,0.14046121593291405,0.859538784067086,1505,0.04716981132075472,0.1320754716981132,0.0319706498951782,0.7887840670859538
524,Prince George's,3547,Prince George's Precinct 06-020,113,91,415,88,3434,3547,1,0.0318579080913448,0.9681420919086552,2953,0.025655483507189172,0.1170002819283902,0.0248096983366225,0.8325345362277982
525,Prince George's,3847,Prince George's Precinct 13-009,155,100,376,76,3692,3847,1,0.04029113595009098,0.9597088640499091,3295,0.02599428125812321,0.09773849753054328,0.019755653756173643,0.8565115674551599
526,Prince George's,3713,Prince George's Precinct 13-007,71,139,308,105,3642,3713,1,0.019122003770535956,0.980877996229464,3161,0.03743603555076758,0.0829517910045785,0.028279019660651765,0.8513331537840022
527,Prince George's,2328,Prince George's Precinct 13-001,22,37,41,16,2306,2328,1,0.009450171821305841,0.9905498281786942,2234,0.015893470790378006,0.01761168384879725,0.006872852233676976,0.9596219931271478
528,Prince George's,3108,Prince George's Precinct 13-008,39,67,59,44,3069,3108,1,0.012548262548262547,0.9874517374517374,2938,0.021557271557271558,0.018983268983268985,0.014157014157014158,0.9453024453024453
529,Prince George's,2837,Prince George's Precinct 13-014,46,176,383,123,2791,2837,1,0.016214310891787098,0.9837856891082128,2155,0.062037363412054986,0.13500176242509693,0.04335565738456116,0.759605216778287
530,Prince George's,2601,Prince George's Precinct 13-006,72,99,380,87,2529,2601,1,0.02768166089965398,0.972318339100346,2035,0.03806228373702422,0.14609765474817377,0.03344867358708189,0.7823913879277201
531,Prince George's,2331,Prince George's Precinct 13-004,111,54,191,38,2220,2331,1,0.047619047619047616,0.9523809523809523,2048,0.023166023166023165,0.08193908193908193,0.016302016302016303,0.8785928785928786
532,Prince George's,3707,Prince George's Precinct 13-010,139,176,319,108,3568,3707,1,0.03749662800107904,0.962503371998921,3104,0.04747774480712166,0.08605341246290801,0.029134070677097383,0.837334772052873
533,Prince George's,2929,Prince George's Precinct 13-012,55,161,480,129,2874,2929,1,0.018777739842949812,0.9812222601570502,2159,0.054967565722089454,0.16387845681119836,0.04404233526800956,0.7371116421987026
534,Prince George's,3609,Prince George's Precinct 13-011,78,84,383,78,3531,3609,1,0.021612635078969242,0.9783873649210307,3064,0.023275145469659187,0.10612357993904128,0.021612635078969242,0.8489886395123303
535,Prince George's,2772,Prince George's Precinct 02-001,146,50,69,58,2626,2772,1,0.05266955266955267,0.9473304473304474,2595,0.018037518037518036,0.024891774891774892,0.020923520923520924,0.9361471861471862
538,Prince George's,5983,Prince George's Precinct 02-008,376,122,154,163,5607,5983,1,0.06284472672572289,0.9371552732742772,5544,0.020391108139729233,0.02573959552064182,0.027243857596523483,0.9266254387431054
539,Prince George's,1018,Prince George's Precinct 16-001,194,31,30,26,824,1018,1,0.1905697445972495,0.8094302554027505,931,0.030451866404715127,0.029469548133595286,0.025540275049115914,0.9145383104125737
540,Prince George's,21,Prince George's Precinct 02-098,3,0,0,0,18,21,1,0.14285714285714285,0.8571428571428571,21,0.0,0.0,0.0,1.0
541,Prince George's,2869,Prince George's Precinct 02-005,244,48,60,76,2625,2869,1,0.08504705472289996,0.9149529452771,2685,0.01673056814220983,0.020913210177762286,0.026490066225165563,0.9358661554548623
542,Prince George's,28,Prince George's Precinct 19-005,8,0,0,0,20,28,1,0.2857142857142857,0.7142857142857143,28,0.0,0.0,0.0,1.0
543,Prince George's,3247,Prince George's Precinct 19-004,243,80,52,43,3004,3247,1,0.0748383122882661,0.9251616877117339,3072,0.024638127502309825,0.016014782876501387,0.01324299353249153,0.9461040960886973
544,Prince George's,4769,Prince George's Precinct 19-001,1023,153,90,74,3746,4769,1,0.21451037953449362,0.7854896204655064,4452,0.03208219752568673,0.018871880897462782,0.015516879849024954,0.9335290417278256
545,Prince George's,5173,Prince George's Precinct 21-002,4074,129,35,32,1099,5173,1,0.7875507442489851,0.2124492557510149,4977,0.02493717378697081,0.006765899864682003,0.006185965590566402,0.9621109607577808
546,Prince George's,3965,Prince George's Precinct 21-001,2283,106,83,56,1682,3965,1,0.5757881462799496,0.42421185372005044,3720,0.02673392181588903,0.020933165195460277,0.01412358133669609,0.9382093316519546
547,Prince George's,4029,Prince George's Precinct 19-002,566,129,78,54,3463,4029,1,0.14048150905931994,0.8595184909406801,3768,0.03201787043931496,0.0193596425912137,0.01340282948622487,0.9352196574832464
642,Prince George's,2195,Prince George's Precinct 14-003,1525,83,86,71,670,2195,1,0.6947608200455581,0.3052391799544419,1955,0.03781321184510251,0.03917995444191344,0.03234624145785877,0.8906605922551253
643,Prince George's,3107,Prince George's Precinct 14-009,934,126,203,129,2173,3107,1,0.30061152236884453,0.6993884776311554,2649,0.04055358867074348,0.0653363373028645,0.041519150305761185,0.8525909237206308
644,Prince George's,3658,Prince George's Precinct 14-011,1034,43,43,32,2624,3658,1,0.2826681246582832,0.7173318753417168,3540,0.011755057408419901,0.011755057408419901,0.008747949699289229,0.967741935483871
645,Prince George's,2812,Prince George's Precinct 14-005,1565,74,47,58,1247,2812,1,0.5565433854907539,0.44345661450924606,2633,0.02631578947368421,0.016714082503556188,0.020625889046941678,0.936344238975818
646,Prince George's,1482,Prince George's Precinct 07-017,301,65,121,62,1181,1482,1,0.20310391363022942,0.7968960863697706,1234,0.043859649122807015,0.0816464237516869,0.04183535762483131,0.8326585695006747
647,Prince George's,2094,Prince George's Precinct 07-003,1459,91,70,69,635,2094,1,0.6967526265520535,0.3032473734479465,1864,0.04345749761222541,0.033428844317096466,0.0329512893982808,0.8901623686723973
648,Prince George's,3594,Prince George's Precinct 07-010,650,153,283,152,2944,3594,1,0.1808569838619922,0.8191430161380078,3006,0.04257095158597663,0.07874234835837507,0.042292710072342796,0.8363939899833055
649,Prince George's,1540,Prince George's Precinct 07-002,1095,60,49,41,445,1540,1,0.711038961038961,0.288961038961039,1390,0.03896103896103896,0.031818181818181815,0.026623376623376622,0.9025974025974026
650,Prince George's,2018,Prince George's Precinct 14-004,1357,78,70,63,661,2018,1,0.6724479682854311,0.32755203171456887,1807,0.03865213082259663,0.03468780971258672,0.031219028741328047,0.8954410307234886
651,Prince George's,2095,Prince George's Precinct 07-004,1404,107,58,41,691,2095,1,0.6701670644391408,0.3298329355608592,1889,0.051073985680190934,0.02768496420047733,0.019570405727923627,0.9016706443914081
652,Prince George's,1545,Prince George's Precinct 14-006,1146,68,45,55,399,1545,1,0.7417475728155339,0.258252427184466,1377,0.04401294498381877,0.02912621359223301,0.03559870550161812,0.8912621359223301
653,Prince George's,2933,Prince George's Precinct 07-007,962,145,180,89,1971,2933,1,0.32799181725196047,0.6720081827480395,2519,0.04943743607228094,0.06137061029662462,0.03034435731333106,0.8588475963177634
719,Prince George's,2532,Prince George's Precinct 05-012,333,147,310,114,2199,2532,1,0.13151658767772512,0.8684834123222749,1961,0.058056872037914695,0.12243285939968404,0.045023696682464455,0.7744865718799369
729,Prince George's,2131,Prince George's Precinct 05-008,1047,116,149,80,1084,2131,1,0.4913186297512905,0.5086813702487095,1786,0.05443453777569216,0.06992022524636321,0.03754106053496011,0.8381041764429845
730,Prince George's,3225,Prince George's Precinct 05-007,467,216,363,207,2758,3225,1,0.1448062015503876,0.8551937984496124,2439,0.06697674418604652,0.11255813953488372,0.0641860465116279,0.7562790697674419
731,Prince George's,1984,Prince George's Precinct 05-002,266,175,262,126,1718,1984,1,0.13407258064516128,0.8659274193548387,1421,0.08820564516129033,0.13205645161290322,0.06350806451612903,0.7162298387096774
732,Prince George's,2501,Prince George's Precinct 12-014,295,117,243,130,2206,2501,1,0.11795281887245102,0.882047181127549,2011,0.046781287485006,0.0971611355457817,0.05197920831667333,0.804078368652539
733,Prince George's,3254,Prince George's Precinct 12-010,477,153,295,149,2777,3254,1,0.14658881376767055,0.8534111862323295,2657,0.04701905347264905,0.09065765212046711,0.04578979717271051,0.8165334972341733
734,Prince George's,3255,Prince George's Precinct 05-005,506,165,377,178,2749,3255,1,0.1554531490015361,0.8445468509984639,2535,0.05069124423963134,0.11582181259600614,0.05468509984639017,0.7788018433179723
735,Prince George's,1334,Prince George's Precinct 05-010,244,53,93,50,1090,1334,1,0.18290854572713644,0.8170914542728636,1138,0.03973013493253373,0.06971514242878561,0.037481259370314844,0.8530734632683659
736,Prince George's,522,Prince George's Precinct 05-009,88,18,43,26,434,522,1,0.1685823754789272,0.8314176245210728,435,0.034482758620689655,0.08237547892720307,0.04980842911877394,0.8333333333333334
737,Prince George's,3343,Prince George's Precinct 05-001,752,264,278,162,2591,3343,1,0.2249476518097517,0.7750523481902483,2639,0.07897098414597667,0.08315883936583907,0.048459467544122045,0.7894107089440622
738,Prince George's,2929,Prince George's Precinct 05-004,274,147,289,133,2655,2929,1,0.09354728576305907,0.906452714236941,2360,0.0501877773984295,0.09866848753840901,0.04540798907476955,0.8057357459883919
739,Prince George's,2112,Prince George's Precinct 05-011,181,101,237,115,1931,2112,1,0.08570075757575757,0.9142992424242424,1659,0.047821969696969696,0.11221590909090909,0.054450757575757576,0.7855113636363636
740,Prince George's,2992,Prince George's Precinct 05-006,233,129,331,147,2759,2992,1,0.07787433155080214,0.9221256684491979,2385,0.043114973262032084,0.1106283422459893,0.04913101604278075,0.7971256684491979
741,Prince George's,3474,Prince George's Precinct 12-005,353,140,192,96,3121,3474,1,0.10161197466896948,0.8983880253310305,3046,0.04029936672423719,0.055267702936096716,0.027633851468048358,0.8767990788716177
742,Prince George's,2412,Prince George's Precinct 12-001,299,61,118,49,2113,2412,1,0.12396351575456054,0.8760364842454395,2184,0.02529021558872305,0.04892205638474295,0.0203150912106136,0.9054726368159204
743,Prince George's,4027,Prince George's Precinct 12-011,258,150,311,148,3769,4027,1,0.06406754407747703,0.9359324559225229,3418,0.037248572138068044,0.07722870623292774,0.03675192450956047,0.8487707971194438
744,Prince George's,2706,Prince George's Precinct 05-003,217,142,225,118,2489,2706,1,0.08019216555801921,0.9198078344419808,2221,0.0524759793052476,0.08314855875831485,0.04360679970436068,0.8207686622320769
1420,Prince George's,6329,Prince George's Precinct 15-005,503,203,713,154,5826,6329,1,0.07947543055775004,0.9205245694422499,5259,0.03207457734239216,0.11265602780850055,0.02433243798388371,0.8309369568652236
1421,Prince George's,2130,Prince George's Precinct 03-004,136,72,327,81,1994,2130,1,0.06384976525821597,0.936150234741784,1650,0.03380281690140845,0.15352112676056337,0.038028169014084505,0.7746478873239436
1422,Prince George's,2572,Prince George's Precinct 03-005,235,76,178,67,2337,2572,1,0.09136858475894245,0.9086314152410575,2251,0.029548989113530325,0.06920684292379471,0.026049766718507,0.8751944012441679
1423,Prince George's,3005,Prince George's Precinct 03-003,330,176,343,143,2675,3005,1,0.10981697171381032,0.8901830282861897,2343,0.05856905158069883,0.11414309484193012,0.0475873544093178,0.7797004991680533
1424,Prince George's,2643,Prince George's Precinct 07-012,84,88,380,61,2559,2643,1,0.03178206583427923,0.9682179341657208,2114,0.03329549754067348,0.14377601210745364,0.0230798335225123,0.7998486568293606
1425,Prince George's,1936,Prince George's Precinct 13-013,57,68,346,58,1879,1936,1,0.029442148760330578,0.9705578512396694,1464,0.03512396694214876,0.1787190082644628,0.029958677685950414,0.756198347107438
1426,Prince George's,2052,Prince George's Precinct 07-013,142,163,249,93,1910,2052,1,0.06920077972709551,0.9307992202729045,1547,0.07943469785575048,0.12134502923976608,0.04532163742690058,0.7538986354775828
1427,Prince George's,2806,Prince George's Precinct 03-006,90,97,473,98,2716,2806,1,0.03207412687099073,0.9679258731290092,2138,0.0345687811831789,0.16856735566642908,0.03492516037063435,0.7619387027797576
1428,Prince George's,2583,Prince George's Precinct 07-015,80,138,214,124,2503,2583,1,0.03097173828881146,0.9690282617111885,2107,0.053426248548199766,0.08284939992257065,0.048006194347657766,0.8157181571815718
1429,Prince George's,3410,Prince George's Precinct 07-011,119,228,432,234,3291,3410,1,0.034897360703812316,0.9651026392961877,2516,0.06686217008797654,0.12668621700879765,0.0686217008797654,0.7378299120234604
1430,Prince George's,3276,Prince George's Precinct 07-009,309,183,407,197,2967,3276,1,0.09432234432234432,0.9056776556776557,2489,0.055860805860805864,0.12423687423687424,0.060134310134310136,0.7597680097680097
1431,Prince George's,3105,Prince George's Precinct 03-002,469,132,253,98,2636,3105,1,0.15104669887278582,0.8489533011272141,2622,0.04251207729468599,0.08148148148148149,0.031561996779388084,0.8444444444444444
1432,Prince George's,2246,Prince George's Precinct 07-006,744,127,171,87,1502,2246,1,0.3312555654496883,0.6687444345503116,1861,0.05654496883348174,0.0761353517364203,0.03873552983081033,0.8285841495992876
1433,Prince George's,2272,Prince George's Precinct 07-008,707,71,133,78,1565,2272,1,0.31117957746478875,0.6888204225352113,1990,0.03125,0.058538732394366196,0.03433098591549296,0.8758802816901409
1434,Prince George's,1809,Prince George's Precinct 07-014,794,84,111,71,1015,1809,1,0.4389165284687673,0.5610834715312327,1543,0.04643449419568822,0.06135986733001658,0.03924820342730791,0.8529574350469873
1435,Prince George's,5609,Prince George's Precinct 07-001,1105,43,95,43,4504,5609,1,0.19700481369228026,0.8029951863077197,5428,0.007666250668568372,0.01693706543055803,0.007666250668568372,0.9677304332323052
1436,Prince George's,2447,Prince George's Precinct 14-007,635,120,182,106,1812,2447,1,0.2595014303228443,0.7404985696771557,2039,0.049039640375970577,0.07437678790355537,0.04331834899877401,0.8332652227217
1437,Prince George's,2578,Prince George's Precinct 14-001,1082,129,164,128,1496,2578,1,0.4197051978277735,0.5802948021722265,2157,0.05003878975950349,0.06361520558572537,0.04965089216446858,0.8366951124903026
1438,Prince George's,1468,Prince George's Precinct 07-016,687,53,74,59,781,1468,1,0.46798365122615804,0.532016348773842,1282,0.036103542234332424,0.05040871934604905,0.040190735694822885,0.8732970027247956
1439,Prince George's,1951,Prince George's Precinct 14-010,641,64,98,57,1310,1951,1,0.3285494618144541,0.6714505381855459,1732,0.032803690415171706,0.050230650948231675,0.0292157867760123,0.8877498718605843
1440,Prince George's,2627,Prince George's Precinct 07-005,1543,131,86,66,1084,2627,1,0.5873620098972212,0.41263799010277885,2344,0.04986676817662733,0.032736962314427104,0.025123715264560333,0.8922725542443852
1461,Prince George's,5205,Prince George's Precinct 17-007,218,192,151,204,4987,5205,1,0.04188280499519693,0.9581171950048031,4658,0.03688760806916427,0.029010566762728146,0.03919308357348703,0.8949087415946205
1462,Prince George's,3271,Prince George's Precinct 17-006,182,50,39,62,3089,3271,1,0.05564047691837359,0.9443595230816264,3120,0.01528584530724549,0.011922959339651483,0.018954448180984407,0.9538367471721186
1464,Prince George's,6128,Prince George's Precinct 17-011,159,140,114,182,5969,6128,1,0.025946475195822456,0.9740535248041775,5692,0.022845953002610966,0.01860313315926893,0.029699738903394255,0.9288511749347258
1465,Prince George's,1828,Prince George's Precinct 17-005,235,76,56,65,1593,1828,1,0.12855579868708972,0.8714442013129103,1631,0.04157549234135667,0.030634573304157548,0.03555798687089715,0.8922319474835886
1466,Prince George's,11788,Prince George's Precinct 17-003,289,62,65,90,11499,11788,1,0.024516457414319646,0.9754835425856804,11571,0.005259586019681031,0.005514082117407533,0.007634882931795046,0.9815914489311164
1467,Prince George's,2108,Prince George's Precinct 20-004,210,95,112,57,1898,2108,1,0.09962049335863378,0.9003795066413662,1844,0.04506641366223909,0.05313092979127135,0.027039848197343452,0.8747628083491461
1468,Prince George's,4017,Prince George's Precinct 13-015,398,224,351,110,3619,4017,1,0.0990789146128952,0.9009210853871048,3332,0.0557630072193179,0.08737864077669903,0.027383619616629325,0.8294747323873537
1469,Prince George's,2880,Prince George's Precinct 20-008,292,92,76,53,2588,2880,1,0.10138888888888889,0.8986111111111111,2659,0.03194444444444444,0.02638888888888889,0.01840277777777778,0.9232638888888889
1470,Prince George's,4069,Prince George's Precinct 14-002,436,226,193,107,3633,4069,1,0.10715163430818384,0.8928483656918161,3543,0.0555419021872696,0.047431801425411646,0.026296387318751537,0.8707299090685672
1471,Prince George's,1627,Prince George's Precinct 20-009,352,102,155,61,1275,1627,1,0.21634910878918254,0.7836508912108174,1309,0.0626920712968654,0.09526736324523663,0.037492317148125384,0.8045482483097726
1472,Prince George's,3117,Prince George's Precinct 21-013,555,190,140,85,2562,3117,1,0.17805582290664101,0.821944177093359,2702,0.060956047481552776,0.04491498235482836,0.027269810715431504,0.8668591594481874
1473,Prince George's,2475,Prince George's Precinct 10-011,490,57,88,47,1985,2475,1,0.19797979797979798,0.802020202020202,2283,0.02303030303030303,0.035555555555555556,0.01898989898989899,0.9224242424242424
1474,Prince George's,3268,Prince George's Precinct 14-008,577,112,87,64,2691,3268,1,0.17656058751529988,0.8234394124847001,3005,0.03427172582619339,0.026621787025703794,0.019583843329253364,0.9195226438188494
1475,Prince George's,1816,Prince George's Precinct 10-010,503,75,97,68,1313,1816,1,0.27698237885462557,0.7230176211453745,1576,0.04129955947136564,0.05341409691629956,0.037444933920704845,0.8678414096916299
1503,Prince George's,4719,Prince George's Precinct 01-001,1090,202,131,89,3629,4719,1,0.23098114007204917,0.7690188599279508,4297,0.04280567916931553,0.027760118669209577,0.018859927950837043,0.9105742742106379
1506,Prince George's,3119,Prince George's Precinct 01-004,1032,89,89,54,2087,3119,1,0.3308752805386342,0.6691247194613659,2887,0.028534786790638023,0.028534786790638023,0.017313241423533184,0.9256171849951907
1507,Prince George's,3959,Prince George's Precinct 10-013,1179,172,182,137,2780,3959,1,0.2978024753725688,0.7021975246274311,3468,0.043445314473351856,0.04597120484970952,0.034604698156100025,0.8759787825208386
1508,Prince George's,3293,Prince George's Precinct 10-005,2310,246,86,104,983,3293,1,0.7014880048587914,0.29851199514120863,2857,0.07470391740054662,0.02611600364409353,0.0315821439416945,0.8675979350136653
1515,Prince George's,3641,Prince George's Precinct 10-006,792,132,177,135,2849,3641,1,0.2175226586102719,0.7824773413897281,3197,0.03625377643504532,0.04861301840153804,0.037077725899478164,0.8780554792639385
1516,Prince George's,5674,Prince George's Precinct 10-012,1116,215,189,153,4558,5674,1,0.19668664081776524,0.8033133591822348,5117,0.037892139584067674,0.03330983433204089,0.026965103983080718,0.9018329221008107
1517,Prince George's,2589,Prince George's Precinct 10-008,672,82,77,46,1917,2589,1,0.25955967555040554,0.7404403244495944,2384,0.03167246040942449,0.02974121282348397,0.017767477790652762,0.9208188489764387
1518,Prince George's,2312,Prince George's Precinct 10-007,684,72,83,73,1628,2312,1,0.2958477508650519,0.7041522491349481,2084,0.031141868512110725,0.035899653979238756,0.03157439446366782,0.9013840830449827
1541,Prince George's,4015,Prince George's Precinct 17-001,867,231,151,171,3148,4015,1,0.21594022415940226,0.7840597758405977,3462,0.057534246575342465,0.03760896637608967,0.04259028642590287,0.862266500622665
1542,Prince George's,4299,Prince George's Precinct 17-004,184,86,89,137,4115,4299,1,0.04280065131425913,0.9571993486857409,3987,0.02000465224470807,0.020702488950918817,0.031867876250290764,0.9274249825540823
1543,Prince George's,4706,Prince George's Precinct 16-004,679,180,130,101,4027,4706,1,0.14428389290267743,0.8557161070973226,4295,0.03824904377390565,0.027624309392265192,0.021461963450913727,0.9126646833829154
1544,Prince George's,2240,Prince George's Precinct 17-002,384,105,79,85,1856,2240,1,0.17142857142857143,0.8285714285714286,1971,0.046875,0.03526785714285714,0.03794642857142857,0.8799107142857143
1545,Prince George's,2034,Prince George's Precinct 02-002,261,72,77,68,1773,2034,1,0.12831858407079647,0.8716814159292036,1817,0.035398230088495575,0.037856440511307765,0.03343166175024582,0.8933136676499508
1547,Prince George's,951,Prince George's Precinct 16-002,359,56,41,40,592,951,1,0.3774973711882229,0.6225026288117771,814,0.058885383806519455,0.04311251314405889,0.04206098843322818,0.8559411146161935
1548,Prince George's,4706,Prince George's Precinct 16-003,1856,401,175,135,2850,4706,1,0.3943901402464938,0.6056098597535061,3995,0.08521036974075648,0.0371865703357416,0.02868678283042924,0.8489162770930727
1549,Prince George's,154,Prince George's Precinct 16-005,43,4,5,3,111,154,1,0.2792207792207792,0.7207792207792207,142,0.025974025974025976,0.032467532467532464,0.01948051948051948,0.922077922077922
1550,Prince George's,6797,Prince George's Precinct 17-010,330,148,146,189,6467,6797,1,0.048550831249080474,0.9514491687509196,6314,0.021774312196557306,0.021480064734441664,0.027806385169927908,0.9289392378990731
1551,Prince George's,5527,Prince George's Precinct 17-008,1048,45,36,16,4479,5527,1,0.1896146191423919,0.8103853808576081,5430,0.008141849104396599,0.006513479283517279,0.002894879681563235,0.9824497919305228
1552,Prince George's,3704,Prince George's Precinct 17-009,589,88,70,55,3115,3704,1,0.1590172786177106,0.8409827213822895,3491,0.023758099352051837,0.018898488120950324,0.014848812095032398,0.9424946004319654
1553,Prince George's,1964,Prince George's Precinct 19-003,1471,268,74,80,493,1964,1,0.7489816700610998,0.2510183299389002,1542,0.1364562118126273,0.03767820773930754,0.04073319755600815,0.785132382892057
1554,Prince George's,465,Prince George's Precinct 21-012,342,62,17,22,123,465,1,0.7354838709677419,0.2645161290322581,364,0.13333333333333333,0.03655913978494624,0.047311827956989246,0.7827956989247312
1555,Prince George's,10748,Prince George's Precinct 21-017,6779,18,13,13,3969,10748,1,0.6307219947897283,0.36927800521027165,10704,0.0016747301823595087,0.0012095273539263118,0.0012095273539263118,0.9959062151097878
1559,Prince George's,5990,Prince George's Precinct 17-012,431,97,78,112,5559,5990,1,0.07195325542570952,0.9280467445742905,5703,0.016193656093489148,0.01302170283806344,0.018697829716193656,0.9520868113522537
1565,Prince George's,2857,Prince George's Precinct 21-005,441,109,70,68,2416,2857,1,0.1543577178858943,0.8456422821141057,2610,0.03815190759537977,0.024501225061253063,0.023801190059502975,0.9135456772838642
1566,Prince George's,2323,Prince George's Precinct 21-015,1101,81,50,49,1222,2323,1,0.47395609126130006,0.5260439087387,2143,0.03486870426173052,0.02152389151958674,0.021093413689195005,0.9225139905294877
1567,Prince George's,1633,Prince George's Precinct 21-014,475,98,70,47,1158,1633,1,0.2908756889161053,0.7091243110838946,1418,0.06001224739742805,0.04286589099816289,0.02878138395590937,0.8683404776484996
1568,Prince George's,5119,Prince George's Precinct 01-003,746,139,127,95,4373,5119,1,0.14573158820082047,0.8542684117991796,4758,0.027153740965032234,0.024809533111935924,0.01855831217034577,0.929478413752686
1634,Prince George's,2446,Prince George's Precinct 21-007,1279,127,71,69,1167,2446,1,0.5228945216680294,0.4771054783319706,2179,0.051921504497138185,0.02902698282910875,0.028209321340964842,0.8908421913327882
1635,Prince George's,3916,Prince George's Precinct 02-009,227,112,142,145,3689,3916,1,0.057967313585291114,0.9420326864147089,3517,0.028600612870275793,0.03626149131767109,0.037027579162410625,0.8981103166496425
1636,Prince George's,3022,Prince George's Precinct 02-010,285,107,98,60,2737,3022,1,0.0943084050297816,0.9056915949702184,2757,0.03540701522170748,0.03242885506287227,0.01985440105890139,0.9123097286565188
1637,Prince George's,3459,Prince George's Precinct 02-006,329,146,139,88,3130,3459,1,0.09511419485400405,0.9048858051459959,3086,0.042208730847065626,0.04018502457357618,0.025440878866724487,0.8921653657126337
1638,Prince George's,2119,Prince George's Precinct 02-004,309,77,80,53,1810,2119,1,0.1458235016517225,0.8541764983482775,1909,0.03633789523360075,0.037753657385559226,0.025011798017932987,0.900896649362907
1639,Prince George's,3067,Prince George's Precinct 20-007,21,67,149,50,3046,3067,1,0.006847081838930551,0.9931529181610694,2801,0.021845451581349852,0.04858167590479296,0.016302575806977502,0.9132702967068796
1640,Prince George's,2332,Prince George's Precinct 20-012,113,71,66,39,2219,2332,1,0.04845626072041166,0.9515437392795884,2156,0.030445969125214408,0.02830188679245283,0.01672384219554031,0.9245283018867925
1641,Prince George's,1239,Prince George's Precinct 21-009,565,94,39,35,674,1239,1,0.45601291364003227,0.5439870863599677,1071,0.07586763518966909,0.031476997578692496,0.02824858757062147,0.864406779661017
1642,Prince George's,2546,Prince George's Precinct 20-005,461,163,84,76,2085,2546,1,0.18106834249803613,0.8189316575019638,2223,0.06402199528672427,0.032992930086410056,0.029850746268656716,0.8731343283582089
1643,Prince George's,2412,Prince George's Precinct 20-006,332,121,83,66,2080,2412,1,0.13764510779436154,0.8623548922056384,2142,0.050165837479270316,0.034411276948590384,0.02736318407960199,0.8880597014925373
1644,Prince George's,1798,Prince George's Precinct 21-016,304,155,71,75,1494,1798,1,0.16907675194660735,0.8309232480533927,1497,0.08620689655172414,0.039488320355951054,0.04171301446051168,0.8325917686318132
1645,Prince George's,3234,Prince George's Precinct 21-004,1237,81,59,41,1997,3234,1,0.38249845392702536,0.6175015460729747,3053,0.02504638218923933,0.018243661100803957,0.012677798392084107,0.9440321583178726
1646,Prince George's,2721,Prince George's Precinct 21-010,1330,97,65,39,1391,2721,1,0.48879088570378537,0.5112091142962146,2520,0.0356486585814039,0.02388827636898199,0.014332965821389196,0.9261300992282249
1647,Prince George's,850,Prince George's Precinct 01-008,369,26,27,17,481,850,1,0.43411764705882355,0.5658823529411765,780,0.03058823529411765,0.03176470588235294,0.02,0.9176470588235294
1649,Prince George's,2859,Prince George's Precinct 01-005,1391,163,75,79,1468,2859,1,0.48653375306051067,0.5134662469394893,2542,0.05701294158796782,0.026232948583420776,0.027632039174536552,0.8891220706540749
1650,Prince George's,4986,Prince George's Precinct 21-008,194,59,104,58,4792,4986,1,0.03890894504612916,0.9610910549538708,4765,0.011833132771760931,0.020858403529883673,0.011632571199358203,0.9556758924989972
1652,Prince George's,3492,Prince George's Precinct 21-003,1976,305,135,132,1516,3492,1,0.565864833906071,0.434135166093929,2920,0.08734249713631156,0.03865979381443299,0.037800687285223365,0.8361970217640321
1653,Prince George's,2659,Prince George's Precinct 21-006,1934,269,92,94,725,2659,1,0.7273411056788266,0.27265889432117335,2204,0.10116585182399399,0.034599473486273034,0.03535163595336593,0.828883038736367
1654,Prince George's,2024,Prince George's Precinct 01-002,921,61,51,23,1103,2024,1,0.4550395256916996,0.5449604743083004,1889,0.030138339920948616,0.025197628458498024,0.011363636363636364,0.933300395256917
1655,Prince George's,1731,Prince George's Precinct 01-006,330,87,76,64,1401,1731,1,0.19064124783362218,0.8093587521663779,1504,0.05025996533795494,0.0439052570768342,0.03697284806470248,0.8688619295205083
1656,Prince George's,2436,Prince George's Precinct 13-003,24,81,143,77,2412,2436,1,0.009852216748768473,0.9901477832512315,2135,0.0332512315270936,0.05870279146141215,0.031609195402298854,0.8764367816091954
1657,Prince George's,1716,Prince George's Precinct 20-002,186,36,38,29,1530,1716,1,0.10839160839160839,0.8916083916083916,1613,0.02097902097902098,0.022144522144522144,0.0168997668997669,0.9399766899766899
1658,Prince George's,957,Prince George's Precinct 20-013,19,15,26,20,938,957,1,0.019853709508881923,0.9801462904911181,896,0.01567398119122257,0.027168234064785787,0.02089864158829676,0.9362591431556949
1659,Prince George's,1875,Prince George's Precinct 20-003,26,115,151,81,1849,1875,1,0.013866666666666666,0.9861333333333333,1528,0.06133333333333333,0.08053333333333333,0.0432,0.8149333333333333
1660,Prince George's,2857,Prince George's Precinct 20-011,168,197,130,96,2689,2857,1,0.05880294014700735,0.9411970598529926,2434,0.06895344767238362,0.04550227511375569,0.0336016800840042,0.8519425971298565
1661,Prince George's,3387,Prince George's Precinct 20-001,567,235,112,110,2820,3387,1,0.16740478299379982,0.8325952170062002,2930,0.06938293475051668,0.033067611455565395,0.032477118393858875,0.865072335400059
1662,Prince George's,3358,Prince George's Precinct 21-018,545,178,134,95,2813,3358,1,0.16229898749255509,0.8377010125074449,2951,0.053007742703990474,0.039904705181655745,0.02829064919594997,0.8787969029184038
1663,Prince George's,3792,Prince George's Precinct 21-011,512,160,113,88,3280,3792,1,0.1350210970464135,0.8649789029535865,3431,0.04219409282700422,0.02979957805907173,0.023206751054852322,0.9047995780590717
1664,Prince George's,2484,Prince George's Precinct 20-010,566,54,40,34,1918,2484,1,0.2278582930756844,0.7721417069243156,2356,0.021739130434782608,0.01610305958132045,0.013687600644122383,0.9484702093397746
1665,Prince George's,3859,Prince George's Precinct 13-005,536,221,389,119,3323,3859,1,0.1388960870691889,0.8611039129308111,3130,0.05726872246696035,0.10080331692148226,0.030837004405286344,0.811090956206271
1666,Prince George's,3469,Prince George's Precinct 10-001,531,44,68,40,2938,3469,1,0.15307004900547708,0.846929950994523,3317,0.012683770539060248,0.01960219083309311,0.01153070049005477,0.9561833381377919
1667,Prince George's,4592,Prince George's Precinct 10-002,1524,144,150,117,3068,4592,1,0.3318815331010453,0.6681184668989547,4181,0.0313588850174216,0.03266550522648084,0.02547909407665505,0.9104965156794426
1668,Prince George's,3148,Prince George's Precinct 10-004,732,99,107,66,2416,3148,1,0.23252858958068615,0.7674714104193139,2876,0.03144853875476493,0.033989834815756036,0.02096569250317662,0.9135959339263025
1670,Prince George's,2617,Prince George's Precinct 10-003,1178,83,55,57,1439,2617,1,0.45013374092472297,0.5498662590752771,2422,0.03171570500573175,0.021016431027894536,0.021780664883454336,0.9254871990829193
1672,Prince George's,4448,Prince George's Precinct 10-009,845,88,92,55,3603,4448,1,0.18997302158273383,0.8100269784172662,4213,0.019784172661870502,0.02068345323741007,0.012365107913669064,0.9471672661870504
