,COUNTY,VAP,NAME,WVAP,SEN12D,SEN12R,OVAP,TOT_VOTES,factor,WVAP_pct,OVAP_pct,SEN12None,SEN12D_pct,SEN12R_pct,SEN12None_pct
388,Prince George's,1692,Prince George's Precinct 08-001,980,583,200,712,1692,1.0,0.5791962174940898,0.42080378250591016,909,0.34456264775413714,0.1182033096926714,0.5372340425531915
389,Prince George's,2531,Prince George's Precinct 11-002,511,1743,146,2020,2531,1.0,0.20189648360331885,0.7981035163966812,642,0.6886606084551561,0.05768470960094824,0.2536546819438957
390,Prince George's,3507,Prince George's Precinct 15-001,574,2286,150,2933,3507,1.0,0.16367265469061876,0.8363273453093812,1071,0.6518391787852865,0.0427715996578272,0.30538922155688625
391,Prince George's,3267,Prince George's Precinct 15-004,469,1791,125,2798,3267,1.0,0.1435567799204163,0.8564432200795837,1351,0.5482093663911846,0.038261401897765536,0.4135292317110499
392,Prince George's,2065,Prince George's Precinct 04-001,1341,775,396,724,2065,1.0,0.6493946731234866,0.3506053268765133,894,0.37530266343825663,0.19176755447941887,0.43292978208232447
394,Prince George's,1133,Prince George's Precinct 03-001,419,569,127,714,1133,1.0,0.3698146513680494,0.6301853486319505,437,0.502206531332745,0.11209179170344219,0.3857016769638129
400,Prince George's,1983,Prince George's Precinct 12-002,167,1060,43,1816,1983,1.0,0.08421583459404942,0.9157841654059505,880,0.5345436207766011,0.02168431669188099,0.4437720625315179
401,Prince George's,4528,Prince George's Precinct 12-009,53,1700,16,4475,4528,1.0,0.011704946996466431,0.9882950530035336,2812,0.3754416961130742,0.0035335689045936395,0.6210247349823321
402,Prince George's,4488,Prince George's Precinct 12-004,126,2103,55,4362,4488,1.0,0.02807486631016043,0.9719251336898396,2330,0.46858288770053474,0.012254901960784314,0.5191622103386809
403,Prince George's,4072,Prince George's Precinct 12-006,80,1837,32,3992,4072,1.0,0.019646365422396856,0.9803536345776032,2203,0.45112966601178783,0.007858546168958742,0.5410117878192534
404,Prince George's,3288,Prince George's Precinct 12-012,212,1737,45,3076,3288,1.0,0.06447688564476886,0.9355231143552312,1506,0.5282846715328468,0.013686131386861315,0.458029197080292
405,Prince George's,2724,Prince George's Precinct 12-016,113,1106,31,2611,2724,1.0,0.041483113069016156,0.9585168869309838,1587,0.40602055800293685,0.011380323054331865,0.5825991189427313
406,Prince George's,3144,Prince George's Precinct 12-003,178,1584,35,2966,3144,1.0,0.056615776081424936,0.943384223918575,1525,0.5038167938931297,0.0111323155216285,0.48505089058524176
407,Prince George's,1980,Prince George's Precinct 12-007,69,1063,34,1911,1980,1.0,0.03484848484848485,0.9651515151515152,883,0.5368686868686868,0.01717171717171717,0.44595959595959594
408,Prince George's,1110,Prince George's Precinct 12-017,127,603,17,983,1110,1.0,0.11441441441441441,0.8855855855855855,490,0.5432432432432432,0.015315315315315315,0.44144144144144143
409,Prince George's,3753,Prince George's Precinct 12-013,94,1948,32,3659,3753,1.0,0.025046629363176125,0.9749533706368239,1773,0.5190514255262457,0.008526512123634426,0.4724220623501199
410,Prince George's,2131,Prince George's Precinct 06-008,57,1204,20,2074,2131,1.0,0.02674800563115908,0.9732519943688409,907,0.5649929610511497,0.009385265133740028,0.4256217738151103
411,Prince George's,4750,Prince George's Precinct 06-017,139,2101,30,4611,4750,1.0,0.02926315789473684,0.9707368421052631,2619,0.4423157894736842,0.00631578947368421,0.5513684210526316
412,Prince George's,2691,Prince George's Precinct 06-009,88,1327,26,2603,2691,1.0,0.032701597918989224,0.9672984020810108,1338,0.493125232255667,0.00966183574879227,0.4972129319955407
413,Prince George's,2205,Prince George's Precinct 06-012,55,1244,21,2150,2205,1.0,0.024943310657596373,0.9750566893424036,940,0.5641723356009071,0.009523809523809525,0.42630385487528344
452,Prince George's,2194,Prince George's Precinct 12-008,175,1364,39,2019,2194,1.0,0.07976298997265269,0.9202370100273473,791,0.6216955332725616,0.017775752051048314,0.36052871467639014
453,Prince George's,2657,Prince George's Precinct 12-015,108,1604,37,2549,2657,1.0,0.04064734663153933,0.9593526533684607,1016,0.6036883703424916,0.013925479864508844,0.3823861497929996
470,Prince George's,3323,Prince George's Precinct 09-007,221,2298,68,3102,3323,1.0,0.06650616912428528,0.9334938308757147,957,0.6915437857357809,0.02046343665362624,0.28799277761059283
471,Prince George's,2034,Prince George's Precinct 09-004,273,1393,63,1761,2034,1.0,0.13421828908554573,0.8657817109144543,578,0.6848574237954769,0.030973451327433628,0.28416912487708945
472,Prince George's,3032,Prince George's Precinct 09-005,266,1864,62,2766,3032,1.0,0.08773087071240106,0.912269129287599,1106,0.6147757255936676,0.020448548812664908,0.36477572559366755
473,Prince George's,3691,Prince George's Precinct 09-001,425,2379,106,3266,3691,1.0,0.11514494716878895,0.884855052831211,1206,0.6445407748577622,0.028718504470333243,0.3267407206719046
474,Prince George's,2377,Prince George's Precinct 09-010,356,1457,79,2021,2377,1.0,0.14976861590239798,0.850231384097602,841,0.612957509465713,0.03323517038283551,0.3538073201514514
475,Prince George's,3501,Prince George's Precinct 09-002,398,1708,66,3103,3501,1.0,0.11368180519851472,0.8863181948014853,1727,0.48786061125392743,0.018851756640959727,0.49328763210511284
476,Prince George's,4703,Prince George's Precinct 09-008,452,2950,95,4251,4703,1.0,0.09610886668084201,0.9038911333191579,1658,0.6272591962577079,0.02019987242185839,0.3525409313204338
477,Prince George's,2747,Prince George's Precinct 09-006,357,1875,82,2390,2747,1.0,0.12995995631598106,0.8700400436840189,790,0.6825627957772115,0.029850746268656716,0.2875864579541318
478,Prince George's,2862,Prince George's Precinct 11-004,854,2223,202,2008,2862,1.0,0.2983927323549965,0.7016072676450035,437,0.7767295597484277,0.07058001397624039,0.15269042627533194
479,Prince George's,2840,Prince George's Precinct 11-001,589,1799,151,2251,2840,1.0,0.2073943661971831,0.7926056338028169,890,0.6334507042253521,0.05316901408450704,0.31338028169014087
480,Prince George's,4018,Prince George's Precinct 09-011,519,2413,107,3499,4018,1.0,0.12916874066699852,0.8708312593330015,1498,0.6005475360876058,0.026630164260826282,0.37282229965156793
481,Prince George's,1565,Prince George's Precinct 09-009,577,759,68,988,1565,1.0,0.36869009584664536,0.6313099041533546,738,0.4849840255591054,0.043450479233226834,0.4715654952076677
482,Prince George's,3439,Prince George's Precinct 11-003,484,2125,83,2955,3439,1.0,0.14073858679848794,0.8592614132015121,1231,0.617912183774353,0.024134922942715905,0.35795289328293106
483,Prince George's,2108,Prince George's Precinct 15-003,209,1415,62,1899,2108,1.0,0.099146110056926,0.900853889943074,631,0.6712523719165086,0.029411764705882353,0.2993358633776091
484,Prince George's,1011,Prince George's Precinct 01-007,602,791,219,409,1011,1.5256797583081572,0.5954500494559841,0.4045499505440158,1,0.7823936696340257,0.2166172106824926,0.0009891196834817012
485,Prince George's,2108,Prince George's Precinct 06-014,231,901,38,1877,2108,1.0,0.10958254269449716,0.8904174573055028,1169,0.4274193548387097,0.018026565464895637,0.5545540796963947
486,Prince George's,1176,Prince George's Precinct 06-002,134,772,37,1042,1176,1.0,0.11394557823129252,0.8860544217687075,367,0.6564625850340136,0.031462585034013606,0.3120748299319728
487,Prince George's,2560,Prince George's Precinct 06-013,365,1526,97,2195,2560,1.0,0.142578125,0.857421875,937,0.59609375,0.037890625,0.366015625
488,Prince George's,3164,Prince George's Precinct 06-024,123,1166,21,3041,3164,1.0,0.0388748419721871,0.9611251580278128,1977,0.36852085967130216,0.00663716814159292,0.6248419721871049
489,Prince George's,3700,Prince George's Precinct 06-015,61,1944,30,3639,3700,1.0,0.016486486486486488,0.9835135135135135,1726,0.5254054054054054,0.008108108108108109,0.4664864864864865
490,Prince George's,576,Prince George's Precinct 06-021,41,361,6,535,576,1.0,0.07118055555555555,0.9288194444444444,209,0.6267361111111112,0.010416666666666666,0.3628472222222222
491,Prince George's,4119,Prince George's Precinct 06-004,104,1871,31,4015,4119,1.0,0.02524884680747754,0.9747511531925225,2217,0.45423646516144695,0.007526098567613498,0.5382374362709396
492,Prince George's,4084,Prince George's Precinct 06-022,93,2039,34,3991,4084,1.0,0.02277179236043095,0.9772282076395691,2011,0.4992654260528893,0.00832517140058766,0.492409402546523
493,Prince George's,3744,Prince George's Precinct 06-006,97,1686,33,3647,3744,1.0,0.02590811965811966,0.9740918803418803,2025,0.45032051282051283,0.008814102564102564,0.5408653846153846
494,Prince George's,2295,Prince George's Precinct 06-018,268,1262,63,2027,2295,1.0,0.11677559912854031,0.8832244008714597,970,0.5498910675381263,0.027450980392156862,0.4226579520697168
495,Prince George's,4108,Prince George's Precinct 06-007,492,2342,79,3616,4108,1.0,0.11976630963972736,0.8802336903602727,1687,0.5701071080817917,0.019230769230769232,0.4106621226874391
496,Prince George's,1925,Prince George's Precinct 09-003,1159,124,45,766,1925,1.0,0.6020779220779221,0.3979220779220779,1756,0.06441558441558441,0.023376623376623377,0.9122077922077922
497,Prince George's,3624,Prince George's Precinct 06-016,134,1740,33,3490,3624,1.0,0.0369757174392936,0.9630242825607064,1851,0.48013245033112584,0.009105960264900662,0.5107615894039735
498,Prince George's,1985,Prince George's Precinct 06-005,102,1098,27,1883,1985,1.0,0.05138539042821159,0.9486146095717884,860,0.5531486146095718,0.013602015113350126,0.4332493702770781
499,Prince George's,3207,Prince George's Precinct 06-010,129,1934,32,3078,3207,1.0,0.040224508886810104,0.9597754911131899,1241,0.6030558154038042,0.009978172747115684,0.38696601184908014
500,Prince George's,2204,Prince George's Precinct 06-011,132,1489,40,2072,2204,1.0,0.05989110707803993,0.9401088929219601,675,0.675589836660617,0.018148820326678767,0.3062613430127042
501,Prince George's,3824,Prince George's Precinct 06-001,272,2005,48,3552,3824,1.0,0.07112970711297072,0.9288702928870293,1771,0.5243200836820083,0.012552301255230125,0.4631276150627615
502,Prince George's,4367,Prince George's Precinct 06-003,124,2235,38,4243,4367,1.0,0.028394779024501948,0.9716052209754981,2094,0.5117929929013052,0.008701625830089306,0.4795053812686054
503,Prince George's,2231,Prince George's Precinct 18-011,68,1069,27,2163,2231,1.0,0.03047960555804572,0.9695203944419543,1135,0.4791573285522187,0.012102196324518153,0.5087404751232631
504,Prince George's,2252,Prince George's Precinct 18-004,81,1019,21,2171,2252,1.0,0.03596802841918295,0.9640319715808171,1212,0.4524866785079929,0.009325044404973356,0.5381882770870338
505,Prince George's,3235,Prince George's Precinct 18-001,86,1854,24,3149,3235,1.0,0.026584234930448224,0.9734157650695517,1357,0.5731066460587326,0.0074188562596599695,0.41947449768160744
506,Prince George's,1927,Prince George's Precinct 02-007,906,1150,193,1021,1927,1.0,0.4701608718214842,0.5298391281785159,584,0.5967825635703166,0.10015568240788791,0.3030617540217955
507,Prince George's,1859,Prince George's Precinct 18-005,22,893,17,1837,1859,1.0,0.011834319526627219,0.9881656804733728,949,0.48036578805809577,0.00914470145239376,0.5104895104895105
508,Prince George's,2460,Prince George's Precinct 18-003,23,1283,9,2437,2460,1.0,0.00934959349593496,0.990650406504065,1168,0.5215447154471544,0.003658536585365854,0.47479674796747967
509,Prince George's,158,Prince George's Precinct 18-012,5,94,2,153,158,1.0,0.03164556962025317,0.9683544303797469,62,0.5949367088607594,0.012658227848101266,0.3924050632911392
510,Prince George's,3010,Prince George's Precinct 02-003,624,1436,118,2386,3010,1.0,0.20730897009966778,0.7926910299003322,1456,0.4770764119601329,0.03920265780730897,0.48372093023255813
511,Prince George's,1792,Prince George's Precinct 18-009,52,1104,26,1740,1792,1.0,0.029017857142857144,0.9709821428571429,662,0.6160714285714286,0.014508928571428572,0.36941964285714285
512,Prince George's,2682,Prince George's Precinct 06-019,56,1457,23,2626,2682,1.0,0.020879940343027592,0.9791200596569725,1202,0.5432513049962714,0.008575689783743476,0.4481730052199851
513,Prince George's,2589,Prince George's Precinct 18-007,40,1642,27,2549,2589,1.0,0.01544998068752414,0.9845500193124759,920,0.634221707222866,0.010428736964078795,0.3553495558130552
514,Prince George's,1021,Prince George's Precinct 18-010,7,679,4,1014,1021,1.0,0.0068560235063663075,0.9931439764936337,338,0.6650342801175319,0.0039177277179236044,0.33104799216454456
515,Prince George's,3626,Prince George's Precinct 18-006,28,2144,28,3598,3626,1.0,0.007722007722007722,0.9922779922779923,1454,0.5912851627137341,0.007722007722007722,0.40099282956425814
516,Prince George's,2067,Prince George's Precinct 18-002,31,1040,16,2036,2067,1.0,0.014997581035316884,0.9850024189646831,1011,0.5031446540880503,0.0077406869859700045,0.48911465892597966
517,Prince George's,1716,Prince George's Precinct 18-008,12,1010,14,1704,1716,1.0,0.006993006993006993,0.993006993006993,692,0.5885780885780886,0.008158508158508158,0.40326340326340326
518,Prince George's,2019,Prince George's Precinct 13-017,34,1243,22,1985,2019,1.0,0.016840019811788013,0.9831599801882119,754,0.615651312530956,0.010896483407627538,0.37345220406141655
519,Prince George's,3377,Prince George's Precinct 13-002,56,1487,24,3321,3377,1.0,0.01658276576843352,0.9834172342315665,1866,0.44033165531536866,0.0071068996150429374,0.5525614450695884
520,Prince George's,3376,Prince George's Precinct 13-016,73,1917,31,3303,3376,1.0,0.021623222748815167,0.9783767772511849,1428,0.5678317535545023,0.009182464454976303,0.42298578199052134
521,Prince George's,1837,Prince George's Precinct 06-023,120,1071,28,1717,1837,1.0,0.065323897659227,0.934676102340773,738,0.583015786608601,0.015242242787152967,0.40174197060424605
522,Prince George's,2581,Prince George's Precinct 15-006,524,1447,96,2057,2581,1.0,0.2030220844633863,0.7969779155366137,1038,0.5606354126307632,0.03719488570321581,0.4021697016660209
523,Prince George's,1908,Prince George's Precinct 15-002,268,1412,42,1640,1908,1.0,0.14046121593291405,0.859538784067086,454,0.740041928721174,0.0220125786163522,0.2379454926624738
524,Prince George's,3547,Prince George's Precinct 06-020,113,2028,30,3434,3547,1.0,0.0318579080913448,0.9681420919086552,1489,0.571750775303073,0.00845785170566676,0.41979137299126024
525,Prince George's,3847,Prince George's Precinct 13-009,155,2164,48,3692,3847,1.0,0.04029113595009098,0.9597088640499091,1635,0.5625162464257863,0.012477255003899143,0.42500649857031453
526,Prince George's,3713,Prince George's Precinct 13-007,71,2332,32,3642,3713,1.0,0.019122003770535956,0.980877996229464,1349,0.6280635604632373,0.008618367896579585,0.36331807164018315
527,Prince George's,2328,Prince George's Precinct 13-001,22,958,13,2306,2328,1.0,0.009450171821305841,0.9905498281786942,1357,0.4115120274914089,0.005584192439862543,0.5829037800687286
528,Prince George's,3108,Prince George's Precinct 13-008,39,1223,19,3069,3108,1.0,0.012548262548262547,0.9874517374517374,1866,0.3935006435006435,0.006113256113256113,0.6003861003861004
529,Prince George's,2837,Prince George's Precinct 13-014,46,2108,47,2791,2837,1.0,0.016214310891787098,0.9837856891082128,682,0.7430384208671131,0.016566795911173774,0.24039478322171307
530,Prince George's,2601,Prince George's Precinct 13-006,72,1748,33,2529,2601,1.0,0.02768166089965398,0.972318339100346,820,0.6720492118415994,0.012687427912341407,0.3152633602460592
531,Prince George's,2331,Prince George's Precinct 13-004,111,1109,25,2220,2331,1.0,0.047619047619047616,0.9523809523809523,1197,0.47576147576147576,0.010725010725010725,0.5135135135135135
532,Prince George's,3707,Prince George's Precinct 13-010,139,2239,40,3568,3707,1.0,0.03749662800107904,0.962503371998921,1428,0.603992446722417,0.010790396547073105,0.3852171567305098
533,Prince George's,2929,Prince George's Precinct 13-012,55,1907,50,2874,2929,1.0,0.018777739842949812,0.9812222601570502,972,0.6510754523728235,0.01707067258449983,0.33185387504267666
534,Prince George's,3609,Prince George's Precinct 13-011,78,2258,39,3531,3609,1.0,0.021612635078969242,0.9783873649210307,1312,0.6256580770296482,0.010806317539484621,0.36353560543086727
535,Prince George's,2772,Prince George's Precinct 02-001,146,897,23,2626,2772,1.0,0.05266955266955267,0.9473304473304474,1852,0.3235930735930736,0.008297258297258298,0.6681096681096681
538,Prince George's,5983,Prince George's Precinct 02-008,376,1931,83,5607,5983,1.0,0.06284472672572289,0.9371552732742772,3969,0.3227477853919438,0.013872639144242018,0.6633795754638141
539,Prince George's,1018,Prince George's Precinct 16-001,194,325,26,824,1018,1.0,0.1905697445972495,0.8094302554027505,667,0.3192534381139489,0.025540275049115914,0.6552062868369352
540,Prince George's,21,Prince George's Precinct 02-098,3,0,0,18,21,1.0,0.14285714285714285,0.8571428571428571,21,0.0,0.0,1.0
541,Prince George's,2869,Prince George's Precinct 02-005,244,730,74,2625,2869,1.0,0.08504705472289996,0.9149529452771,2065,0.25444405716277446,0.025792959219240155,0.7197629836179854
542,Prince George's,28,Prince George's Precinct 19-005,8,0,0,20,28,1.0,0.2857142857142857,0.7142857142857143,28,0.0,0.0,1.0
543,Prince George's,3247,Prince George's Precinct 19-004,243,734,55,3004,3247,1.0,0.0748383122882661,0.9251616877117339,2458,0.22605481983369263,0.016938712657838004,0.7570064675084693
544,Prince George's,4769,Prince George's Precinct 19-001,1023,1205,152,3746,4769,1.0,0.21451037953449362,0.7854896204655064,3412,0.25267351646047387,0.03187250996015936,0.7154539735793668
545,Prince George's,5173,Prince George's Precinct 21-002,4074,688,187,1099,5173,1.0,0.7875507442489851,0.2124492557510149,4298,0.13299826019717764,0.036149236419872416,0.8308525033829499
546,Prince George's,3965,Prince George's Precinct 21-001,2283,1142,279,1682,3965,1.0,0.5757881462799496,0.42421185372005044,2544,0.2880201765447667,0.0703656998738966,0.6416141235813367
547,Prince George's,4029,Prince George's Precinct 19-002,566,1100,112,3463,4029,1.0,0.14048150905931994,0.8595184909406801,2817,0.2730206006453214,0.027798461156614544,0.699180938198064
642,Prince George's,2195,Prince George's Precinct 14-003,1525,819,484,670,2195,1.0,0.6947608200455581,0.3052391799544419,892,0.37312072892938497,0.220501138952164,0.40637813211845103
643,Prince George's,3107,Prince George's Precinct 14-009,934,1712,280,2173,3107,1.0,0.30061152236884453,0.6993884776311554,1115,0.5510138397167685,0.09011908593498552,0.3588670743482459
644,Prince George's,3658,Prince George's Precinct 14-011,1034,919,293,2624,3658,1.0,0.2826681246582832,0.7173318753417168,2446,0.25123018042646256,0.080098414434117,0.6686714051394205
645,Prince George's,2812,Prince George's Precinct 14-005,1565,1109,477,1247,2812,1.0,0.5565433854907539,0.44345661450924606,1226,0.39438122332859177,0.16963015647226173,0.4359886201991465
646,Prince George's,1482,Prince George's Precinct 07-017,301,826,70,1181,1482,1.0,0.20310391363022942,0.7968960863697706,586,0.5573549257759784,0.04723346828609987,0.39541160593792174
647,Prince George's,2094,Prince George's Precinct 07-003,1459,825,450,635,2094,1.0,0.6967526265520535,0.3032473734479465,819,0.3939828080229226,0.2148997134670487,0.39111747851002865
648,Prince George's,3594,Prince George's Precinct 07-010,650,2023,226,2944,3594,1.0,0.1808569838619922,0.8191430161380078,1345,0.5628825820812465,0.06288258208124652,0.37423483583750694
649,Prince George's,1540,Prince George's Precinct 07-002,1095,563,328,445,1540,1.0,0.711038961038961,0.288961038961039,649,0.36558441558441557,0.21298701298701297,0.42142857142857143
650,Prince George's,2018,Prince George's Precinct 14-004,1357,742,410,661,2018,1.0,0.6724479682854311,0.32755203171456887,866,0.3676907829534192,0.20317145688800792,0.42913776015857286
651,Prince George's,2095,Prince George's Precinct 07-004,1404,811,452,691,2095,1.0,0.6701670644391408,0.3298329355608592,832,0.38711217183770885,0.21575178997613365,0.3971360381861575
652,Prince George's,1545,Prince George's Precinct 14-006,1146,566,358,399,1545,1.0,0.7417475728155339,0.258252427184466,621,0.3663430420711974,0.23171521035598705,0.40194174757281553
653,Prince George's,2933,Prince George's Precinct 07-007,962,1568,229,1971,2933,1.0,0.32799181725196047,0.6720081827480395,1136,0.5346062052505967,0.07807705421070577,0.3873167405386976
719,Prince George's,2532,Prince George's Precinct 05-012,333,1781,126,2199,2532,1.0,0.13151658767772512,0.8684834123222749,625,0.7033965244865719,0.04976303317535545,0.24684044233807267
729,Prince George's,2131,Prince George's Precinct 05-008,1047,1064,245,1084,2131,1.0,0.4913186297512905,0.5086813702487095,822,0.4992961051149695,0.11496949788831534,0.38573439699671513
730,Prince George's,3225,Prince George's Precinct 05-007,467,2102,180,2758,3225,1.0,0.1448062015503876,0.8551937984496124,943,0.6517829457364341,0.05581395348837209,0.2924031007751938
731,Prince George's,1984,Prince George's Precinct 05-002,266,1283,79,1718,1984,1.0,0.13407258064516128,0.8659274193548387,622,0.6466733870967742,0.039818548387096774,0.31350806451612906
732,Prince George's,2501,Prince George's Precinct 12-014,295,1432,132,2206,2501,1.0,0.11795281887245102,0.882047181127549,937,0.5725709716113555,0.052778888444622155,0.3746501399440224
733,Prince George's,3254,Prince George's Precinct 12-010,477,1714,152,2777,3254,1.0,0.14658881376767055,0.8534111862323295,1388,0.5267363245236631,0.04671173939766441,0.4265519360786724
734,Prince George's,3255,Prince George's Precinct 05-005,506,2243,156,2749,3255,1.0,0.1554531490015361,0.8445468509984639,856,0.6890937019969278,0.047926267281105994,0.2629800307219662
735,Prince George's,1334,Prince George's Precinct 05-010,244,668,77,1090,1334,1.0,0.18290854572713644,0.8170914542728636,589,0.5007496251874063,0.05772113943028486,0.44152923538230887
736,Prince George's,522,Prince George's Precinct 05-009,88,327,24,434,522,1.0,0.1685823754789272,0.8314176245210728,171,0.6264367816091954,0.04597701149425287,0.3275862068965517
737,Prince George's,3343,Prince George's Precinct 05-001,752,2444,175,2591,3343,1.0,0.2249476518097517,0.7750523481902483,724,0.7310798683816931,0.05234819024827999,0.21657194137002692
738,Prince George's,2929,Prince George's Precinct 05-004,274,2001,85,2655,2929,1.0,0.09354728576305907,0.906452714236941,843,0.6831683168316832,0.02902014339364971,0.2878115397746671
739,Prince George's,2112,Prince George's Precinct 05-011,181,1241,70,1931,2112,1.0,0.08570075757575757,0.9142992424242424,801,0.587594696969697,0.03314393939393939,0.37926136363636365
740,Prince George's,2992,Prince George's Precinct 05-006,233,1865,90,2759,2992,1.0,0.07787433155080214,0.9221256684491979,1037,0.6233288770053476,0.030080213903743314,0.3465909090909091
741,Prince George's,3474,Prince George's Precinct 12-005,353,1648,135,3121,3474,1.0,0.10161197466896948,0.8983880253310305,1691,0.4743811168681635,0.038860103626943004,0.4867587795048935
742,Prince George's,2412,Prince George's Precinct 12-001,299,904,94,2113,2412,1.0,0.12396351575456054,0.8760364842454395,1414,0.3747927031509121,0.03897180762852405,0.5862354892205639
743,Prince George's,4027,Prince George's Precinct 12-011,258,2328,92,3769,4027,1.0,0.06406754407747703,0.9359324559225229,1607,0.578097839582816,0.022845790911348397,0.3990563695058356
744,Prince George's,2706,Prince George's Precinct 05-003,217,1656,87,2489,2706,1.0,0.08019216555801921,0.9198078344419808,963,0.6119733924611973,0.03215077605321508,0.3558758314855876
1420,Prince George's,6329,Prince George's Precinct 15-005,503,3284,115,5826,6329,1.0,0.07947543055775004,0.9205245694422499,2930,0.5188813398641176,0.018170327065887185,0.4629483330699953
1421,Prince George's,2130,Prince George's Precinct 03-004,136,1327,50,1994,2130,1.0,0.06384976525821597,0.936150234741784,753,0.6230046948356808,0.023474178403755867,0.35352112676056335
1422,Prince George's,2572,Prince George's Precinct 03-005,235,1368,46,2337,2572,1.0,0.09136858475894245,0.9086314152410575,1158,0.5318818040435459,0.017884914463452566,0.45023328149300157
1423,Prince George's,3005,Prince George's Precinct 03-003,330,2420,97,2675,3005,1.0,0.10981697171381032,0.8901830282861897,488,0.8053244592346089,0.032279534109816974,0.16239600665557405
1424,Prince George's,2643,Prince George's Precinct 07-012,84,1668,29,2559,2643,1.0,0.03178206583427923,0.9682179341657208,946,0.6311010215664018,0.010972379871358306,0.3579265985622399
1425,Prince George's,1936,Prince George's Precinct 13-013,57,1231,44,1879,1936,1.0,0.029442148760330578,0.9705578512396694,661,0.6358471074380165,0.022727272727272728,0.34142561983471076
1426,Prince George's,2052,Prince George's Precinct 07-013,142,1431,50,1910,2052,1.0,0.06920077972709551,0.9307992202729045,571,0.6973684210526315,0.024366471734892786,0.27826510721247566
1427,Prince George's,2806,Prince George's Precinct 03-006,90,1898,53,2716,2806,1.0,0.03207412687099073,0.9679258731290092,855,0.6764076977904491,0.018888096935138987,0.304704205274412
1428,Prince George's,2583,Prince George's Precinct 07-015,80,1714,41,2503,2583,1.0,0.03097173828881146,0.9690282617111885,828,0.6635694928377855,0.015873015873015872,0.3205574912891986
1429,Prince George's,3410,Prince George's Precinct 07-011,119,2145,56,3291,3410,1.0,0.034897360703812316,0.9651026392961877,1209,0.6290322580645161,0.016422287390029325,0.35454545454545455
1430,Prince George's,3276,Prince George's Precinct 07-009,309,2206,103,2967,3276,1.0,0.09432234432234432,0.9056776556776557,967,0.6733821733821734,0.03144078144078144,0.2951770451770452
1431,Prince George's,3105,Prince George's Precinct 03-002,469,1849,116,2636,3105,1.0,0.15104669887278582,0.8489533011272141,1140,0.5954911433172303,0.03735909822866344,0.3671497584541063
1432,Prince George's,2246,Prince George's Precinct 07-006,744,1232,209,1502,2246,1.0,0.3312555654496883,0.6687444345503116,805,0.5485307212822796,0.09305431878895815,0.35841495992876227
1433,Prince George's,2272,Prince George's Precinct 07-008,707,1152,165,1565,2272,1.0,0.31117957746478875,0.6888204225352113,955,0.5070422535211268,0.07262323943661972,0.4203345070422535
1434,Prince George's,1809,Prince George's Precinct 07-014,794,897,234,1015,1809,1.0,0.4389165284687673,0.5610834715312327,678,0.49585406301824214,0.12935323383084577,0.3747927031509121
1435,Prince George's,5609,Prince George's Precinct 07-001,1105,2202,244,4504,5609,1.0,0.19700481369228026,0.8029951863077197,3163,0.3925833481904083,0.04350151542164379,0.563915136387948
1436,Prince George's,2447,Prince George's Precinct 14-007,635,1439,153,1812,2447,1.0,0.2595014303228443,0.7404985696771557,855,0.5880670208418471,0.06252554147936248,0.34940743767879034
1437,Prince George's,2578,Prince George's Precinct 14-001,1082,1441,253,1496,2578,1.0,0.4197051978277735,0.5802948021722265,884,0.5589604344453064,0.09813809154383243,0.34290147401086113
1438,Prince George's,1468,Prince George's Precinct 07-016,687,651,193,781,1468,1.0,0.46798365122615804,0.532016348773842,624,0.4434604904632153,0.13147138964577657,0.4250681198910082
1439,Prince George's,1951,Prince George's Precinct 14-010,641,987,159,1310,1951,1.0,0.3285494618144541,0.6714505381855459,805,0.5058944131214762,0.0814966683751922,0.41260891850333165
1440,Prince George's,2627,Prince George's Precinct 07-005,1543,1133,439,1084,2627,1.0,0.5873620098972212,0.41263799010277885,1055,0.4312904453749524,0.16711077274457556,0.40159878188047204
1461,Prince George's,5205,Prince George's Precinct 17-007,218,1816,57,4987,5205,1.0,0.04188280499519693,0.9581171950048031,3332,0.348895292987512,0.01095100864553314,0.6401536983669549
1462,Prince George's,3271,Prince George's Precinct 17-006,182,734,55,3089,3271,1.0,0.05564047691837359,0.9443595230816264,2482,0.22439620911036381,0.01681442983797004,0.7587893610516662
1464,Prince George's,6128,Prince George's Precinct 17-011,159,1478,56,5969,6128,1.0,0.025946475195822456,0.9740535248041775,4594,0.24118798955613577,0.009138381201044387,0.7496736292428199
1465,Prince George's,1828,Prince George's Precinct 17-005,235,656,39,1593,1828,1.0,0.12855579868708972,0.8714442013129103,1133,0.3588621444201313,0.021334792122538294,0.6198030634573304
1466,Prince George's,11788,Prince George's Precinct 17-003,289,991,69,11499,11788,1.0,0.024516457414319646,0.9754835425856804,10728,0.08406854428232101,0.005853410247709535,0.9100780454699695
1467,Prince George's,2108,Prince George's Precinct 20-004,210,998,50,1898,2108,1.0,0.09962049335863378,0.9003795066413662,1060,0.47343453510436434,0.023719165085388995,0.5028462998102466
1468,Prince George's,4017,Prince George's Precinct 13-015,398,2271,108,3619,4017,1.0,0.0990789146128952,0.9009210853871048,1638,0.5653472740851382,0.0268857356235997,0.4077669902912621
1469,Prince George's,2880,Prince George's Precinct 20-008,292,1319,84,2588,2880,1.0,0.10138888888888889,0.8986111111111111,1477,0.4579861111111111,0.029166666666666667,0.5128472222222222
1470,Prince George's,4069,Prince George's Precinct 14-002,436,2212,122,3633,4069,1.0,0.10715163430818384,0.8928483656918161,1735,0.5436225116736298,0.029982796755959697,0.42639469157041043
1471,Prince George's,1627,Prince George's Precinct 20-009,352,1084,80,1275,1627,1.0,0.21634910878918254,0.7836508912108174,463,0.6662569145666871,0.049170251997541485,0.28457283343577133
1472,Prince George's,3117,Prince George's Precinct 21-013,555,1624,93,2562,3117,1.0,0.17805582290664101,0.821944177093359,1400,0.521013795316009,0.029836381135707413,0.4491498235482836
1473,Prince George's,2475,Prince George's Precinct 10-011,490,1171,136,1985,2475,1.0,0.19797979797979798,0.802020202020202,1168,0.4731313131313131,0.05494949494949495,0.4719191919191919
1474,Prince George's,3268,Prince George's Precinct 14-008,577,1467,140,2691,3268,1.0,0.17656058751529988,0.8234394124847001,1661,0.4488984088127295,0.042839657282741736,0.5082619339045288
1475,Prince George's,1816,Prince George's Precinct 10-010,503,973,123,1313,1816,1.0,0.27698237885462557,0.7230176211453745,720,0.5357929515418502,0.06773127753303965,0.3964757709251101
1503,Prince George's,4719,Prince George's Precinct 01-001,1090,1802,325,3629,4719,1.0,0.23098114007204917,0.7690188599279508,2592,0.3818605636787455,0.06887052341597796,0.5492689129052766
1506,Prince George's,3119,Prince George's Precinct 01-004,1032,1085,288,2087,3119,1.0,0.3308752805386342,0.6691247194613659,1746,0.34786790638025006,0.09233728759217698,0.5597948060275729
1507,Prince George's,3959,Prince George's Precinct 10-013,1179,2179,312,2780,3959,1.0,0.2978024753725688,0.7021975246274311,1468,0.5503915130083354,0.07880777974235918,0.37080070724930536
1508,Prince George's,3293,Prince George's Precinct 10-005,2310,1418,702,983,3293,1.0,0.7014880048587914,0.29851199514120863,1173,0.43061038566656545,0.2131794716064379,0.35621014272699664
1515,Prince George's,3641,Prince George's Precinct 10-006,792,1949,236,2849,3641,1.0,0.2175226586102719,0.7824773413897281,1456,0.5352925020598737,0.06481735786871738,0.39989014007140894
1516,Prince George's,5674,Prince George's Precinct 10-012,1116,2541,301,4558,5674,1.0,0.19668664081776524,0.8033133591822348,2832,0.4478322171307719,0.05304899541769475,0.4991187874515333
1517,Prince George's,2589,Prince George's Precinct 10-008,672,954,157,1917,2589,1.0,0.25955967555040554,0.7404403244495944,1478,0.3684820393974508,0.06064117419853225,0.570876786404017
1518,Prince George's,2312,Prince George's Precinct 10-007,684,1020,177,1628,2312,1.0,0.2958477508650519,0.7041522491349481,1115,0.4411764705882353,0.07655709342560553,0.48226643598615915
1541,Prince George's,4015,Prince George's Precinct 17-001,867,1770,95,3148,4015,1.0,0.21594022415940226,0.7840597758405977,2150,0.44084682440846823,0.023661270236612703,0.5354919053549191
1542,Prince George's,4299,Prince George's Precinct 17-004,184,1286,43,4115,4299,1.0,0.04280065131425913,0.9571993486857409,2970,0.2991393347290067,0.010002326122354036,0.6908583391486393
1543,Prince George's,4706,Prince George's Precinct 16-004,679,1457,129,4027,4706,1.0,0.14428389290267743,0.8557161070973226,3120,0.309604759881003,0.027411814704632383,0.6629834254143646
1544,Prince George's,2240,Prince George's Precinct 17-002,384,949,63,1856,2240,1.0,0.17142857142857143,0.8285714285714286,1228,0.4236607142857143,0.028125,0.5482142857142858
1545,Prince George's,2034,Prince George's Precinct 02-002,261,780,61,1773,2034,1.0,0.12831858407079647,0.8716814159292036,1193,0.3834808259587021,0.02999016715830875,0.5865290068829891
1547,Prince George's,951,Prince George's Precinct 16-002,359,485,68,592,951,1.0,0.3774973711882229,0.6225026288117771,398,0.5099894847528917,0.07150368033648791,0.4185068349106204
1548,Prince George's,4706,Prince George's Precinct 16-003,1856,2235,257,2850,4706,1.0,0.3943901402464938,0.6056098597535061,2214,0.47492562685932854,0.05461113472163196,0.47046323841903953
1549,Prince George's,154,Prince George's Precinct 16-005,43,65,14,111,154,1.0,0.2792207792207792,0.7207792207792207,75,0.42207792207792205,0.09090909090909091,0.487012987012987
1550,Prince George's,6797,Prince George's Precinct 17-010,330,1735,101,6467,6797,1.0,0.048550831249080474,0.9514491687509196,4961,0.2552596733853171,0.014859496836839783,0.7298808297778432
1551,Prince George's,5527,Prince George's Precinct 17-008,1048,1276,106,4479,5527,1.0,0.1896146191423919,0.8103853808576081,4145,0.230866654604668,0.019178577890356433,0.7499547675049756
1552,Prince George's,3704,Prince George's Precinct 17-009,589,840,96,3115,3704,1.0,0.1590172786177106,0.8409827213822895,2768,0.2267818574514039,0.02591792656587473,0.7473002159827213
1553,Prince George's,1964,Prince George's Precinct 19-003,1471,1179,181,493,1964,1.0,0.7489816700610998,0.2510183299389002,604,0.6003054989816701,0.09215885947046844,0.3075356415478615
1554,Prince George's,465,Prince George's Precinct 21-012,342,264,79,123,465,1.0,0.7354838709677419,0.2645161290322581,122,0.567741935483871,0.16989247311827957,0.2623655913978495
1555,Prince George's,10748,Prince George's Precinct 21-017,6779,1198,243,3969,10748,1.0,0.6307219947897283,0.36927800521027165,9307,0.11146259769259396,0.022608857461853368,0.8659285448455527
1559,Prince George's,5990,Prince George's Precinct 17-012,431,1347,77,5559,5990,1.0,0.07195325542570952,0.9280467445742905,4566,0.2248747913188648,0.012854757929883139,0.7622704507512521
1565,Prince George's,2857,Prince George's Precinct 21-005,441,917,142,2416,2857,1.0,0.1543577178858943,0.8456422821141057,1798,0.3209660483024151,0.049702485124256214,0.6293314665733286
1566,Prince George's,2323,Prince George's Precinct 21-015,1101,591,170,1222,2323,1.0,0.47395609126130006,0.5260439087387,1562,0.2544123977615153,0.07318123116659492,0.6724063710718898
1567,Prince George's,1633,Prince George's Precinct 21-014,475,668,146,1158,1633,1.0,0.2908756889161053,0.7091243110838946,819,0.40906307409675446,0.08940600122473974,0.5015309246785058
1568,Prince George's,5119,Prince George's Precinct 01-003,746,1635,146,4373,5119,1.0,0.14573158820082047,0.8542684117991796,3338,0.31939831998437196,0.02852119554600508,0.652080484469623
1634,Prince George's,2446,Prince George's Precinct 21-007,1279,994,269,1167,2446,1.0,0.5228945216680294,0.4771054783319706,1183,0.4063777596075225,0.10997547015535568,0.4836467702371218
1635,Prince George's,3916,Prince George's Precinct 02-009,227,1753,56,3689,3916,1.0,0.057967313585291114,0.9420326864147089,2107,0.4476506639427988,0.014300306435137897,0.5380490296220634
1636,Prince George's,3022,Prince George's Precinct 02-010,285,1022,53,2737,3022,1.0,0.0943084050297816,0.9056915949702184,1947,0.3381866313699537,0.01753805426869623,0.6442753143613501
1637,Prince George's,3459,Prince George's Precinct 02-006,329,1595,99,3130,3459,1.0,0.09511419485400405,0.9048858051459959,1765,0.46111592945938135,0.028620988725065046,0.5102630818155536
1638,Prince George's,2119,Prince George's Precinct 02-004,309,878,73,1810,2119,1.0,0.1458235016517225,0.8541764983482775,1168,0.4143463898065125,0.034450212364322795,0.5512033978291647
1639,Prince George's,3067,Prince George's Precinct 20-007,21,1275,25,3046,3067,1.0,0.006847081838930551,0.9931529181610694,1767,0.41571568307792633,0.008151287903488751,0.576133029018585
1640,Prince George's,2332,Prince George's Precinct 20-012,113,854,21,2219,2332,1.0,0.04845626072041166,0.9515437392795884,1457,0.36620926243567753,0.009005145797598629,0.6247855917667239
1641,Prince George's,1239,Prince George's Precinct 21-009,565,492,72,674,1239,1.0,0.45601291364003227,0.5439870863599677,675,0.39709443099273606,0.05811138014527845,0.5447941888619855
1642,Prince George's,2546,Prince George's Precinct 20-005,461,1057,95,2085,2546,1.0,0.18106834249803613,0.8189316575019638,1394,0.41516103692065986,0.03731343283582089,0.5475255302435192
1643,Prince George's,2412,Prince George's Precinct 20-006,332,991,86,2080,2412,1.0,0.13764510779436154,0.8623548922056384,1335,0.41086235489220563,0.03565505804311774,0.5534825870646766
1644,Prince George's,1798,Prince George's Precinct 21-016,304,991,78,1494,1798,1.0,0.16907675194660735,0.8309232480533927,729,0.5511679644048944,0.04338153503893215,0.40545050055617354
1645,Prince George's,3234,Prince George's Precinct 21-004,1237,894,173,1997,3234,1.0,0.38249845392702536,0.6175015460729747,2167,0.2764378478664193,0.053494124922696354,0.6700680272108843
1646,Prince George's,2721,Prince George's Precinct 21-010,1330,871,212,1391,2721,1.0,0.48879088570378537,0.5112091142962146,1638,0.3201029033443587,0.07791253215729511,0.6019845644983461
1647,Prince George's,850,Prince George's Precinct 01-008,369,284,33,481,850,1.0,0.43411764705882355,0.5658823529411765,533,0.3341176470588235,0.03882352941176471,0.6270588235294118
1649,Prince George's,2859,Prince George's Precinct 01-005,1391,1089,363,1468,2859,1.0,0.48653375306051067,0.5134662469394893,1407,0.3809024134312697,0.12696747114375656,0.49213011542497376
1650,Prince George's,4986,Prince George's Precinct 21-008,194,1288,33,4792,4986,1.0,0.03890894504612916,0.9610910549538708,3665,0.2583233052547132,0.006618531889290012,0.7350581628559968
1652,Prince George's,3492,Prince George's Precinct 21-003,1976,1680,223,1516,3492,1.0,0.565864833906071,0.434135166093929,1589,0.48109965635738833,0.0638602520045819,0.4550400916380298
1653,Prince George's,2659,Prince George's Precinct 21-006,1934,1344,252,725,2659,1.0,0.7273411056788266,0.27265889432117335,1063,0.5054531778864235,0.0947724708537044,0.39977435125987215
1654,Prince George's,2024,Prince George's Precinct 01-002,921,643,176,1103,2024,1.0,0.4550395256916996,0.5449604743083004,1205,0.3176877470355731,0.08695652173913043,0.5953557312252964
1655,Prince George's,1731,Prince George's Precinct 01-006,330,913,96,1401,1731,1.0,0.19064124783362218,0.8093587521663779,722,0.5274407856730213,0.05545927209705372,0.4170999422299249
1656,Prince George's,2436,Prince George's Precinct 13-003,24,1167,21,2412,2436,1.0,0.009852216748768473,0.9901477832512315,1248,0.479064039408867,0.008620689655172414,0.5123152709359606
1657,Prince George's,1716,Prince George's Precinct 20-002,186,625,30,1530,1716,1.0,0.10839160839160839,0.8916083916083916,1061,0.36421911421911424,0.017482517482517484,0.6182983682983683
1658,Prince George's,957,Prince George's Precinct 20-013,19,337,12,938,957,1.0,0.019853709508881923,0.9801462904911181,608,0.35214211076280044,0.012539184952978056,0.6353187042842215
1659,Prince George's,1875,Prince George's Precinct 20-003,26,1234,25,1849,1875,1.0,0.013866666666666666,0.9861333333333333,616,0.6581333333333333,0.013333333333333334,0.32853333333333334
1660,Prince George's,2857,Prince George's Precinct 20-011,168,1386,63,2689,2857,1.0,0.05880294014700735,0.9411970598529926,1408,0.48512425621281063,0.022051102555127756,0.4928246412320616
1661,Prince George's,3387,Prince George's Precinct 20-001,567,1478,155,2820,3387,1.0,0.16740478299379982,0.8325952170062002,1754,0.43637437260112194,0.04576321228225568,0.5178624151166223
1662,Prince George's,3358,Prince George's Precinct 21-018,545,1425,105,2813,3358,1.0,0.16229898749255509,0.8377010125074449,1828,0.4243597379392495,0.03126861226920786,0.5443716497915426
1663,Prince George's,3792,Prince George's Precinct 21-011,512,1417,90,3280,3792,1.0,0.1350210970464135,0.8649789029535865,2285,0.3736814345991561,0.023734177215189875,0.602584388185654
1664,Prince George's,2484,Prince George's Precinct 20-010,566,799,105,1918,2484,1.0,0.2278582930756844,0.7721417069243156,1580,0.321658615136876,0.042270531400966184,0.6360708534621579
1665,Prince George's,3859,Prince George's Precinct 13-005,536,2107,46,3323,3859,1.0,0.1388960870691889,0.8611039129308111,1706,0.5459963721171288,0.011920186576833377,0.4420834413060378
1666,Prince George's,3469,Prince George's Precinct 10-001,531,1221,92,2938,3469,1.0,0.15307004900547708,0.846929950994523,2156,0.35197463245892185,0.026520611127125972,0.6215047564139522
1667,Prince George's,4592,Prince George's Precinct 10-002,1524,1981,349,3068,4592,1.0,0.3318815331010453,0.6681184668989547,2262,0.43140243902439024,0.07600174216027875,0.492595818815331
1668,Prince George's,3148,Prince George's Precinct 10-004,732,1452,135,2416,3148,1.0,0.23252858958068615,0.7674714104193139,1561,0.46124523506988563,0.042884371029224905,0.49587039390088944
1670,Prince George's,2617,Prince George's Precinct 10-003,1178,848,233,1439,2617,1.0,0.45013374092472297,0.5498662590752771,1536,0.3240351547573557,0.08903324417271685,0.5869316010699274
1672,Prince George's,4448,Prince George's Precinct 10-009,845,1447,130,3603,4448,1.0,0.18997302158273383,0.8100269784172662,2871,0.32531474820143885,0.02922661870503597,0.6454586330935251
