,COUNTY,VAP,NAME,WVAP,SEN16PD_CV,SEN16PD_DE,OVAP,TOT_VOTES,factor,WVAP_pct,OVAP_pct,SEN16PDNone,SEN16PD_CV_pct,SEN16PD_DE_pct,SEN16PDNone_pct
388,Prince George's,1692,Prince George's Precinct 08-001,980,85,148,712,1692,1,0.5791962174940898,0.42080378250591016,1459,0.050236406619385346,0.08747044917257683,0.8622931442080378
389,Prince George's,2531,Prince George's Precinct 11-002,511,304,633,2020,2531,1,0.20189648360331885,0.7981035163966812,1594,0.1201106282101936,0.2500987751876729,0.6297905966021335
390,Prince George's,3507,Prince George's Precinct 15-001,574,370,839,2933,3507,1,0.16367265469061876,0.8363273453093812,2298,0.10550327915597377,0.2392358140861135,0.6552609067579127
391,Prince George's,3267,Prince George's Precinct 15-004,469,328,708,2798,3267,1,0.1435567799204163,0.8564432200795837,2231,0.10039791857973676,0.21671258034894397,0.6828895010713193
392,Prince George's,2065,Prince George's Precinct 04-001,1341,214,196,724,2065,1,0.6493946731234866,0.3506053268765133,1655,0.1036319612590799,0.09491525423728814,0.801452784503632
394,Prince George's,1133,Prince George's Precinct 03-001,419,104,197,714,1133,1,0.3698146513680494,0.6301853486319505,832,0.09179170344218888,0.17387466902030008,0.7343336275375111
400,Prince George's,1983,Prince George's Precinct 12-002,167,109,332,1816,1983,1,0.08421583459404942,0.9157841654059505,1542,0.054967221381744834,0.16742309631870902,0.7776096822995462
401,Prince George's,4528,Prince George's Precinct 12-009,53,120,415,4475,4528,1,0.011704946996466431,0.9882950530035336,3993,0.026501766784452298,0.09165194346289753,0.8818462897526502
402,Prince George's,4488,Prince George's Precinct 12-004,126,198,605,4362,4488,1,0.02807486631016043,0.9719251336898396,3685,0.04411764705882353,0.13480392156862744,0.821078431372549
403,Prince George's,4072,Prince George's Precinct 12-006,80,167,507,3992,4072,1,0.019646365422396856,0.9803536345776032,3398,0.04101178781925344,0.12450884086444008,0.8344793713163065
404,Prince George's,3288,Prince George's Precinct 12-012,212,172,517,3076,3288,1,0.06447688564476886,0.9355231143552312,2599,0.052311435523114354,0.15723844282238442,0.7904501216545012
405,Prince George's,2724,Prince George's Precinct 12-016,113,122,351,2611,2724,1,0.041483113069016156,0.9585168869309838,2251,0.044787077826725405,0.1288546255506608,0.8263582966226138
406,Prince George's,3144,Prince George's Precinct 12-003,178,132,472,2966,3144,1,0.056615776081424936,0.943384223918575,2540,0.04198473282442748,0.15012722646310434,0.8078880407124682
407,Prince George's,1980,Prince George's Precinct 12-007,69,136,464,1911,1980,1,0.03484848484848485,0.9651515151515152,1380,0.06868686868686869,0.23434343434343435,0.696969696969697
408,Prince George's,1110,Prince George's Precinct 12-017,127,51,113,983,1110,1,0.11441441441441441,0.8855855855855855,946,0.04594594594594595,0.1018018018018018,0.8522522522522522
409,Prince George's,3753,Prince George's Precinct 12-013,94,219,678,3659,3753,1,0.025046629363176125,0.9749533706368239,2856,0.058353317346123104,0.1806554756195044,0.7609912070343725
410,Prince George's,2131,Prince George's Precinct 06-008,57,135,407,2074,2131,1,0.02674800563115908,0.9732519943688409,1589,0.06335053965274519,0.19099014547160958,0.7456593148756452
411,Prince George's,4750,Prince George's Precinct 06-017,139,230,679,4611,4750,1,0.02926315789473684,0.9707368421052631,3841,0.04842105263157895,0.14294736842105263,0.8086315789473684
412,Prince George's,2691,Prince George's Precinct 06-009,88,127,433,2603,2691,1,0.032701597918989224,0.9672984020810108,2131,0.04719435154217763,0.16090672612411744,0.791898922333705
413,Prince George's,2205,Prince George's Precinct 06-012,55,101,352,2150,2205,1,0.024943310657596373,0.9750566893424036,1752,0.04580498866213152,0.15963718820861678,0.7945578231292517
452,Prince George's,2194,Prince George's Precinct 12-008,175,144,406,2019,2194,1,0.07976298997265269,0.9202370100273473,1644,0.06563354603463993,0.18505013673655424,0.7493163172288059
453,Prince George's,2657,Prince George's Precinct 12-015,108,185,577,2549,2657,1,0.04064734663153933,0.9593526533684607,1895,0.06962739932254422,0.2171622130222055,0.7132103876552502
470,Prince George's,3323,Prince George's Precinct 09-007,221,395,761,3102,3323,1,0.06650616912428528,0.9334938308757147,2167,0.11886849232621126,0.22900993078543486,0.6521215768883539
471,Prince George's,2034,Prince George's Precinct 09-004,273,236,454,1761,2034,1,0.13421828908554573,0.8657817109144543,1344,0.1160275319567355,0.2232055063913471,0.6607669616519174
472,Prince George's,3032,Prince George's Precinct 09-005,266,225,610,2766,3032,1,0.08773087071240106,0.912269129287599,2197,0.07420844327176782,0.2011873350923483,0.7246042216358839
473,Prince George's,3691,Prince George's Precinct 09-001,425,335,851,3266,3691,1,0.11514494716878895,0.884855052831211,2505,0.0907613112977513,0.23056082362503386,0.6786778650772148
474,Prince George's,2377,Prince George's Precinct 09-010,356,227,486,2021,2377,1,0.14976861590239798,0.850231384097602,1664,0.09549852755574254,0.20445940260832982,0.7000420698359276
475,Prince George's,3501,Prince George's Precinct 09-002,398,129,316,3103,3501,1,0.11368180519851472,0.8863181948014853,3056,0.03684661525278492,0.09025992573550415,0.8728934590117109
476,Prince George's,4703,Prince George's Precinct 09-008,452,543,1086,4251,4703,1,0.09610886668084201,0.9038911333191579,3074,0.11545821815862216,0.23091643631724432,0.6536253455241335
477,Prince George's,2747,Prince George's Precinct 09-006,357,344,815,2390,2747,1,0.12995995631598106,0.8700400436840189,1588,0.12522752093192574,0.2966872952311613,0.578085183836913
478,Prince George's,2862,Prince George's Precinct 11-004,854,474,853,2008,2862,1,0.2983927323549965,0.7016072676450035,1535,0.16561844863731656,0.29804332634521313,0.5363382250174703
479,Prince George's,2840,Prince George's Precinct 11-001,589,224,576,2251,2840,1,0.2073943661971831,0.7926056338028169,2040,0.07887323943661972,0.2028169014084507,0.7183098591549296
480,Prince George's,4018,Prince George's Precinct 09-011,519,275,713,3499,4018,1,0.12916874066699852,0.8708312593330015,3030,0.06844201095072175,0.17745146839223494,0.7541065206570433
481,Prince George's,1565,Prince George's Precinct 09-009,577,134,250,988,1565,1,0.36869009584664536,0.6313099041533546,1181,0.08562300319488818,0.1597444089456869,0.7546325878594249
482,Prince George's,3439,Prince George's Precinct 11-003,484,284,766,2955,3439,1,0.14073858679848794,0.8592614132015121,2389,0.08258214597266647,0.2227391683628962,0.6946786856644374
483,Prince George's,2108,Prince George's Precinct 15-003,209,257,573,1899,2108,1,0.099146110056926,0.900853889943074,1278,0.12191650853889943,0.2718216318785579,0.6062618595825426
484,Prince George's,662,Prince George's Precinct 01-007,394,374,163,268,662,1,0.595166163141994,0.40483383685800606,125,0.5649546827794562,0.24622356495468278,0.18882175226586104
485,Prince George's,2108,Prince George's Precinct 06-014,231,32,115,1877,2108,1,0.10958254269449716,0.8904174573055028,1961,0.015180265654648957,0.05455407969639469,0.9302656546489564
486,Prince George's,1176,Prince George's Precinct 06-002,134,115,309,1042,1176,1,0.11394557823129252,0.8860544217687075,752,0.0977891156462585,0.2627551020408163,0.6394557823129252
487,Prince George's,2560,Prince George's Precinct 06-013,365,244,548,2195,2560,1,0.142578125,0.857421875,1768,0.0953125,0.2140625,0.690625
488,Prince George's,3164,Prince George's Precinct 06-024,123,58,190,3041,3164,1,0.0388748419721871,0.9611251580278128,2916,0.018331226295828066,0.06005056890012642,0.9216182048040455
489,Prince George's,3700,Prince George's Precinct 06-015,61,180,561,3639,3700,1,0.016486486486486488,0.9835135135135135,2959,0.04864864864864865,0.15162162162162163,0.7997297297297298
490,Prince George's,576,Prince George's Precinct 06-021,41,38,111,535,576,1,0.07118055555555555,0.9288194444444444,427,0.06597222222222222,0.19270833333333334,0.7413194444444444
491,Prince George's,4119,Prince George's Precinct 06-004,104,154,535,4015,4119,1,0.02524884680747754,0.9747511531925225,3430,0.03738771546491867,0.12988589463462005,0.8327263899004613
492,Prince George's,4084,Prince George's Precinct 06-022,93,194,646,3991,4084,1,0.02277179236043095,0.9772282076395691,3244,0.047502448579823706,0.15817825661116552,0.7943192948090108
493,Prince George's,3744,Prince George's Precinct 06-006,97,176,477,3647,3744,1,0.02590811965811966,0.9740918803418803,3091,0.04700854700854701,0.12740384615384615,0.8255876068376068
494,Prince George's,2295,Prince George's Precinct 06-018,268,154,384,2027,2295,1,0.11677559912854031,0.8832244008714597,1757,0.06710239651416122,0.16732026143790849,0.7655773420479303
495,Prince George's,4108,Prince George's Precinct 06-007,492,239,671,3616,4108,1,0.11976630963972736,0.8802336903602727,3198,0.058179162609542354,0.1633398247322298,0.7784810126582279
496,Prince George's,1925,Prince George's Precinct 09-003,1159,16,35,766,1925,1,0.6020779220779221,0.3979220779220779,1874,0.008311688311688312,0.01818181818181818,0.9735064935064935
497,Prince George's,3624,Prince George's Precinct 06-016,134,163,499,3490,3624,1,0.0369757174392936,0.9630242825607064,2962,0.04497792494481236,0.13769315673289184,0.8173289183222958
498,Prince George's,1985,Prince George's Precinct 06-005,102,121,411,1883,1985,1,0.05138539042821159,0.9486146095717884,1453,0.06095717884130982,0.2070528967254408,0.7319899244332494
499,Prince George's,3207,Prince George's Precinct 06-010,129,198,600,3078,3207,1,0.040224508886810104,0.9597754911131899,2409,0.0617399438727783,0.18709073900841908,0.7511693171188026
500,Prince George's,2204,Prince George's Precinct 06-011,132,188,543,2072,2204,1,0.05989110707803993,0.9401088929219601,1473,0.0852994555353902,0.24637023593466426,0.6683303085299456
501,Prince George's,3824,Prince George's Precinct 06-001,272,199,645,3552,3824,1,0.07112970711297072,0.9288702928870293,2980,0.052039748953974896,0.16867154811715482,0.7792887029288703
502,Prince George's,4367,Prince George's Precinct 06-003,124,243,707,4243,4367,1,0.028394779024501948,0.9716052209754981,3417,0.05564460728188688,0.16189603847034578,0.7824593542477674
503,Prince George's,2231,Prince George's Precinct 18-011,68,100,347,2163,2231,1,0.03047960555804572,0.9695203944419543,1784,0.04482294935006723,0.1555356342447333,0.7996414164051995
504,Prince George's,2252,Prince George's Precinct 18-004,81,99,275,2171,2252,1,0.03596802841918295,0.9640319715808171,1878,0.04396092362344583,0.12211367673179396,0.8339253996447602
505,Prince George's,3235,Prince George's Precinct 18-001,86,200,602,3149,3235,1,0.026584234930448224,0.9734157650695517,2433,0.061823802163833076,0.18608964451313756,0.7520865533230293
506,Prince George's,1927,Prince George's Precinct 02-007,906,336,404,1021,1927,1,0.4701608718214842,0.5298391281785159,1187,0.1743642968344577,0.20965230928905035,0.6159833938764919
507,Prince George's,1859,Prince George's Precinct 18-005,22,82,245,1837,1859,1,0.011834319526627219,0.9881656804733728,1532,0.04410973641742873,0.13179128563743947,0.8240989779451318
508,Prince George's,2460,Prince George's Precinct 18-003,23,87,271,2437,2460,1,0.00934959349593496,0.990650406504065,2102,0.03536585365853658,0.11016260162601627,0.8544715447154472
509,Prince George's,158,Prince George's Precinct 18-012,5,10,32,153,158,1,0.03164556962025317,0.9683544303797469,116,0.06329113924050633,0.20253164556962025,0.7341772151898734
510,Prince George's,3010,Prince George's Precinct 02-003,624,315,519,2386,3010,1,0.20730897009966778,0.7926910299003322,2176,0.10465116279069768,0.17242524916943522,0.7229235880398671
511,Prince George's,1792,Prince George's Precinct 18-009,52,156,487,1740,1792,1,0.029017857142857144,0.9709821428571429,1149,0.08705357142857142,0.27176339285714285,0.6411830357142857
512,Prince George's,2682,Prince George's Precinct 06-019,56,147,454,2626,2682,1,0.020879940343027592,0.9791200596569725,2081,0.05480984340044743,0.16927665920954513,0.7759134973900075
513,Prince George's,2589,Prince George's Precinct 18-007,40,171,548,2549,2589,1,0.01544998068752414,0.9845500193124759,1870,0.0660486674391657,0.21166473541908074,0.7222865971417536
514,Prince George's,1021,Prince George's Precinct 18-010,7,88,258,1014,1021,1,0.0068560235063663075,0.9931439764936337,675,0.08619000979431929,0.25269343780607245,0.6611165523996082
515,Prince George's,3626,Prince George's Precinct 18-006,28,243,725,3598,3626,1,0.007722007722007722,0.9922779922779923,2658,0.06701599558742416,0.19994484280198566,0.7330391616105901
516,Prince George's,2067,Prince George's Precinct 18-002,31,87,278,2036,2067,1,0.014997581035316884,0.9850024189646831,1702,0.0420899854862119,0.13449443638122882,0.8234155781325593
517,Prince George's,1716,Prince George's Precinct 18-008,12,130,314,1704,1716,1,0.006993006993006993,0.993006993006993,1272,0.07575757575757576,0.18298368298368298,0.7412587412587412
518,Prince George's,2019,Prince George's Precinct 13-017,34,118,421,1985,2019,1,0.016840019811788013,0.9831599801882119,1480,0.05844477464091134,0.20851906884596336,0.7330361565131253
519,Prince George's,3377,Prince George's Precinct 13-002,56,121,431,3321,3377,1,0.01658276576843352,0.9834172342315665,2825,0.035830618892508145,0.1276280722534794,0.8365413088540125
520,Prince George's,3376,Prince George's Precinct 13-016,73,232,623,3303,3376,1,0.021623222748815167,0.9783767772511849,2521,0.06872037914691943,0.18453791469194314,0.7467417061611374
521,Prince George's,1837,Prince George's Precinct 06-023,120,136,365,1717,1837,1,0.065323897659227,0.934676102340773,1336,0.07403375068045727,0.19869352204681545,0.7272727272727273
522,Prince George's,2581,Prince George's Precinct 15-006,524,290,600,2057,2581,1,0.2030220844633863,0.7969779155366137,1691,0.11235955056179775,0.2324680356450988,0.6551724137931034
523,Prince George's,1908,Prince George's Precinct 15-002,268,233,574,1640,1908,1,0.14046121593291405,0.859538784067086,1101,0.12211740041928722,0.3008385744234801,0.5770440251572327
524,Prince George's,3547,Prince George's Precinct 06-020,113,220,723,3434,3547,1,0.0318579080913448,0.9681420919086552,2604,0.06202424584155625,0.20383422610656893,0.7341415280518748
525,Prince George's,3847,Prince George's Precinct 13-009,155,284,685,3692,3847,1,0.04029113595009098,0.9597088640499091,2878,0.07382375877306993,0.178060826618144,0.7481154146087861
526,Prince George's,3713,Prince George's Precinct 13-007,71,302,906,3642,3713,1,0.019122003770535956,0.980877996229464,2505,0.08133584702396983,0.2440075410719095,0.6746566119041206
527,Prince George's,2328,Prince George's Precinct 13-001,22,36,149,2306,2328,1,0.009450171821305841,0.9905498281786942,2143,0.015463917525773196,0.06400343642611683,0.9205326460481099
528,Prince George's,3108,Prince George's Precinct 13-008,39,83,253,3069,3108,1,0.012548262548262547,0.9874517374517374,2772,0.026705276705276705,0.0814028314028314,0.8918918918918919
529,Prince George's,2837,Prince George's Precinct 13-014,46,336,828,2791,2837,1,0.016214310891787098,0.9837856891082128,1673,0.11843496651392316,0.29185759605216777,0.5897074374339091
530,Prince George's,2601,Prince George's Precinct 13-006,72,256,690,2529,2601,1,0.02768166089965398,0.972318339100346,1655,0.09842368319876971,0.26528258362168394,0.6362937331795463
531,Prince George's,2331,Prince George's Precinct 13-004,111,126,340,2220,2331,1,0.047619047619047616,0.9523809523809523,1865,0.05405405405405406,0.14586014586014587,0.8000858000858001
532,Prince George's,3707,Prince George's Precinct 13-010,139,311,896,3568,3707,1,0.03749662800107904,0.962503371998921,2500,0.08389533315349339,0.24170488265443754,0.674399784192069
533,Prince George's,2929,Prince George's Precinct 13-012,55,320,835,2874,2929,1,0.018777739842949812,0.9812222601570502,1774,0.10925230454079891,0.28508023216114714,0.605667463298054
534,Prince George's,3609,Prince George's Precinct 13-011,78,262,699,3531,3609,1,0.021612635078969242,0.9783873649210307,2648,0.07259628706012745,0.1936824605153782,0.7337212524244944
535,Prince George's,2772,Prince George's Precinct 02-001,146,94,251,2626,2772,1,0.05266955266955267,0.9473304473304474,2427,0.03391053391053391,0.09054834054834054,0.8755411255411255
538,Prince George's,5983,Prince George's Precinct 02-008,376,244,615,5607,5983,1,0.06284472672572289,0.9371552732742772,5124,0.040782216279458466,0.10279124185191375,0.8564265418686278
539,Prince George's,1018,Prince George's Precinct 16-001,194,60,106,824,1018,1,0.1905697445972495,0.8094302554027505,852,0.05893909626719057,0.10412573673870335,0.8369351669941061
540,Prince George's,21,Prince George's Precinct 02-098,3,0,0,18,21,1,0.14285714285714285,0.8571428571428571,21,0.0,0.0,1.0
541,Prince George's,2869,Prince George's Precinct 02-005,244,91,258,2625,2869,1,0.08504705472289996,0.9149529452771,2520,0.03171836876960613,0.08992680376437784,0.878354827466016
542,Prince George's,28,Prince George's Precinct 19-005,8,0,0,20,28,1,0.2857142857142857,0.7142857142857143,28,0.0,0.0,1.0
543,Prince George's,3247,Prince George's Precinct 19-004,243,92,227,3004,3247,1,0.0748383122882661,0.9251616877117339,2928,0.028333846627656298,0.06991068678780413,0.9017554665845395
544,Prince George's,4769,Prince George's Precinct 19-001,1023,289,357,3746,4769,1,0.21451037953449362,0.7854896204655064,4123,0.06059970643740826,0.07485846089326903,0.8645418326693227
545,Prince George's,5173,Prince George's Precinct 21-002,4074,254,168,1099,5173,1,0.7875507442489851,0.2124492557510149,4751,0.04910110187512082,0.03247631935047361,0.9184225787744056
546,Prince George's,3965,Prince George's Precinct 21-001,2283,309,294,1682,3965,1,0.5757881462799496,0.42421185372005044,3362,0.07793190416141235,0.07414880201765447,0.8479192938209331
547,Prince George's,4029,Prince George's Precinct 19-002,566,174,288,3463,4029,1,0.14048150905931994,0.8595184909406801,3567,0.04318689501116903,0.07148175725986597,0.885331347728965
642,Prince George's,2195,Prince George's Precinct 14-003,1525,234,223,670,2195,1,0.6947608200455581,0.3052391799544419,1738,0.10660592255125284,0.10159453302961276,0.7917995444191344
643,Prince George's,3107,Prince George's Precinct 14-009,934,377,573,2173,3107,1,0.30061152236884453,0.6993884776311554,2157,0.12133891213389121,0.18442227228838107,0.6942388155777277
644,Prince George's,3658,Prince George's Precinct 14-011,1034,116,122,2624,3658,1,0.2826681246582832,0.7173318753417168,3420,0.03171131765992345,0.03335155822854018,0.9349371241115364
645,Prince George's,2812,Prince George's Precinct 14-005,1565,185,165,1247,2812,1,0.5565433854907539,0.44345661450924606,2462,0.06578947368421052,0.05867709815078236,0.8755334281650071
646,Prince George's,1482,Prince George's Precinct 07-017,301,152,264,1181,1482,1,0.20310391363022942,0.7968960863697706,1066,0.10256410256410256,0.17813765182186234,0.7192982456140351
647,Prince George's,2094,Prince George's Precinct 07-003,1459,226,202,635,2094,1,0.6967526265520535,0.3032473734479465,1666,0.10792741165234002,0.0964660936007641,0.7956064947468959
648,Prince George's,3594,Prince George's Precinct 07-010,650,377,668,2944,3594,1,0.1808569838619922,0.8191430161380078,2549,0.10489705063995548,0.18586533110740122,0.7092376182526433
649,Prince George's,1540,Prince George's Precinct 07-002,1095,159,150,445,1540,1,0.711038961038961,0.288961038961039,1231,0.10324675324675325,0.09740259740259741,0.7993506493506494
650,Prince George's,2018,Prince George's Precinct 14-004,1357,214,218,661,2018,1,0.6724479682854311,0.32755203171456887,1586,0.10604558969276512,0.10802775024777007,0.7859266600594648
651,Prince George's,2095,Prince George's Precinct 07-004,1404,223,198,691,2095,1,0.6701670644391408,0.3298329355608592,1674,0.10644391408114559,0.0945107398568019,0.7990453460620525
652,Prince George's,1545,Prince George's Precinct 14-006,1146,191,120,399,1545,1,0.7417475728155339,0.258252427184466,1234,0.12362459546925567,0.07766990291262135,0.7987055016181229
653,Prince George's,2933,Prince George's Precinct 07-007,962,275,515,1971,2933,1,0.32799181725196047,0.6720081827480395,2143,0.09376065461984316,0.17558813501534265,0.7306512103648142
719,Prince George's,2532,Prince George's Precinct 05-012,333,327,666,2199,2532,1,0.13151658767772512,0.8684834123222749,1539,0.12914691943127962,0.26303317535545023,0.6078199052132701
729,Prince George's,2131,Prince George's Precinct 05-008,1047,268,308,1084,2131,1,0.4913186297512905,0.5086813702487095,1555,0.12576255279211637,0.14453308305959645,0.7297043641482872
730,Prince George's,3225,Prince George's Precinct 05-007,467,355,767,2758,3225,1,0.1448062015503876,0.8551937984496124,2103,0.11007751937984496,0.23782945736434108,0.652093023255814
731,Prince George's,1984,Prince George's Precinct 05-002,266,263,456,1718,1984,1,0.13407258064516128,0.8659274193548387,1265,0.13256048387096775,0.22983870967741934,0.6376008064516129
732,Prince George's,2501,Prince George's Precinct 12-014,295,220,564,2206,2501,1,0.11795281887245102,0.882047181127549,1717,0.08796481407437025,0.22550979608156738,0.6865253898440624
733,Prince George's,3254,Prince George's Precinct 12-010,477,243,701,2777,3254,1,0.14658881376767055,0.8534111862323295,2310,0.07467732022126614,0.21542716656422864,0.7098955132145052
734,Prince George's,3255,Prince George's Precinct 05-005,506,360,783,2749,3255,1,0.1554531490015361,0.8445468509984639,2112,0.11059907834101383,0.24055299539170508,0.6488479262672812
735,Prince George's,1334,Prince George's Precinct 05-010,244,104,206,1090,1334,1,0.18290854572713644,0.8170914542728636,1024,0.07796101949025487,0.15442278860569716,0.767616191904048
736,Prince George's,522,Prince George's Precinct 05-009,88,61,109,434,522,1,0.1685823754789272,0.8314176245210728,352,0.11685823754789272,0.20881226053639848,0.6743295019157088
737,Prince George's,3343,Prince George's Precinct 05-001,752,459,957,2591,3343,1,0.2249476518097517,0.7750523481902483,1927,0.1373018247083458,0.2862698175291654,0.5764283577624888
738,Prince George's,2929,Prince George's Precinct 05-004,274,268,686,2655,2929,1,0.09354728576305907,0.906452714236941,1975,0.09149880505291909,0.23420962785933766,0.6742915670877433
739,Prince George's,2112,Prince George's Precinct 05-011,181,178,522,1931,2112,1,0.08570075757575757,0.9142992424242424,1412,0.08428030303030302,0.2471590909090909,0.6685606060606061
740,Prince George's,2992,Prince George's Precinct 05-006,233,266,642,2759,2992,1,0.07787433155080214,0.9221256684491979,2084,0.08890374331550802,0.21457219251336898,0.696524064171123
741,Prince George's,3474,Prince George's Precinct 12-005,353,212,571,3121,3474,1,0.10161197466896948,0.8983880253310305,2691,0.06102475532527346,0.16436384571099596,0.7746113989637305
742,Prince George's,2412,Prince George's Precinct 12-001,299,125,294,2113,2412,1,0.12396351575456054,0.8760364842454395,1993,0.051824212271973466,0.12189054726368159,0.8262852404643449
743,Prince George's,4027,Prince George's Precinct 12-011,258,322,701,3769,4027,1,0.06406754407747703,0.9359324559225229,3004,0.0799602681897194,0.17407499379190464,0.7459647380183759
744,Prince George's,2706,Prince George's Precinct 05-003,217,201,566,2489,2706,1,0.08019216555801921,0.9198078344419808,1939,0.07427937915742794,0.20916481892091648,0.7165558019216556
1420,Prince George's,6329,Prince George's Precinct 15-005,503,595,1520,5826,6329,1,0.07947543055775004,0.9205245694422499,4214,0.09401169221045978,0.24016432295781323,0.665823984831727
1421,Prince George's,2130,Prince George's Precinct 03-004,136,265,546,1994,2130,1,0.06384976525821597,0.936150234741784,1319,0.12441314553990611,0.2563380281690141,0.6192488262910798
1422,Prince George's,2572,Prince George's Precinct 03-005,235,233,461,2337,2572,1,0.09136858475894245,0.9086314152410575,1878,0.09059097978227061,0.1792379471228616,0.7301710730948678
1423,Prince George's,3005,Prince George's Precinct 03-003,330,446,979,2675,3005,1,0.10981697171381032,0.8901830282861897,1580,0.14841930116472546,0.3257903494176373,0.5257903494176372
1424,Prince George's,2643,Prince George's Precinct 07-012,84,241,699,2559,2643,1,0.03178206583427923,0.9682179341657208,1703,0.0911842603102535,0.264472190692395,0.6443435489973515
1425,Prince George's,1936,Prince George's Precinct 13-013,57,208,499,1879,1936,1,0.029442148760330578,0.9705578512396694,1229,0.10743801652892562,0.2577479338842975,0.6348140495867769
1426,Prince George's,2052,Prince George's Precinct 07-013,142,288,615,1910,2052,1,0.06920077972709551,0.9307992202729045,1149,0.14035087719298245,0.2997076023391813,0.5599415204678363
1427,Prince George's,2806,Prince George's Precinct 03-006,90,314,801,2716,2806,1,0.03207412687099073,0.9679258731290092,1691,0.11190306486101212,0.28545972915181755,0.6026372059871703
1428,Prince George's,2583,Prince George's Precinct 07-015,80,249,526,2503,2583,1,0.03097173828881146,0.9690282617111885,1808,0.09639953542392567,0.20363917924893535,0.699961285327139
1429,Prince George's,3410,Prince George's Precinct 07-011,119,424,926,3291,3410,1,0.034897360703812316,0.9651026392961877,2060,0.12434017595307918,0.2715542521994135,0.6041055718475073
1430,Prince George's,3276,Prince George's Precinct 07-009,309,438,878,2967,3276,1,0.09432234432234432,0.9056776556776557,1960,0.1336996336996337,0.268009768009768,0.5982905982905983
1431,Prince George's,3105,Prince George's Precinct 03-002,469,279,624,2636,3105,1,0.15104669887278582,0.8489533011272141,2202,0.08985507246376812,0.20096618357487922,0.7091787439613526
1432,Prince George's,2246,Prince George's Precinct 07-006,744,267,404,1502,2246,1,0.3312555654496883,0.6687444345503116,1575,0.1188780053428317,0.1798753339269813,0.701246660730187
1433,Prince George's,2272,Prince George's Precinct 07-008,707,207,350,1565,2272,1,0.31117957746478875,0.6888204225352113,1715,0.09110915492957747,0.15404929577464788,0.7548415492957746
1434,Prince George's,1809,Prince George's Precinct 07-014,794,229,269,1015,1809,1,0.4389165284687673,0.5610834715312327,1311,0.1265892758430072,0.14870093974571585,0.724709784411277
1435,Prince George's,5609,Prince George's Precinct 07-001,1105,114,199,4504,5609,1,0.19700481369228026,0.8029951863077197,5296,0.020324478516669638,0.03547869495453735,0.944196826528793
1436,Prince George's,2447,Prince George's Precinct 14-007,635,313,472,1812,2447,1,0.2595014303228443,0.7404985696771557,1662,0.12791172864732325,0.19288925214548427,0.6791990192071925
1437,Prince George's,2578,Prince George's Precinct 14-001,1082,341,458,1496,2578,1,0.4197051978277735,0.5802948021722265,1779,0.13227307990690457,0.17765709852598913,0.6900698215671063
1438,Prince George's,1468,Prince George's Precinct 07-016,687,140,193,781,1468,1,0.46798365122615804,0.532016348773842,1135,0.09536784741144415,0.13147138964577657,0.7731607629427792
1439,Prince George's,1951,Prince George's Precinct 14-010,641,173,244,1310,1951,1,0.3285494618144541,0.6714505381855459,1534,0.08867247565351102,0.12506406970784215,0.7862634546386469
1440,Prince George's,2627,Prince George's Precinct 07-005,1543,272,284,1084,2627,1,0.5873620098972212,0.41263799010277885,2071,0.10354015987818804,0.10810810810810811,0.7883517320137039
1461,Prince George's,5205,Prince George's Precinct 17-007,218,397,518,4987,5205,1,0.04188280499519693,0.9581171950048031,4290,0.07627281460134486,0.0995196926032661,0.8242074927953891
1462,Prince George's,3271,Prince George's Precinct 17-006,182,125,178,3089,3271,1,0.05564047691837359,0.9443595230816264,2968,0.03821461326811373,0.054417609293793946,0.9073677774380923
1464,Prince George's,6128,Prince George's Precinct 17-011,159,380,361,5969,6128,1,0.025946475195822456,0.9740535248041775,5387,0.06201044386422976,0.05890992167101828,0.879079634464752
1465,Prince George's,1828,Prince George's Precinct 17-005,235,192,190,1593,1828,1,0.12855579868708972,0.8714442013129103,1446,0.1050328227571116,0.10393873085339168,0.7910284463894968
1466,Prince George's,11788,Prince George's Precinct 17-003,289,256,205,11499,11788,1,0.024516457414319646,0.9754835425856804,11327,0.021717000339328132,0.017390566677977604,0.9608924329826942
1467,Prince George's,2108,Prince George's Precinct 20-004,210,126,348,1898,2108,1,0.09962049335863378,0.9003795066413662,1634,0.05977229601518026,0.1650853889943074,0.7751423149905123
1468,Prince George's,4017,Prince George's Precinct 13-015,398,335,808,3619,4017,1,0.0990789146128952,0.9009210853871048,2874,0.08339556883246203,0.20114513318396812,0.7154592979835698
1469,Prince George's,2880,Prince George's Precinct 20-008,292,104,241,2588,2880,1,0.10138888888888889,0.8986111111111111,2535,0.03611111111111111,0.08368055555555555,0.8802083333333334
1470,Prince George's,4069,Prince George's Precinct 14-002,436,320,686,3633,4069,1,0.10715163430818384,0.8928483656918161,3063,0.0786434013271074,0.1685917915949865,0.7527648070779062
1471,Prince George's,1627,Prince George's Precinct 20-009,352,160,363,1275,1627,1,0.21634910878918254,0.7836508912108174,1104,0.09834050399508297,0.2231100184388445,0.6785494775660725
1472,Prince George's,3117,Prince George's Precinct 21-013,555,325,511,2562,3117,1,0.17805582290664101,0.821944177093359,2281,0.1042669233237087,0.1639396855951235,0.7317933910811678
1473,Prince George's,2475,Prince George's Precinct 10-011,490,169,323,1985,2475,1,0.19797979797979798,0.802020202020202,1983,0.06828282828282828,0.1305050505050505,0.8012121212121213
1474,Prince George's,3268,Prince George's Precinct 14-008,577,168,310,2691,3268,1,0.17656058751529988,0.8234394124847001,2790,0.051407588739290085,0.094859241126071,0.8537331701346389
1475,Prince George's,1816,Prince George's Precinct 10-010,503,199,299,1313,1816,1,0.27698237885462557,0.7230176211453745,1318,0.10958149779735683,0.16464757709251102,0.7257709251101322
1503,Prince George's,4719,Prince George's Precinct 01-001,1090,393,449,3629,4719,1,0.23098114007204917,0.7690188599279508,3877,0.08328035600762873,0.09514727696545879,0.8215723670269125
1506,Prince George's,3119,Prince George's Precinct 01-004,1032,260,264,2087,3119,1,0.3308752805386342,0.6691247194613659,2595,0.08336005129849311,0.08464251362616224,0.8319974350753446
1507,Prince George's,3959,Prince George's Precinct 10-013,1179,417,669,2780,3959,1,0.2978024753725688,0.7021975246274311,2873,0.10532962869411468,0.16898206617832787,0.7256883051275574
1508,Prince George's,3293,Prince George's Precinct 10-005,2310,444,394,983,3293,1,0.7014880048587914,0.29851199514120863,2455,0.1348314606741573,0.11964773762526572,0.745520801700577
1515,Prince George's,3641,Prince George's Precinct 10-006,792,350,586,2849,3641,1,0.2175226586102719,0.7824773413897281,2705,0.09612743751716561,0.160944795385883,0.7429277670969514
1516,Prince George's,5674,Prince George's Precinct 10-012,1116,451,808,4558,5674,1,0.19668664081776524,0.8033133591822348,4415,0.07948537187169545,0.14240394783221713,0.7781106802960874
1517,Prince George's,2589,Prince George's Precinct 10-008,672,159,231,1917,2589,1,0.25955967555040554,0.7404403244495944,2199,0.06141367323290846,0.08922363847045191,0.8493626882966396
1518,Prince George's,2312,Prince George's Precinct 10-007,684,183,279,1628,2312,1,0.2958477508650519,0.7041522491349481,1850,0.0791522491349481,0.12067474048442907,0.8001730103806228
1541,Prince George's,4015,Prince George's Precinct 17-001,867,429,492,3148,4015,1,0.21594022415940226,0.7840597758405977,3094,0.10684931506849316,0.12254047322540473,0.7706102117061021
1542,Prince George's,4299,Prince George's Precinct 17-004,184,193,338,4115,4299,1,0.04280065131425913,0.9571993486857409,3768,0.04489416143289137,0.0786229355664108,0.8764829030006979
1543,Prince George's,4706,Prince George's Precinct 16-004,679,338,406,4027,4706,1,0.14428389290267743,0.8557161070973226,3962,0.0718232044198895,0.08627284317892053,0.84190395240119
1544,Prince George's,2240,Prince George's Precinct 17-002,384,235,298,1856,2240,1,0.17142857142857143,0.8285714285714286,1707,0.10491071428571429,0.13303571428571428,0.7620535714285714
1545,Prince George's,2034,Prince George's Precinct 02-002,261,179,216,1773,2034,1,0.12831858407079647,0.8716814159292036,1639,0.0880039331366765,0.10619469026548672,0.8058013765978368
1547,Prince George's,951,Prince George's Precinct 16-002,359,122,130,592,951,1,0.3774973711882229,0.6225026288117771,699,0.12828601472134596,0.1366982124079916,0.7350157728706624
1548,Prince George's,4706,Prince George's Precinct 16-003,1856,778,690,2850,4706,1,0.3943901402464938,0.6056098597535061,3238,0.16532086697832554,0.14662133446663833,0.6880577985550361
1549,Prince George's,154,Prince George's Precinct 16-005,43,9,19,111,154,1,0.2792207792207792,0.7207792207792207,126,0.05844155844155844,0.12337662337662338,0.8181818181818182
1550,Prince George's,6797,Prince George's Precinct 17-010,330,336,532,6467,6797,1,0.048550831249080474,0.9514491687509196,5929,0.04943357363542739,0.07826982492276004,0.8722966014418125
1551,Prince George's,5527,Prince George's Precinct 17-008,1048,88,132,4479,5527,1,0.1896146191423919,0.8103853808576081,5307,0.015921838248597792,0.02388275737289669,0.9601954043785055
1552,Prince George's,3704,Prince George's Precinct 17-009,589,167,212,3115,3704,1,0.1590172786177106,0.8409827213822895,3325,0.04508639308855292,0.05723542116630669,0.8976781857451404
1553,Prince George's,1964,Prince George's Precinct 19-003,1471,492,281,493,1964,1,0.7489816700610998,0.2510183299389002,1191,0.2505091649694501,0.1430753564154786,0.6064154786150713
1554,Prince George's,465,Prince George's Precinct 21-012,342,121,71,123,465,1,0.7354838709677419,0.2645161290322581,273,0.26021505376344084,0.15268817204301074,0.5870967741935483
1555,Prince George's,10748,Prince George's Precinct 21-017,6779,201,198,3969,10748,1,0.6307219947897283,0.36927800521027165,10349,0.018701153703014513,0.018422032005954596,0.9628768142910309
1559,Prince George's,5990,Prince George's Precinct 17-012,431,252,308,5559,5990,1,0.07195325542570952,0.9280467445742905,5430,0.042070116861435726,0.051419031719532556,0.9065108514190318
1565,Prince George's,2857,Prince George's Precinct 21-005,441,181,273,2416,2857,1,0.1543577178858943,0.8456422821141057,2403,0.06335316765838292,0.09555477773888695,0.8410920546027302
1566,Prince George's,2323,Prince George's Precinct 21-015,1101,173,176,1222,2323,1,0.47395609126130006,0.5260439087387,1974,0.07447266465777012,0.07576409814894533,0.8497632371932845
1567,Prince George's,1633,Prince George's Precinct 21-014,475,181,209,1158,1633,1,0.2908756889161053,0.7091243110838946,1243,0.11083894672382119,0.12798530312308634,0.7611757501530925
1568,Prince George's,5119,Prince George's Precinct 01-003,746,288,439,4373,5119,1,0.14573158820082047,0.8542684117991796,4392,0.05626098847431139,0.08575893729243993,0.8579800742332487
1634,Prince George's,2446,Prince George's Precinct 21-007,1279,295,219,1167,2446,1,0.5228945216680294,0.4771054783319706,1932,0.12060506950122649,0.08953393295175797,0.7898609975470156
1635,Prince George's,3916,Prince George's Precinct 02-009,227,208,543,3689,3916,1,0.057967313585291114,0.9420326864147089,3165,0.05311542390194075,0.13866189989785496,0.8082226762002043
1636,Prince George's,3022,Prince George's Precinct 02-010,285,140,324,2737,3022,1,0.0943084050297816,0.9056915949702184,2558,0.04632693580410324,0.10721376571806751,0.8464592984778293
1637,Prince George's,3459,Prince George's Precinct 02-006,329,225,465,3130,3459,1,0.09511419485400405,0.9048858051459959,2769,0.06504770164787511,0.1344319167389419,0.800520381613183
1638,Prince George's,2119,Prince George's Precinct 02-004,309,126,264,1810,2119,1,0.1458235016517225,0.8541764983482775,1729,0.05946201038225578,0.12458706937234544,0.8159509202453987
1639,Prince George's,3067,Prince George's Precinct 20-007,21,107,306,3046,3067,1,0.006847081838930551,0.9931529181610694,2654,0.03488751222693186,0.09977176393870231,0.8653407238343658
1640,Prince George's,2332,Prince George's Precinct 20-012,113,102,252,2219,2332,1,0.04845626072041166,0.9515437392795884,1978,0.04373927958833619,0.10806174957118353,0.8481989708404802
1641,Prince George's,1239,Prince George's Precinct 21-009,565,127,142,674,1239,1,0.45601291364003227,0.5439870863599677,970,0.10250201775625505,0.11460855528652139,0.7828894269572235
1642,Prince George's,2546,Prince George's Precinct 20-005,461,243,309,2085,2546,1,0.18106834249803613,0.8189316575019638,1994,0.09544383346425767,0.12136684996072271,0.7831893165750197
1643,Prince George's,2412,Prince George's Precinct 20-006,332,177,295,2080,2412,1,0.13764510779436154,0.8623548922056384,1940,0.07338308457711443,0.12230514096185738,0.8043117744610282
1644,Prince George's,1798,Prince George's Precinct 21-016,304,192,319,1494,1798,1,0.16907675194660735,0.8309232480533927,1287,0.1067853170189099,0.1774193548387097,0.7157953281423804
1645,Prince George's,3234,Prince George's Precinct 21-004,1237,211,222,1997,3234,1,0.38249845392702536,0.6175015460729747,2801,0.06524427952999381,0.0686456400742115,0.8661100803957947
1646,Prince George's,2721,Prince George's Precinct 21-010,1330,234,229,1391,2721,1,0.48879088570378537,0.5112091142962146,2258,0.08599779492833518,0.08416023520764425,0.8298419698640206
1647,Prince George's,850,Prince George's Precinct 01-008,369,73,77,481,850,1,0.43411764705882355,0.5658823529411765,700,0.08588235294117647,0.09058823529411765,0.8235294117647058
1649,Prince George's,2859,Prince George's Precinct 01-005,1391,330,296,1468,2859,1,0.48653375306051067,0.5134662469394893,2233,0.11542497376705142,0.10353270374256733,0.7810423224903813
1650,Prince George's,4986,Prince George's Precinct 21-008,194,175,375,4792,4986,1,0.03890894504612916,0.9610910549538708,4436,0.03509827517047734,0.07521058965102287,0.8896911351784998
1652,Prince George's,3492,Prince George's Precinct 21-003,1976,607,505,1516,3492,1,0.565864833906071,0.434135166093929,2380,0.1738258877434135,0.14461626575028638,0.6815578465063001
1653,Prince George's,2659,Prince George's Precinct 21-006,1934,503,376,725,2659,1,0.7273411056788266,0.27265889432117335,1780,0.18916886047386236,0.1414065438134637,0.669424595712674
1654,Prince George's,2024,Prince George's Precinct 01-002,921,156,150,1103,2024,1,0.4550395256916996,0.5449604743083004,1718,0.07707509881422925,0.0741106719367589,0.8488142292490118
1655,Prince George's,1731,Prince George's Precinct 01-006,330,195,291,1401,1731,1,0.19064124783362218,0.8093587521663779,1245,0.11265164644714037,0.1681109185441941,0.7192374350086655
1656,Prince George's,2436,Prince George's Precinct 13-003,24,134,376,2412,2436,1,0.009852216748768473,0.9901477832512315,1926,0.055008210180623976,0.15435139573070608,0.7906403940886699
1657,Prince George's,1716,Prince George's Precinct 20-002,186,67,149,1530,1716,1,0.10839160839160839,0.8916083916083916,1500,0.03904428904428905,0.08682983682983683,0.8741258741258742
1658,Prince George's,957,Prince George's Precinct 20-013,19,36,87,938,957,1,0.019853709508881923,0.9801462904911181,834,0.03761755485893417,0.09090909090909091,0.8714733542319749
1659,Prince George's,1875,Prince George's Precinct 20-003,26,158,445,1849,1875,1,0.013866666666666666,0.9861333333333333,1272,0.08426666666666667,0.23733333333333334,0.6784
1660,Prince George's,2857,Prince George's Precinct 20-011,168,182,485,2689,2857,1,0.05880294014700735,0.9411970598529926,2190,0.06370318515925796,0.1697584879243962,0.7665383269163458
1661,Prince George's,3387,Prince George's Precinct 20-001,567,271,483,2820,3387,1,0.16740478299379982,0.8325952170062002,2633,0.08001180986123413,0.14260407440212577,0.7773841157366401
1662,Prince George's,3358,Prince George's Precinct 21-018,545,285,502,2813,3358,1,0.16229898749255509,0.8377010125074449,2571,0.08487194758784991,0.14949374627754616,0.7656343061346039
1663,Prince George's,3792,Prince George's Precinct 21-011,512,265,430,3280,3792,1,0.1350210970464135,0.8649789029535865,3097,0.06988396624472573,0.11339662447257384,0.8167194092827004
1664,Prince George's,2484,Prince George's Precinct 20-010,566,91,149,1918,2484,1,0.2278582930756844,0.7721417069243156,2244,0.03663446054750403,0.05998389694041868,0.9033816425120773
1665,Prince George's,3859,Prince George's Precinct 13-005,536,361,698,3323,3859,1,0.1388960870691889,0.8611039129308111,2800,0.09354755117906194,0.18087587457890644,0.7255765742420316
1666,Prince George's,3469,Prince George's Precinct 10-001,531,114,247,2938,3469,1,0.15307004900547708,0.846929950994523,3108,0.032862496396656095,0.0712020755260882,0.8959354280772557
1667,Prince George's,4592,Prince George's Precinct 10-002,1524,344,531,3068,4592,1,0.3318815331010453,0.6681184668989547,3717,0.07491289198606271,0.11563588850174215,0.8094512195121951
1668,Prince George's,3148,Prince George's Precinct 10-004,732,216,424,2416,3148,1,0.23252858958068615,0.7674714104193139,2508,0.06861499364675985,0.13468869123252858,0.7966963151207116
1670,Prince George's,2617,Prince George's Precinct 10-003,1178,200,249,1439,2617,1,0.45013374092472297,0.5498662590752771,2168,0.07642338555598013,0.09514711501719526,0.8284294994268246
1672,Prince George's,4448,Prince George's Precinct 10-009,845,189,362,3603,4448,1,0.18997302158273383,0.8100269784172662,3897,0.042491007194244604,0.08138489208633093,0.8761241007194245
